V 2
L 0.000000 0.098039 0.098039 0.098039 0.000000 0.000000 0 0 0 0
P 0 0.010000 0.310000
P 1 0.010000 0.290000
P 0 0.010000 0.290000
P 1 -0.010000 0.290000
P 0 -0.010000 0.290000
P 1 -0.010000 0.310000
P 0 -0.010000 0.310000
P 1 0.010000 0.310000
P 0 0.010000 0.610000
P 1 0.010000 0.590000
P 0 0.010000 0.590000
P 1 -0.010000 0.590000
P 0 -0.010000 0.590000
P 1 -0.010000 0.610000
P 0 -0.010000 0.610000
P 1 0.010000 0.610000
P 0 0.010000 0.910000
P 1 0.010000 0.890000
P 0 0.010000 0.890000
P 1 -0.010000 0.890000
P 0 -0.010000 0.890000
P 1 -0.010000 0.910000
P 0 -0.010000 0.910000
P 1 0.010000 0.910000
P 0 0.010000 1.210000
P 1 0.010000 1.190000
P 0 0.010000 1.190000
P 1 -0.010000 1.190000
P 0 -0.010000 1.190000
P 1 -0.010000 1.210000
P 0 -0.010000 1.210000
P 1 0.010000 1.210000
P 0 0.010000 1.510000
P 1 0.010000 1.490000
P 0 0.010000 1.490000
P 1 -0.010000 1.490000
P 0 -0.010000 1.490000
P 1 -0.010000 1.510000
P 0 -0.010000 1.510000
P 1 0.010000 1.510000
C 0.000000 3.000000 0.100000 0.100000 1.700000 0.000000 0.501961 0.501961 0.000000 0.300000 0 0 0 0 1 0 0
