V 2
L 0.000000 1.000000 1.000000 1.000000 0.000000 0.000000 0 3035 3036 0
P 0 0.083000 1.170000
P 1 -0.017000 1.170000
P 1 -0.017000 1.270000
P 1 0.083000 1.270000
P 0 0.083000 0.455000
P 1 0.054000 0.466000
P 1 0.020000 0.500000
P 1 0.006000 0.514000
P 1 0.000000 0.523000
P 1 0.000000 0.537000
P 1 0.006000 0.546000
P 1 0.020000 0.560000
P 1 0.083000 0.600000
P 1 0.083000 0.630000
P 1 0.020000 0.670000
P 1 0.006000 0.684000
P 1 0.000000 0.693000
P 1 0.000000 0.707000
P 1 0.006000 0.716000
P 1 0.020000 0.730000
P 1 0.054000 0.764000
P 1 0.083000 0.775000
C 0.200000 2.225000 0.020000 0.100000 1.300000 0.140000 0.400000 0.400000 0.400000 1.350000 0 0 0 0 1 0 0
