DEM_LinDiscont+TachaBlanca
8003 5 1 1 0 0 0 0 0 0 1 1
1.0000
112 1251 42
 0 5.5650 0.0650
 1 5.5150 0.0150
 1 5.5150 0.0150
 1 5.4850 0.0150
 1 5.4850 0.0150
 1 5.5150 0.0150
 1 5.5150 -0.0150
 1 5.4850 -0.0150
 1 5.4850 0.0150
 1 5.4850 0.0150
 1 5.4350 0.0650
 1 5.4350 0.0650
 1 5.4850 0.0150
 1 5.4850 -0.0150
 1 5.4800 -0.0129
 1 5.4800 -0.0129
 1 5.4800 0.0129
 1 5.4400 0.0529
 1 5.4400 -0.0529
 1 5.4800 -0.0129
 1 5.4850 -0.0150
 1 5.4350 -0.0650
 1 5.4350 -0.0650
 1 5.4850 -0.0150
 1 5.5150 -0.0150
 1 5.5650 -0.0650
 1 5.4350 -0.0650
 1 5.4350 -0.0650
 1 5.4350 0.0650
 1 5.4350 0.0650
 1 5.5650 0.0650
 1 5.5150 0.0150
 1 5.5150 0.0150
 1 5.5150 -0.0150
 1 5.5200 -0.0129
 1 5.5600 -0.0529
 1 5.5600 0.0529
 1 5.5200 0.0129
 1 5.5200 -0.0129
 1 5.5150 -0.0150
 1 5.5650 -0.0650
 1 5.5650 0.0650
112 1251 11
 0 5.4800 0.0129
 1 5.4400 0.0529
 1 5.4400 -0.0529
 1 5.4800 -0.0129
 1 5.5200 -0.0129
 1 5.5200 0.0129
 1 5.5600 0.0529
 1 5.5600 -0.0529
 1 5.5200 -0.0129
 1 5.4800 -0.0129
 1 5.4800 0.0129
112 1251 41
 0 5.5650 0.0650
 1 5.5150 0.0150
 1 5.5150 0.0150
 1 5.4850 0.0150
 1 5.4850 0.0150
 1 5.5150 0.0150
 1 5.5150 -0.0150
 1 5.4850 -0.0150
 1 5.4850 0.0150
 1 5.4850 0.0150
 1 5.4350 0.0650
 1 5.4350 0.0650
 1 5.4850 0.0150
 1 5.4850 -0.0150
 1 5.4800 -0.0129
 1 5.4800 -0.0129
 1 5.4800 0.0129
 1 5.4400 0.0529
 1 5.4400 -0.0529
 1 5.4800 -0.0129
 1 5.4850 -0.0150
 1 5.4350 -0.0650
 1 5.4350 -0.0650
 1 5.4850 -0.0150
 1 5.5150 -0.0150
 1 5.5650 -0.0650
 1 5.4350 -0.0650
 1 5.4350 -0.0650
 1 5.4350 0.0650
 1 5.4350 0.0650
 1 5.5650 0.0650
 1 5.5150 0.0150
 1 5.5150 0.0150
 1 5.5150 -0.0150
 1 5.5200 -0.0129
 1 5.5600 -0.0529
 1 5.5600 0.0529
 1 5.5200 0.0129
 1 5.5200 -0.0129
 1 5.5150 -0.0150
 1 5.5650 -0.0650
112 1469 11
 0 5.4800 0.0129
 1 5.4400 0.0529
 1 5.4400 -0.0529
 1 5.4800 -0.0129
 1 5.5200 -0.0129
 1 5.5200 0.0129
 1 5.5600 0.0529
 1 5.5600 -0.0529
 1 5.5200 -0.0129
 1 5.4800 -0.0129
 1 5.4800 0.0129
112 1251 6
 0 0.0000 0.0000
 1 0.0000 -0.0600
 1 3.0000 -0.0600
 1 3.0000 0.0600
 1 0.0000 0.0600
 1 0.0000 0.0000
