RR-1(50)-<-60kms/h
3185 180 1 1 0 0 0 0 0 0 1 1
1.000
112 1562 25
0 1.0107 2.3964
1 0.9809 3.0187
1 0.8851 3.5989
1 0.7300 4.0977
1 0.5260 4.4810
1 0.2871 4.7227
1 0.0295 4.8063
1 -0.2291 4.7261
1 -0.4713 4.4877
1 -0.6804 4.1072
1 -0.8422 3.6105
1 -0.9458 3.0316
1 -0.9839 2.4099
1 -0.9541 1.7876
1 -0.8584 1.2074
1 -0.7033 0.7086
1 -0.4993 0.3253
1 -0.2604 0.0836
1 -0.0028 0.0000
1 0.2559 0.0802
1 0.4980 0.3186
1 0.7071 0.6991
1 0.8690 1.1958
1 0.9725 1.7747
1 1.0107 2.3964
112 1251 25
0 0.8507 2.3975
1 0.8258 2.9405
1 0.7456 3.4468
1 0.6154 3.8820
1 0.4442 4.2165
1 0.2437 4.4273
1 0.0275 4.5002
1 -0.1897 4.4302
1 -0.3931 4.2221
1 -0.5687 3.8900
1 -0.7047 3.4566
1 -0.7918 2.9513
1 -0.8239 2.4088
1 -0.7991 1.8658
1 -0.7188 1.3595
1 -0.5887 0.9243
1 -0.4175 0.5898
1 -0.2170 0.3790
1 -0.0007 0.3061
1 0.2165 0.3761
1 0.4198 0.5842
1 0.5955 0.9163
1 0.7315 1.3497
1 0.8185 1.8549
1 0.8507 2.3975
112 1250 66
0 0.7335 3.0692
1 0.7240 3.1315
1 0.7118 3.1929
1 0.6969 3.2524
1 0.6794 3.3091
1 0.6593 3.3619
1 0.6370 3.4099
1 0.6128 3.4523
1 0.5869 3.4886
1 0.5599 3.5182
1 0.5321 3.5410
1 0.5039 3.5568
1 0.4758 3.5660
1 0.4482 3.5687
1 0.4205 3.5653
1 0.3923 3.5555
1 0.3640 3.5389
1 0.3360 3.5154
1 0.3088 3.4851
1 0.2826 3.4482
1 0.2581 3.4051
1 0.2355 3.3565
1 0.2151 3.3033
1 0.1972 3.2463
1 0.1819 3.1864
1 0.1693 3.1248
1 0.1585 3.0557
1 0.1353 2.8575
1 0.1201 2.6530
1 0.1130 2.4450
1 0.1144 2.2364
1 0.1242 2.0302
1 0.1421 1.8291
1 0.1583 1.7001
1 0.1692 1.6381
1 0.1827 1.5775
1 0.1989 1.5193
1 0.2177 1.4645
1 0.2389 1.4140
1 0.2622 1.3686
1 0.2873 1.3292
1 0.3138 1.2962
1 0.3413 1.2700
1 0.3694 1.2507
1 0.3975 1.2383
1 0.4254 1.2324
1 0.4529 1.2327
1 0.4809 1.2393
1 0.5092 1.2524
1 0.5374 1.2725
1 0.5651 1.2994
1 0.5919 1.3330
1 0.6172 1.3731
1 0.6408 1.4190
1 0.6624 1.4700
1 0.6815 1.5253
1 0.6981 1.5839
1 0.7121 1.6447
1 0.7234 1.7069
1 0.7414 1.8429
1 0.7607 2.0446
1 0.7719 2.2512
1 0.7747 2.4599
1 0.7691 2.6677
1 0.7552 2.8717
1 0.7335 3.0692
112 1251 66
0 0.2938 1.8419
1 0.2987 1.8099
1 0.3050 1.7783
1 0.3126 1.7477
1 0.3216 1.7186
1 0.3319 1.6915
1 0.3434 1.6668
1 0.3558 1.6450
1 0.3691 1.6263
1 0.3830 1.6111
1 0.3973 1.5994
1 0.4118 1.5913
1 0.4263 1.5866
1 0.4405 1.5852
1 0.4547 1.5869
1 0.4692 1.5920
1 0.4837 1.6005
1 0.4981 1.6126
1 0.5121 1.6282
1 0.5255 1.6472
1 0.5381 1.6693
1 0.5498 1.6943
1 0.5602 1.7217
1 0.5694 1.7510
1 0.5773 1.7818
1 0.5838 1.8135
1 0.5898 1.8527
1 0.6091 2.0182
1 0.6219 2.1889
1 0.6277 2.3626
1 0.6266 2.5368
1 0.6184 2.7091
1 0.6034 2.8770
1 0.5913 2.9746
1 0.5857 3.0065
1 0.5788 3.0376
1 0.5704 3.0676
1 0.5608 3.0957
1 0.5499 3.1217
1 0.5379 3.1450
1 0.5250 3.1652
1 0.5113 3.1822
1 0.4972 3.1957
1 0.4828 3.2056
1 0.4683 3.2120
1 0.4540 3.2150
1 0.4399 3.2148
1 0.4255 3.2114
1 0.4109 3.2047
1 0.3964 3.1944
1 0.3822 3.1805
1 0.3685 3.1632
1 0.3554 3.1426
1 0.3433 3.1190
1 0.3322 3.0928
1 0.3224 3.0643
1 0.3138 3.0342
1 0.3067 3.0030
1 0.3009 2.9710
1 0.2871 2.8659
1 0.2710 2.6975
1 0.2617 2.5249
1 0.2594 2.3507
1 0.2641 2.1771
1 0.2756 2.0068
1 0.2938 1.8419
112 1562 25
0 1.0107 2.3964
1 0.9809 3.0187
1 0.8851 3.5989
1 0.7300 4.0977
1 0.5260 4.4810
1 0.2871 4.7227
1 0.0295 4.8063
1 -0.2291 4.7261
1 -0.4713 4.4877
1 -0.6804 4.1072
1 -0.8422 3.6105
1 -0.9458 3.0316
1 -0.9839 2.4099
1 -0.9541 1.7876
1 -0.8584 1.2074
1 -0.7033 0.7086
1 -0.4993 0.3253
1 -0.2604 0.0836
1 -0.0028 0.0000
1 0.2559 0.0802
1 0.4980 0.3186
1 0.7071 0.6991
1 0.8690 1.1958
1 0.9725 1.7747
1 1.0107 2.3964
112 1251 25
0 0.8507 2.3975
1 0.8258 2.9405
1 0.7456 3.4468
1 0.6154 3.8820
1 0.4442 4.2165
1 0.2437 4.4273
1 0.0275 4.5002
1 -0.1897 4.4302
1 -0.3931 4.2221
1 -0.5687 3.8900
1 -0.7047 3.4566
1 -0.7918 2.9513
1 -0.8239 2.4088
1 -0.7991 1.8658
1 -0.7188 1.3595
1 -0.5887 0.9243
1 -0.4175 0.5898
1 -0.2170 0.3790
1 -0.0007 0.3061
1 0.2165 0.3761
1 0.4198 0.5842
1 0.5955 0.9163
1 0.7315 1.3497
1 0.8185 1.8549
1 0.8507 2.3975
112 1250 66
0 0.7335 3.0692
1 0.7240 3.1315
1 0.7118 3.1929
1 0.6969 3.2524
1 0.6794 3.3091
1 0.6593 3.3619
1 0.6370 3.4099
1 0.6128 3.4523
1 0.5869 3.4886
1 0.5599 3.5182
1 0.5321 3.5410
1 0.5039 3.5568
1 0.4758 3.5660
1 0.4482 3.5687
1 0.4205 3.5653
1 0.3923 3.5555
1 0.3640 3.5389
1 0.3360 3.5154
1 0.3088 3.4851
1 0.2826 3.4482
1 0.2581 3.4051
1 0.2355 3.3565
1 0.2151 3.3033
1 0.1972 3.2463
1 0.1819 3.1864
1 0.1693 3.1248
1 0.1585 3.0557
1 0.1353 2.8575
1 0.1201 2.6530
1 0.1130 2.4450
1 0.1144 2.2364
1 0.1242 2.0302
1 0.1421 1.8291
1 0.1583 1.7001
1 0.1692 1.6381
1 0.1827 1.5775
1 0.1989 1.5193
1 0.2177 1.4645
1 0.2389 1.4140
1 0.2622 1.3686
1 0.2873 1.3292
1 0.3138 1.2962
1 0.3413 1.2700
1 0.3694 1.2507
1 0.3975 1.2383
1 0.4254 1.2324
1 0.4529 1.2327
1 0.4809 1.2393
1 0.5092 1.2524
1 0.5374 1.2725
1 0.5651 1.2994
1 0.5919 1.3330
1 0.6172 1.3731
1 0.6408 1.4190
1 0.6624 1.4700
1 0.6815 1.5253
1 0.6981 1.5839
1 0.7121 1.6447
1 0.7234 1.7069
1 0.7414 1.8429
1 0.7607 2.0446
1 0.7719 2.2512
1 0.7747 2.4599
1 0.7691 2.6677
1 0.7552 2.8717
1 0.7335 3.0692
112 1251 66
0 0.2938 1.8419
1 0.2987 1.8099
1 0.3050 1.7783
1 0.3126 1.7477
1 0.3216 1.7186
1 0.3319 1.6915
1 0.3434 1.6668
1 0.3558 1.6450
1 0.3691 1.6263
1 0.3830 1.6111
1 0.3973 1.5994
1 0.4118 1.5913
1 0.4263 1.5866
1 0.4405 1.5852
1 0.4547 1.5869
1 0.4692 1.5920
1 0.4837 1.6005
1 0.4981 1.6126
1 0.5121 1.6282
1 0.5255 1.6472
1 0.5381 1.6693
1 0.5498 1.6943
1 0.5602 1.7217
1 0.5694 1.7510
1 0.5773 1.7818
1 0.5838 1.8135
1 0.5898 1.8527
1 0.6091 2.0182
1 0.6219 2.1889
1 0.6277 2.3626
1 0.6266 2.5368
1 0.6184 2.7091
1 0.6034 2.8770
1 0.5913 2.9746
1 0.5857 3.0065
1 0.5788 3.0376
1 0.5704 3.0676
1 0.5608 3.0957
1 0.5499 3.1217
1 0.5379 3.1450
1 0.5250 3.1652
1 0.5113 3.1822
1 0.4972 3.1957
1 0.4828 3.2056
1 0.4683 3.2120
1 0.4540 3.2150
1 0.4399 3.2148
1 0.4255 3.2114
1 0.4109 3.2047
1 0.3964 3.1944
1 0.3822 3.1805
1 0.3685 3.1632
1 0.3554 3.1426
1 0.3433 3.1190
1 0.3322 3.0928
1 0.3224 3.0643
1 0.3138 3.0342
1 0.3067 3.0030
1 0.3009 2.9710
1 0.2871 2.8659
1 0.2710 2.6975
1 0.2617 2.5249
1 0.2594 2.3507
1 0.2641 2.1771
1 0.2756 2.0068
1 0.2938 1.8419
112 1250 157
0 -0.5716 3.4749
1 -0.5635 3.5771
1 -0.5104 3.5763
1 -0.4573 3.5756
1 -0.4042 3.5748
1 -0.3511 3.5740
1 -0.2979 3.5733
1 -0.2448 3.5725
1 -0.1917 3.5718
1 -0.1386 3.5710
1 -0.0855 3.5702
1 -0.0324 3.5695
1 0.0137 3.5645
1 0.0132 3.5312
1 0.0128 3.4979
1 0.0123 3.4646
1 0.0118 3.4313
1 0.0113 3.3979
1 0.0109 3.3646
1 0.0104 3.3313
1 0.0099 3.2980
1 0.0094 3.2647
1 0.0089 3.2314
1 0.0016 3.2040
1 -0.0383 3.2046
1 -0.0783 3.2052
1 -0.1182 3.2058
1 -0.1581 3.2063
1 -0.1981 3.2069
1 -0.2380 3.2075
1 -0.2779 3.2080
1 -0.3179 3.2086
1 -0.3578 3.2092
1 -0.3977 3.2098
1 -0.4292 3.2019
1 -0.4305 3.1639
1 -0.4318 3.1258
1 -0.4331 3.0877
1 -0.4344 3.0497
1 -0.4357 3.0116
1 -0.4370 2.9736
1 -0.4383 2.9355
1 -0.4396 2.8975
1 -0.4409 2.8594
1 -0.4422 2.8214
1 -0.4324 2.7929
1 -0.3912 2.7890
1 -0.3494 2.7813
1 -0.3078 2.7697
1 -0.2667 2.7541
1 -0.2269 2.7345
1 -0.1888 2.7111
1 -0.1530 2.6842
1 -0.1199 2.6541
1 -0.0901 2.6213
1 -0.0636 2.5862
1 -0.0409 2.5495
1 -0.0219 2.5115
1 -0.0067 2.4729
1 0.0210 2.3685
1 0.0241 2.2640
1 0.0200 2.1291
1 0.0193 1.9943
1 0.0009 1.8605
1 -0.0243 1.7268
1 -0.0672 1.6074
1 -0.0947 1.5353
1 -0.1255 1.4675
1 -0.1593 1.4050
1 -0.1960 1.3491
1 -0.2351 1.3009
1 -0.2762 1.2612
1 -0.3188 1.2309
1 -0.3623 1.2104
1 -0.4061 1.1999
1 -0.4497 1.1994
1 -0.4925 1.2086
1 -0.5338 1.2270
1 -0.5734 1.2538
1 -0.6108 1.2882
1 -0.6458 1.3290
1 -0.6414 1.3593
1 -0.6345 1.3886
1 -0.6276 1.4179
1 -0.6207 1.4472
1 -0.6138 1.4766
1 -0.6069 1.5059
1 -0.6000 1.5352
1 -0.5931 1.5645
1 -0.5862 1.5938
1 -0.5793 1.6231
1 -0.5724 1.6524
1 -0.5493 1.6258
1 -0.5243 1.6023
1 -0.4978 1.5838
1 -0.4701 1.5710
1 -0.4414 1.5643
1 -0.4121 1.5640
1 -0.3826 1.5705
1 -0.3533 1.5837
1 -0.3246 1.6036
1 -0.2969 1.6297
1 -0.2705 1.6617
1 -0.2457 1.6989
1 -0.2228 1.7406
1 -0.2019 1.7859
1 -0.1832 1.8342
1 -0.1677 1.8811
1 -0.1595 1.9113
1 -0.1523 1.9437
1 -0.1461 1.9781
1 -0.1413 2.0141
1 -0.1377 2.0512
1 -0.1357 2.0890
1 -0.1351 2.1271
1 -0.1359 2.1648
1 -0.1383 2.2018
1 -0.1419 2.2375
1 -0.1468 2.2717
1 -0.1529 2.3039
1 -0.1600 2.3343
1 -0.1685 2.3636
1 -0.1781 2.3914
1 -0.1890 2.4173
1 -0.2010 2.4408
1 -0.2139 2.4616
1 -0.2277 2.4794
1 -0.2421 2.4939
1 -0.2569 2.5050
1 -0.2719 2.5126
1 -0.2870 2.5169
1 -0.3020 2.5178
1 -0.3166 2.5156
1 -0.3314 2.5102
1 -0.3462 2.5016
1 -0.3610 2.4896
1 -0.3754 2.4742
1 -0.3893 2.4555
1 -0.4025 2.4338
1 -0.4149 2.4092
1 -0.4262 2.3822
1 -0.4363 2.3531
1 -0.4452 2.3224
1 -0.4529 2.2905
1 -0.4591 2.2580
1 -0.4725 2.2663
1 -0.4862 2.2765
1 -0.4998 2.2867
1 -0.5135 2.2968
1 -0.5272 2.3070
1 -0.5409 2.3172
1 -0.5545 2.3274
1 -0.5682 2.3376
1 -0.5819 2.3478
1 -0.5956 2.3580
1 -0.6093 2.3682
1 -0.5716 3.4749
31 1562 26
 0 1.0107 2.3964
 1 0.9809 3.0187
 1 0.8851 3.5989
 1 0.7300 4.0977
 1 0.5260 4.4810
 1 0.2871 4.7227
 1 0.0295 4.8063
 1 -0.2291 4.7261
 1 -0.4713 4.4877
 1 -0.6804 4.1072
 1 -0.8422 3.6105
 1 -0.9458 3.0316
 1 -0.9839 2.4099
 1 -0.9541 1.7876
 1 -0.8584 1.2074
 1 -0.7033 0.7086
 1 -0.4993 0.3253
 1 -0.2604 0.0836
 1 -0.0028 0.0000
 1 0.2559 0.0802
 1 0.4980 0.3186
 1 0.7071 0.6991
 1 0.8690 1.1958
 1 0.9725 1.7747
 1 1.0107 2.3964
 1 1.0107 2.3964
31 1251 26
 0 0.8507 2.3975
 1 0.8258 2.9405
 1 0.7456 3.4468
 1 0.6154 3.8820
 1 0.4442 4.2165
 1 0.2437 4.4273
 1 0.0275 4.5002
 1 -0.1897 4.4302
 1 -0.3931 4.2221
 1 -0.5687 3.8900
 1 -0.7047 3.4566
 1 -0.7918 2.9513
 1 -0.8239 2.4088
 1 -0.7991 1.8658
 1 -0.7188 1.3595
 1 -0.5887 0.9243
 1 -0.4175 0.5898
 1 -0.2170 0.3790
 1 -0.0007 0.3061
 1 0.2165 0.3761
 1 0.4198 0.5842
 1 0.5955 0.9163
 1 0.7315 1.3497
 1 0.8185 1.8549
 1 0.8507 2.3975
 1 0.8507 2.3975
31 1250 67
 0 0.7335 3.0692
 1 0.7240 3.1315
 1 0.7118 3.1929
 1 0.6969 3.2524
 1 0.6794 3.3091
 1 0.6593 3.3619
 1 0.6370 3.4099
 1 0.6128 3.4523
 1 0.5869 3.4886
 1 0.5599 3.5182
 1 0.5321 3.5410
 1 0.5039 3.5568
 1 0.4758 3.5660
 1 0.4482 3.5687
 1 0.4205 3.5653
 1 0.3923 3.5555
 1 0.3640 3.5389
 1 0.3360 3.5154
 1 0.3088 3.4851
 1 0.2826 3.4482
 1 0.2581 3.4051
 1 0.2355 3.3565
 1 0.2151 3.3033
 1 0.1972 3.2463
 1 0.1819 3.1864
 1 0.1693 3.1248
 1 0.1585 3.0557
 1 0.1353 2.8575
 1 0.1201 2.6530
 1 0.1130 2.4450
 1 0.1144 2.2364
 1 0.1242 2.0302
 1 0.1421 1.8291
 1 0.1583 1.7001
 1 0.1692 1.6381
 1 0.1827 1.5775
 1 0.1989 1.5193
 1 0.2177 1.4645
 1 0.2389 1.4140
 1 0.2622 1.3686
 1 0.2873 1.3292
 1 0.3138 1.2962
 1 0.3413 1.2700
 1 0.3694 1.2507
 1 0.3975 1.2383
 1 0.4254 1.2324
 1 0.4529 1.2327
 1 0.4809 1.2393
 1 0.5092 1.2524
 1 0.5374 1.2725
 1 0.5651 1.2994
 1 0.5919 1.3330
 1 0.6172 1.3731
 1 0.6408 1.4190
 1 0.6624 1.4700
 1 0.6815 1.5253
 1 0.6981 1.5839
 1 0.7121 1.6447
 1 0.7234 1.7069
 1 0.7414 1.8429
 1 0.7607 2.0446
 1 0.7719 2.2512
 1 0.7747 2.4599
 1 0.7691 2.6677
 1 0.7552 2.8717
 1 0.7335 3.0692
 1 0.7335 3.0692
31 1251 67
 0 0.2938 1.8419
 1 0.2987 1.8099
 1 0.3050 1.7783
 1 0.3126 1.7477
 1 0.3216 1.7186
 1 0.3319 1.6915
 1 0.3434 1.6668
 1 0.3558 1.6450
 1 0.3691 1.6263
 1 0.3830 1.6111
 1 0.3973 1.5994
 1 0.4118 1.5913
 1 0.4263 1.5866
 1 0.4405 1.5852
 1 0.4547 1.5869
 1 0.4692 1.5920
 1 0.4837 1.6005
 1 0.4981 1.6126
 1 0.5121 1.6282
 1 0.5255 1.6472
 1 0.5381 1.6693
 1 0.5498 1.6943
 1 0.5602 1.7217
 1 0.5694 1.7510
 1 0.5773 1.7818
 1 0.5838 1.8135
 1 0.5898 1.8527
 1 0.6091 2.0182
 1 0.6219 2.1889
 1 0.6277 2.3626
 1 0.6266 2.5368
 1 0.6184 2.7091
 1 0.6034 2.8770
 1 0.5913 2.9746
 1 0.5857 3.0065
 1 0.5788 3.0376
 1 0.5704 3.0676
 1 0.5608 3.0957
 1 0.5499 3.1217
 1 0.5379 3.1450
 1 0.5250 3.1652
 1 0.5113 3.1822
 1 0.4972 3.1957
 1 0.4828 3.2056
 1 0.4683 3.2120
 1 0.4540 3.2150
 1 0.4399 3.2148
 1 0.4255 3.2114
 1 0.4109 3.2047
 1 0.3964 3.1944
 1 0.3822 3.1805
 1 0.3685 3.1632
 1 0.3554 3.1426
 1 0.3433 3.1190
 1 0.3322 3.0928
 1 0.3224 3.0643
 1 0.3138 3.0342
 1 0.3067 3.0030
 1 0.3009 2.9710
 1 0.2871 2.8659
 1 0.2710 2.6975
 1 0.2617 2.5249
 1 0.2594 2.3507
 1 0.2641 2.1771
 1 0.2756 2.0068
 1 0.2938 1.8419
 1 0.2938 1.8419
31 1562 26
 0 1.0107 2.3964
 1 0.9809 3.0187
 1 0.8851 3.5989
 1 0.7300 4.0977
 1 0.5260 4.4810
 1 0.2871 4.7227
 1 0.0295 4.8063
 1 -0.2291 4.7261
 1 -0.4713 4.4877
 1 -0.6804 4.1072
 1 -0.8422 3.6105
 1 -0.9458 3.0316
 1 -0.9839 2.4099
 1 -0.9541 1.7876
 1 -0.8584 1.2074
 1 -0.7033 0.7086
 1 -0.4993 0.3253
 1 -0.2604 0.0836
 1 -0.0028 0.0000
 1 0.2559 0.0802
 1 0.4980 0.3186
 1 0.7071 0.6991
 1 0.8690 1.1958
 1 0.9725 1.7747
 1 1.0107 2.3964
 1 1.0107 2.3964
31 1251 26
 0 0.8507 2.3975
 1 0.8258 2.9405
 1 0.7456 3.4468
 1 0.6154 3.8820
 1 0.4442 4.2165
 1 0.2437 4.4273
 1 0.0275 4.5002
 1 -0.1897 4.4302
 1 -0.3931 4.2221
 1 -0.5687 3.8900
 1 -0.7047 3.4566
 1 -0.7918 2.9513
 1 -0.8239 2.4088
 1 -0.7991 1.8658
 1 -0.7188 1.3595
 1 -0.5887 0.9243
 1 -0.4175 0.5898
 1 -0.2170 0.3790
 1 -0.0007 0.3061
 1 0.2165 0.3761
 1 0.4198 0.5842
 1 0.5955 0.9163
 1 0.7315 1.3497
 1 0.8185 1.8549
 1 0.8507 2.3975
 1 0.8507 2.3975
31 1250 67
 0 0.7335 3.0692
 1 0.7240 3.1315
 1 0.7118 3.1929
 1 0.6969 3.2524
 1 0.6794 3.3091
 1 0.6593 3.3619
 1 0.6370 3.4099
 1 0.6128 3.4523
 1 0.5869 3.4886
 1 0.5599 3.5182
 1 0.5321 3.5410
 1 0.5039 3.5568
 1 0.4758 3.5660
 1 0.4482 3.5687
 1 0.4205 3.5653
 1 0.3923 3.5555
 1 0.3640 3.5389
 1 0.3360 3.5154
 1 0.3088 3.4851
 1 0.2826 3.4482
 1 0.2581 3.4051
 1 0.2355 3.3565
 1 0.2151 3.3033
 1 0.1972 3.2463
 1 0.1819 3.1864
 1 0.1693 3.1248
 1 0.1585 3.0557
 1 0.1353 2.8575
 1 0.1201 2.6530
 1 0.1130 2.4450
 1 0.1144 2.2364
 1 0.1242 2.0302
 1 0.1421 1.8291
 1 0.1583 1.7001
 1 0.1692 1.6381
 1 0.1827 1.5775
 1 0.1989 1.5193
 1 0.2177 1.4645
 1 0.2389 1.4140
 1 0.2622 1.3686
 1 0.2873 1.3292
 1 0.3138 1.2962
 1 0.3413 1.2700
 1 0.3694 1.2507
 1 0.3975 1.2383
 1 0.4254 1.2324
 1 0.4529 1.2327
 1 0.4809 1.2393
 1 0.5092 1.2524
 1 0.5374 1.2725
 1 0.5651 1.2994
 1 0.5919 1.3330
 1 0.6172 1.3731
 1 0.6408 1.4190
 1 0.6624 1.4700
 1 0.6815 1.5253
 1 0.6981 1.5839
 1 0.7121 1.6447
 1 0.7234 1.7069
 1 0.7414 1.8429
 1 0.7607 2.0446
 1 0.7719 2.2512
 1 0.7747 2.4599
 1 0.7691 2.6677
 1 0.7552 2.8717
 1 0.7335 3.0692
 1 0.7335 3.0692
31 1251 67
 0 0.2938 1.8419
 1 0.2987 1.8099
 1 0.3050 1.7783
 1 0.3126 1.7477
 1 0.3216 1.7186
 1 0.3319 1.6915
 1 0.3434 1.6668
 1 0.3558 1.6450
 1 0.3691 1.6263
 1 0.3830 1.6111
 1 0.3973 1.5994
 1 0.4118 1.5913
 1 0.4263 1.5866
 1 0.4405 1.5852
 1 0.4547 1.5869
 1 0.4692 1.5920
 1 0.4837 1.6005
 1 0.4981 1.6126
 1 0.5121 1.6282
 1 0.5255 1.6472
 1 0.5381 1.6693
 1 0.5498 1.6943
 1 0.5602 1.7217
 1 0.5694 1.7510
 1 0.5773 1.7818
 1 0.5838 1.8135
 1 0.5898 1.8527
 1 0.6091 2.0182
 1 0.6219 2.1889
 1 0.6277 2.3626
 1 0.6266 2.5368
 1 0.6184 2.7091
 1 0.6034 2.8770
 1 0.5913 2.9746
 1 0.5857 3.0065
 1 0.5788 3.0376
 1 0.5704 3.0676
 1 0.5608 3.0957
 1 0.5499 3.1217
 1 0.5379 3.1450
 1 0.5250 3.1652
 1 0.5113 3.1822
 1 0.4972 3.1957
 1 0.4828 3.2056
 1 0.4683 3.2120
 1 0.4540 3.2150
 1 0.4399 3.2148
 1 0.4255 3.2114
 1 0.4109 3.2047
 1 0.3964 3.1944
 1 0.3822 3.1805
 1 0.3685 3.1632
 1 0.3554 3.1426
 1 0.3433 3.1190
 1 0.3322 3.0928
 1 0.3224 3.0643
 1 0.3138 3.0342
 1 0.3067 3.0030
 1 0.3009 2.9710
 1 0.2871 2.8659
 1 0.2710 2.6975
 1 0.2617 2.5249
 1 0.2594 2.3507
 1 0.2641 2.1771
 1 0.2756 2.0068
 1 0.2938 1.8419
 1 0.2938 1.8419
31 0 25
 0 1.0107 2.3964
 1 0.9809 3.0187
 1 0.8851 3.5989
 1 0.7300 4.0977
 1 0.5260 4.4810
 1 0.2871 4.7227
 1 0.0295 4.8063
 1 -0.2291 4.7261
 1 -0.4713 4.4877
 1 -0.6804 4.1072
 1 -0.8422 3.6105
 1 -0.9458 3.0316
 1 -0.9839 2.4099
 1 -0.9541 1.7876
 1 -0.8584 1.2074
 1 -0.7033 0.7086
 1 -0.4993 0.3253
 1 -0.2604 0.0836
 1 -0.0028 0.0000
 1 0.2559 0.0802
 1 0.4980 0.3186
 1 0.7071 0.6991
 1 0.8690 1.1958
 1 0.9725 1.7747
 1 1.0107 2.3964
31 0 25
 0 0.8507 2.3975
 1 0.8258 2.9405
 1 0.7456 3.4468
 1 0.6154 3.8820
 1 0.4442 4.2165
 1 0.2437 4.4273
 1 0.0275 4.5002
 1 -0.1897 4.4302
 1 -0.3931 4.2221
 1 -0.5687 3.8900
 1 -0.7047 3.4566
 1 -0.7918 2.9513
 1 -0.8239 2.4088
 1 -0.7991 1.8658
 1 -0.7188 1.3595
 1 -0.5887 0.9243
 1 -0.4175 0.5898
 1 -0.2170 0.3790
 1 -0.0007 0.3061
 1 0.2165 0.3761
 1 0.4198 0.5842
 1 0.5955 0.9163
 1 0.7315 1.3497
 1 0.8185 1.8549
 1 0.8507 2.3975
31 0 66
 0 0.7335 3.0692
 1 0.7240 3.1315
 1 0.7118 3.1929
 1 0.6969 3.2524
 1 0.6794 3.3091
 1 0.6593 3.3619
 1 0.6370 3.4099
 1 0.6128 3.4523
 1 0.5869 3.4886
 1 0.5599 3.5182
 1 0.5321 3.5410
 1 0.5039 3.5568
 1 0.4758 3.5660
 1 0.4482 3.5687
 1 0.4205 3.5653
 1 0.3923 3.5555
 1 0.3640 3.5389
 1 0.3360 3.5154
 1 0.3088 3.4851
 1 0.2826 3.4482
 1 0.2581 3.4051
 1 0.2355 3.3565
 1 0.2151 3.3033
 1 0.1972 3.2463
 1 0.1819 3.1864
 1 0.1693 3.1248
 1 0.1585 3.0557
 1 0.1353 2.8575
 1 0.1201 2.6530
 1 0.1130 2.4450
 1 0.1144 2.2364
 1 0.1242 2.0302
 1 0.1421 1.8291
 1 0.1583 1.7001
 1 0.1692 1.6381
 1 0.1827 1.5775
 1 0.1989 1.5193
 1 0.2177 1.4645
 1 0.2389 1.4140
 1 0.2622 1.3686
 1 0.2873 1.3292
 1 0.3138 1.2962
 1 0.3413 1.2700
 1 0.3694 1.2507
 1 0.3975 1.2383
 1 0.4254 1.2324
 1 0.4529 1.2327
 1 0.4809 1.2393
 1 0.5092 1.2524
 1 0.5374 1.2725
 1 0.5651 1.2994
 1 0.5919 1.3330
 1 0.6172 1.3731
 1 0.6408 1.4190
 1 0.6624 1.4700
 1 0.6815 1.5253
 1 0.6981 1.5839
 1 0.7121 1.6447
 1 0.7234 1.7069
 1 0.7414 1.8429
 1 0.7607 2.0446
 1 0.7719 2.2512
 1 0.7747 2.4599
 1 0.7691 2.6677
 1 0.7552 2.8717
 1 0.7335 3.0692
31 0 66
 0 0.2938 1.8419
 1 0.2987 1.8099
 1 0.3050 1.7783
 1 0.3126 1.7477
 1 0.3216 1.7186
 1 0.3319 1.6915
 1 0.3434 1.6668
 1 0.3558 1.6450
 1 0.3691 1.6263
 1 0.3830 1.6111
 1 0.3973 1.5994
 1 0.4118 1.5913
 1 0.4263 1.5866
 1 0.4405 1.5852
 1 0.4547 1.5869
 1 0.4692 1.5920
 1 0.4837 1.6005
 1 0.4981 1.6126
 1 0.5121 1.6282
 1 0.5255 1.6472
 1 0.5381 1.6693
 1 0.5498 1.6943
 1 0.5602 1.7217
 1 0.5694 1.7510
 1 0.5773 1.7818
 1 0.5838 1.8135
 1 0.5898 1.8527
 1 0.6091 2.0182
 1 0.6219 2.1889
 1 0.6277 2.3626
 1 0.6266 2.5368
 1 0.6184 2.7091
 1 0.6034 2.8770
 1 0.5913 2.9746
 1 0.5857 3.0065
 1 0.5788 3.0376
 1 0.5704 3.0676
 1 0.5608 3.0957
 1 0.5499 3.1217
 1 0.5379 3.1450
 1 0.5250 3.1652
 1 0.5113 3.1822
 1 0.4972 3.1957
 1 0.4828 3.2056
 1 0.4683 3.2120
 1 0.4540 3.2150
 1 0.4399 3.2148
 1 0.4255 3.2114
 1 0.4109 3.2047
 1 0.3964 3.1944
 1 0.3822 3.1805
 1 0.3685 3.1632
 1 0.3554 3.1426
 1 0.3433 3.1190
 1 0.3322 3.0928
 1 0.3224 3.0643
 1 0.3138 3.0342
 1 0.3067 3.0030
 1 0.3009 2.9710
 1 0.2871 2.8659
 1 0.2710 2.6975
 1 0.2617 2.5249
 1 0.2594 2.3507
 1 0.2641 2.1771
 1 0.2756 2.0068
 1 0.2938 1.8419
4 1 1
 0 -0.5716 3.4749
 1 -0.5635 3.5771
 1 -0.5104 3.5763
 1 -0.4573 3.5756
 1 -0.4042 3.5748
 1 -0.3511 3.5740
 1 -0.2979 3.5733
 1 -0.2448 3.5725
 1 -0.1917 3.5718
 1 -0.1386 3.5710
 1 -0.0855 3.5702
 1 -0.0324 3.5695
 1 0.0137 3.5645
 1 0.0132 3.5312
 1 0.0128 3.4979
 1 0.0123 3.4646
 1 0.0118 3.4313
 1 0.0113 3.3979
 1 0.0109 3.3646
 1 0.0104 3.3313
 1 0.0099 3.2980
 1 0.0094 3.2647
 1 0.0089 3.2314
 1 0.0016 3.2040
 1 -0.0383 3.2046
 1 -0.0783 3.2052
 1 -0.1182 3.2058
 1 -0.1581 3.2063
 1 -0.1981 3.2069
 1 -0.2380 3.2075
 1 -0.2779 3.2080
 1 -0.3179 3.2086
 1 -0.3578 3.2092
 1 -0.3977 3.2098
 1 -0.4292 3.2019
 1 -0.4305 3.1639
 1 -0.4318 3.1258
 1 -0.4331 3.0877
 1 -0.4344 3.0497
 1 -0.4357 3.0116
 1 -0.4370 2.9736
 1 -0.4383 2.9355
 1 -0.4396 2.8975
 1 -0.4409 2.8594
 1 -0.4422 2.8214
 1 -0.4324 2.7929
 1 -0.3912 2.7890
 1 -0.3494 2.7813
 1 -0.3078 2.7697
 1 -0.2667 2.7541
 1 -0.2269 2.7345
 1 -0.1888 2.7111
 1 -0.1530 2.6842
 1 -0.1199 2.6541
 1 -0.0901 2.6213
 1 -0.0636 2.5862
 1 -0.0409 2.5495
 1 -0.0219 2.5115
 1 -0.0067 2.4729
 1 0.0210 2.3685
 1 0.0241 2.2640
 1 0.0200 2.1291
 1 0.0193 1.9943
 1 0.0009 1.8605
 1 -0.0243 1.7268
 1 -0.0672 1.6074
 1 -0.0947 1.5353
 1 -0.1255 1.4675
 1 -0.1593 1.4050
 1 -0.1960 1.3491
 1 -0.2351 1.3009
 1 -0.2762 1.2612
 1 -0.3188 1.2309
 1 -0.3623 1.2104
 1 -0.4061 1.1999
 1 -0.4497 1.1994
 1 -0.4925 1.2086
 1 -0.5338 1.2270
 1 -0.5734 1.2538
 1 -0.6108 1.2882
 1 -0.6458 1.3290
 1 -0.6414 1.3593
 1 -0.6345 1.3886
 1 -0.6276 1.4179
 1 -0.6207 1.4472
 1 -0.6138 1.4766
 1 -0.6069 1.5059
 1 -0.6000 1.5352
 1 -0.5931 1.5645
 1 -0.5862 1.5938
 1 -0.5793 1.6231
 1 -0.5724 1.6524
 1 -0.5493 1.6258
 1 -0.5243 1.6023
 1 -0.4978 1.5838
 1 -0.4701 1.5710
 1 -0.4414 1.5643
 1 -0.4121 1.5640
 1 -0.3826 1.5705
 1 -0.3533 1.5837
 1 -0.3246 1.6036
 1 -0.2969 1.6297
 1 -0.2705 1.6617
 1 -0.2457 1.6989
 1 -0.2228 1.7406
 1 -0.2019 1.7859
 1 -0.1832 1.8342
 1 -0.1677 1.8811
 1 -0.1595 1.9113
 1 -0.1523 1.9437
 1 -0.1461 1.9781
 1 -0.1413 2.0141
 1 -0.1377 2.0512
 1 -0.1357 2.0890
 1 -0.1351 2.1271
 1 -0.1359 2.1648
 1 -0.1383 2.2018
 1 -0.1419 2.2375
 1 -0.1468 2.2717
 1 -0.1529 2.3039
 1 -0.1600 2.3343
 1 -0.1685 2.3636
 1 -0.1781 2.3914
 1 -0.1890 2.4173
 1 -0.2010 2.4408
 1 -0.2139 2.4616
 1 -0.2277 2.4794
 1 -0.2421 2.4939
 1 -0.2569 2.5050
 1 -0.2719 2.5126
 1 -0.2870 2.5169
 1 -0.3020 2.5178
 1 -0.3166 2.5156
 1 -0.3314 2.5102
 1 -0.3462 2.5016
 1 -0.3610 2.4896
 1 -0.3754 2.4742
 1 -0.3893 2.4555
 1 -0.4025 2.4338
 1 -0.4149 2.4092
 1 -0.4262 2.3822
 1 -0.4363 2.3531
 1 -0.4452 2.3224
 1 -0.4529 2.2905
 1 -0.4591 2.2580
 1 -0.4725 2.2663
 1 -0.4862 2.2765
 1 -0.4998 2.2867
 1 -0.5135 2.2968
 1 -0.5272 2.3070
 1 -0.5409 2.3172
 1 -0.5545 2.3274
 1 -0.5682 2.3376
 1 -0.5819 2.3478
 1 -0.5956 2.3580
 1 -0.6093 2.3682
 1 -0.5716 3.4749
 1 -0.5716 3.4749
