RR-1-(40)-<-60kms/h
3184 338 1 1 0 0 0 0 0 0 1 1
1.000
112 1562 25
0 0.9956 2.3962
1 0.9658 3.0184
1 0.8700 3.5986
1 0.7149 4.0974
1 0.5109 4.4807
1 0.2720 4.7224
1 0.0144 4.8060
1 -0.2443 4.7259
1 -0.4864 4.4874
1 -0.6955 4.1069
1 -0.8574 3.6102
1 -0.9609 3.0313
1 -0.9990 2.4096
1 -0.9692 1.7874
1 -0.8735 1.2071
1 -0.7184 0.7083
1 -0.5144 0.3250
1 -0.2755 0.0834
1 -0.0179 -0.0003
1 0.2408 0.0799
1 0.4829 0.3183
1 0.6920 0.6989
1 0.8539 1.1955
1 0.9574 1.7744
1 0.9956 2.3962
112 1251 25
0 0.8356 2.3972
1 0.8107 2.9402
1 0.7304 3.4465
1 0.6003 3.8818
1 0.4291 4.2162
1 0.2286 4.4270
1 0.0124 4.5000
1 -0.2048 4.4300
1 -0.4082 4.2218
1 -0.5838 3.8897
1 -0.7198 3.4563
1 -0.8069 2.9511
1 -0.8390 2.4085
1 -0.8142 1.8655
1 -0.7339 1.3592
1 -0.6038 0.9240
1 -0.4326 0.5896
1 -0.2321 0.3787
1 -0.0158 0.3058
1 0.2014 0.3758
1 0.4047 0.5839
1 0.5804 0.9160
1 0.7164 1.3495
1 0.8034 1.8547
1 0.8356 2.3972
112 1250 12
0 -0.1489 1.2043
1 -0.1448 1.8067
1 -0.0519 1.8061
1 -0.0496 2.1419
1 -0.1426 2.1426
1 -0.1327 3.6033
1 -0.2876 3.6043
1 -0.7805 2.0349
1 -0.7820 1.8110
1 -0.2997 1.8078
1 -0.3037 1.2054
1 -0.1489 1.2043
112 1250 130
0 0.7184 3.0689
1 0.7139 3.1004
1 0.7088 3.1317
1 0.7030 3.1628
1 0.6965 3.1936
1 0.6893 3.2239
1 0.6814 3.2535
1 0.6729 3.2824
1 0.6637 3.3105
1 0.6538 3.3376
1 0.6434 3.3635
1 0.6324 3.3883
1 0.6209 3.4117
1 0.6088 3.4337
1 0.5963 3.4542
1 0.5834 3.4731
1 0.5702 3.4904
1 0.5566 3.5059
1 0.5429 3.5198
1 0.5289 3.5319
1 0.5148 3.5422
1 0.5006 3.5508
1 0.4864 3.5576
1 0.4722 3.5627
1 0.4581 3.5662
1 0.4441 3.5681
1 0.4303 3.5684
1 0.4164 3.5671
1 0.4024 3.5643
1 0.3882 3.5598
1 0.3739 3.5536
1 0.3597 3.5457
1 0.3454 3.5361
1 0.3313 3.5247
1 0.3173 3.5115
1 0.3035 3.4967
1 0.2899 3.4801
1 0.2767 3.4618
1 0.2638 3.4419
1 0.2514 3.4205
1 0.2393 3.3976
1 0.2279 3.3734
1 0.2169 3.3479
1 0.2065 3.3212
1 0.1968 3.2935
1 0.1876 3.2649
1 0.1792 3.2355
1 0.1714 3.2054
1 0.1643 3.1748
1 0.1578 3.1437
1 0.1521 3.1124
1 0.1470 3.0809
1 0.1381 3.0161
1 0.1263 2.9164
1 0.1164 2.8149
1 0.1085 2.7119
1 0.1027 2.6078
1 0.0991 2.5030
1 0.0975 2.3978
1 0.0981 2.2926
1 0.1009 2.1879
1 0.1057 2.0839
1 0.1127 1.9810
1 0.1217 1.8796
1 0.1326 1.7800
1 0.1409 1.7153
1 0.1457 1.6839
1 0.1512 1.6526
1 0.1574 1.6217
1 0.1642 1.5911
1 0.1717 1.5612
1 0.1800 1.5318
1 0.1888 1.5033
1 0.1983 1.4758
1 0.2085 1.4492
1 0.2192 1.4239
1 0.2305 1.3998
1 0.2423 1.3771
1 0.2545 1.3558
1 0.2672 1.3361
1 0.2803 1.3180
1 0.2937 1.3016
1 0.3074 1.2869
1 0.3213 1.2739
1 0.3353 1.2627
1 0.3495 1.2532
1 0.3637 1.2455
1 0.3779 1.2395
1 0.3920 1.2352
1 0.4060 1.2326
1 0.4199 1.2315
1 0.4338 1.2320
1 0.4478 1.2340
1 0.4619 1.2377
1 0.4761 1.2430
1 0.4904 1.2500
1 0.5046 1.2588
1 0.5188 1.2693
1 0.5329 1.2816
1 0.5468 1.2956
1 0.5605 1.3114
1 0.5739 1.3288
1 0.5870 1.3479
1 0.5996 1.3685
1 0.6119 1.3907
1 0.6236 1.4142
1 0.6349 1.4391
1 0.6455 1.4652
1 0.6556 1.4924
1 0.6650 1.5206
1 0.6738 1.5496
1 0.6820 1.5794
1 0.6894 1.6098
1 0.6962 1.6406
1 0.7023 1.6718
1 0.7077 1.7032
1 0.7125 1.7348
1 0.7252 1.8335
1 0.7361 1.9341
1 0.7450 2.0364
1 0.7518 2.1400
1 0.7565 2.2445
1 0.7591 2.3495
1 0.7596 2.4547
1 0.7579 2.5598
1 0.7541 2.6642
1 0.7482 2.7677
1 0.7403 2.8699
1 0.7303 2.9704
1 0.7184 3.0689
112 1251 4
0 -0.2974 2.1436
1 -0.5721 2.1455
1 -0.2914 3.0392
1 -0.2974 2.1436
112 1251 130
0 0.2787 1.8416
1 0.2810 1.8254
1 0.2836 1.8093
1 0.2866 1.7933
1 0.2900 1.7775
1 0.2937 1.7620
1 0.2977 1.7467
1 0.3021 1.7319
1 0.3068 1.7174
1 0.3119 1.7035
1 0.3172 1.6902
1 0.3229 1.6775
1 0.3288 1.6654
1 0.3350 1.6541
1 0.3414 1.6436
1 0.3481 1.6339
1 0.3549 1.6250
1 0.3618 1.6170
1 0.3689 1.6099
1 0.3761 1.6037
1 0.3834 1.5984
1 0.3906 1.5940
1 0.3979 1.5905
1 0.4052 1.5878
1 0.4125 1.5860
1 0.4197 1.5851
1 0.4268 1.5850
1 0.4339 1.5856
1 0.4411 1.5871
1 0.4484 1.5894
1 0.4558 1.5925
1 0.4631 1.5966
1 0.4704 1.6016
1 0.4777 1.6074
1 0.4849 1.6142
1 0.4920 1.6218
1 0.4989 1.6304
1 0.5057 1.6398
1 0.5123 1.6500
1 0.5187 1.6610
1 0.5249 1.6728
1 0.5308 1.6852
1 0.5364 1.6983
1 0.5418 1.7120
1 0.5468 1.7263
1 0.5515 1.7410
1 0.5558 1.7561
1 0.5598 1.7716
1 0.5635 1.7873
1 0.5668 1.8033
1 0.5697 1.8194
1 0.5724 1.8356
1 0.5791 1.8852
1 0.5890 1.9685
1 0.5972 2.0533
1 0.6038 2.1392
1 0.6086 2.2262
1 0.6117 2.3137
1 0.6130 2.4015
1 0.6125 2.4894
1 0.6102 2.5769
1 0.6061 2.6637
1 0.6003 2.7496
1 0.5928 2.8343
1 0.5836 2.9174
1 0.5774 2.9664
1 0.5749 2.9826
1 0.5721 2.9986
1 0.5689 3.0145
1 0.5654 3.0302
1 0.5615 3.0456
1 0.5573 3.0607
1 0.5527 3.0753
1 0.5479 3.0895
1 0.5426 3.1032
1 0.5371 3.1162
1 0.5313 3.1286
1 0.5253 3.1402
1 0.5190 3.1512
1 0.5124 3.1613
1 0.5057 3.1706
1 0.4988 3.1790
1 0.4918 3.1866
1 0.4847 3.1932
1 0.4774 3.1990
1 0.4702 3.2039
1 0.4629 3.2078
1 0.4556 3.2109
1 0.4483 3.2131
1 0.4411 3.2145
1 0.4339 3.2150
1 0.4268 3.2148
1 0.4196 3.2137
1 0.4124 3.2118
1 0.4051 3.2091
1 0.3977 3.2055
1 0.3904 3.2010
1 0.3831 3.1956
1 0.3759 3.1892
1 0.3687 3.1820
1 0.3617 3.1739
1 0.3548 3.1650
1 0.3481 3.1552
1 0.3416 3.1445
1 0.3353 3.1331
1 0.3293 3.1210
1 0.3235 3.1082
1 0.3180 3.0948
1 0.3128 3.0808
1 0.3080 3.0663
1 0.3035 3.0514
1 0.2993 3.0361
1 0.2955 3.0205
1 0.2920 3.0046
1 0.2889 2.9886
1 0.2861 2.9725
1 0.2836 2.9557
1 0.2729 2.8733
1 0.2638 2.7892
1 0.2564 2.7038
1 0.2507 2.6173
1 0.2468 2.5301
1 0.2446 2.4423
1 0.2442 2.3545
1 0.2456 2.2668
1 0.2488 2.1795
1 0.2538 2.0931
1 0.2604 2.0078
1 0.2688 1.9239
1 0.2787 1.8416
4 1 1
 0 0.9956 2.3962
 1 0.9658 3.0184
 1 0.8700 3.5986
 1 0.7149 4.0974
 1 0.5109 4.4807
 1 0.2720 4.7224
 1 0.0144 4.8060
 1 -0.2443 4.7259
 1 -0.4864 4.4874
 1 -0.6955 4.1069
 1 -0.8574 3.6102
 1 -0.9609 3.0313
 1 -0.9990 2.4096
 1 -0.9692 1.7874
 1 -0.8735 1.2071
 1 -0.7184 0.7083
 1 -0.5144 0.3250
 1 -0.2755 0.0834
 1 -0.0179 -0.0003
 1 0.2408 0.0799
 1 0.4829 0.3183
 1 0.6920 0.6989
 1 0.8539 1.1955
 1 0.9574 1.7744
 1 0.9956 2.3962
4 1 1
 0 0.8356 2.3972
 1 0.8107 2.9402
 1 0.7304 3.4465
 1 0.6003 3.8818
 1 0.4291 4.2162
 1 0.2286 4.4270
 1 0.0124 4.5000
 1 -0.2048 4.4300
 1 -0.4082 4.2218
 1 -0.5838 3.8897
 1 -0.7198 3.4563
 1 -0.8069 2.9511
 1 -0.8390 2.4085
 1 -0.8142 1.8655
 1 -0.7339 1.3592
 1 -0.6038 0.9240
 1 -0.4326 0.5896
 1 -0.2321 0.3787
 1 -0.0158 0.3058
 1 0.2014 0.3758
 1 0.4047 0.5839
 1 0.5804 0.9160
 1 0.7164 1.3495
 1 0.8034 1.8547
 1 0.8356 2.3972
4 1 1
 0 -0.1489 1.2043
 1 -0.1448 1.8067
 1 -0.0519 1.8061
 1 -0.0496 2.1419
 1 -0.1426 2.1426
 1 -0.1327 3.6033
 1 -0.2876 3.6043
 1 -0.7805 2.0349
 1 -0.7820 1.8110
 1 -0.2997 1.8078
 1 -0.3037 1.2054
 1 -0.1489 1.2043
4 1 1
 0 0.7184 3.0689
 1 0.7139 3.1004
 1 0.7088 3.1317
 1 0.7030 3.1628
 1 0.6965 3.1936
 1 0.6893 3.2239
 1 0.6814 3.2535
 1 0.6729 3.2824
 1 0.6637 3.3105
 1 0.6538 3.3376
 1 0.6434 3.3635
 1 0.6324 3.3883
 1 0.6209 3.4117
 1 0.6088 3.4337
 1 0.5963 3.4542
 1 0.5834 3.4731
 1 0.5702 3.4904
 1 0.5566 3.5059
 1 0.5429 3.5198
 1 0.5289 3.5319
 1 0.5148 3.5422
 1 0.5006 3.5508
 1 0.4864 3.5576
 1 0.4722 3.5627
 1 0.4581 3.5662
 1 0.4441 3.5681
 1 0.4303 3.5684
 1 0.4164 3.5671
 1 0.4024 3.5643
 1 0.3882 3.5598
 1 0.3739 3.5536
 1 0.3597 3.5457
 1 0.3454 3.5361
 1 0.3313 3.5247
 1 0.3173 3.5115
 1 0.3035 3.4967
 1 0.2899 3.4801
 1 0.2767 3.4618
 1 0.2638 3.4419
 1 0.2514 3.4205
 1 0.2393 3.3976
 1 0.2279 3.3734
 1 0.2169 3.3479
 1 0.2065 3.3212
 1 0.1968 3.2935
 1 0.1876 3.2649
 1 0.1792 3.2355
 1 0.1714 3.2054
 1 0.1643 3.1748
 1 0.1578 3.1437
 1 0.1521 3.1124
 1 0.1470 3.0809
 1 0.1381 3.0161
 1 0.1263 2.9164
 1 0.1164 2.8149
 1 0.1085 2.7119
 1 0.1027 2.6078
 1 0.0991 2.5030
 1 0.0975 2.3978
 1 0.0981 2.2926
 1 0.1009 2.1879
 1 0.1057 2.0839
 1 0.1127 1.9810
 1 0.1217 1.8796
 1 0.1326 1.7800
 1 0.1409 1.7153
 1 0.1457 1.6839
 1 0.1512 1.6526
 1 0.1574 1.6217
 1 0.1642 1.5911
 1 0.1717 1.5612
 1 0.1800 1.5318
 1 0.1888 1.5033
 1 0.1983 1.4758
 1 0.2085 1.4492
 1 0.2192 1.4239
 1 0.2305 1.3998
 1 0.2423 1.3771
 1 0.2545 1.3558
 1 0.2672 1.3361
 1 0.2803 1.3180
 1 0.2937 1.3016
 1 0.3074 1.2869
 1 0.3213 1.2739
 1 0.3353 1.2627
 1 0.3495 1.2532
 1 0.3637 1.2455
 1 0.3779 1.2395
 1 0.3920 1.2352
 1 0.4060 1.2326
 1 0.4199 1.2315
 1 0.4338 1.2320
 1 0.4478 1.2340
 1 0.4619 1.2377
 1 0.4761 1.2430
 1 0.4904 1.2500
 1 0.5046 1.2588
 1 0.5188 1.2693
 1 0.5329 1.2816
 1 0.5468 1.2956
 1 0.5605 1.3114
 1 0.5739 1.3288
 1 0.5870 1.3479
 1 0.5996 1.3685
 1 0.6119 1.3907
 1 0.6236 1.4142
 1 0.6349 1.4391
 1 0.6455 1.4652
 1 0.6556 1.4924
 1 0.6650 1.5206
 1 0.6738 1.5496
 1 0.6820 1.5794
 1 0.6894 1.6098
 1 0.6962 1.6406
 1 0.7023 1.6718
 1 0.7077 1.7032
 1 0.7125 1.7348
 1 0.7252 1.8335
 1 0.7361 1.9341
 1 0.7450 2.0364
 1 0.7518 2.1400
 1 0.7565 2.2445
 1 0.7591 2.3495
 1 0.7596 2.4547
 1 0.7579 2.5598
 1 0.7541 2.6642
 1 0.7482 2.7677
 1 0.7403 2.8699
 1 0.7303 2.9704
 1 0.7184 3.0689
4 1 1
 0 -0.2974 2.1436
 1 -0.5721 2.1455
 1 -0.2914 3.0392
 1 -0.2974 2.1436
4 1 1
 0 0.2787 1.8416
 1 0.2810 1.8254
 1 0.2836 1.8093
 1 0.2866 1.7933
 1 0.2900 1.7775
 1 0.2937 1.7620
 1 0.2977 1.7467
 1 0.3021 1.7319
 1 0.3068 1.7174
 1 0.3119 1.7035
 1 0.3172 1.6902
 1 0.3229 1.6775
 1 0.3288 1.6654
 1 0.3350 1.6541
 1 0.3414 1.6436
 1 0.3481 1.6339
 1 0.3549 1.6250
 1 0.3618 1.6170
 1 0.3689 1.6099
 1 0.3761 1.6037
 1 0.3834 1.5984
 1 0.3906 1.5940
 1 0.3979 1.5905
 1 0.4052 1.5878
 1 0.4125 1.5860
 1 0.4197 1.5851
 1 0.4268 1.5850
 1 0.4339 1.5856
 1 0.4411 1.5871
 1 0.4484 1.5894
 1 0.4558 1.5925
 1 0.4631 1.5966
 1 0.4704 1.6016
 1 0.4777 1.6074
 1 0.4849 1.6142
 1 0.4920 1.6218
 1 0.4989 1.6304
 1 0.5057 1.6398
 1 0.5123 1.6500
 1 0.5187 1.6610
 1 0.5249 1.6728
 1 0.5308 1.6852
 1 0.5364 1.6983
 1 0.5418 1.7120
 1 0.5468 1.7263
 1 0.5515 1.7410
 1 0.5558 1.7561
 1 0.5598 1.7716
 1 0.5635 1.7873
 1 0.5668 1.8033
 1 0.5697 1.8194
 1 0.5724 1.8356
 1 0.5791 1.8852
 1 0.5890 1.9685
 1 0.5972 2.0533
 1 0.6038 2.1392
 1 0.6086 2.2262
 1 0.6117 2.3137
 1 0.6130 2.4015
 1 0.6125 2.4894
 1 0.6102 2.5769
 1 0.6061 2.6637
 1 0.6003 2.7496
 1 0.5928 2.8343
 1 0.5836 2.9174
 1 0.5774 2.9664
 1 0.5749 2.9826
 1 0.5721 2.9986
 1 0.5689 3.0145
 1 0.5654 3.0302
 1 0.5615 3.0456
 1 0.5573 3.0607
 1 0.5527 3.0753
 1 0.5479 3.0895
 1 0.5426 3.1032
 1 0.5371 3.1162
 1 0.5313 3.1286
 1 0.5253 3.1402
 1 0.5190 3.1512
 1 0.5124 3.1613
 1 0.5057 3.1706
 1 0.4988 3.1790
 1 0.4918 3.1866
 1 0.4847 3.1932
 1 0.4774 3.1990
 1 0.4702 3.2039
 1 0.4629 3.2078
 1 0.4556 3.2109
 1 0.4483 3.2131
 1 0.4411 3.2145
 1 0.4339 3.2150
 1 0.4268 3.2148
 1 0.4196 3.2137
 1 0.4124 3.2118
 1 0.4051 3.2091
 1 0.3977 3.2055
 1 0.3904 3.2010
 1 0.3831 3.1956
 1 0.3759 3.1892
 1 0.3687 3.1820
 1 0.3617 3.1739
 1 0.3548 3.1650
 1 0.3481 3.1552
 1 0.3416 3.1445
 1 0.3353 3.1331
 1 0.3293 3.1210
 1 0.3235 3.1082
 1 0.3180 3.0948
 1 0.3128 3.0808
 1 0.3080 3.0663
 1 0.3035 3.0514
 1 0.2993 3.0361
 1 0.2955 3.0205
 1 0.2920 3.0046
 1 0.2889 2.9886
 1 0.2861 2.9725
 1 0.2836 2.9557
 1 0.2729 2.8733
 1 0.2638 2.7892
 1 0.2564 2.7038
 1 0.2507 2.6173
 1 0.2468 2.5301
 1 0.2446 2.4423
 1 0.2442 2.3545
 1 0.2456 2.2668
 1 0.2488 2.1795
 1 0.2538 2.0931
 1 0.2604 2.0078
 1 0.2688 1.9239
 1 0.2787 1.8416
