RR-1(60)-<-60kms/h
3186 191 1 1 0 0 0 0 0 0 1 1
1.000
112 1562 25
0 1.0107 2.3964
1 0.9809 3.0187
1 0.8851 3.5989
1 0.7300 4.0977
1 0.5260 4.4810
1 0.2871 4.7227
1 0.0295 4.8063
1 -0.2291 4.7261
1 -0.4713 4.4877
1 -0.6804 4.1072
1 -0.8422 3.6105
1 -0.9458 3.0316
1 -0.9839 2.4099
1 -0.9541 1.7876
1 -0.8584 1.2074
1 -0.7033 0.7086
1 -0.4993 0.3253
1 -0.2604 0.0836
1 -0.0028 0.0000
1 0.2559 0.0802
1 0.4980 0.3186
1 0.7071 0.6991
1 0.8690 1.1958
1 0.9725 1.7747
1 1.0107 2.3964
112 1251 25
0 0.8507 2.3975
1 0.8258 2.9405
1 0.7456 3.4468
1 0.6154 3.8820
1 0.4442 4.2165
1 0.2437 4.4273
1 0.0275 4.5002
1 -0.1897 4.4302
1 -0.3931 4.2221
1 -0.5687 3.8900
1 -0.7047 3.4566
1 -0.7918 2.9513
1 -0.8239 2.4088
1 -0.7991 1.8658
1 -0.7188 1.3595
1 -0.5887 0.9243
1 -0.4175 0.5898
1 -0.2170 0.3790
1 -0.0007 0.3061
1 0.2165 0.3761
1 0.4198 0.5842
1 0.5955 0.9163
1 0.7315 1.3497
1 0.8185 1.8549
1 0.8507 2.3975
112 1250 66
0 0.7335 3.0692
1 0.7240 3.1315
1 0.7118 3.1929
1 0.6969 3.2524
1 0.6794 3.3091
1 0.6593 3.3619
1 0.6370 3.4099
1 0.6128 3.4523
1 0.5869 3.4886
1 0.5599 3.5182
1 0.5321 3.5410
1 0.5039 3.5568
1 0.4758 3.5660
1 0.4482 3.5687
1 0.4205 3.5653
1 0.3923 3.5555
1 0.3640 3.5389
1 0.3360 3.5154
1 0.3088 3.4851
1 0.2826 3.4482
1 0.2581 3.4051
1 0.2355 3.3565
1 0.2151 3.3033
1 0.1972 3.2463
1 0.1819 3.1864
1 0.1693 3.1248
1 0.1585 3.0557
1 0.1353 2.8575
1 0.1201 2.6530
1 0.1130 2.4450
1 0.1144 2.2364
1 0.1242 2.0302
1 0.1421 1.8291
1 0.1583 1.7001
1 0.1692 1.6381
1 0.1827 1.5775
1 0.1989 1.5193
1 0.2177 1.4645
1 0.2389 1.4140
1 0.2622 1.3686
1 0.2873 1.3292
1 0.3138 1.2962
1 0.3413 1.2700
1 0.3694 1.2507
1 0.3975 1.2383
1 0.4254 1.2324
1 0.4529 1.2327
1 0.4809 1.2393
1 0.5092 1.2524
1 0.5374 1.2725
1 0.5651 1.2994
1 0.5919 1.3330
1 0.6172 1.3731
1 0.6408 1.4190
1 0.6624 1.4700
1 0.6815 1.5253
1 0.6981 1.5839
1 0.7121 1.6447
1 0.7234 1.7069
1 0.7414 1.8429
1 0.7607 2.0446
1 0.7719 2.2512
1 0.7747 2.4599
1 0.7691 2.6677
1 0.7552 2.8717
1 0.7335 3.0692
112 1251 66
0 0.2938 1.8419
1 0.2987 1.8099
1 0.3050 1.7783
1 0.3126 1.7477
1 0.3216 1.7186
1 0.3319 1.6915
1 0.3434 1.6668
1 0.3558 1.6450
1 0.3691 1.6263
1 0.3830 1.6111
1 0.3973 1.5994
1 0.4118 1.5913
1 0.4263 1.5866
1 0.4405 1.5852
1 0.4547 1.5869
1 0.4692 1.5920
1 0.4837 1.6005
1 0.4981 1.6126
1 0.5121 1.6282
1 0.5255 1.6472
1 0.5381 1.6693
1 0.5498 1.6943
1 0.5602 1.7217
1 0.5694 1.7510
1 0.5773 1.7818
1 0.5838 1.8135
1 0.5898 1.8527
1 0.6091 2.0182
1 0.6219 2.1889
1 0.6277 2.3626
1 0.6266 2.5368
1 0.6184 2.7091
1 0.6034 2.8770
1 0.5913 2.9746
1 0.5857 3.0065
1 0.5788 3.0376
1 0.5704 3.0676
1 0.5608 3.0957
1 0.5499 3.1217
1 0.5379 3.1450
1 0.5250 3.1652
1 0.5113 3.1822
1 0.4972 3.1957
1 0.4828 3.2056
1 0.4683 3.2120
1 0.4540 3.2150
1 0.4399 3.2148
1 0.4255 3.2114
1 0.4109 3.2047
1 0.3964 3.1944
1 0.3822 3.1805
1 0.3685 3.1632
1 0.3554 3.1426
1 0.3433 3.1190
1 0.3322 3.0928
1 0.3224 3.0643
1 0.3138 3.0342
1 0.3067 3.0030
1 0.3009 2.9710
1 0.2871 2.8659
1 0.2710 2.6975
1 0.2617 2.5249
1 0.2594 2.3507
1 0.2641 2.1771
1 0.2756 2.0068
1 0.2938 1.8419
112 1562 25
0 1.0107 2.3964
1 0.9809 3.0187
1 0.8851 3.5989
1 0.7300 4.0977
1 0.5260 4.4810
1 0.2871 4.7227
1 0.0295 4.8063
1 -0.2291 4.7261
1 -0.4713 4.4877
1 -0.6804 4.1072
1 -0.8422 3.6105
1 -0.9458 3.0316
1 -0.9839 2.4099
1 -0.9541 1.7876
1 -0.8584 1.2074
1 -0.7033 0.7086
1 -0.4993 0.3253
1 -0.2604 0.0836
1 -0.0028 0.0000
1 0.2559 0.0802
1 0.4980 0.3186
1 0.7071 0.6991
1 0.8690 1.1958
1 0.9725 1.7747
1 1.0107 2.3964
112 1251 25
0 0.8507 2.3975
1 0.8258 2.9405
1 0.7456 3.4468
1 0.6154 3.8820
1 0.4442 4.2165
1 0.2437 4.4273
1 0.0275 4.5002
1 -0.1897 4.4302
1 -0.3931 4.2221
1 -0.5687 3.8900
1 -0.7047 3.4566
1 -0.7918 2.9513
1 -0.8239 2.4088
1 -0.7991 1.8658
1 -0.7188 1.3595
1 -0.5887 0.9243
1 -0.4175 0.5898
1 -0.2170 0.3790
1 -0.0007 0.3061
1 0.2165 0.3761
1 0.4198 0.5842
1 0.5955 0.9163
1 0.7315 1.3497
1 0.8185 1.8549
1 0.8507 2.3975
112 1250 66
0 0.7335 3.0692
1 0.7240 3.1315
1 0.7118 3.1929
1 0.6969 3.2524
1 0.6794 3.3091
1 0.6593 3.3619
1 0.6370 3.4099
1 0.6128 3.4523
1 0.5869 3.4886
1 0.5599 3.5182
1 0.5321 3.5410
1 0.5039 3.5568
1 0.4758 3.5660
1 0.4482 3.5687
1 0.4205 3.5653
1 0.3923 3.5555
1 0.3640 3.5389
1 0.3360 3.5154
1 0.3088 3.4851
1 0.2826 3.4482
1 0.2581 3.4051
1 0.2355 3.3565
1 0.2151 3.3033
1 0.1972 3.2463
1 0.1819 3.1864
1 0.1693 3.1248
1 0.1585 3.0557
1 0.1353 2.8575
1 0.1201 2.6530
1 0.1130 2.4450
1 0.1144 2.2364
1 0.1242 2.0302
1 0.1421 1.8291
1 0.1583 1.7001
1 0.1692 1.6381
1 0.1827 1.5775
1 0.1989 1.5193
1 0.2177 1.4645
1 0.2389 1.4140
1 0.2622 1.3686
1 0.2873 1.3292
1 0.3138 1.2962
1 0.3413 1.2700
1 0.3694 1.2507
1 0.3975 1.2383
1 0.4254 1.2324
1 0.4529 1.2327
1 0.4809 1.2393
1 0.5092 1.2524
1 0.5374 1.2725
1 0.5651 1.2994
1 0.5919 1.3330
1 0.6172 1.3731
1 0.6408 1.4190
1 0.6624 1.4700
1 0.6815 1.5253
1 0.6981 1.5839
1 0.7121 1.6447
1 0.7234 1.7069
1 0.7414 1.8429
1 0.7607 2.0446
1 0.7719 2.2512
1 0.7747 2.4599
1 0.7691 2.6677
1 0.7552 2.8717
1 0.7335 3.0692
112 1251 66
0 0.2938 1.8419
1 0.2987 1.8099
1 0.3050 1.7783
1 0.3126 1.7477
1 0.3216 1.7186
1 0.3319 1.6915
1 0.3434 1.6668
1 0.3558 1.6450
1 0.3691 1.6263
1 0.3830 1.6111
1 0.3973 1.5994
1 0.4118 1.5913
1 0.4263 1.5866
1 0.4405 1.5852
1 0.4547 1.5869
1 0.4692 1.5920
1 0.4837 1.6005
1 0.4981 1.6126
1 0.5121 1.6282
1 0.5255 1.6472
1 0.5381 1.6693
1 0.5498 1.6943
1 0.5602 1.7217
1 0.5694 1.7510
1 0.5773 1.7818
1 0.5838 1.8135
1 0.5898 1.8527
1 0.6091 2.0182
1 0.6219 2.1889
1 0.6277 2.3626
1 0.6266 2.5368
1 0.6184 2.7091
1 0.6034 2.8770
1 0.5913 2.9746
1 0.5857 3.0065
1 0.5788 3.0376
1 0.5704 3.0676
1 0.5608 3.0957
1 0.5499 3.1217
1 0.5379 3.1450
1 0.5250 3.1652
1 0.5113 3.1822
1 0.4972 3.1957
1 0.4828 3.2056
1 0.4683 3.2120
1 0.4540 3.2150
1 0.4399 3.2148
1 0.4255 3.2114
1 0.4109 3.2047
1 0.3964 3.1944
1 0.3822 3.1805
1 0.3685 3.1632
1 0.3554 3.1426
1 0.3433 3.1190
1 0.3322 3.0928
1 0.3224 3.0643
1 0.3138 3.0342
1 0.3067 3.0030
1 0.3009 2.9710
1 0.2871 2.8659
1 0.2710 2.6975
1 0.2617 2.5249
1 0.2594 2.3507
1 0.2641 2.1771
1 0.2756 2.0068
1 0.2938 1.8419
112 1562 25
0 1.0107 2.3964
1 0.9809 3.0187
1 0.8851 3.5989
1 0.7300 4.0977
1 0.5260 4.4810
1 0.2871 4.7227
1 0.0295 4.8063
1 -0.2291 4.7261
1 -0.4713 4.4877
1 -0.6804 4.1072
1 -0.8422 3.6105
1 -0.9458 3.0316
1 -0.9839 2.4099
1 -0.9541 1.7876
1 -0.8584 1.2074
1 -0.7033 0.7086
1 -0.4993 0.3253
1 -0.2604 0.0836
1 -0.0028 0.0000
1 0.2559 0.0802
1 0.4980 0.3186
1 0.7071 0.6991
1 0.8690 1.1958
1 0.9725 1.7747
1 1.0107 2.3964
112 1251 25
0 0.8507 2.3975
1 0.8258 2.9405
1 0.7456 3.4468
1 0.6154 3.8820
1 0.4442 4.2165
1 0.2437 4.4273
1 0.0275 4.5002
1 -0.1897 4.4302
1 -0.3931 4.2221
1 -0.5687 3.8900
1 -0.7047 3.4566
1 -0.7918 2.9513
1 -0.8239 2.4088
1 -0.7991 1.8658
1 -0.7188 1.3595
1 -0.5887 0.9243
1 -0.4175 0.5898
1 -0.2170 0.3790
1 -0.0007 0.3061
1 0.2165 0.3761
1 0.4198 0.5842
1 0.5955 0.9163
1 0.7315 1.3497
1 0.8185 1.8549
1 0.8507 2.3975
112 1250 66
0 0.7335 3.0692
1 0.7240 3.1315
1 0.7118 3.1929
1 0.6969 3.2524
1 0.6794 3.3091
1 0.6593 3.3619
1 0.6370 3.4099
1 0.6128 3.4523
1 0.5869 3.4886
1 0.5599 3.5182
1 0.5321 3.5410
1 0.5039 3.5568
1 0.4758 3.5660
1 0.4482 3.5687
1 0.4205 3.5653
1 0.3923 3.5555
1 0.3640 3.5389
1 0.3360 3.5154
1 0.3088 3.4851
1 0.2826 3.4482
1 0.2581 3.4051
1 0.2355 3.3565
1 0.2151 3.3033
1 0.1972 3.2463
1 0.1819 3.1864
1 0.1693 3.1248
1 0.1585 3.0557
1 0.1353 2.8575
1 0.1201 2.6530
1 0.1130 2.4450
1 0.1144 2.2364
1 0.1242 2.0302
1 0.1421 1.8291
1 0.1583 1.7001
1 0.1692 1.6381
1 0.1827 1.5775
1 0.1989 1.5193
1 0.2177 1.4645
1 0.2389 1.4140
1 0.2622 1.3686
1 0.2873 1.3292
1 0.3138 1.2962
1 0.3413 1.2700
1 0.3694 1.2507
1 0.3975 1.2383
1 0.4254 1.2324
1 0.4529 1.2327
1 0.4809 1.2393
1 0.5092 1.2524
1 0.5374 1.2725
1 0.5651 1.2994
1 0.5919 1.3330
1 0.6172 1.3731
1 0.6408 1.4190
1 0.6624 1.4700
1 0.6815 1.5253
1 0.6981 1.5839
1 0.7121 1.6447
1 0.7234 1.7069
1 0.7414 1.8429
1 0.7607 2.0446
1 0.7719 2.2512
1 0.7747 2.4599
1 0.7691 2.6677
1 0.7552 2.8717
1 0.7335 3.0692
112 1251 66
0 0.2938 1.8419
1 0.2987 1.8099
1 0.3050 1.7783
1 0.3126 1.7477
1 0.3216 1.7186
1 0.3319 1.6915
1 0.3434 1.6668
1 0.3558 1.6450
1 0.3691 1.6263
1 0.3830 1.6111
1 0.3973 1.5994
1 0.4118 1.5913
1 0.4263 1.5866
1 0.4405 1.5852
1 0.4547 1.5869
1 0.4692 1.5920
1 0.4837 1.6005
1 0.4981 1.6126
1 0.5121 1.6282
1 0.5255 1.6472
1 0.5381 1.6693
1 0.5498 1.6943
1 0.5602 1.7217
1 0.5694 1.7510
1 0.5773 1.7818
1 0.5838 1.8135
1 0.5898 1.8527
1 0.6091 2.0182
1 0.6219 2.1889
1 0.6277 2.3626
1 0.6266 2.5368
1 0.6184 2.7091
1 0.6034 2.8770
1 0.5913 2.9746
1 0.5857 3.0065
1 0.5788 3.0376
1 0.5704 3.0676
1 0.5608 3.0957
1 0.5499 3.1217
1 0.5379 3.1450
1 0.5250 3.1652
1 0.5113 3.1822
1 0.4972 3.1957
1 0.4828 3.2056
1 0.4683 3.2120
1 0.4540 3.2150
1 0.4399 3.2148
1 0.4255 3.2114
1 0.4109 3.2047
1 0.3964 3.1944
1 0.3822 3.1805
1 0.3685 3.1632
1 0.3554 3.1426
1 0.3433 3.1190
1 0.3322 3.0928
1 0.3224 3.0643
1 0.3138 3.0342
1 0.3067 3.0030
1 0.3009 2.9710
1 0.2871 2.8659
1 0.2710 2.6975
1 0.2617 2.5249
1 0.2594 2.3507
1 0.2641 2.1771
1 0.2756 2.0068
1 0.2938 1.8419
112 1562 25
0 1.0107 2.3964
1 0.9809 3.0187
1 0.8851 3.5989
1 0.7300 4.0977
1 0.5260 4.4810
1 0.2871 4.7227
1 0.0295 4.8063
1 -0.2291 4.7261
1 -0.4713 4.4877
1 -0.6804 4.1072
1 -0.8422 3.6105
1 -0.9458 3.0316
1 -0.9839 2.4099
1 -0.9541 1.7876
1 -0.8584 1.2074
1 -0.7033 0.7086
1 -0.4993 0.3253
1 -0.2604 0.0836
1 -0.0028 0.0000
1 0.2559 0.0802
1 0.4980 0.3186
1 0.7071 0.6991
1 0.8690 1.1958
1 0.9725 1.7747
1 1.0107 2.3964
112 1251 25
0 0.8507 2.3975
1 0.8258 2.9405
1 0.7456 3.4468
1 0.6154 3.8820
1 0.4442 4.2165
1 0.2437 4.4273
1 0.0275 4.5002
1 -0.1897 4.4302
1 -0.3931 4.2221
1 -0.5687 3.8900
1 -0.7047 3.4566
1 -0.7918 2.9513
1 -0.8239 2.4088
1 -0.7991 1.8658
1 -0.7188 1.3595
1 -0.5887 0.9243
1 -0.4175 0.5898
1 -0.2170 0.3790
1 -0.0007 0.3061
1 0.2165 0.3761
1 0.4198 0.5842
1 0.5955 0.9163
1 0.7315 1.3497
1 0.8185 1.8549
1 0.8507 2.3975
112 1250 66
0 0.7335 3.0692
1 0.7240 3.1315
1 0.7118 3.1929
1 0.6969 3.2524
1 0.6794 3.3091
1 0.6593 3.3619
1 0.6370 3.4099
1 0.6128 3.4523
1 0.5869 3.4886
1 0.5599 3.5182
1 0.5321 3.5410
1 0.5039 3.5568
1 0.4758 3.5660
1 0.4482 3.5687
1 0.4205 3.5653
1 0.3923 3.5555
1 0.3640 3.5389
1 0.3360 3.5154
1 0.3088 3.4851
1 0.2826 3.4482
1 0.2581 3.4051
1 0.2355 3.3565
1 0.2151 3.3033
1 0.1972 3.2463
1 0.1819 3.1864
1 0.1693 3.1248
1 0.1585 3.0557
1 0.1353 2.8575
1 0.1201 2.6530
1 0.1130 2.4450
1 0.1144 2.2364
1 0.1242 2.0302
1 0.1421 1.8291
1 0.1583 1.7001
1 0.1692 1.6381
1 0.1827 1.5775
1 0.1989 1.5193
1 0.2177 1.4645
1 0.2389 1.4140
1 0.2622 1.3686
1 0.2873 1.3292
1 0.3138 1.2962
1 0.3413 1.2700
1 0.3694 1.2507
1 0.3975 1.2383
1 0.4254 1.2324
1 0.4529 1.2327
1 0.4809 1.2393
1 0.5092 1.2524
1 0.5374 1.2725
1 0.5651 1.2994
1 0.5919 1.3330
1 0.6172 1.3731
1 0.6408 1.4190
1 0.6624 1.4700
1 0.6815 1.5253
1 0.6981 1.5839
1 0.7121 1.6447
1 0.7234 1.7069
1 0.7414 1.8429
1 0.7607 2.0446
1 0.7719 2.2512
1 0.7747 2.4599
1 0.7691 2.6677
1 0.7552 2.8717
1 0.7335 3.0692
112 1251 66
0 0.2938 1.8419
1 0.2987 1.8099
1 0.3050 1.7783
1 0.3126 1.7477
1 0.3216 1.7186
1 0.3319 1.6915
1 0.3434 1.6668
1 0.3558 1.6450
1 0.3691 1.6263
1 0.3830 1.6111
1 0.3973 1.5994
1 0.4118 1.5913
1 0.4263 1.5866
1 0.4405 1.5852
1 0.4547 1.5869
1 0.4692 1.5920
1 0.4837 1.6005
1 0.4981 1.6126
1 0.5121 1.6282
1 0.5255 1.6472
1 0.5381 1.6693
1 0.5498 1.6943
1 0.5602 1.7217
1 0.5694 1.7510
1 0.5773 1.7818
1 0.5838 1.8135
1 0.5898 1.8527
1 0.6091 2.0182
1 0.6219 2.1889
1 0.6277 2.3626
1 0.6266 2.5368
1 0.6184 2.7091
1 0.6034 2.8770
1 0.5913 2.9746
1 0.5857 3.0065
1 0.5788 3.0376
1 0.5704 3.0676
1 0.5608 3.0957
1 0.5499 3.1217
1 0.5379 3.1450
1 0.5250 3.1652
1 0.5113 3.1822
1 0.4972 3.1957
1 0.4828 3.2056
1 0.4683 3.2120
1 0.4540 3.2150
1 0.4399 3.2148
1 0.4255 3.2114
1 0.4109 3.2047
1 0.3964 3.1944
1 0.3822 3.1805
1 0.3685 3.1632
1 0.3554 3.1426
1 0.3433 3.1190
1 0.3322 3.0928
1 0.3224 3.0643
1 0.3138 3.0342
1 0.3067 3.0030
1 0.3009 2.9710
1 0.2871 2.8659
1 0.2710 2.6975
1 0.2617 2.5249
1 0.2594 2.3507
1 0.2641 2.1771
1 0.2756 2.0068
1 0.2938 1.8419
112 1250 85
0 -0.0546 1.9487
1 -0.1330 2.4671
1 -0.1533 2.5089
1 -0.1754 2.5471
1 -0.1991 2.5814
1 -0.2244 2.6110
1 -0.2509 2.6357
1 -0.2784 2.6549
1 -0.3066 2.6685
1 -0.3353 2.6763
1 -0.3642 2.6782
1 -0.3928 2.6745
1 -0.4210 2.6652
1 -0.4485 2.6508
1 -0.4751 2.6315
1 -0.4487 2.7536
1 -0.4170 2.8744
1 -0.3813 2.9894
1 -0.3419 3.0976
1 -0.2992 3.1978
1 -0.2537 3.2892
1 -0.2377 3.3386
1 -0.2445 3.3623
1 -0.2514 3.3860
1 -0.2582 3.4097
1 -0.2651 3.4334
1 -0.2719 3.4571
1 -0.2788 3.4808
1 -0.2856 3.5045
1 -0.2925 3.5283
1 -0.2993 3.5520
1 -0.3062 3.5757
1 -0.3130 3.5994
1 -0.3367 3.5802
1 -0.3924 3.4667
1 -0.4450 3.3415
1 -0.4940 3.2054
1 -0.5387 3.0595
1 -0.5786 2.9051
1 -0.6132 2.7438
1 -0.6422 2.5773
1 -0.6653 2.4073
1 -0.6825 2.2357
1 -0.6937 2.0641
1 -0.6986 1.9235
1 -0.6986 1.8697
1 -0.6968 1.8156
1 -0.6930 1.7617
1 -0.6874 1.7085
1 -0.6799 1.6568
1 -0.6707 1.6069
1 -0.6597 1.5593
1 -0.6473 1.5147
1 -0.6334 1.4732
1 -0.6183 1.4352
1 -0.5997 1.3956
1 -0.5787 1.3575
1 -0.5559 1.3228
1 -0.5315 1.2922
1 -0.5055 1.2661
1 -0.4782 1.2451
1 -0.4499 1.2296
1 -0.4208 1.2199
1 -0.3913 1.2163
1 -0.3616 1.2187
1 -0.3321 1.2272
1 -0.3031 1.2415
1 -0.2749 1.2613
1 -0.2477 1.2863
1 -0.2218 1.3158
1 -0.1974 1.3495
1 -0.1746 1.3867
1 -0.1543 1.4252
1 -0.1374 1.4625
1 -0.1216 1.5034
1 -0.1069 1.5475
1 -0.0937 1.5946
1 -0.0821 1.6440
1 -0.0722 1.6954
1 -0.0640 1.7483
1 -0.0577 1.8019
1 -0.0533 1.8559
1 -0.0507 1.9096
1 -0.0505 1.9219
1 -0.0546 1.9487
112 1251 66
0 -0.5482 1.9333
1 -0.5483 1.9049
1 -0.5474 1.8762
1 -0.5453 1.8477
1 -0.5421 1.8197
1 -0.5377 1.7927
1 -0.5323 1.7669
1 -0.5259 1.7428
1 -0.5187 1.7206
1 -0.5107 1.7005
1 -0.4985 1.6751
1 -0.4845 1.6509
1 -0.4691 1.6294
1 -0.4526 1.6112
1 -0.4350 1.5966
1 -0.4167 1.5861
1 -0.3977 1.5799
1 -0.3784 1.5782
1 -0.3591 1.5811
1 -0.3400 1.5884
1 -0.3214 1.6000
1 -0.3035 1.6155
1 -0.2866 1.6345
1 -0.2707 1.6566
1 -0.2561 1.6812
1 -0.2451 1.7031
1 -0.2365 1.7238
1 -0.2285 1.7466
1 -0.2213 1.7712
1 -0.2151 1.7973
1 -0.2100 1.8246
1 -0.2059 1.8527
1 -0.2029 1.8813
1 -0.2011 1.9098
1 -0.2003 1.9418
1 -0.2007 1.9781
1 -0.2025 2.0145
1 -0.2058 2.0503
1 -0.2105 2.0852
1 -0.2166 2.1186
1 -0.2239 2.1501
1 -0.2324 2.1794
1 -0.2429 2.2065
1 -0.2562 2.2319
1 -0.2709 2.2548
1 -0.2869 2.2747
1 -0.3040 2.2912
1 -0.3219 2.3038
1 -0.3406 2.3121
1 -0.3598 2.3161
1 -0.3791 2.3155
1 -0.3984 2.3104
1 -0.4173 2.3009
1 -0.4355 2.2873
1 -0.4529 2.2700
1 -0.4694 2.2493
1 -0.4846 2.2259
1 -0.4983 2.2003
1 -0.5087 2.1728
1 -0.5181 2.1428
1 -0.5265 2.1107
1 -0.5336 2.0769
1 -0.5393 2.0417
1 -0.5437 2.0057
1 -0.5467 1.9694
1 -0.5482 1.9333
31 1562 26
 0 1.0107 2.3964
 1 0.9809 3.0187
 1 0.8851 3.5989
 1 0.7300 4.0977
 1 0.5260 4.4810
 1 0.2871 4.7227
 1 0.0295 4.8063
 1 -0.2291 4.7261
 1 -0.4713 4.4877
 1 -0.6804 4.1072
 1 -0.8422 3.6105
 1 -0.9458 3.0316
 1 -0.9839 2.4099
 1 -0.9541 1.7876
 1 -0.8584 1.2074
 1 -0.7033 0.7086
 1 -0.4993 0.3253
 1 -0.2604 0.0836
 1 -0.0028 0.0000
 1 0.2559 0.0802
 1 0.4980 0.3186
 1 0.7071 0.6991
 1 0.8690 1.1958
 1 0.9725 1.7747
 1 1.0107 2.3964
 1 1.0107 2.3964
31 1251 26
 0 0.8507 2.3975
 1 0.8258 2.9405
 1 0.7456 3.4468
 1 0.6154 3.8820
 1 0.4442 4.2165
 1 0.2437 4.4273
 1 0.0275 4.5002
 1 -0.1897 4.4302
 1 -0.3931 4.2221
 1 -0.5687 3.8900
 1 -0.7047 3.4566
 1 -0.7918 2.9513
 1 -0.8239 2.4088
 1 -0.7991 1.8658
 1 -0.7188 1.3595
 1 -0.5887 0.9243
 1 -0.4175 0.5898
 1 -0.2170 0.3790
 1 -0.0007 0.3061
 1 0.2165 0.3761
 1 0.4198 0.5842
 1 0.5955 0.9163
 1 0.7315 1.3497
 1 0.8185 1.8549
 1 0.8507 2.3975
 1 0.8507 2.3975
31 1250 67
 0 0.7335 3.0692
 1 0.7240 3.1315
 1 0.7118 3.1929
 1 0.6969 3.2524
 1 0.6794 3.3091
 1 0.6593 3.3619
 1 0.6370 3.4099
 1 0.6128 3.4523
 1 0.5869 3.4886
 1 0.5599 3.5182
 1 0.5321 3.5410
 1 0.5039 3.5568
 1 0.4758 3.5660
 1 0.4482 3.5687
 1 0.4205 3.5653
 1 0.3923 3.5555
 1 0.3640 3.5389
 1 0.3360 3.5154
 1 0.3088 3.4851
 1 0.2826 3.4482
 1 0.2581 3.4051
 1 0.2355 3.3565
 1 0.2151 3.3033
 1 0.1972 3.2463
 1 0.1819 3.1864
 1 0.1693 3.1248
 1 0.1585 3.0557
 1 0.1353 2.8575
 1 0.1201 2.6530
 1 0.1130 2.4450
 1 0.1144 2.2364
 1 0.1242 2.0302
 1 0.1421 1.8291
 1 0.1583 1.7001
 1 0.1692 1.6381
 1 0.1827 1.5775
 1 0.1989 1.5193
 1 0.2177 1.4645
 1 0.2389 1.4140
 1 0.2622 1.3686
 1 0.2873 1.3292
 1 0.3138 1.2962
 1 0.3413 1.2700
 1 0.3694 1.2507
 1 0.3975 1.2383
 1 0.4254 1.2324
 1 0.4529 1.2327
 1 0.4809 1.2393
 1 0.5092 1.2524
 1 0.5374 1.2725
 1 0.5651 1.2994
 1 0.5919 1.3330
 1 0.6172 1.3731
 1 0.6408 1.4190
 1 0.6624 1.4700
 1 0.6815 1.5253
 1 0.6981 1.5839
 1 0.7121 1.6447
 1 0.7234 1.7069
 1 0.7414 1.8429
 1 0.7607 2.0446
 1 0.7719 2.2512
 1 0.7747 2.4599
 1 0.7691 2.6677
 1 0.7552 2.8717
 1 0.7335 3.0692
 1 0.7335 3.0692
31 1251 67
 0 0.2938 1.8419
 1 0.2987 1.8099
 1 0.3050 1.7783
 1 0.3126 1.7477
 1 0.3216 1.7186
 1 0.3319 1.6915
 1 0.3434 1.6668
 1 0.3558 1.6450
 1 0.3691 1.6263
 1 0.3830 1.6111
 1 0.3973 1.5994
 1 0.4118 1.5913
 1 0.4263 1.5866
 1 0.4405 1.5852
 1 0.4547 1.5869
 1 0.4692 1.5920
 1 0.4837 1.6005
 1 0.4981 1.6126
 1 0.5121 1.6282
 1 0.5255 1.6472
 1 0.5381 1.6693
 1 0.5498 1.6943
 1 0.5602 1.7217
 1 0.5694 1.7510
 1 0.5773 1.7818
 1 0.5838 1.8135
 1 0.5898 1.8527
 1 0.6091 2.0182
 1 0.6219 2.1889
 1 0.6277 2.3626
 1 0.6266 2.5368
 1 0.6184 2.7091
 1 0.6034 2.8770
 1 0.5913 2.9746
 1 0.5857 3.0065
 1 0.5788 3.0376
 1 0.5704 3.0676
 1 0.5608 3.0957
 1 0.5499 3.1217
 1 0.5379 3.1450
 1 0.5250 3.1652
 1 0.5113 3.1822
 1 0.4972 3.1957
 1 0.4828 3.2056
 1 0.4683 3.2120
 1 0.4540 3.2150
 1 0.4399 3.2148
 1 0.4255 3.2114
 1 0.4109 3.2047
 1 0.3964 3.1944
 1 0.3822 3.1805
 1 0.3685 3.1632
 1 0.3554 3.1426
 1 0.3433 3.1190
 1 0.3322 3.0928
 1 0.3224 3.0643
 1 0.3138 3.0342
 1 0.3067 3.0030
 1 0.3009 2.9710
 1 0.2871 2.8659
 1 0.2710 2.6975
 1 0.2617 2.5249
 1 0.2594 2.3507
 1 0.2641 2.1771
 1 0.2756 2.0068
 1 0.2938 1.8419
 1 0.2938 1.8419
31 1562 26
 0 1.0107 2.3964
 1 0.9809 3.0187
 1 0.8851 3.5989
 1 0.7300 4.0977
 1 0.5260 4.4810
 1 0.2871 4.7227
 1 0.0295 4.8063
 1 -0.2291 4.7261
 1 -0.4713 4.4877
 1 -0.6804 4.1072
 1 -0.8422 3.6105
 1 -0.9458 3.0316
 1 -0.9839 2.4099
 1 -0.9541 1.7876
 1 -0.8584 1.2074
 1 -0.7033 0.7086
 1 -0.4993 0.3253
 1 -0.2604 0.0836
 1 -0.0028 0.0000
 1 0.2559 0.0802
 1 0.4980 0.3186
 1 0.7071 0.6991
 1 0.8690 1.1958
 1 0.9725 1.7747
 1 1.0107 2.3964
 1 1.0107 2.3964
31 1251 26
 0 0.8507 2.3975
 1 0.8258 2.9405
 1 0.7456 3.4468
 1 0.6154 3.8820
 1 0.4442 4.2165
 1 0.2437 4.4273
 1 0.0275 4.5002
 1 -0.1897 4.4302
 1 -0.3931 4.2221
 1 -0.5687 3.8900
 1 -0.7047 3.4566
 1 -0.7918 2.9513
 1 -0.8239 2.4088
 1 -0.7991 1.8658
 1 -0.7188 1.3595
 1 -0.5887 0.9243
 1 -0.4175 0.5898
 1 -0.2170 0.3790
 1 -0.0007 0.3061
 1 0.2165 0.3761
 1 0.4198 0.5842
 1 0.5955 0.9163
 1 0.7315 1.3497
 1 0.8185 1.8549
 1 0.8507 2.3975
 1 0.8507 2.3975
31 1250 67
 0 0.7335 3.0692
 1 0.7240 3.1315
 1 0.7118 3.1929
 1 0.6969 3.2524
 1 0.6794 3.3091
 1 0.6593 3.3619
 1 0.6370 3.4099
 1 0.6128 3.4523
 1 0.5869 3.4886
 1 0.5599 3.5182
 1 0.5321 3.5410
 1 0.5039 3.5568
 1 0.4758 3.5660
 1 0.4482 3.5687
 1 0.4205 3.5653
 1 0.3923 3.5555
 1 0.3640 3.5389
 1 0.3360 3.5154
 1 0.3088 3.4851
 1 0.2826 3.4482
 1 0.2581 3.4051
 1 0.2355 3.3565
 1 0.2151 3.3033
 1 0.1972 3.2463
 1 0.1819 3.1864
 1 0.1693 3.1248
 1 0.1585 3.0557
 1 0.1353 2.8575
 1 0.1201 2.6530
 1 0.1130 2.4450
 1 0.1144 2.2364
 1 0.1242 2.0302
 1 0.1421 1.8291
 1 0.1583 1.7001
 1 0.1692 1.6381
 1 0.1827 1.5775
 1 0.1989 1.5193
 1 0.2177 1.4645
 1 0.2389 1.4140
 1 0.2622 1.3686
 1 0.2873 1.3292
 1 0.3138 1.2962
 1 0.3413 1.2700
 1 0.3694 1.2507
 1 0.3975 1.2383
 1 0.4254 1.2324
 1 0.4529 1.2327
 1 0.4809 1.2393
 1 0.5092 1.2524
 1 0.5374 1.2725
 1 0.5651 1.2994
 1 0.5919 1.3330
 1 0.6172 1.3731
 1 0.6408 1.4190
 1 0.6624 1.4700
 1 0.6815 1.5253
 1 0.6981 1.5839
 1 0.7121 1.6447
 1 0.7234 1.7069
 1 0.7414 1.8429
 1 0.7607 2.0446
 1 0.7719 2.2512
 1 0.7747 2.4599
 1 0.7691 2.6677
 1 0.7552 2.8717
 1 0.7335 3.0692
 1 0.7335 3.0692
31 1251 67
 0 0.2938 1.8419
 1 0.2987 1.8099
 1 0.3050 1.7783
 1 0.3126 1.7477
 1 0.3216 1.7186
 1 0.3319 1.6915
 1 0.3434 1.6668
 1 0.3558 1.6450
 1 0.3691 1.6263
 1 0.3830 1.6111
 1 0.3973 1.5994
 1 0.4118 1.5913
 1 0.4263 1.5866
 1 0.4405 1.5852
 1 0.4547 1.5869
 1 0.4692 1.5920
 1 0.4837 1.6005
 1 0.4981 1.6126
 1 0.5121 1.6282
 1 0.5255 1.6472
 1 0.5381 1.6693
 1 0.5498 1.6943
 1 0.5602 1.7217
 1 0.5694 1.7510
 1 0.5773 1.7818
 1 0.5838 1.8135
 1 0.5898 1.8527
 1 0.6091 2.0182
 1 0.6219 2.1889
 1 0.6277 2.3626
 1 0.6266 2.5368
 1 0.6184 2.7091
 1 0.6034 2.8770
 1 0.5913 2.9746
 1 0.5857 3.0065
 1 0.5788 3.0376
 1 0.5704 3.0676
 1 0.5608 3.0957
 1 0.5499 3.1217
 1 0.5379 3.1450
 1 0.5250 3.1652
 1 0.5113 3.1822
 1 0.4972 3.1957
 1 0.4828 3.2056
 1 0.4683 3.2120
 1 0.4540 3.2150
 1 0.4399 3.2148
 1 0.4255 3.2114
 1 0.4109 3.2047
 1 0.3964 3.1944
 1 0.3822 3.1805
 1 0.3685 3.1632
 1 0.3554 3.1426
 1 0.3433 3.1190
 1 0.3322 3.0928
 1 0.3224 3.0643
 1 0.3138 3.0342
 1 0.3067 3.0030
 1 0.3009 2.9710
 1 0.2871 2.8659
 1 0.2710 2.6975
 1 0.2617 2.5249
 1 0.2594 2.3507
 1 0.2641 2.1771
 1 0.2756 2.0068
 1 0.2938 1.8419
 1 0.2938 1.8419
31 1562 26
 0 1.0107 2.3964
 1 0.9809 3.0187
 1 0.8851 3.5989
 1 0.7300 4.0977
 1 0.5260 4.4810
 1 0.2871 4.7227
 1 0.0295 4.8063
 1 -0.2291 4.7261
 1 -0.4713 4.4877
 1 -0.6804 4.1072
 1 -0.8422 3.6105
 1 -0.9458 3.0316
 1 -0.9839 2.4099
 1 -0.9541 1.7876
 1 -0.8584 1.2074
 1 -0.7033 0.7086
 1 -0.4993 0.3253
 1 -0.2604 0.0836
 1 -0.0028 0.0000
 1 0.2559 0.0802
 1 0.4980 0.3186
 1 0.7071 0.6991
 1 0.8690 1.1958
 1 0.9725 1.7747
 1 1.0107 2.3964
 1 1.0107 2.3964
31 1251 26
 0 0.8507 2.3975
 1 0.8258 2.9405
 1 0.7456 3.4468
 1 0.6154 3.8820
 1 0.4442 4.2165
 1 0.2437 4.4273
 1 0.0275 4.5002
 1 -0.1897 4.4302
 1 -0.3931 4.2221
 1 -0.5687 3.8900
 1 -0.7047 3.4566
 1 -0.7918 2.9513
 1 -0.8239 2.4088
 1 -0.7991 1.8658
 1 -0.7188 1.3595
 1 -0.5887 0.9243
 1 -0.4175 0.5898
 1 -0.2170 0.3790
 1 -0.0007 0.3061
 1 0.2165 0.3761
 1 0.4198 0.5842
 1 0.5955 0.9163
 1 0.7315 1.3497
 1 0.8185 1.8549
 1 0.8507 2.3975
 1 0.8507 2.3975
31 1250 67
 0 0.7335 3.0692
 1 0.7240 3.1315
 1 0.7118 3.1929
 1 0.6969 3.2524
 1 0.6794 3.3091
 1 0.6593 3.3619
 1 0.6370 3.4099
 1 0.6128 3.4523
 1 0.5869 3.4886
 1 0.5599 3.5182
 1 0.5321 3.5410
 1 0.5039 3.5568
 1 0.4758 3.5660
 1 0.4482 3.5687
 1 0.4205 3.5653
 1 0.3923 3.5555
 1 0.3640 3.5389
 1 0.3360 3.5154
 1 0.3088 3.4851
 1 0.2826 3.4482
 1 0.2581 3.4051
 1 0.2355 3.3565
 1 0.2151 3.3033
 1 0.1972 3.2463
 1 0.1819 3.1864
 1 0.1693 3.1248
 1 0.1585 3.0557
 1 0.1353 2.8575
 1 0.1201 2.6530
 1 0.1130 2.4450
 1 0.1144 2.2364
 1 0.1242 2.0302
 1 0.1421 1.8291
 1 0.1583 1.7001
 1 0.1692 1.6381
 1 0.1827 1.5775
 1 0.1989 1.5193
 1 0.2177 1.4645
 1 0.2389 1.4140
 1 0.2622 1.3686
 1 0.2873 1.3292
 1 0.3138 1.2962
 1 0.3413 1.2700
 1 0.3694 1.2507
 1 0.3975 1.2383
 1 0.4254 1.2324
 1 0.4529 1.2327
 1 0.4809 1.2393
 1 0.5092 1.2524
 1 0.5374 1.2725
 1 0.5651 1.2994
 1 0.5919 1.3330
 1 0.6172 1.3731
 1 0.6408 1.4190
 1 0.6624 1.4700
 1 0.6815 1.5253
 1 0.6981 1.5839
 1 0.7121 1.6447
 1 0.7234 1.7069
 1 0.7414 1.8429
 1 0.7607 2.0446
 1 0.7719 2.2512
 1 0.7747 2.4599
 1 0.7691 2.6677
 1 0.7552 2.8717
 1 0.7335 3.0692
 1 0.7335 3.0692
31 1251 67
 0 0.2938 1.8419
 1 0.2987 1.8099
 1 0.3050 1.7783
 1 0.3126 1.7477
 1 0.3216 1.7186
 1 0.3319 1.6915
 1 0.3434 1.6668
 1 0.3558 1.6450
 1 0.3691 1.6263
 1 0.3830 1.6111
 1 0.3973 1.5994
 1 0.4118 1.5913
 1 0.4263 1.5866
 1 0.4405 1.5852
 1 0.4547 1.5869
 1 0.4692 1.5920
 1 0.4837 1.6005
 1 0.4981 1.6126
 1 0.5121 1.6282
 1 0.5255 1.6472
 1 0.5381 1.6693
 1 0.5498 1.6943
 1 0.5602 1.7217
 1 0.5694 1.7510
 1 0.5773 1.7818
 1 0.5838 1.8135
 1 0.5898 1.8527
 1 0.6091 2.0182
 1 0.6219 2.1889
 1 0.6277 2.3626
 1 0.6266 2.5368
 1 0.6184 2.7091
 1 0.6034 2.8770
 1 0.5913 2.9746
 1 0.5857 3.0065
 1 0.5788 3.0376
 1 0.5704 3.0676
 1 0.5608 3.0957
 1 0.5499 3.1217
 1 0.5379 3.1450
 1 0.5250 3.1652
 1 0.5113 3.1822
 1 0.4972 3.1957
 1 0.4828 3.2056
 1 0.4683 3.2120
 1 0.4540 3.2150
 1 0.4399 3.2148
 1 0.4255 3.2114
 1 0.4109 3.2047
 1 0.3964 3.1944
 1 0.3822 3.1805
 1 0.3685 3.1632
 1 0.3554 3.1426
 1 0.3433 3.1190
 1 0.3322 3.0928
 1 0.3224 3.0643
 1 0.3138 3.0342
 1 0.3067 3.0030
 1 0.3009 2.9710
 1 0.2871 2.8659
 1 0.2710 2.6975
 1 0.2617 2.5249
 1 0.2594 2.3507
 1 0.2641 2.1771
 1 0.2756 2.0068
 1 0.2938 1.8419
 1 0.2938 1.8419
31 1562 26
 0 1.0107 2.3964
 1 0.9809 3.0187
 1 0.8851 3.5989
 1 0.7300 4.0977
 1 0.5260 4.4810
 1 0.2871 4.7227
 1 0.0295 4.8063
 1 -0.2291 4.7261
 1 -0.4713 4.4877
 1 -0.6804 4.1072
 1 -0.8422 3.6105
 1 -0.9458 3.0316
 1 -0.9839 2.4099
 1 -0.9541 1.7876
 1 -0.8584 1.2074
 1 -0.7033 0.7086
 1 -0.4993 0.3253
 1 -0.2604 0.0836
 1 -0.0028 0.0000
 1 0.2559 0.0802
 1 0.4980 0.3186
 1 0.7071 0.6991
 1 0.8690 1.1958
 1 0.9725 1.7747
 1 1.0107 2.3964
 1 1.0107 2.3964
31 1251 26
 0 0.8507 2.3975
 1 0.8258 2.9405
 1 0.7456 3.4468
 1 0.6154 3.8820
 1 0.4442 4.2165
 1 0.2437 4.4273
 1 0.0275 4.5002
 1 -0.1897 4.4302
 1 -0.3931 4.2221
 1 -0.5687 3.8900
 1 -0.7047 3.4566
 1 -0.7918 2.9513
 1 -0.8239 2.4088
 1 -0.7991 1.8658
 1 -0.7188 1.3595
 1 -0.5887 0.9243
 1 -0.4175 0.5898
 1 -0.2170 0.3790
 1 -0.0007 0.3061
 1 0.2165 0.3761
 1 0.4198 0.5842
 1 0.5955 0.9163
 1 0.7315 1.3497
 1 0.8185 1.8549
 1 0.8507 2.3975
 1 0.8507 2.3975
31 1250 67
 0 0.7335 3.0692
 1 0.7240 3.1315
 1 0.7118 3.1929
 1 0.6969 3.2524
 1 0.6794 3.3091
 1 0.6593 3.3619
 1 0.6370 3.4099
 1 0.6128 3.4523
 1 0.5869 3.4886
 1 0.5599 3.5182
 1 0.5321 3.5410
 1 0.5039 3.5568
 1 0.4758 3.5660
 1 0.4482 3.5687
 1 0.4205 3.5653
 1 0.3923 3.5555
 1 0.3640 3.5389
 1 0.3360 3.5154
 1 0.3088 3.4851
 1 0.2826 3.4482
 1 0.2581 3.4051
 1 0.2355 3.3565
 1 0.2151 3.3033
 1 0.1972 3.2463
 1 0.1819 3.1864
 1 0.1693 3.1248
 1 0.1585 3.0557
 1 0.1353 2.8575
 1 0.1201 2.6530
 1 0.1130 2.4450
 1 0.1144 2.2364
 1 0.1242 2.0302
 1 0.1421 1.8291
 1 0.1583 1.7001
 1 0.1692 1.6381
 1 0.1827 1.5775
 1 0.1989 1.5193
 1 0.2177 1.4645
 1 0.2389 1.4140
 1 0.2622 1.3686
 1 0.2873 1.3292
 1 0.3138 1.2962
 1 0.3413 1.2700
 1 0.3694 1.2507
 1 0.3975 1.2383
 1 0.4254 1.2324
 1 0.4529 1.2327
 1 0.4809 1.2393
 1 0.5092 1.2524
 1 0.5374 1.2725
 1 0.5651 1.2994
 1 0.5919 1.3330
 1 0.6172 1.3731
 1 0.6408 1.4190
 1 0.6624 1.4700
 1 0.6815 1.5253
 1 0.6981 1.5839
 1 0.7121 1.6447
 1 0.7234 1.7069
 1 0.7414 1.8429
 1 0.7607 2.0446
 1 0.7719 2.2512
 1 0.7747 2.4599
 1 0.7691 2.6677
 1 0.7552 2.8717
 1 0.7335 3.0692
 1 0.7335 3.0692
31 1251 67
 0 0.2938 1.8419
 1 0.2987 1.8099
 1 0.3050 1.7783
 1 0.3126 1.7477
 1 0.3216 1.7186
 1 0.3319 1.6915
 1 0.3434 1.6668
 1 0.3558 1.6450
 1 0.3691 1.6263
 1 0.3830 1.6111
 1 0.3973 1.5994
 1 0.4118 1.5913
 1 0.4263 1.5866
 1 0.4405 1.5852
 1 0.4547 1.5869
 1 0.4692 1.5920
 1 0.4837 1.6005
 1 0.4981 1.6126
 1 0.5121 1.6282
 1 0.5255 1.6472
 1 0.5381 1.6693
 1 0.5498 1.6943
 1 0.5602 1.7217
 1 0.5694 1.7510
 1 0.5773 1.7818
 1 0.5838 1.8135
 1 0.5898 1.8527
 1 0.6091 2.0182
 1 0.6219 2.1889
 1 0.6277 2.3626
 1 0.6266 2.5368
 1 0.6184 2.7091
 1 0.6034 2.8770
 1 0.5913 2.9746
 1 0.5857 3.0065
 1 0.5788 3.0376
 1 0.5704 3.0676
 1 0.5608 3.0957
 1 0.5499 3.1217
 1 0.5379 3.1450
 1 0.5250 3.1652
 1 0.5113 3.1822
 1 0.4972 3.1957
 1 0.4828 3.2056
 1 0.4683 3.2120
 1 0.4540 3.2150
 1 0.4399 3.2148
 1 0.4255 3.2114
 1 0.4109 3.2047
 1 0.3964 3.1944
 1 0.3822 3.1805
 1 0.3685 3.1632
 1 0.3554 3.1426
 1 0.3433 3.1190
 1 0.3322 3.0928
 1 0.3224 3.0643
 1 0.3138 3.0342
 1 0.3067 3.0030
 1 0.3009 2.9710
 1 0.2871 2.8659
 1 0.2710 2.6975
 1 0.2617 2.5249
 1 0.2594 2.3507
 1 0.2641 2.1771
 1 0.2756 2.0068
 1 0.2938 1.8419
 1 0.2938 1.8419
31 0 25
 0 1.0107 2.3964
 1 0.9809 3.0187
 1 0.8851 3.5989
 1 0.7300 4.0977
 1 0.5260 4.4810
 1 0.2871 4.7227
 1 0.0295 4.8063
 1 -0.2291 4.7261
 1 -0.4713 4.4877
 1 -0.6804 4.1072
 1 -0.8422 3.6105
 1 -0.9458 3.0316
 1 -0.9839 2.4099
 1 -0.9541 1.7876
 1 -0.8584 1.2074
 1 -0.7033 0.7086
 1 -0.4993 0.3253
 1 -0.2604 0.0836
 1 -0.0028 0.0000
 1 0.2559 0.0802
 1 0.4980 0.3186
 1 0.7071 0.6991
 1 0.8690 1.1958
 1 0.9725 1.7747
 1 1.0107 2.3964
31 0 25
 0 0.8507 2.3975
 1 0.8258 2.9405
 1 0.7456 3.4468
 1 0.6154 3.8820
 1 0.4442 4.2165
 1 0.2437 4.4273
 1 0.0275 4.5002
 1 -0.1897 4.4302
 1 -0.3931 4.2221
 1 -0.5687 3.8900
 1 -0.7047 3.4566
 1 -0.7918 2.9513
 1 -0.8239 2.4088
 1 -0.7991 1.8658
 1 -0.7188 1.3595
 1 -0.5887 0.9243
 1 -0.4175 0.5898
 1 -0.2170 0.3790
 1 -0.0007 0.3061
 1 0.2165 0.3761
 1 0.4198 0.5842
 1 0.5955 0.9163
 1 0.7315 1.3497
 1 0.8185 1.8549
 1 0.8507 2.3975
31 0 66
 0 0.7335 3.0692
 1 0.7240 3.1315
 1 0.7118 3.1929
 1 0.6969 3.2524
 1 0.6794 3.3091
 1 0.6593 3.3619
 1 0.6370 3.4099
 1 0.6128 3.4523
 1 0.5869 3.4886
 1 0.5599 3.5182
 1 0.5321 3.5410
 1 0.5039 3.5568
 1 0.4758 3.5660
 1 0.4482 3.5687
 1 0.4205 3.5653
 1 0.3923 3.5555
 1 0.3640 3.5389
 1 0.3360 3.5154
 1 0.3088 3.4851
 1 0.2826 3.4482
 1 0.2581 3.4051
 1 0.2355 3.3565
 1 0.2151 3.3033
 1 0.1972 3.2463
 1 0.1819 3.1864
 1 0.1693 3.1248
 1 0.1585 3.0557
 1 0.1353 2.8575
 1 0.1201 2.6530
 1 0.1130 2.4450
 1 0.1144 2.2364
 1 0.1242 2.0302
 1 0.1421 1.8291
 1 0.1583 1.7001
 1 0.1692 1.6381
 1 0.1827 1.5775
 1 0.1989 1.5193
 1 0.2177 1.4645
 1 0.2389 1.4140
 1 0.2622 1.3686
 1 0.2873 1.3292
 1 0.3138 1.2962
 1 0.3413 1.2700
 1 0.3694 1.2507
 1 0.3975 1.2383
 1 0.4254 1.2324
 1 0.4529 1.2327
 1 0.4809 1.2393
 1 0.5092 1.2524
 1 0.5374 1.2725
 1 0.5651 1.2994
 1 0.5919 1.3330
 1 0.6172 1.3731
 1 0.6408 1.4190
 1 0.6624 1.4700
 1 0.6815 1.5253
 1 0.6981 1.5839
 1 0.7121 1.6447
 1 0.7234 1.7069
 1 0.7414 1.8429
 1 0.7607 2.0446
 1 0.7719 2.2512
 1 0.7747 2.4599
 1 0.7691 2.6677
 1 0.7552 2.8717
 1 0.7335 3.0692
31 0 66
 0 0.2938 1.8419
 1 0.2987 1.8099
 1 0.3050 1.7783
 1 0.3126 1.7477
 1 0.3216 1.7186
 1 0.3319 1.6915
 1 0.3434 1.6668
 1 0.3558 1.6450
 1 0.3691 1.6263
 1 0.3830 1.6111
 1 0.3973 1.5994
 1 0.4118 1.5913
 1 0.4263 1.5866
 1 0.4405 1.5852
 1 0.4547 1.5869
 1 0.4692 1.5920
 1 0.4837 1.6005
 1 0.4981 1.6126
 1 0.5121 1.6282
 1 0.5255 1.6472
 1 0.5381 1.6693
 1 0.5498 1.6943
 1 0.5602 1.7217
 1 0.5694 1.7510
 1 0.5773 1.7818
 1 0.5838 1.8135
 1 0.5898 1.8527
 1 0.6091 2.0182
 1 0.6219 2.1889
 1 0.6277 2.3626
 1 0.6266 2.5368
 1 0.6184 2.7091
 1 0.6034 2.8770
 1 0.5913 2.9746
 1 0.5857 3.0065
 1 0.5788 3.0376
 1 0.5704 3.0676
 1 0.5608 3.0957
 1 0.5499 3.1217
 1 0.5379 3.1450
 1 0.5250 3.1652
 1 0.5113 3.1822
 1 0.4972 3.1957
 1 0.4828 3.2056
 1 0.4683 3.2120
 1 0.4540 3.2150
 1 0.4399 3.2148
 1 0.4255 3.2114
 1 0.4109 3.2047
 1 0.3964 3.1944
 1 0.3822 3.1805
 1 0.3685 3.1632
 1 0.3554 3.1426
 1 0.3433 3.1190
 1 0.3322 3.0928
 1 0.3224 3.0643
 1 0.3138 3.0342
 1 0.3067 3.0030
 1 0.3009 2.9710
 1 0.2871 2.8659
 1 0.2710 2.6975
 1 0.2617 2.5249
 1 0.2594 2.3507
 1 0.2641 2.1771
 1 0.2756 2.0068
 1 0.2938 1.8419
4 1 1
 0 -0.0546 1.9487
 1 -0.1330 2.4671
 1 -0.1533 2.5089
 1 -0.1754 2.5471
 1 -0.1991 2.5814
 1 -0.2244 2.6110
 1 -0.2509 2.6357
 1 -0.2784 2.6549
 1 -0.3066 2.6685
 1 -0.3353 2.6763
 1 -0.3642 2.6782
 1 -0.3928 2.6745
 1 -0.4210 2.6652
 1 -0.4485 2.6508
 1 -0.4751 2.6315
 1 -0.4487 2.7536
 1 -0.4170 2.8744
 1 -0.3813 2.9894
 1 -0.3419 3.0976
 1 -0.2992 3.1978
 1 -0.2537 3.2892
 1 -0.2377 3.3386
 1 -0.2445 3.3623
 1 -0.2514 3.3860
 1 -0.2582 3.4097
 1 -0.2651 3.4334
 1 -0.2719 3.4571
 1 -0.2788 3.4808
 1 -0.2856 3.5045
 1 -0.2925 3.5283
 1 -0.2993 3.5520
 1 -0.3062 3.5757
 1 -0.3130 3.5994
 1 -0.3367 3.5802
 1 -0.3924 3.4667
 1 -0.4450 3.3415
 1 -0.4940 3.2054
 1 -0.5387 3.0595
 1 -0.5786 2.9051
 1 -0.6132 2.7438
 1 -0.6422 2.5773
 1 -0.6653 2.4073
 1 -0.6825 2.2357
 1 -0.6937 2.0641
 1 -0.6986 1.9235
 1 -0.6986 1.8697
 1 -0.6968 1.8156
 1 -0.6930 1.7617
 1 -0.6874 1.7085
 1 -0.6799 1.6568
 1 -0.6707 1.6069
 1 -0.6597 1.5593
 1 -0.6473 1.5147
 1 -0.6334 1.4732
 1 -0.6183 1.4352
 1 -0.5997 1.3956
 1 -0.5787 1.3575
 1 -0.5559 1.3228
 1 -0.5315 1.2922
 1 -0.5055 1.2661
 1 -0.4782 1.2451
 1 -0.4499 1.2296
 1 -0.4208 1.2199
 1 -0.3913 1.2163
 1 -0.3616 1.2187
 1 -0.3321 1.2272
 1 -0.3031 1.2415
 1 -0.2749 1.2613
 1 -0.2477 1.2863
 1 -0.2218 1.3158
 1 -0.1974 1.3495
 1 -0.1746 1.3867
 1 -0.1543 1.4252
 1 -0.1374 1.4625
 1 -0.1216 1.5034
 1 -0.1069 1.5475
 1 -0.0937 1.5946
 1 -0.0821 1.6440
 1 -0.0722 1.6954
 1 -0.0640 1.7483
 1 -0.0577 1.8019
 1 -0.0533 1.8559
 1 -0.0507 1.9096
 1 -0.0505 1.9219
 1 -0.0546 1.9487
4 1 1
 0 -0.5482 1.9333
 1 -0.5483 1.9049
 1 -0.5474 1.8762
 1 -0.5453 1.8477
 1 -0.5421 1.8197
 1 -0.5377 1.7927
 1 -0.5323 1.7669
 1 -0.5259 1.7428
 1 -0.5187 1.7206
 1 -0.5107 1.7005
 1 -0.4985 1.6751
 1 -0.4845 1.6509
 1 -0.4691 1.6294
 1 -0.4526 1.6112
 1 -0.4350 1.5966
 1 -0.4167 1.5861
 1 -0.3977 1.5799
 1 -0.3784 1.5782
 1 -0.3591 1.5811
 1 -0.3400 1.5884
 1 -0.3214 1.6000
 1 -0.3035 1.6155
 1 -0.2866 1.6345
 1 -0.2707 1.6566
 1 -0.2561 1.6812
 1 -0.2451 1.7031
 1 -0.2365 1.7238
 1 -0.2285 1.7466
 1 -0.2213 1.7712
 1 -0.2151 1.7973
 1 -0.2100 1.8246
 1 -0.2059 1.8527
 1 -0.2029 1.8813
 1 -0.2011 1.9098
 1 -0.2003 1.9418
 1 -0.2007 1.9781
 1 -0.2025 2.0145
 1 -0.2058 2.0503
 1 -0.2105 2.0852
 1 -0.2166 2.1186
 1 -0.2239 2.1501
 1 -0.2324 2.1794
 1 -0.2429 2.2065
 1 -0.2562 2.2319
 1 -0.2709 2.2548
 1 -0.2869 2.2747
 1 -0.3040 2.2912
 1 -0.3219 2.3038
 1 -0.3406 2.3121
 1 -0.3598 2.3161
 1 -0.3791 2.3155
 1 -0.3984 2.3104
 1 -0.4173 2.3009
 1 -0.4355 2.2873
 1 -0.4529 2.2700
 1 -0.4694 2.2493
 1 -0.4846 2.2259
 1 -0.4983 2.2003
 1 -0.5087 2.1728
 1 -0.5181 2.1428
 1 -0.5265 2.1107
 1 -0.5336 2.0769
 1 -0.5393 2.0417
 1 -0.5437 2.0057
 1 -0.5467 1.9694
 1 -0.5482 1.9333
