CRUCE_PEATONAL_PISO
8200 8 1 1 0 0 0 0 0 0 1 1
1.0000
112 1253 23
 0 0.0818 4.2386
 1 0.8653 2.3430
 1 0.8653 2.3430
 1 0.9032 2.1553
 1 0.8678 1.9671
 1 0.1092 0.0613
 1 0.1092 0.0613
 1 0.0729 0.0159
 1 0.0174 -0.0014
 1 -0.0384 0.0152
 1 -0.0753 0.0601
 1 -0.8567 1.9506
 1 -0.8567 1.9506
 1 -0.8957 2.1435
 1 -0.8593 2.3368
 1 -0.1027 4.2374
 1 -0.1027 4.2374
 1 -0.0661 4.2829
 1 -0.0103 4.3001
 1 0.0456 4.2831
 1 0.0822 4.2376
 1 0.0822 4.2376
 1 0.0819 4.2381
112 1250 9
 0 -0.0026 3.0402
 1 0.0465 3.0947
 1 0.0662 3.2256
 1 0.0448 3.3563
 1 -0.0050 3.4102
 1 -0.0542 3.3556
 1 -0.0738 3.2247
 1 -0.0524 3.0940
 1 -0.0026 3.0402
112 1250 155
 0 0.1333 2.0310
 1 0.1317 2.0312
 1 0.1301 2.0318
 1 0.1279 2.0333
 1 0.1261 2.0351
 1 0.1244 2.0375
 1 0.1233 2.0397
 1 0.1221 2.0426
 1 0.1209 2.0466
 1 0.1202 2.0507
 1 0.1196 2.0579
 1 0.1168 2.4866
 1 0.0837 2.5985
 1 0.0868 2.1337
 1 0.1266 1.5810
 1 0.2598 1.0261
 1 0.2598 1.0261
 1 0.2604 1.0075
 1 0.2535 0.9902
 1 0.1940 0.9339
 1 0.1940 0.9339
 1 0.1797 0.9330
 1 0.1760 0.9469
 1 0.0366 1.5277
 1 -0.0150 2.0737
 1 -0.1141 1.7492
 1 -0.1132 1.0718
 1 -0.1132 1.0718
 1 -0.1168 1.0588
 1 -0.1265 1.0493
 1 -0.1996 1.0488
 1 -0.1996 1.0488
 1 -0.2147 1.0580
 1 -0.2133 1.0757
 1 -0.2141 1.7387
 1 -0.0887 2.1496
 1 -0.0912 2.5396
 1 -0.0942 2.5265
 1 -0.3261 2.2871
 1 -0.3261 2.2871
 1 -0.3401 2.2810
 1 -0.3544 2.2866
 1 -0.3630 2.2950
 1 -0.3644 2.2963
 1 -0.3659 2.2982
 1 -0.3676 2.3011
 1 -0.3694 2.3052
 1 -0.3708 2.3095
 1 -0.3717 2.3130
 1 -0.3727 2.3182
 1 -0.3731 2.3212
 1 -0.3734 2.3254
 1 -0.3734 2.3292
 1 -0.3731 2.3331
 1 -0.3730 2.3336
 1 -0.3729 2.3343
 1 -0.3728 2.3349
 1 -0.3727 2.3357
 1 -0.3725 2.3364
 1 -0.3724 2.3370
 1 -0.3723 2.3375
 1 -0.3721 2.3381
 1 -0.3719 2.3386
 1 -0.3717 2.3392
 1 -0.3714 2.3400
 1 -0.3712 2.3404
 1 -0.3710 2.3408
 1 -0.3707 2.3413
 1 -0.3705 2.3418
 1 -0.3702 2.3422
 1 -0.3700 2.3425
 1 -0.3697 2.3428
 1 -0.3695 2.3430
 1 -0.1883 2.5301
 1 -0.1314 2.8336
 1 -0.1302 2.8386
 1 -0.1288 2.8442
 1 -0.1273 2.8501
 1 -0.1256 2.8561
 1 -0.1236 2.8628
 1 -0.1219 2.8684
 1 -0.1202 2.8733
 1 -0.1181 2.8794
 1 -0.1146 2.8887
 1 -0.1120 2.8951
 1 -0.1090 2.9020
 1 -0.1055 2.9094
 1 -0.1030 2.9145
 1 -0.1004 2.9193
 1 -0.0955 2.9281
 1 -0.0921 2.9335
 1 -0.0874 2.9405
 1 -0.0840 2.9452
 1 -0.0803 2.9500
 1 -0.0759 2.9552
 1 -0.0723 2.9591
 1 -0.0688 2.9627
 1 -0.0664 2.9650
 1 -0.0617 2.9692
 1 -0.0564 2.9734
 1 -0.0508 2.9772
 1 -0.0460 2.9802
 1 -0.0398 2.9833
 1 -0.0355 2.9851
 1 -0.0290 2.9873
 1 -0.0239 2.9886
 1 -0.0172 2.9897
 1 -0.0133 2.9900
 1 -0.0102 2.9901
 1 0.0056 2.9902
 1 0.0100 2.9901
 1 0.0168 2.9894
 1 0.0221 2.9883
 1 0.0271 2.9869
 1 0.0339 2.9844
 1 0.0407 2.9812
 1 0.0478 2.9770
 1 0.0529 2.9735
 1 0.0579 2.9696
 1 0.0635 2.9646
 1 0.0668 2.9614
 1 0.0709 2.9572
 1 0.0752 2.9523
 1 0.0798 2.9466
 1 0.0842 2.9406
 1 0.0886 2.9342
 1 0.0915 2.9297
 1 0.0950 2.9237
 1 0.0978 2.9188
 1 0.1012 2.9125
 1 0.1052 2.9043
 1 0.1100 2.8934
 1 0.1133 2.8854
 1 0.1158 2.8787
 1 0.1188 2.8704
 1 0.1210 2.8635
 1 0.1233 2.8561
 1 0.1867 2.5246
 1 0.1898 2.0584
 1 0.1897 2.0561
 1 0.1896 2.0539
 1 0.1894 2.0521
 1 0.1891 2.0498
 1 0.1886 2.0473
 1 0.1880 2.0448
 1 0.1872 2.0422
 1 0.1863 2.0400
 1 0.1854 2.0382
 1 0.1845 2.0368
 1 0.1834 2.0353
 1 0.1822 2.0340
 1 0.1808 2.0328
 1 0.1797 2.0321
 1 0.1782 2.0316
 1 0.1764 2.0313
112 1250 5
 0 0.0379 1.3148
 1 0.0418 0.7107
 1 -0.0289 0.7102
 1 -0.0329 1.3144
 1 0.0379 1.3148
112 1250 5
 0 0.2207 1.3160
 1 0.2612 0.7121
 1 0.1812 0.7116
 1 0.1575 1.3156
 1 0.2207 1.3160
112 1250 5
 0 -0.1338 1.3137
 1 -0.1970 1.3133
 1 -0.2382 0.7089
 1 -0.1581 0.7094
 1 -0.1338 1.3137
112 1250 5
 0 0.4216 1.0186
 1 0.3749 1.3170
 1 0.3140 1.3166
 1 0.3676 0.8950
 1 0.4216 1.0186
112 1250 5
 0 -0.3573 0.8382
 1 -0.2979 1.3126
 1 -0.3588 1.3122
 1 -0.4129 0.9632
 1 -0.3573 0.8382
