SEcl_PG-1a
3250 4 1 1 0 0 0 0 0 0 1 1
1.000
112 1253 229
0 -0.0434 1.0626
1 -0.5223 0.5836
1 -0.5235 0.5824
1 -0.5246 0.5811
1 -0.5258 0.5798
1 -0.5269 0.5785
1 -0.5279 0.5771
1 -0.5290 0.5758
1 -0.5299 0.5743
1 -0.5309 0.5729
1 -0.5318 0.5714
1 -0.5326 0.5699
1 -0.5334 0.5684
1 -0.5342 0.5669
1 -0.5349 0.5653
1 -0.5356 0.5638
1 -0.5362 0.5622
1 -0.5368 0.5605
1 -0.5374 0.5589
1 -0.5378 0.5572
1 -0.5383 0.5556
1 -0.5387 0.5539
1 -0.5391 0.5522
1 -0.5394 0.5505
1 -0.5397 0.5488
1 -0.5399 0.5471
1 -0.5401 0.5454
1 -0.5402 0.5437
1 -0.5402 0.5420
1 -0.5402 0.5402
1 -0.5402 0.5385
1 -0.5402 0.5368
1 -0.5401 0.5351
1 -0.5399 0.5334
1 -0.5397 0.5317
1 -0.5394 0.5300
1 -0.5391 0.5282
1 -0.5387 0.5266
1 -0.5383 0.5249
1 -0.5378 0.5233
1 -0.5374 0.5216
1 -0.5368 0.5200
1 -0.5362 0.5183
1 -0.5356 0.5167
1 -0.5349 0.5152
1 -0.5342 0.5136
1 -0.5334 0.5121
1 -0.5326 0.5106
1 -0.5318 0.5090
1 -0.5309 0.5076
1 -0.5299 0.5062
1 -0.5290 0.5047
1 -0.5279 0.5034
1 -0.5269 0.5020
1 -0.5258 0.5006
1 -0.5246 0.4994
1 -0.5235 0.4981
1 -0.5223 0.4969
1 -0.0434 0.0179
1 -0.0422 0.0167
1 -0.0409 0.0156
1 -0.0396 0.0145
1 -0.0382 0.0134
1 -0.0369 0.0123
1 -0.0355 0.0113
1 -0.0341 0.0103
1 -0.0326 0.0094
1 -0.0312 0.0085
1 -0.0297 0.0076
1 -0.0282 0.0068
1 -0.0266 0.0061
1 -0.0250 0.0054
1 -0.0235 0.0046
1 -0.0219 0.0040
1 -0.0202 0.0034
1 -0.0186 0.0029
1 -0.0170 0.0024
1 -0.0154 0.0019
1 -0.0137 0.0015
1 -0.0120 0.0011
1 -0.0102 0.0008
1 -0.0086 0.0006
1 -0.0069 0.0003
1 -0.0051 0.0002
1 -0.0034 0.0001
1 -0.0018 0.0000
1 0.0000 0.0000
1 0.0018 0.0000
1 0.0034 0.0001
1 0.0051 0.0002
1 0.0069 0.0003
1 0.0086 0.0006
1 0.0102 0.0008
1 0.0120 0.0011
1 0.0137 0.0015
1 0.0154 0.0019
1 0.0170 0.0024
1 0.0186 0.0029
1 0.0202 0.0034
1 0.0219 0.0040
1 0.0235 0.0046
1 0.0250 0.0054
1 0.0266 0.0061
1 0.0282 0.0068
1 0.0297 0.0076
1 0.0312 0.0085
1 0.0326 0.0094
1 0.0341 0.0103
1 0.0355 0.0113
1 0.0369 0.0123
1 0.0382 0.0134
1 0.0396 0.0145
1 0.0409 0.0156
1 0.0422 0.0167
1 0.0434 0.0179
1 0.5223 0.4969
1 0.5235 0.4981
1 0.5246 0.4994
1 0.5258 0.5006
1 0.5269 0.5020
1 0.5279 0.5034
1 0.5290 0.5047
1 0.5299 0.5062
1 0.5309 0.5076
1 0.5318 0.5090
1 0.5326 0.5106
1 0.5334 0.5121
1 0.5342 0.5136
1 0.5349 0.5152
1 0.5356 0.5167
1 0.5362 0.5183
1 0.5368 0.5200
1 0.5374 0.5216
1 0.5378 0.5233
1 0.5383 0.5249
1 0.5387 0.5266
1 0.5391 0.5282
1 0.5394 0.5300
1 0.5397 0.5317
1 0.5399 0.5334
1 0.5401 0.5351
1 0.5402 0.5368
1 0.5402 0.5385
1 0.5402 0.5402
1 0.5402 0.5420
1 0.5402 0.5437
1 0.5401 0.5454
1 0.5399 0.5471
1 0.5397 0.5488
1 0.5394 0.5505
1 0.5391 0.5522
1 0.5387 0.5539
1 0.5383 0.5556
1 0.5378 0.5572
1 0.5374 0.5589
1 0.5368 0.5605
1 0.5362 0.5622
1 0.5356 0.5638
1 0.5349 0.5653
1 0.5342 0.5669
1 0.5334 0.5684
1 0.5326 0.5699
1 0.5318 0.5714
1 0.5309 0.5729
1 0.5299 0.5743
1 0.5290 0.5758
1 0.5279 0.5771
1 0.5269 0.5785
1 0.5258 0.5798
1 0.5246 0.5811
1 0.5235 0.5824
1 0.5223 0.5836
1 0.0434 1.0626
1 0.0422 1.0638
1 0.0409 1.0649
1 0.0396 1.0660
1 0.0382 1.0671
1 0.0369 1.0682
1 0.0355 1.0692
1 0.0341 1.0702
1 0.0326 1.0711
1 0.0312 1.0720
1 0.0297 1.0729
1 0.0282 1.0737
1 0.0266 1.0744
1 0.0250 1.0751
1 0.0235 1.0758
1 0.0219 1.0765
1 0.0202 1.0770
1 0.0186 1.0776
1 0.0170 1.0781
1 0.0154 1.0786
1 0.0137 1.0790
1 0.0120 1.0794
1 0.0102 1.0797
1 0.0086 1.0799
1 0.0069 1.0802
1 0.0051 1.0803
1 0.0034 1.0804
1 0.0018 1.0805
1 0.0000 1.0805
1 -0.0018 1.0805
1 -0.0034 1.0804
1 -0.0051 1.0803
1 -0.0069 1.0802
1 -0.0086 1.0799
1 -0.0102 1.0797
1 -0.0120 1.0794
1 -0.0137 1.0790
1 -0.0154 1.0786
1 -0.0170 1.0781
1 -0.0186 1.0776
1 -0.0202 1.0770
1 -0.0219 1.0765
1 -0.0235 1.0758
1 -0.0250 1.0751
1 -0.0266 1.0744
1 -0.0282 1.0737
1 -0.0297 1.0729
1 -0.0312 1.0720
1 -0.0326 1.0711
1 -0.0341 1.0702
1 -0.0355 1.0692
1 -0.0369 1.0682
1 -0.0382 1.0671
1 -0.0396 1.0660
1 -0.0409 1.0649
1 -0.0422 1.0638
1 -0.0434 1.0626
112 1250 197
0 -0.0340 1.0531
1 -0.5129 0.5742
1 -0.5139 0.5730
1 -0.5150 0.5719
1 -0.5160 0.5707
1 -0.5170 0.5694
1 -0.5179 0.5682
1 -0.5188 0.5670
1 -0.5197 0.5656
1 -0.5205 0.5642
1 -0.5213 0.5629
1 -0.5220 0.5615
1 -0.5226 0.5601
1 -0.5233 0.5586
1 -0.5238 0.5571
1 -0.5244 0.5557
1 -0.5249 0.5542
1 -0.5253 0.5526
1 -0.5257 0.5511
1 -0.5260 0.5496
1 -0.5263 0.5481
1 -0.5266 0.5465
1 -0.5267 0.5450
1 -0.5268 0.5434
1 -0.5269 0.5418
1 -0.5270 0.5402
1 -0.5269 0.5386
1 -0.5268 0.5371
1 -0.5267 0.5355
1 -0.5266 0.5340
1 -0.5263 0.5324
1 -0.5260 0.5309
1 -0.5257 0.5294
1 -0.5253 0.5278
1 -0.5249 0.5263
1 -0.5244 0.5248
1 -0.5238 0.5234
1 -0.5233 0.5218
1 -0.5226 0.5204
1 -0.5220 0.5190
1 -0.5213 0.5176
1 -0.5205 0.5162
1 -0.5197 0.5149
1 -0.5188 0.5135
1 -0.5179 0.5122
1 -0.5170 0.5110
1 -0.5160 0.5098
1 -0.5150 0.5086
1 -0.5139 0.5074
1 -0.5129 0.5062
1 -0.0340 0.0274
1 -0.0328 0.0263
1 -0.0317 0.0252
1 -0.0305 0.0242
1 -0.0292 0.0232
1 -0.0280 0.0223
1 -0.0267 0.0214
1 -0.0254 0.0206
1 -0.0240 0.0198
1 -0.0226 0.0190
1 -0.0213 0.0182
1 -0.0198 0.0176
1 -0.0184 0.0170
1 -0.0169 0.0164
1 -0.0154 0.0158
1 -0.0139 0.0154
1 -0.0124 0.0150
1 -0.0109 0.0146
1 -0.0094 0.0142
1 -0.0078 0.0139
1 -0.0062 0.0137
1 -0.0047 0.0135
1 -0.0031 0.0134
1 -0.0016 0.0134
1 0.0000 0.0133
1 0.0016 0.0134
1 0.0031 0.0134
1 0.0047 0.0135
1 0.0062 0.0137
1 0.0078 0.0139
1 0.0094 0.0142
1 0.0109 0.0146
1 0.0124 0.0150
1 0.0139 0.0154
1 0.0154 0.0158
1 0.0169 0.0164
1 0.0184 0.0170
1 0.0198 0.0176
1 0.0213 0.0182
1 0.0226 0.0190
1 0.0240 0.0198
1 0.0254 0.0206
1 0.0267 0.0214
1 0.0280 0.0223
1 0.0292 0.0232
1 0.0305 0.0242
1 0.0317 0.0252
1 0.0328 0.0263
1 0.0340 0.0274
1 0.5129 0.5062
1 0.5139 0.5074
1 0.5150 0.5086
1 0.5160 0.5098
1 0.5170 0.5110
1 0.5179 0.5122
1 0.5188 0.5135
1 0.5197 0.5149
1 0.5205 0.5162
1 0.5213 0.5176
1 0.5220 0.5190
1 0.5226 0.5204
1 0.5233 0.5218
1 0.5238 0.5234
1 0.5244 0.5248
1 0.5249 0.5263
1 0.5253 0.5278
1 0.5257 0.5294
1 0.5260 0.5309
1 0.5263 0.5324
1 0.5266 0.5340
1 0.5267 0.5355
1 0.5268 0.5371
1 0.5269 0.5386
1 0.5270 0.5402
1 0.5269 0.5418
1 0.5268 0.5434
1 0.5267 0.5450
1 0.5266 0.5465
1 0.5263 0.5481
1 0.5260 0.5496
1 0.5257 0.5511
1 0.5253 0.5526
1 0.5249 0.5542
1 0.5244 0.5557
1 0.5238 0.5571
1 0.5233 0.5586
1 0.5226 0.5601
1 0.5220 0.5615
1 0.5213 0.5629
1 0.5205 0.5642
1 0.5197 0.5656
1 0.5188 0.5670
1 0.5179 0.5682
1 0.5170 0.5694
1 0.5160 0.5707
1 0.5150 0.5719
1 0.5139 0.5730
1 0.5129 0.5742
1 0.0340 1.0531
1 0.0328 1.0542
1 0.0317 1.0553
1 0.0305 1.0562
1 0.0292 1.0573
1 0.0280 1.0582
1 0.0267 1.0590
1 0.0254 1.0599
1 0.0240 1.0607
1 0.0226 1.0615
1 0.0213 1.0622
1 0.0198 1.0629
1 0.0184 1.0635
1 0.0169 1.0641
1 0.0154 1.0646
1 0.0139 1.0651
1 0.0124 1.0655
1 0.0109 1.0659
1 0.0094 1.0662
1 0.0078 1.0666
1 0.0062 1.0668
1 0.0047 1.0670
1 0.0031 1.0670
1 0.0016 1.0671
1 0.0000 1.0672
1 -0.0016 1.0671
1 -0.0031 1.0670
1 -0.0047 1.0670
1 -0.0062 1.0668
1 -0.0078 1.0666
1 -0.0094 1.0662
1 -0.0109 1.0659
1 -0.0124 1.0655
1 -0.0139 1.0651
1 -0.0154 1.0646
1 -0.0169 1.0641
1 -0.0184 1.0635
1 -0.0198 1.0629
1 -0.0213 1.0622
1 -0.0226 1.0615
1 -0.0240 1.0607
1 -0.0254 1.0599
1 -0.0267 1.0590
1 -0.0280 1.0582
1 -0.0292 1.0573
1 -0.0305 1.0562
1 -0.0317 1.0553
1 -0.0328 1.0542
1 -0.0340 1.0531
112 1253 133
0 -0.4940 0.5554
1 -0.0151 1.0342
1 -0.0143 1.0350
1 -0.0135 1.0357
1 -0.0127 1.0363
1 -0.0118 1.0369
1 -0.0110 1.0374
1 -0.0101 1.0380
1 -0.0091 1.0385
1 -0.0082 1.0389
1 -0.0072 1.0393
1 -0.0062 1.0396
1 -0.0052 1.0398
1 -0.0042 1.0401
1 -0.0031 1.0402
1 -0.0021 1.0404
1 -0.0010 1.0405
1 0.0000 1.0405
1 0.0010 1.0405
1 0.0021 1.0404
1 0.0031 1.0402
1 0.0042 1.0401
1 0.0052 1.0398
1 0.0062 1.0396
1 0.0072 1.0393
1 0.0082 1.0389
1 0.0091 1.0385
1 0.0101 1.0380
1 0.0110 1.0374
1 0.0118 1.0369
1 0.0127 1.0363
1 0.0135 1.0357
1 0.0143 1.0350
1 0.0151 1.0342
1 0.4940 0.5554
1 0.4947 0.5546
1 0.4954 0.5538
1 0.4961 0.5530
1 0.4966 0.5521
1 0.4972 0.5512
1 0.4978 0.5503
1 0.4982 0.5494
1 0.4986 0.5484
1 0.4990 0.5474
1 0.4994 0.5465
1 0.4996 0.5454
1 0.4998 0.5444
1 0.5000 0.5434
1 0.5002 0.5423
1 0.5002 0.5413
1 0.5002 0.5402
1 0.5002 0.5392
1 0.5002 0.5382
1 0.5000 0.5371
1 0.4998 0.5361
1 0.4996 0.5350
1 0.4994 0.5340
1 0.4990 0.5330
1 0.4986 0.5321
1 0.4982 0.5311
1 0.4978 0.5302
1 0.4972 0.5293
1 0.4966 0.5284
1 0.4961 0.5275
1 0.4954 0.5267
1 0.4947 0.5259
1 0.4940 0.5251
1 0.0151 0.0462
1 0.0143 0.0455
1 0.0135 0.0448
1 0.0127 0.0442
1 0.0118 0.0436
1 0.0110 0.0430
1 0.0101 0.0425
1 0.0091 0.0420
1 0.0082 0.0416
1 0.0072 0.0412
1 0.0062 0.0409
1 0.0052 0.0406
1 0.0042 0.0404
1 0.0031 0.0402
1 0.0021 0.0401
1 0.0010 0.0400
1 0.0000 0.0400
1 -0.0010 0.0400
1 -0.0021 0.0401
1 -0.0031 0.0402
1 -0.0042 0.0404
1 -0.0052 0.0406
1 -0.0062 0.0409
1 -0.0072 0.0412
1 -0.0082 0.0416
1 -0.0091 0.0420
1 -0.0101 0.0425
1 -0.0110 0.0430
1 -0.0118 0.0436
1 -0.0127 0.0442
1 -0.0135 0.0448
1 -0.0143 0.0455
1 -0.0151 0.0462
1 -0.4940 0.5251
1 -0.4947 0.5259
1 -0.4954 0.5267
1 -0.4961 0.5275
1 -0.4966 0.5284
1 -0.4972 0.5293
1 -0.4978 0.5302
1 -0.4982 0.5311
1 -0.4986 0.5321
1 -0.4990 0.5330
1 -0.4994 0.5340
1 -0.4996 0.5350
1 -0.4998 0.5361
1 -0.5000 0.5371
1 -0.5002 0.5382
1 -0.5002 0.5392
1 -0.5002 0.5402
1 -0.5002 0.5413
1 -0.5002 0.5423
1 -0.5000 0.5434
1 -0.4998 0.5444
1 -0.4996 0.5454
1 -0.4994 0.5465
1 -0.4990 0.5474
1 -0.4986 0.5484
1 -0.4982 0.5494
1 -0.4978 0.5503
1 -0.4972 0.5512
1 -0.4966 0.5521
1 -0.4961 0.5530
1 -0.4954 0.5538
1 -0.4947 0.5546
1 -0.4940 0.5554
112 1250 259
0 0.2446 0.7807
1 -0.0124 0.8326
1 -0.0124 0.8326
1 -0.0134 0.8328
1 -0.0144 0.8330
1 -0.0154 0.8330
1 -0.0164 0.8330
1 -0.0174 0.8330
1 -0.0184 0.8330
1 -0.0194 0.8328
1 -0.0205 0.8326
1 -0.0214 0.8324
1 -0.0224 0.8321
1 -0.0234 0.8318
1 -0.0243 0.8314
1 -0.0252 0.8310
1 -0.0261 0.8305
1 -0.0270 0.8300
1 -0.0278 0.8294
1 -0.0286 0.8288
1 -0.0294 0.8282
1 -0.0302 0.8275
1 -0.0309 0.8268
1 -0.0316 0.8260
1 -0.0322 0.8253
1 -0.0328 0.8244
1 -0.0334 0.8236
1 -0.0338 0.8227
1 -0.0343 0.8218
1 -0.0347 0.8209
1 -0.0351 0.8199
1 -0.0354 0.8190
1 -0.0358 0.8180
1 -0.0359 0.8170
1 -0.0362 0.8160
1 -0.0362 0.8150
1 -0.0363 0.8140
1 -0.0363 0.8130
1 -0.0363 0.8120
1 -0.0362 0.8110
1 -0.0361 0.8100
1 -0.0359 0.8090
1 -0.0357 0.8080
1 -0.0354 0.8070
1 -0.0351 0.8061
1 -0.0347 0.8051
1 -0.0343 0.8042
1 -0.0338 0.8033
1 -0.0333 0.8024
1 -0.0327 0.8016
1 -0.0322 0.8008
1 -0.0322 0.8008
1 0.0154 0.7397
1 -0.0384 0.7163
1 -0.0384 0.7163
1 -0.0418 0.7148
1 -0.0453 0.7132
1 -0.0487 0.7116
1 -0.0521 0.7099
1 -0.0554 0.7082
1 -0.0587 0.7064
1 -0.0621 0.7046
1 -0.0654 0.7027
1 -0.0686 0.7008
1 -0.0718 0.6989
1 -0.0750 0.6969
1 -0.0782 0.6948
1 -0.0813 0.6927
1 -0.0844 0.6906
1 -0.0875 0.6884
1 -0.0906 0.6862
1 -0.0936 0.6839
1 -0.0966 0.6816
1 -0.0995 0.6793
1 -0.1024 0.6769
1 -0.1054 0.6745
1 -0.1082 0.6720
1 -0.1110 0.6694
1 -0.1138 0.6669
1 -0.1166 0.6643
1 -0.1192 0.6617
1 -0.1219 0.6590
1 -0.1246 0.6563
1 -0.1271 0.6536
1 -0.1297 0.6509
1 -0.1322 0.6480
1 -0.1347 0.6452
1 -0.1371 0.6423
1 -0.1395 0.6394
1 -0.1419 0.6365
1 -0.1442 0.6335
1 -0.1465 0.6305
1 -0.1487 0.6274
1 -0.1510 0.6244
1 -0.1530 0.6213
1 -0.1552 0.6182
1 -0.1573 0.6150
1 -0.1593 0.6118
1 -0.1612 0.6086
1 -0.1631 0.6054
1 -0.1650 0.6021
1 -0.1669 0.5987
1 -0.1686 0.5954
1 -0.1704 0.5921
1 -0.1721 0.5887
1 -0.1738 0.5854
1 -0.1754 0.5819
1 -0.1769 0.5785
1 -0.1784 0.5750
1 -0.1798 0.5715
1 -0.1813 0.5680
1 -0.1826 0.5645
1 -0.1839 0.5610
1 -0.1852 0.5574
1 -0.1864 0.5538
1 -0.1875 0.5502
1 -0.1886 0.5466
1 -0.1898 0.5430
1 -0.1907 0.5394
1 -0.1917 0.5358
1 -0.1926 0.5321
1 -0.1934 0.5284
1 -0.1942 0.5247
1 -0.1950 0.5210
1 -0.1957 0.5173
1 -0.1963 0.5136
1 -0.1970 0.5098
1 -0.1974 0.5062
1 -0.1980 0.5024
1 -0.1984 0.4986
1 -0.1988 0.4949
1 -0.1991 0.4911
1 -0.1994 0.4874
1 -0.1996 0.4836
1 -0.1998 0.4798
1 -0.1999 0.4761
1 -0.2000 0.4723
1 -0.2000 0.4723
1 -0.2000 0.2869
1 -0.0934 0.2869
1 -0.0934 0.4716
1 -0.0934 0.4716
1 -0.0933 0.4746
1 -0.0931 0.4775
1 -0.0930 0.4805
1 -0.0927 0.4834
1 -0.0925 0.4863
1 -0.0921 0.4893
1 -0.0918 0.4922
1 -0.0913 0.4951
1 -0.0908 0.4980
1 -0.0902 0.5009
1 -0.0897 0.5038
1 -0.0890 0.5066
1 -0.0883 0.5095
1 -0.0875 0.5124
1 -0.0867 0.5152
1 -0.0858 0.5180
1 -0.0850 0.5209
1 -0.0840 0.5236
1 -0.0830 0.5264
1 -0.0819 0.5291
1 -0.0808 0.5319
1 -0.0797 0.5346
1 -0.0785 0.5373
1 -0.0772 0.5399
1 -0.0759 0.5426
1 -0.0746 0.5452
1 -0.0731 0.5478
1 -0.0717 0.5504
1 -0.0702 0.5530
1 -0.0686 0.5554
1 -0.0671 0.5579
1 -0.0654 0.5604
1 -0.0638 0.5628
1 -0.0621 0.5652
1 -0.0603 0.5676
1 -0.0586 0.5699
1 -0.0567 0.5722
1 -0.0548 0.5745
1 -0.0529 0.5767
1 -0.0509 0.5790
1 -0.0489 0.5811
1 -0.0469 0.5832
1 -0.0448 0.5854
1 -0.0426 0.5874
1 -0.0405 0.5894
1 -0.0383 0.5914
1 -0.0361 0.5933
1 -0.0338 0.5952
1 -0.0315 0.5970
1 -0.0292 0.5989
1 -0.0269 0.6006
1 -0.0245 0.6023
1 -0.0220 0.6040
1 -0.0196 0.6057
1 -0.0171 0.6073
1 -0.0146 0.6088
1 -0.0121 0.6103
1 -0.0095 0.6118
1 -0.0069 0.6132
1 -0.0042 0.6146
1 -0.0016 0.6158
1 0.0010 0.6171
1 0.0037 0.6183
1 0.0064 0.6195
1 0.0064 0.6195
1 0.0578 0.6418
1 0.0698 0.5652
1 0.0698 0.5652
1 0.0700 0.5642
1 0.0702 0.5633
1 0.0705 0.5622
1 0.0709 0.5613
1 0.0712 0.5604
1 0.0717 0.5594
1 0.0722 0.5586
1 0.0726 0.5577
1 0.0732 0.5569
1 0.0738 0.5560
1 0.0745 0.5553
1 0.0751 0.5545
1 0.0758 0.5538
1 0.0766 0.5531
1 0.0774 0.5525
1 0.0782 0.5518
1 0.0790 0.5514
1 0.0799 0.5508
1 0.0808 0.5503
1 0.0818 0.5499
1 0.0827 0.5495
1 0.0837 0.5492
1 0.0846 0.5490
1 0.0856 0.5487
1 0.0866 0.5486
1 0.0876 0.5484
1 0.0886 0.5483
1 0.0897 0.5483
1 0.0906 0.5484
1 0.0917 0.5485
1 0.0926 0.5486
1 0.0937 0.5487
1 0.0946 0.5490
1 0.0956 0.5493
1 0.0966 0.5496
1 0.0975 0.5500
1 0.0985 0.5504
1 0.0994 0.5509
1 0.1002 0.5514
1 0.1010 0.5519
1 0.1018 0.5526
1 0.1026 0.5532
1 0.1034 0.5538
1 0.1041 0.5546
1 0.1048 0.5554
1 0.1054 0.5562
1 0.1060 0.5570
1 0.1066 0.5578
1 0.1066 0.5578
