ID-EstacionCarditas
3436 1265 1 1 0 0 0 0 0 0 1 1
1.000
112 1252 16
0 -0.9000 0.0760
1 -0.9000 0.0760
1 -0.8777 0.0223
1 -0.8240 0.0000
1 0.8240 0.0000
1 0.8240 0.0000
1 0.8777 0.0223
1 0.9000 0.0760
1 0.9000 0.9240
1 0.9000 0.9240
1 0.8777 0.9777
1 0.8240 1.0000
1 -0.8240 1.0000
1 -0.8240 1.0000
1 -0.8777 0.9777
1 -0.9000 0.9240
112 1251 16
0 0.8810 0.0760
1 0.8810 0.9240
1 0.8810 0.9240
1 0.8643 0.9643
1 0.8240 0.9810
1 -0.8240 0.9810
1 -0.8240 0.9810
1 -0.8643 0.9643
1 -0.8810 0.9240
1 -0.8810 0.0760
1 -0.8810 0.0760
1 -0.8643 0.0357
1 -0.8240 0.0190
1 0.8240 0.0190
1 0.8240 0.0190
1 0.8643 0.0357
112 1252 16
0 0.8430 0.0760
1 0.8430 0.9240
1 0.8430 0.9240
1 0.8374 0.9374
1 0.8240 0.9430
1 -0.8240 0.9430
1 -0.8240 0.9430
1 -0.8374 0.9374
1 -0.8430 0.9240
1 -0.8430 0.0760
1 -0.8430 0.0760
1 -0.8374 0.0626
1 -0.8240 0.0570
1 0.8240 0.0570
1 0.8240 0.0570
1 0.8374 0.0626
112 1251 13
0 -0.5866 0.9076
1 -0.6716 0.9076
1 -0.6716 0.7175
1 -0.5866 0.7175
1 -0.5866 0.7469
1 -0.6407 0.7469
1 -0.6407 0.8010
1 -0.5989 0.8010
1 -0.5959 0.8288
1 -0.6407 0.8288
1 -0.6407 0.8783
1 -0.5866 0.8783
1 -0.5866 0.9076
112 1251 6
0 -0.5433 0.7515
1 -0.5541 0.7299
1 -0.5155 0.7407
1 -0.5263 0.7422
1 -0.5356 0.7469
1 -0.5433 0.7515
112 1251 27
0 -0.5464 0.8319
1 -0.5510 0.8164
1 -0.5464 0.7979
1 -0.5371 0.7855
1 -0.5232 0.7778
1 -0.5108 0.7700
1 -0.5016 0.7639
1 -0.4985 0.7561
1 -0.4985 0.7515
1 -0.5155 0.7407
1 -0.5541 0.7299
1 -0.5433 0.7221
1 -0.5294 0.7159
1 -0.5124 0.7144
1 -0.4954 0.7175
1 -0.4799 0.7268
1 -0.4706 0.7407
1 -0.4675 0.7577
1 -0.4706 0.7747
1 -0.4815 0.7870
1 -0.4938 0.7948
1 -0.5062 0.8010
1 -0.5155 0.8071
1 -0.5201 0.8164
1 -0.5155 0.8257
1 -0.5062 0.8288
1 -0.5464 0.8319
112 1251 12
0 -0.5062 0.8551
1 -0.5247 0.8520
1 -0.5387 0.8442
1 -0.5464 0.8319
1 -0.5062 0.8288
1 -0.4954 0.8272
1 -0.4861 0.8241
1 -0.4784 0.8195
1 -0.4691 0.8427
1 -0.4784 0.8489
1 -0.4907 0.8535
1 -0.5062 0.8551
112 1251 10
0 -0.3702 0.7469
1 -0.3733 0.7453
1 -0.3841 0.7438
1 -0.4196 0.7237
1 -0.4165 0.7206
1 -0.3933 0.7144
1 -0.3841 0.7144
1 -0.3748 0.7175
1 -0.3686 0.7206
1 -0.3702 0.7469
112 1251 17
0 -0.3964 0.8844
1 -0.4289 0.8767
1 -0.4289 0.8504
1 -0.4413 0.8504
1 -0.4413 0.8241
1 -0.4289 0.8241
1 -0.4289 0.7530
1 -0.4274 0.7438
1 -0.4196 0.7237
1 -0.3841 0.7438
1 -0.3949 0.7484
1 -0.3964 0.7623
1 -0.3964 0.8241
1 -0.3702 0.8241
1 -0.3686 0.8504
1 -0.3964 0.8504
1 -0.3964 0.8844
112 1251 8
0 -0.3331 0.7391
1 -0.3253 0.7252
1 -0.3130 0.7175
1 -0.3006 0.7144
1 -0.2882 0.7175
1 -0.2790 0.7221
1 -0.2712 0.7299
1 -0.3331 0.7391
112 1251 9
0 -0.3300 0.7809
1 -0.3361 0.7577
1 -0.3331 0.7391
1 -0.2882 0.7391
1 -0.2990 0.7453
1 -0.3037 0.7577
1 -0.2990 0.7716
1 -0.2867 0.7747
1 -0.3300 0.7809
112 1251 7
0 -0.2929 0.7994
1 -0.3052 0.7979
1 -0.3238 0.7886
1 -0.2728 0.7948
1 -0.2790 0.7963
1 -0.2851 0.7979
1 -0.2929 0.7994
112 1251 22
0 -0.2527 0.8442
1 -0.2944 0.8257
1 -0.2774 0.8211
1 -0.2728 0.8102
1 -0.2728 0.7948
1 -0.3238 0.7886
1 -0.3300 0.7809
1 -0.2867 0.7747
1 -0.2820 0.7747
1 -0.2774 0.7747
1 -0.2728 0.7731
1 -0.2728 0.7469
1 -0.2774 0.7438
1 -0.2820 0.7407
1 -0.2882 0.7391
1 -0.3331 0.7391
1 -0.2712 0.7299
1 -0.2697 0.7175
1 -0.2419 0.7175
1 -0.2419 0.8133
1 -0.2434 0.8241
1 -0.2527 0.8442
112 1251 11
0 -0.2851 0.8551
1 -0.3037 0.8535
1 -0.3161 0.8504
1 -0.3284 0.8458
1 -0.3222 0.8180
1 -0.3130 0.8211
1 -0.3052 0.8241
1 -0.2944 0.8257
1 -0.2527 0.8442
1 -0.2619 0.8504
1 -0.2851 0.8551
112 1251 10
0 -0.1244 0.7515
1 -0.1321 0.7453
1 -0.1476 0.7422
1 -0.1862 0.7329
1 -0.1707 0.7190
1 -0.1506 0.7144
1 -0.1367 0.7159
1 -0.1259 0.7206
1 -0.1166 0.7268
1 -0.1244 0.7515
112 1251 17
0 -0.1847 0.8365
1 -0.1955 0.8164
1 -0.1986 0.8087
1 -0.2001 0.7840
1 -0.2001 0.7778
1 -0.1970 0.7546
1 -0.1970 0.7530
1 -0.1862 0.7329
1 -0.1476 0.7422
1 -0.1630 0.7515
1 -0.1661 0.7577
1 -0.1692 0.7840
1 -0.1677 0.8041
1 -0.1630 0.8180
1 -0.1568 0.8257
1 -0.1476 0.8272
1 -0.1847 0.8365
112 1251 11
0 -0.1491 0.8551
1 -0.1677 0.8504
1 -0.1847 0.8381
1 -0.1847 0.8365
1 -0.1476 0.8272
1 -0.1367 0.8241
1 -0.1259 0.8180
1 -0.1151 0.8412
1 -0.1244 0.8489
1 -0.1352 0.8535
1 -0.1491 0.8551
112 1251 7
0 -0.0471 0.8504
1 -0.0904 0.8504
1 -0.0904 0.8241
1 -0.0780 0.8241
1 -0.0780 0.7175
1 -0.0471 0.7175
1 -0.0471 0.8504
112 1251 9
0 -0.0625 0.9138
1 -0.0749 0.9076
1 -0.0811 0.8937
1 -0.0749 0.8798
1 -0.0625 0.8752
1 -0.0486 0.8798
1 -0.0440 0.8937
1 -0.0486 0.9076
1 -0.0625 0.9138
112 1251 20
0 0.0101 0.8365
1 -0.0007 0.8149
1 -0.0022 0.8087
1 -0.0053 0.7840
1 -0.0038 0.7747
1 -0.0007 0.7515
1 0.0086 0.7329
1 0.0256 0.7190
1 0.0472 0.7144
1 0.0689 0.7190
1 0.0859 0.7329
1 0.0905 0.7376
1 0.0472 0.7407
1 0.0318 0.7515
1 0.0302 0.7592
1 0.0271 0.7840
1 0.0271 0.7963
1 0.0318 0.8180
1 0.0472 0.8272
1 0.0101 0.8365
112 1251 19
0 0.0472 0.8551
1 0.0271 0.8504
1 0.0101 0.8365
1 0.0101 0.8365
1 0.0472 0.8272
1 0.0627 0.8180
1 0.0658 0.8102
1 0.0689 0.7840
1 0.0673 0.7731
1 0.0642 0.7515
1 0.0472 0.7407
1 0.0905 0.7376
1 0.0982 0.7577
1 0.0998 0.7840
1 0.0998 0.7917
1 0.0967 0.8149
1 0.0951 0.8164
1 0.0859 0.8365
1 0.0689 0.8504
112 1251 5
0 0.0766 0.9154
1 0.0457 0.9154
1 0.0349 0.8736
1 0.0596 0.8736
1 0.0766 0.9154
112 1251 9
0 0.1663 0.8551
1 0.1415 0.8489
1 0.1415 0.7175
1 0.1724 0.7175
1 0.1724 0.8195
1 0.1802 0.8241
1 0.1894 0.8257
1 0.1693 0.8427
1 0.1663 0.8551
112 1251 13
0 0.2003 0.8551
1 0.1817 0.8504
1 0.1693 0.8427
1 0.1894 0.8257
1 0.2003 0.8211
1 0.2049 0.8056
1 0.2049 0.7175
1 0.2358 0.7175
1 0.2358 0.8087
1 0.2343 0.8226
1 0.2265 0.8427
1 0.2219 0.8489
1 0.2003 0.8551
112 1251 7
0 0.3595 0.7299
1 0.3719 0.7175
1 0.3873 0.7144
1 0.3981 0.7159
1 0.4074 0.7221
1 0.4136 0.7299
1 0.3595 0.7299
112 1251 18
0 0.3595 0.8381
1 0.3502 0.8164
1 0.3487 0.8087
1 0.3456 0.7840
1 0.3456 0.7747
1 0.3502 0.7530
1 0.3502 0.7515
1 0.3595 0.7299
1 0.3981 0.7422
1 0.3889 0.7438
1 0.3842 0.7515
1 0.3796 0.7639
1 0.3780 0.7824
1 0.3796 0.8041
1 0.3827 0.8180
1 0.3889 0.8257
1 0.3981 0.8272
1 0.3595 0.8381
112 1251 6
0 0.3935 0.8551
1 0.3749 0.8504
1 0.3595 0.8381
1 0.4120 0.8489
1 0.4043 0.8535
1 0.3935 0.8551
112 1251 16
0 0.4445 0.9107
1 0.4120 0.9045
1 0.4120 0.8489
1 0.3595 0.8381
1 0.3595 0.8381
1 0.3981 0.8272
1 0.4059 0.8257
1 0.4120 0.8226
1 0.4120 0.7469
1 0.4074 0.7453
1 0.4043 0.7422
1 0.3981 0.7422
1 0.3595 0.7299
1 0.4136 0.7299
1 0.4151 0.7175
1 0.4445 0.7175
112 1251 11
0 0.5682 0.7515
1 0.5604 0.7469
1 0.5512 0.7438
1 0.5404 0.7422
1 0.5002 0.7314
1 0.5156 0.7190
1 0.5373 0.7144
1 0.5543 0.7159
1 0.5666 0.7221
1 0.5775 0.7299
1 0.5682 0.7515
112 1251 18
0 0.5017 0.8365
1 0.4909 0.8149
1 0.4878 0.8071
1 0.4862 0.7824
1 0.4862 0.7747
1 0.4909 0.7499
1 0.5002 0.7314
1 0.5404 0.7422
1 0.5233 0.7499
1 0.5218 0.7515
1 0.5187 0.7762
1 0.5821 0.7762
1 0.5821 0.7840
1 0.5821 0.7948
1 0.5187 0.7963
1 0.5233 0.8180
1 0.5357 0.8272
1 0.5017 0.8365
112 1251 13
0 0.5373 0.8551
1 0.5187 0.8504
1 0.5017 0.8381
1 0.5017 0.8365
1 0.5357 0.8272
1 0.5465 0.8211
1 0.5512 0.7963
1 0.5187 0.7963
1 0.5821 0.7948
1 0.5790 0.8180
1 0.5790 0.8180
1 0.5697 0.8396
1 0.5558 0.8520
112 1251 8
0 -0.3980 0.6031
1 -0.4289 0.6031
1 -0.4629 0.5088
1 -0.4706 0.4547
1 -0.4567 0.4547
1 -0.4320 0.5181
1 -0.4274 0.5382
1 -0.3980 0.6031
112 1251 7
0 -0.3980 0.6031
1 -0.4274 0.5382
1 -0.4258 0.5366
1 -0.4274 0.5181
1 -0.4274 0.4130
1 -0.3980 0.4130
1 -0.3980 0.6031
112 1251 8
0 -0.4969 0.6031
1 -0.5294 0.6031
1 -0.5294 0.4130
1 -0.5000 0.4130
1 -0.5000 0.5181
1 -0.5016 0.5366
1 -0.5000 0.5382
1 -0.4969 0.6031
112 1251 6
0 -0.4969 0.6031
1 -0.5000 0.5382
1 -0.4954 0.5181
1 -0.4706 0.4547
1 -0.4629 0.5088
1 -0.4969 0.6031
112 1251 11
0 -0.2728 0.4485
1 -0.2820 0.4423
1 -0.2898 0.4392
1 -0.3006 0.4377
1 -0.3408 0.4284
1 -0.3269 0.4160
1 -0.3037 0.4099
1 -0.2882 0.4130
1 -0.2759 0.4176
1 -0.2635 0.4253
1 -0.2728 0.4485
112 1251 18
0 -0.3408 0.5320
1 -0.3516 0.5119
1 -0.3532 0.5042
1 -0.3562 0.4794
1 -0.3562 0.4701
1 -0.3516 0.4470
1 -0.3408 0.4284
1 -0.3006 0.4377
1 -0.3176 0.4470
1 -0.3191 0.4485
1 -0.3238 0.4717
1 -0.2589 0.4717
1 -0.2589 0.4810
1 -0.2604 0.4918
1 -0.3238 0.4933
1 -0.3191 0.5134
1 -0.3052 0.5243
1 -0.3408 0.5320
112 1251 13
0 -0.3037 0.5505
1 -0.3238 0.5474
1 -0.3392 0.5335
1 -0.3408 0.5320
1 -0.3052 0.5243
1 -0.2960 0.5181
1 -0.2913 0.4933
1 -0.3238 0.4933
1 -0.2604 0.4918
1 -0.2619 0.5134
1 -0.2619 0.5134
1 -0.2712 0.5351
1 -0.2851 0.5474
112 1251 7
0 -0.2109 0.4269
1 -0.1986 0.4145
1 -0.1831 0.4099
1 -0.1707 0.4130
1 -0.1630 0.4176
1 -0.1568 0.4253
1 -0.2109 0.4269
112 1251 17
0 -0.2109 0.5335
1 -0.2202 0.5119
1 -0.2218 0.5057
1 -0.2248 0.4810
1 -0.2233 0.4717
1 -0.2202 0.4485
1 -0.2202 0.4485
1 -0.2109 0.4269
1 -0.1723 0.4377
1 -0.1800 0.4408
1 -0.1862 0.4470
1 -0.1908 0.4593
1 -0.1924 0.4794
1 -0.1908 0.5011
1 -0.1862 0.5150
1 -0.1800 0.5212
1 -0.1723 0.5227
112 1251 6
0 -0.1769 0.5505
1 -0.1955 0.5474
1 -0.2094 0.5335
1 -0.1568 0.5459
1 -0.1661 0.5490
1 -0.1769 0.5505
112 1251 17
0 -0.1259 0.6062
1 -0.1568 0.6000
1 -0.1568 0.5459
1 -0.2094 0.5335
1 -0.2109 0.5335
1 -0.1723 0.5227
1 -0.1630 0.5212
1 -0.1568 0.5181
1 -0.1568 0.4439
1 -0.1615 0.4408
1 -0.1661 0.4392
1 -0.1723 0.4377
1 -0.2109 0.4269
1 -0.1568 0.4253
1 -0.1553 0.4130
1 -0.1259 0.4130
1 -0.1259 0.6062
112 1251 7
0 -0.0455 0.5474
1 -0.0888 0.5474
1 -0.0888 0.5196
1 -0.0764 0.5196
1 -0.0764 0.4130
1 -0.0455 0.4130
1 -0.0455 0.5474
112 1251 9
0 -0.0610 0.6108
1 -0.0734 0.6046
1 -0.0795 0.5907
1 -0.0734 0.5768
1 -0.0610 0.5706
1 -0.0471 0.5768
1 -0.0409 0.5907
1 -0.0471 0.6046
1 -0.0610 0.6108
112 1251 10
0 0.0735 0.4485
1 0.0642 0.4408
1 0.0503 0.4377
1 0.0117 0.4284
1 0.0271 0.4145
1 0.0457 0.4099
1 0.0611 0.4130
1 0.0720 0.4160
1 0.0812 0.4238
1 0.0735 0.4485
112 1251 16
0 0.0117 0.5335
1 0.0008 0.5119
1 -0.0007 0.5042
1 -0.0022 0.4794
1 -0.0022 0.4732
1 0.0008 0.4501
1 0.0008 0.4501
1 0.0117 0.4284
1 0.0503 0.4377
1 0.0333 0.4470
1 0.0318 0.4547
1 0.0287 0.4794
1 0.0302 0.5011
1 0.0349 0.5134
1 0.0410 0.5212
1 0.0503 0.5227
112 1251 11
0 0.0488 0.5505
1 0.0302 0.5474
1 0.0132 0.5335
1 0.0117 0.5335
1 0.0503 0.5227
1 0.0596 0.5212
1 0.0720 0.5150
1 0.0828 0.5382
1 0.0735 0.5443
1 0.0627 0.5490
1 0.0488 0.5505
112 1251 7
0 0.1508 0.5474
1 0.1060 0.5474
1 0.1060 0.5196
1 0.1199 0.5196
1 0.1199 0.4130
1 0.1508 0.4130
1 0.1508 0.5474
112 1251 9
0 0.1353 0.6108
1 0.1214 0.6046
1 0.1168 0.5907
1 0.1214 0.5768
1 0.1353 0.5706
1 0.1493 0.5768
1 0.1539 0.5907
1 0.1493 0.6046
1 0.1353 0.6108
112 1251 20
0 0.2064 0.5320
1 0.1972 0.5119
1 0.1956 0.5042
1 0.1925 0.4810
1 0.1925 0.4717
1 0.1972 0.4470
1 0.2064 0.4284
1 0.2219 0.4160
1 0.2451 0.4099
1 0.2667 0.4145
1 0.2837 0.4284
1 0.2868 0.4346
1 0.2451 0.4377
1 0.2296 0.4485
1 0.2265 0.4547
1 0.2250 0.4810
1 0.2250 0.4933
1 0.2296 0.5134
1 0.2451 0.5227
1 0.2064 0.5320
112 1251 19
0 0.2451 0.5505
1 0.2250 0.5474
1 0.2080 0.5335
1 0.2064 0.5320
1 0.2451 0.5227
1 0.2606 0.5134
1 0.2636 0.5057
1 0.2652 0.4810
1 0.2652 0.4686
1 0.2606 0.4485
1 0.2451 0.4377
1 0.2868 0.4346
1 0.2946 0.4547
1 0.2977 0.4810
1 0.2977 0.4887
1 0.2930 0.5119
1 0.2930 0.5119
1 0.2822 0.5335
1 0.2667 0.5474
112 1251 5
0 0.2745 0.6124
1 0.2435 0.6124
1 0.2327 0.5691
1 0.2575 0.5691
1 0.2745 0.6124
112 1251 9
0 0.3641 0.5505
1 0.3394 0.5459
1 0.3394 0.4130
1 0.3703 0.4130
1 0.3703 0.5165
1 0.3765 0.5196
1 0.3873 0.5212
1 0.3672 0.5382
1 0.3641 0.5505
112 1251 13
0 0.3966 0.5505
1 0.3796 0.5474
1 0.3672 0.5382
1 0.3873 0.5212
1 0.3981 0.5165
1 0.4012 0.5026
1 0.4012 0.4130
1 0.4321 0.4130
1 0.4321 0.5057
1 0.4321 0.5196
1 0.4244 0.5397
1 0.4198 0.5443
1 0.3966 0.5505
112 1251 7
0 -0.6747 0.3001
1 -0.7056 0.3001
1 -0.7056 0.1100
1 -0.6252 0.1100
1 -0.6252 0.1393
1 -0.6747 0.1393
1 -0.6747 0.3001
112 1251 8
0 -0.5959 0.1316
1 -0.5881 0.1177
1 -0.5758 0.1100
1 -0.5634 0.1069
1 -0.5510 0.1100
1 -0.5417 0.1146
1 -0.5340 0.1223
1 -0.5959 0.1316
112 1251 9
0 -0.5928 0.1733
1 -0.5989 0.1486
1 -0.5959 0.1316
1 -0.5510 0.1316
1 -0.5618 0.1362
1 -0.5665 0.1502
1 -0.5618 0.1641
1 -0.5495 0.1672
1 -0.5928 0.1733
112 1251 7
0 -0.5557 0.1919
1 -0.5680 0.1903
1 -0.5866 0.1811
1 -0.5356 0.1873
1 -0.5417 0.1888
1 -0.5479 0.1903
1 -0.5557 0.1919
112 1251 22
0 -0.5155 0.2367
1 -0.5572 0.2166
1 -0.5402 0.2135
1 -0.5356 0.2027
1 -0.5356 0.1873
1 -0.5866 0.1811
1 -0.5928 0.1733
1 -0.5495 0.1672
1 -0.5448 0.1672
1 -0.5402 0.1672
1 -0.5356 0.1656
1 -0.5356 0.1393
1 -0.5402 0.1362
1 -0.5448 0.1331
1 -0.5510 0.1316
1 -0.5959 0.1316
1 -0.5340 0.1223
1 -0.5325 0.1100
1 -0.5046 0.1100
1 -0.5046 0.2058
1 -0.5062 0.2166
1 -0.5155 0.2367
112 1251 11
0 -0.5479 0.2475
1 -0.5665 0.2460
1 -0.5788 0.2429
1 -0.5912 0.2383
1 -0.5850 0.2104
1 -0.5758 0.2135
1 -0.5680 0.2166
1 -0.5572 0.2166
1 -0.5155 0.2367
1 -0.5247 0.2429
1 -0.5479 0.2475
112 1251 6
0 -0.4567 0.1440
1 -0.4660 0.1223
1 -0.4274 0.1331
1 -0.4382 0.1347
1 -0.4475 0.1393
1 -0.4567 0.1440
112 1251 27
0 -0.4598 0.2244
1 -0.4629 0.2089
1 -0.4598 0.1903
1 -0.4490 0.1780
1 -0.4366 0.1687
1 -0.4243 0.1625
1 -0.4150 0.1563
1 -0.4104 0.1471
1 -0.4104 0.1424
1 -0.4274 0.1331
1 -0.4660 0.1223
1 -0.4552 0.1146
1 -0.4428 0.1084
1 -0.4258 0.1069
1 -0.4073 0.1100
1 -0.3933 0.1192
1 -0.3841 0.1331
1 -0.3794 0.1502
1 -0.3841 0.1672
1 -0.3933 0.1795
1 -0.4057 0.1873
1 -0.4181 0.1934
1 -0.4289 0.1996
1 -0.4320 0.2089
1 -0.4289 0.2182
1 -0.4196 0.2213
1 -0.4598 0.2244
112 1251 12
0 -0.4196 0.2475
1 -0.4366 0.2445
1 -0.4505 0.2367
1 -0.4598 0.2244
1 -0.4196 0.2213
1 -0.4088 0.2197
1 -0.3995 0.2166
1 -0.3903 0.2120
1 -0.3810 0.2352
1 -0.3918 0.2414
1 -0.4042 0.2460
1 -0.4196 0.2475
112 1251 6
0 -0.1908 0.1517
1 -0.1986 0.1440
1 -0.2078 0.1378
1 -0.2187 0.1362
1 -0.1800 0.1301
1 -0.1908 0.1517
112 1251 6
0 -0.1831 0.2800
1 -0.2202 0.2738
1 -0.2094 0.2707
1 -0.2032 0.2661
1 -0.1970 0.2584
1 -0.1831 0.2800
112 1251 33
0 -0.2218 0.3032
1 -0.2434 0.2970
1 -0.2449 0.2970
1 -0.2635 0.2800
1 -0.2681 0.2738
1 -0.2759 0.2506
1 -0.2805 0.2305
1 -0.2820 0.2043
1 -0.2805 0.1811
1 -0.2759 0.1594
1 -0.2743 0.1502
1 -0.2635 0.1301
1 -0.2619 0.1270
1 -0.2449 0.1115
1 -0.2449 0.1115
1 -0.2218 0.1069
1 -0.2032 0.1100
1 -0.1908 0.1177
1 -0.1800 0.1301
1 -0.2187 0.1362
1 -0.2310 0.1393
1 -0.2403 0.1502
1 -0.2465 0.1718
1 -0.2480 0.1795
1 -0.2480 0.2043
1 -0.2480 0.2166
1 -0.2465 0.2383
1 -0.2403 0.2599
1 -0.2310 0.2707
1 -0.2202 0.2738
1 -0.1831 0.2800
1 -0.1924 0.2924
1 -0.2048 0.3001
112 1251 8
0 -0.1476 0.1316
1 -0.1398 0.1177
1 -0.1290 0.1100
1 -0.1151 0.1069
1 -0.1027 0.1100
1 -0.0934 0.1146
1 -0.0873 0.1223
1 -0.1476 0.1316
112 1251 9
0 -0.1460 0.1733
1 -0.1506 0.1486
1 -0.1476 0.1316
1 -0.1027 0.1316
1 -0.1135 0.1362
1 -0.1182 0.1502
1 -0.1135 0.1641
1 -0.1027 0.1672
1 -0.1460 0.1733
112 1251 7
0 -0.1074 0.1919
1 -0.1197 0.1903
1 -0.1383 0.1811
1 -0.0873 0.1873
1 -0.0934 0.1888
1 -0.0996 0.1903
1 -0.1074 0.1919
112 1251 22
0 -0.0672 0.2367
1 -0.1089 0.2166
1 -0.0934 0.2135
1 -0.0873 0.2027
1 -0.0873 0.1873
1 -0.1383 0.1811
1 -0.1460 0.1733
1 -0.1027 0.1672
1 -0.0965 0.1672
1 -0.0919 0.1672
1 -0.0873 0.1656
1 -0.0873 0.1393
1 -0.0919 0.1362
1 -0.0965 0.1331
1 -0.1027 0.1316
1 -0.1476 0.1316
1 -0.0873 0.1223
1 -0.0857 0.1100
1 -0.0563 0.1100
1 -0.0563 0.2058
1 -0.0579 0.2166
1 -0.0672 0.2367
112 1251 11
0 -0.0996 0.2475
1 -0.1182 0.2460
1 -0.1321 0.2429
1 -0.1429 0.2383
1 -0.1367 0.2104
1 -0.1275 0.2135
1 -0.1197 0.2166
1 -0.1089 0.2166
1 -0.0672 0.2367
1 -0.0764 0.2429
1 -0.0996 0.2475
112 1251 11
0 0.0457 0.2475
1 0.0333 0.2445
1 0.0256 0.2398
1 0.0194 0.2321
1 0.0395 0.2166
1 0.0457 0.2166
1 0.0503 0.2151
1 0.0565 0.2135
1 0.0580 0.2445
1 0.0519 0.2460
1 0.0457 0.2475
112 1251 9
0 0.0163 0.2475
1 -0.0100 0.2414
1 -0.0100 0.1100
1 0.0225 0.1100
1 0.0225 0.2120
1 0.0287 0.2151
1 0.0395 0.2166
1 0.0194 0.2321
1 0.0163 0.2475
112 1251 7
0 0.0936 0.1223
1 0.1060 0.1100
1 0.1214 0.1069
1 0.1322 0.1084
1 0.1415 0.1146
1 0.1477 0.1223
1 0.0936 0.1223
112 1251 18
0 0.0936 0.2305
1 0.0843 0.2089
1 0.0812 0.2012
1 0.0797 0.1764
1 0.0797 0.1672
1 0.0828 0.1455
1 0.0843 0.1440
1 0.0936 0.1223
1 0.1322 0.1347
1 0.1230 0.1362
1 0.1168 0.1440
1 0.1137 0.1563
1 0.1122 0.1749
1 0.1137 0.1965
1 0.1168 0.2104
1 0.1230 0.2166
1 0.1322 0.2197
1 0.0936 0.2305
112 1251 6
0 0.1276 0.2475
1 0.1091 0.2429
1 0.0936 0.2305
1 0.1462 0.2414
1 0.1384 0.2460
1 0.1276 0.2475
112 1251 16
0 0.1786 0.3032
1 0.1462 0.2970
1 0.1462 0.2414
1 0.0936 0.2305
1 0.0936 0.2305
1 0.1322 0.2197
1 0.1400 0.2182
1 0.1462 0.2151
1 0.1462 0.1393
1 0.1415 0.1362
1 0.1369 0.1347
1 0.1322 0.1347
1 0.0936 0.1223
1 0.1477 0.1223
1 0.1493 0.1100
1 0.1786 0.1100
112 1251 7
0 0.2590 0.2429
1 0.2157 0.2429
1 0.2157 0.2166
1 0.2281 0.2166
1 0.2281 0.1100
1 0.2590 0.1100
1 0.2590 0.2429
112 1251 9
0 0.2435 0.3063
1 0.2296 0.3001
1 0.2250 0.2862
1 0.2296 0.2723
1 0.2435 0.2676
1 0.2575 0.2723
1 0.2621 0.2862
1 0.2575 0.3001
1 0.2435 0.3063
112 1251 10
0 0.3657 0.1378
1 0.3626 0.1362
1 0.3518 0.1362
1 0.3177 0.1161
1 0.3208 0.1131
1 0.3425 0.1069
1 0.3533 0.1069
1 0.3610 0.1100
1 0.3688 0.1131
1 0.3657 0.1378
112 1251 17
0 0.3394 0.2769
1 0.3085 0.2692
1 0.3085 0.2429
1 0.2946 0.2429
1 0.2946 0.2166
1 0.3085 0.2166
1 0.3085 0.1455
1 0.3085 0.1362
1 0.3177 0.1161
1 0.3518 0.1362
1 0.3425 0.1409
1 0.3394 0.1548
1 0.3394 0.2166
1 0.3657 0.2166
1 0.3672 0.2429
1 0.3394 0.2429
1 0.3394 0.2769
112 1251 8
0 0.4028 0.1316
1 0.4105 0.1177
1 0.4229 0.1100
1 0.4352 0.1069
1 0.4491 0.1100
1 0.4569 0.1146
1 0.4646 0.1223
1 0.4028 0.1316
112 1251 9
0 0.4059 0.1733
1 0.3997 0.1486
1 0.4028 0.1316
1 0.4476 0.1316
1 0.4368 0.1362
1 0.4321 0.1502
1 0.4368 0.1641
1 0.4491 0.1672
1 0.4059 0.1733
112 1251 7
0 0.4430 0.1919
1 0.4321 0.1903
1 0.4120 0.1811
1 0.4631 0.1873
1 0.4569 0.1888
1 0.4507 0.1903
1 0.4430 0.1919
112 1251 22
0 0.4832 0.2367
1 0.4414 0.2166
1 0.4584 0.2135
1 0.4631 0.2027
1 0.4631 0.1873
1 0.4120 0.1811
1 0.4059 0.1733
1 0.4491 0.1672
1 0.4538 0.1672
1 0.4584 0.1672
1 0.4631 0.1656
1 0.4631 0.1393
1 0.4584 0.1362
1 0.4538 0.1331
1 0.4476 0.1316
1 0.4028 0.1316
1 0.4646 0.1223
1 0.4662 0.1100
1 0.4940 0.1100
1 0.4940 0.2058
1 0.4940 0.2166
1 0.4832 0.2367
112 1251 11
0 0.4507 0.2475
1 0.4337 0.2460
1 0.4198 0.2429
1 0.4074 0.2383
1 0.4151 0.2104
1 0.4229 0.2135
1 0.4306 0.2166
1 0.4414 0.2166
1 0.4832 0.2367
1 0.4754 0.2429
1 0.4507 0.2475
112 1251 6
0 0.5419 0.1440
1 0.5326 0.1223
1 0.5713 0.1331
1 0.5604 0.1347
1 0.5512 0.1393
1 0.5419 0.1440
112 1251 27
0 0.5388 0.2244
1 0.5357 0.2089
1 0.5404 0.1903
1 0.5496 0.1780
1 0.5620 0.1687
1 0.5744 0.1625
1 0.5852 0.1563
1 0.5883 0.1471
1 0.5883 0.1424
1 0.5713 0.1331
1 0.5326 0.1223
1 0.5434 0.1146
1 0.5558 0.1084
1 0.5728 0.1069
1 0.5914 0.1100
1 0.6053 0.1192
1 0.6161 0.1331
1 0.6192 0.1502
1 0.6146 0.1672
1 0.6053 0.1795
1 0.5929 0.1873
1 0.5805 0.1934
1 0.5697 0.1996
1 0.5666 0.2089
1 0.5697 0.2182
1 0.5790 0.2213
1 0.5388 0.2244
112 1251 12
0 0.5790 0.2475
1 0.5620 0.2445
1 0.5481 0.2367
1 0.5388 0.2244
1 0.5790 0.2213
1 0.5898 0.2197
1 0.5991 0.2166
1 0.6084 0.2120
1 0.6176 0.2352
1 0.6068 0.2414
1 0.5945 0.2460
1 0.5790 0.2475
4 1 1
 0 -0.9000 0.0760
 1 -0.9000 0.0760
 1 -0.8777 0.0223
 1 -0.8240 0.0000
 1 0.8240 0.0000
 1 0.8240 0.0000
 1 0.8777 0.0223
 1 0.9000 0.0760
 1 0.9000 0.9240
 1 0.9000 0.9240
 1 0.8777 0.9777
 1 0.8240 1.0000
 1 -0.8240 1.0000
 1 -0.8240 1.0000
 1 -0.8777 0.9777
 1 -0.9000 0.9240
 1 -0.9000 0.0761
4 1 1
 0 0.8810 0.0760
 1 0.8810 0.9240
 1 0.8810 0.9240
 1 0.8643 0.9643
 1 0.8240 0.9810
 1 -0.8240 0.9810
 1 -0.8240 0.9810
 1 -0.8643 0.9643
 1 -0.8810 0.9240
 1 -0.8810 0.0760
 1 -0.8810 0.0760
 1 -0.8643 0.0357
 1 -0.8240 0.0190
 1 0.8240 0.0190
 1 0.8240 0.0190
 1 0.8643 0.0357
 1 0.8810 0.0760
4 1 1
 0 0.8430 0.0760
 1 0.8430 0.9240
 1 0.8430 0.9240
 1 0.8374 0.9374
 1 0.8240 0.9430
 1 -0.8240 0.9430
 1 -0.8240 0.9430
 1 -0.8374 0.9374
 1 -0.8430 0.9240
 1 -0.8430 0.0760
 1 -0.8430 0.0760
 1 -0.8374 0.0626
 1 -0.8240 0.0570
 1 0.8240 0.0570
 1 0.8240 0.0570
 1 0.8374 0.0626
 1 0.8430 0.0760
4 1 1
 0 -0.5866 0.9076
 1 -0.6716 0.9076
 1 -0.6716 0.7175
 1 -0.5866 0.7175
 1 -0.5866 0.7469
 1 -0.6407 0.7469
 1 -0.6407 0.8010
 1 -0.5989 0.8010
 1 -0.5959 0.8288
 1 -0.6407 0.8288
 1 -0.6407 0.8783
 1 -0.5866 0.8783
 1 -0.5866 0.9076
4 1 1
 0 -0.5433 0.7515
 1 -0.5541 0.7299
 1 -0.5155 0.7407
 1 -0.5263 0.7422
 1 -0.5356 0.7469
 1 -0.5433 0.7515
4 1 1
 0 -0.5464 0.8319
 1 -0.5510 0.8164
 1 -0.5464 0.7979
 1 -0.5371 0.7855
 1 -0.5232 0.7778
 1 -0.5108 0.7700
 1 -0.5016 0.7639
 1 -0.4985 0.7561
 1 -0.4985 0.7515
 1 -0.5155 0.7407
 1 -0.5541 0.7299
 1 -0.5433 0.7221
 1 -0.5294 0.7159
 1 -0.5124 0.7144
 1 -0.4954 0.7175
 1 -0.4799 0.7268
 1 -0.4706 0.7407
 1 -0.4675 0.7577
 1 -0.4706 0.7747
 1 -0.4815 0.7870
 1 -0.4938 0.7948
 1 -0.5062 0.8010
 1 -0.5155 0.8071
 1 -0.5201 0.8164
 1 -0.5155 0.8257
 1 -0.5062 0.8288
 1 -0.5464 0.8319
4 1 1
 0 -0.5062 0.8551
 1 -0.5247 0.8520
 1 -0.5387 0.8442
 1 -0.5464 0.8319
 1 -0.5062 0.8288
 1 -0.4954 0.8272
 1 -0.4861 0.8241
 1 -0.4784 0.8195
 1 -0.4691 0.8427
 1 -0.4784 0.8489
 1 -0.4907 0.8535
 1 -0.5062 0.8551
4 1 1
 0 -0.3702 0.7469
 1 -0.3733 0.7453
 1 -0.3841 0.7438
 1 -0.4196 0.7237
 1 -0.4165 0.7206
 1 -0.3933 0.7144
 1 -0.3841 0.7144
 1 -0.3748 0.7175
 1 -0.3686 0.7206
 1 -0.3702 0.7469
4 1 1
 0 -0.3964 0.8844
 1 -0.4289 0.8767
 1 -0.4289 0.8504
 1 -0.4413 0.8504
 1 -0.4413 0.8241
 1 -0.4289 0.8241
 1 -0.4289 0.7530
 1 -0.4274 0.7438
 1 -0.4196 0.7237
 1 -0.3841 0.7438
 1 -0.3949 0.7484
 1 -0.3964 0.7623
 1 -0.3964 0.8241
 1 -0.3702 0.8241
 1 -0.3686 0.8504
 1 -0.3964 0.8504
 1 -0.3964 0.8844
4 1 1
 0 -0.3331 0.7391
 1 -0.3253 0.7252
 1 -0.3130 0.7175
 1 -0.3006 0.7144
 1 -0.2882 0.7175
 1 -0.2790 0.7221
 1 -0.2712 0.7299
 1 -0.3331 0.7391
4 1 1
 0 -0.3300 0.7809
 1 -0.3361 0.7577
 1 -0.3331 0.7391
 1 -0.2882 0.7391
 1 -0.2990 0.7453
 1 -0.3037 0.7577
 1 -0.2990 0.7716
 1 -0.2867 0.7747
 1 -0.3300 0.7809
4 1 1
 0 -0.2929 0.7994
 1 -0.3052 0.7979
 1 -0.3238 0.7886
 1 -0.2728 0.7948
 1 -0.2790 0.7963
 1 -0.2851 0.7979
 1 -0.2929 0.7994
4 1 1
 0 -0.2527 0.8442
 1 -0.2944 0.8257
 1 -0.2774 0.8211
 1 -0.2728 0.8102
 1 -0.2728 0.7948
 1 -0.3238 0.7886
 1 -0.3300 0.7809
 1 -0.2867 0.7747
 1 -0.2820 0.7747
 1 -0.2774 0.7747
 1 -0.2728 0.7731
 1 -0.2728 0.7469
 1 -0.2774 0.7438
 1 -0.2820 0.7407
 1 -0.2882 0.7391
 1 -0.3331 0.7391
 1 -0.2712 0.7299
 1 -0.2697 0.7175
 1 -0.2419 0.7175
 1 -0.2419 0.8133
 1 -0.2434 0.8241
 1 -0.2527 0.8442
4 1 1
 0 -0.2851 0.8551
 1 -0.3037 0.8535
 1 -0.3161 0.8504
 1 -0.3284 0.8458
 1 -0.3222 0.8180
 1 -0.3130 0.8211
 1 -0.3052 0.8241
 1 -0.2944 0.8257
 1 -0.2527 0.8442
 1 -0.2619 0.8504
 1 -0.2851 0.8551
4 1 1
 0 -0.1244 0.7515
 1 -0.1321 0.7453
 1 -0.1476 0.7422
 1 -0.1862 0.7329
 1 -0.1707 0.7190
 1 -0.1506 0.7144
 1 -0.1367 0.7159
 1 -0.1259 0.7206
 1 -0.1166 0.7268
 1 -0.1244 0.7515
4 1 1
 0 -0.1847 0.8365
 1 -0.1955 0.8164
 1 -0.1986 0.8087
 1 -0.2001 0.7840
 1 -0.2001 0.7778
 1 -0.1970 0.7546
 1 -0.1970 0.7530
 1 -0.1862 0.7329
 1 -0.1476 0.7422
 1 -0.1630 0.7515
 1 -0.1661 0.7577
 1 -0.1692 0.7840
 1 -0.1677 0.8041
 1 -0.1630 0.8180
 1 -0.1568 0.8257
 1 -0.1476 0.8272
 1 -0.1847 0.8365
4 1 1
 0 -0.1491 0.8551
 1 -0.1677 0.8504
 1 -0.1847 0.8381
 1 -0.1847 0.8365
 1 -0.1476 0.8272
 1 -0.1367 0.8241
 1 -0.1259 0.8180
 1 -0.1151 0.8412
 1 -0.1244 0.8489
 1 -0.1352 0.8535
 1 -0.1491 0.8551
4 1 1
 0 -0.0471 0.8504
 1 -0.0904 0.8504
 1 -0.0904 0.8241
 1 -0.0780 0.8241
 1 -0.0780 0.7175
 1 -0.0471 0.7175
 1 -0.0471 0.8504
4 1 1
 0 -0.0625 0.9138
 1 -0.0749 0.9076
 1 -0.0811 0.8937
 1 -0.0749 0.8798
 1 -0.0625 0.8752
 1 -0.0486 0.8798
 1 -0.0440 0.8937
 1 -0.0486 0.9076
 1 -0.0625 0.9138
4 1 1
 0 0.0101 0.8365
 1 -0.0007 0.8149
 1 -0.0022 0.8087
 1 -0.0053 0.7840
 1 -0.0038 0.7747
 1 -0.0007 0.7515
 1 0.0086 0.7329
 1 0.0256 0.7190
 1 0.0472 0.7144
 1 0.0689 0.7190
 1 0.0859 0.7329
 1 0.0905 0.7376
 1 0.0472 0.7407
 1 0.0318 0.7515
 1 0.0302 0.7592
 1 0.0271 0.7840
 1 0.0271 0.7963
 1 0.0318 0.8180
 1 0.0472 0.8272
 1 0.0101 0.8365
4 1 1
 0 0.0472 0.8551
 1 0.0271 0.8504
 1 0.0101 0.8365
 1 0.0101 0.8365
 1 0.0472 0.8272
 1 0.0627 0.8180
 1 0.0658 0.8102
 1 0.0689 0.7840
 1 0.0673 0.7731
 1 0.0642 0.7515
 1 0.0472 0.7407
 1 0.0905 0.7376
 1 0.0982 0.7577
 1 0.0998 0.7840
 1 0.0998 0.7917
 1 0.0967 0.8149
 1 0.0951 0.8164
 1 0.0859 0.8365
 1 0.0689 0.8504
 1 0.0472 0.8551
4 1 1
 0 0.0766 0.9154
 1 0.0457 0.9154
 1 0.0349 0.8736
 1 0.0596 0.8736
 1 0.0766 0.9154
4 1 1
 0 0.1663 0.8551
 1 0.1415 0.8489
 1 0.1415 0.7175
 1 0.1724 0.7175
 1 0.1724 0.8195
 1 0.1802 0.8241
 1 0.1894 0.8257
 1 0.1693 0.8427
 1 0.1663 0.8551
4 1 1
 0 0.2003 0.8551
 1 0.1817 0.8504
 1 0.1693 0.8427
 1 0.1894 0.8257
 1 0.2003 0.8211
 1 0.2049 0.8056
 1 0.2049 0.7175
 1 0.2358 0.7175
 1 0.2358 0.8087
 1 0.2343 0.8226
 1 0.2265 0.8427
 1 0.2219 0.8489
 1 0.2003 0.8551
4 1 1
 0 0.3595 0.7299
 1 0.3719 0.7175
 1 0.3873 0.7144
 1 0.3981 0.7159
 1 0.4074 0.7221
 1 0.4136 0.7299
 1 0.3595 0.7299
4 1 1
 0 0.3595 0.8381
 1 0.3502 0.8164
 1 0.3487 0.8087
 1 0.3456 0.7840
 1 0.3456 0.7747
 1 0.3502 0.7530
 1 0.3502 0.7515
 1 0.3595 0.7299
 1 0.3981 0.7422
 1 0.3889 0.7438
 1 0.3842 0.7515
 1 0.3796 0.7639
 1 0.3780 0.7824
 1 0.3796 0.8041
 1 0.3827 0.8180
 1 0.3889 0.8257
 1 0.3981 0.8272
 1 0.3595 0.8381
4 1 1
 0 0.3935 0.8551
 1 0.3749 0.8504
 1 0.3595 0.8381
 1 0.4120 0.8489
 1 0.4043 0.8535
 1 0.3935 0.8551
4 1 1
 0 0.4445 0.9107
 1 0.4120 0.9045
 1 0.4120 0.8489
 1 0.3595 0.8381
 1 0.3595 0.8381
 1 0.3981 0.8272
 1 0.4059 0.8257
 1 0.4120 0.8226
 1 0.4120 0.7469
 1 0.4074 0.7453
 1 0.4043 0.7422
 1 0.3981 0.7422
 1 0.3595 0.7299
 1 0.4136 0.7299
 1 0.4151 0.7175
 1 0.4445 0.7175
 1 0.4445 0.9107
4 1 1
 0 0.5682 0.7515
 1 0.5604 0.7469
 1 0.5512 0.7438
 1 0.5404 0.7422
 1 0.5002 0.7314
 1 0.5156 0.7190
 1 0.5373 0.7144
 1 0.5543 0.7159
 1 0.5666 0.7221
 1 0.5775 0.7299
 1 0.5682 0.7515
4 1 1
 0 0.5017 0.8365
 1 0.4909 0.8149
 1 0.4878 0.8071
 1 0.4862 0.7824
 1 0.4862 0.7747
 1 0.4909 0.7499
 1 0.5002 0.7314
 1 0.5404 0.7422
 1 0.5233 0.7499
 1 0.5218 0.7515
 1 0.5187 0.7762
 1 0.5821 0.7762
 1 0.5821 0.7840
 1 0.5821 0.7948
 1 0.5187 0.7963
 1 0.5233 0.8180
 1 0.5357 0.8272
 1 0.5017 0.8365
4 1 1
 0 0.5373 0.8551
 1 0.5187 0.8504
 1 0.5017 0.8381
 1 0.5017 0.8365
 1 0.5357 0.8272
 1 0.5465 0.8211
 1 0.5512 0.7963
 1 0.5187 0.7963
 1 0.5821 0.7948
 1 0.5790 0.8180
 1 0.5790 0.8180
 1 0.5697 0.8396
 1 0.5558 0.8520
 1 0.5373 0.8551
4 1 1
 0 -0.3980 0.6031
 1 -0.4289 0.6031
 1 -0.4629 0.5088
 1 -0.4706 0.4547
 1 -0.4567 0.4547
 1 -0.4320 0.5181
 1 -0.4274 0.5382
 1 -0.3980 0.6031
4 1 1
 0 -0.3980 0.6031
 1 -0.4274 0.5382
 1 -0.4258 0.5366
 1 -0.4274 0.5181
 1 -0.4274 0.4130
 1 -0.3980 0.4130
 1 -0.3980 0.6031
4 1 1
 0 -0.4969 0.6031
 1 -0.5294 0.6031
 1 -0.5294 0.4130
 1 -0.5000 0.4130
 1 -0.5000 0.5181
 1 -0.5016 0.5366
 1 -0.5000 0.5382
 1 -0.4969 0.6031
4 1 1
 0 -0.4969 0.6031
 1 -0.5000 0.5382
 1 -0.4954 0.5181
 1 -0.4706 0.4547
 1 -0.4629 0.5088
 1 -0.4969 0.6031
4 1 1
 0 -0.2728 0.4485
 1 -0.2820 0.4423
 1 -0.2898 0.4392
 1 -0.3006 0.4377
 1 -0.3408 0.4284
 1 -0.3269 0.4160
 1 -0.3037 0.4099
 1 -0.2882 0.4130
 1 -0.2759 0.4176
 1 -0.2635 0.4253
 1 -0.2728 0.4485
4 1 1
 0 -0.3408 0.5320
 1 -0.3516 0.5119
 1 -0.3532 0.5042
 1 -0.3562 0.4794
 1 -0.3562 0.4701
 1 -0.3516 0.4470
 1 -0.3408 0.4284
 1 -0.3006 0.4377
 1 -0.3176 0.4470
 1 -0.3191 0.4485
 1 -0.3238 0.4717
 1 -0.2589 0.4717
 1 -0.2589 0.4810
 1 -0.2604 0.4918
 1 -0.3238 0.4933
 1 -0.3191 0.5134
 1 -0.3052 0.5243
 1 -0.3408 0.5320
4 1 1
 0 -0.3037 0.5505
 1 -0.3238 0.5474
 1 -0.3392 0.5335
 1 -0.3408 0.5320
 1 -0.3052 0.5243
 1 -0.2960 0.5181
 1 -0.2913 0.4933
 1 -0.3238 0.4933
 1 -0.2604 0.4918
 1 -0.2619 0.5134
 1 -0.2619 0.5134
 1 -0.2712 0.5351
 1 -0.2851 0.5474
 1 -0.3037 0.5505
4 1 1
 0 -0.2109 0.4269
 1 -0.1986 0.4145
 1 -0.1831 0.4099
 1 -0.1707 0.4130
 1 -0.1630 0.4176
 1 -0.1568 0.4253
 1 -0.2109 0.4269
4 1 1
 0 -0.2109 0.5335
 1 -0.2202 0.5119
 1 -0.2218 0.5057
 1 -0.2248 0.4810
 1 -0.2233 0.4717
 1 -0.2202 0.4485
 1 -0.2202 0.4485
 1 -0.2109 0.4269
 1 -0.1723 0.4377
 1 -0.1800 0.4408
 1 -0.1862 0.4470
 1 -0.1908 0.4593
 1 -0.1924 0.4794
 1 -0.1908 0.5011
 1 -0.1862 0.5150
 1 -0.1800 0.5212
 1 -0.1723 0.5227
 1 -0.2109 0.5335
4 1 1
 0 -0.1769 0.5505
 1 -0.1955 0.5474
 1 -0.2094 0.5335
 1 -0.1568 0.5459
 1 -0.1661 0.5490
 1 -0.1769 0.5505
4 1 1
 0 -0.1259 0.6062
 1 -0.1568 0.6000
 1 -0.1568 0.5459
 1 -0.2094 0.5335
 1 -0.2109 0.5335
 1 -0.1723 0.5227
 1 -0.1630 0.5212
 1 -0.1568 0.5181
 1 -0.1568 0.4439
 1 -0.1615 0.4408
 1 -0.1661 0.4392
 1 -0.1723 0.4377
 1 -0.2109 0.4269
 1 -0.1568 0.4253
 1 -0.1553 0.4130
 1 -0.1259 0.4130
 1 -0.1259 0.6062
4 1 1
 0 -0.0455 0.5474
 1 -0.0888 0.5474
 1 -0.0888 0.5196
 1 -0.0764 0.5196
 1 -0.0764 0.4130
 1 -0.0455 0.4130
 1 -0.0455 0.5474
4 1 1
 0 -0.0610 0.6108
 1 -0.0734 0.6046
 1 -0.0795 0.5907
 1 -0.0734 0.5768
 1 -0.0610 0.5706
 1 -0.0471 0.5768
 1 -0.0409 0.5907
 1 -0.0471 0.6046
 1 -0.0610 0.6108
4 1 1
 0 0.0735 0.4485
 1 0.0642 0.4408
 1 0.0503 0.4377
 1 0.0117 0.4284
 1 0.0271 0.4145
 1 0.0457 0.4099
 1 0.0611 0.4130
 1 0.0720 0.4160
 1 0.0812 0.4238
 1 0.0735 0.4485
4 1 1
 0 0.0117 0.5335
 1 0.0008 0.5119
 1 -0.0007 0.5042
 1 -0.0022 0.4794
 1 -0.0022 0.4732
 1 0.0008 0.4501
 1 0.0008 0.4501
 1 0.0117 0.4284
 1 0.0503 0.4377
 1 0.0333 0.4470
 1 0.0318 0.4547
 1 0.0287 0.4794
 1 0.0302 0.5011
 1 0.0349 0.5134
 1 0.0410 0.5212
 1 0.0503 0.5227
 1 0.0117 0.5335
4 1 1
 0 0.0488 0.5505
 1 0.0302 0.5474
 1 0.0132 0.5335
 1 0.0117 0.5335
 1 0.0503 0.5227
 1 0.0596 0.5212
 1 0.0720 0.5150
 1 0.0828 0.5382
 1 0.0735 0.5443
 1 0.0627 0.5490
 1 0.0488 0.5505
4 1 1
 0 0.1508 0.5474
 1 0.1060 0.5474
 1 0.1060 0.5196
 1 0.1199 0.5196
 1 0.1199 0.4130
 1 0.1508 0.4130
 1 0.1508 0.5474
4 1 1
 0 0.1353 0.6108
 1 0.1214 0.6046
 1 0.1168 0.5907
 1 0.1214 0.5768
 1 0.1353 0.5706
 1 0.1493 0.5768
 1 0.1539 0.5907
 1 0.1493 0.6046
 1 0.1353 0.6108
4 1 1
 0 0.2064 0.5320
 1 0.1972 0.5119
 1 0.1956 0.5042
 1 0.1925 0.4810
 1 0.1925 0.4717
 1 0.1972 0.4470
 1 0.2064 0.4284
 1 0.2219 0.4160
 1 0.2451 0.4099
 1 0.2667 0.4145
 1 0.2837 0.4284
 1 0.2868 0.4346
 1 0.2451 0.4377
 1 0.2296 0.4485
 1 0.2265 0.4547
 1 0.2250 0.4810
 1 0.2250 0.4933
 1 0.2296 0.5134
 1 0.2451 0.5227
 1 0.2064 0.5320
4 1 1
 0 0.2451 0.5505
 1 0.2250 0.5474
 1 0.2080 0.5335
 1 0.2064 0.5320
 1 0.2451 0.5227
 1 0.2606 0.5134
 1 0.2636 0.5057
 1 0.2652 0.4810
 1 0.2652 0.4686
 1 0.2606 0.4485
 1 0.2451 0.4377
 1 0.2868 0.4346
 1 0.2946 0.4547
 1 0.2977 0.4810
 1 0.2977 0.4887
 1 0.2930 0.5119
 1 0.2930 0.5119
 1 0.2822 0.5335
 1 0.2667 0.5474
 1 0.2451 0.5505
4 1 1
 0 0.2745 0.6124
 1 0.2435 0.6124
 1 0.2327 0.5691
 1 0.2575 0.5691
 1 0.2745 0.6124
4 1 1
 0 0.3641 0.5505
 1 0.3394 0.5459
 1 0.3394 0.4130
 1 0.3703 0.4130
 1 0.3703 0.5165
 1 0.3765 0.5196
 1 0.3873 0.5212
 1 0.3672 0.5382
 1 0.3641 0.5505
4 1 1
 0 0.3966 0.5505
 1 0.3796 0.5474
 1 0.3672 0.5382
 1 0.3873 0.5212
 1 0.3981 0.5165
 1 0.4012 0.5026
 1 0.4012 0.4130
 1 0.4321 0.4130
 1 0.4321 0.5057
 1 0.4321 0.5196
 1 0.4244 0.5397
 1 0.4198 0.5443
 1 0.3966 0.5505
4 1 1
 0 -0.6747 0.3001
 1 -0.7056 0.3001
 1 -0.7056 0.1100
 1 -0.6252 0.1100
 1 -0.6252 0.1393
 1 -0.6747 0.1393
 1 -0.6747 0.3001
4 1 1
 0 -0.5959 0.1316
 1 -0.5881 0.1177
 1 -0.5758 0.1100
 1 -0.5634 0.1069
 1 -0.5510 0.1100
 1 -0.5417 0.1146
 1 -0.5340 0.1223
 1 -0.5959 0.1316
4 1 1
 0 -0.5928 0.1733
 1 -0.5989 0.1486
 1 -0.5959 0.1316
 1 -0.5510 0.1316
 1 -0.5618 0.1362
 1 -0.5665 0.1502
 1 -0.5618 0.1641
 1 -0.5495 0.1672
 1 -0.5928 0.1733
4 1 1
 0 -0.5557 0.1919
 1 -0.5680 0.1903
 1 -0.5866 0.1811
 1 -0.5356 0.1873
 1 -0.5417 0.1888
 1 -0.5479 0.1903
 1 -0.5557 0.1919
4 1 1
 0 -0.5155 0.2367
 1 -0.5572 0.2166
 1 -0.5402 0.2135
 1 -0.5356 0.2027
 1 -0.5356 0.1873
 1 -0.5866 0.1811
 1 -0.5928 0.1733
 1 -0.5495 0.1672
 1 -0.5448 0.1672
 1 -0.5402 0.1672
 1 -0.5356 0.1656
 1 -0.5356 0.1393
 1 -0.5402 0.1362
 1 -0.5448 0.1331
 1 -0.5510 0.1316
 1 -0.5959 0.1316
 1 -0.5340 0.1223
 1 -0.5325 0.1100
 1 -0.5046 0.1100
 1 -0.5046 0.2058
 1 -0.5062 0.2166
 1 -0.5155 0.2367
4 1 1
 0 -0.5479 0.2475
 1 -0.5665 0.2460
 1 -0.5788 0.2429
 1 -0.5912 0.2383
 1 -0.5850 0.2104
 1 -0.5758 0.2135
 1 -0.5680 0.2166
 1 -0.5572 0.2166
 1 -0.5155 0.2367
 1 -0.5247 0.2429
 1 -0.5479 0.2475
4 1 1
 0 -0.4567 0.1440
 1 -0.4660 0.1223
 1 -0.4274 0.1331
 1 -0.4382 0.1347
 1 -0.4475 0.1393
 1 -0.4567 0.1440
4 1 1
 0 -0.4598 0.2244
 1 -0.4629 0.2089
 1 -0.4598 0.1903
 1 -0.4490 0.1780
 1 -0.4366 0.1687
 1 -0.4243 0.1625
 1 -0.4150 0.1563
 1 -0.4104 0.1471
 1 -0.4104 0.1424
 1 -0.4274 0.1331
 1 -0.4660 0.1223
 1 -0.4552 0.1146
 1 -0.4428 0.1084
 1 -0.4258 0.1069
 1 -0.4073 0.1100
 1 -0.3933 0.1192
 1 -0.3841 0.1331
 1 -0.3794 0.1502
 1 -0.3841 0.1672
 1 -0.3933 0.1795
 1 -0.4057 0.1873
 1 -0.4181 0.1934
 1 -0.4289 0.1996
 1 -0.4320 0.2089
 1 -0.4289 0.2182
 1 -0.4196 0.2213
 1 -0.4598 0.2244
4 1 1
 0 -0.4196 0.2475
 1 -0.4366 0.2445
 1 -0.4505 0.2367
 1 -0.4598 0.2244
 1 -0.4196 0.2213
 1 -0.4088 0.2197
 1 -0.3995 0.2166
 1 -0.3903 0.2120
 1 -0.3810 0.2352
 1 -0.3918 0.2414
 1 -0.4042 0.2460
 1 -0.4196 0.2475
4 1 1
 0 -0.1908 0.1517
 1 -0.1986 0.1440
 1 -0.2078 0.1378
 1 -0.2187 0.1362
 1 -0.1800 0.1301
 1 -0.1908 0.1517
4 1 1
 0 -0.1831 0.2800
 1 -0.2202 0.2738
 1 -0.2094 0.2707
 1 -0.2032 0.2661
 1 -0.1970 0.2584
 1 -0.1831 0.2800
4 1 1
 0 -0.2218 0.3032
 1 -0.2434 0.2970
 1 -0.2449 0.2970
 1 -0.2635 0.2800
 1 -0.2681 0.2738
 1 -0.2759 0.2506
 1 -0.2805 0.2305
 1 -0.2820 0.2043
 1 -0.2805 0.1811
 1 -0.2759 0.1594
 1 -0.2743 0.1502
 1 -0.2635 0.1301
 1 -0.2619 0.1270
 1 -0.2449 0.1115
 1 -0.2449 0.1115
 1 -0.2218 0.1069
 1 -0.2032 0.1100
 1 -0.1908 0.1177
 1 -0.1800 0.1301
 1 -0.2187 0.1362
 1 -0.2310 0.1393
 1 -0.2403 0.1502
 1 -0.2465 0.1718
 1 -0.2480 0.1795
 1 -0.2480 0.2043
 1 -0.2480 0.2166
 1 -0.2465 0.2383
 1 -0.2403 0.2599
 1 -0.2310 0.2707
 1 -0.2202 0.2738
 1 -0.1831 0.2800
 1 -0.1924 0.2924
 1 -0.2048 0.3001
 1 -0.2218 0.3032
4 1 1
 0 -0.1476 0.1316
 1 -0.1398 0.1177
 1 -0.1290 0.1100
 1 -0.1151 0.1069
 1 -0.1027 0.1100
 1 -0.0934 0.1146
 1 -0.0873 0.1223
 1 -0.1476 0.1316
4 1 1
 0 -0.1460 0.1733
 1 -0.1506 0.1486
 1 -0.1476 0.1316
 1 -0.1027 0.1316
 1 -0.1135 0.1362
 1 -0.1182 0.1502
 1 -0.1135 0.1641
 1 -0.1027 0.1672
 1 -0.1460 0.1733
4 1 1
 0 -0.1074 0.1919
 1 -0.1197 0.1903
 1 -0.1383 0.1811
 1 -0.0873 0.1873
 1 -0.0934 0.1888
 1 -0.0996 0.1903
 1 -0.1074 0.1919
4 1 1
 0 -0.0672 0.2367
 1 -0.1089 0.2166
 1 -0.0934 0.2135
 1 -0.0873 0.2027
 1 -0.0873 0.1873
 1 -0.1383 0.1811
 1 -0.1460 0.1733
 1 -0.1027 0.1672
 1 -0.0965 0.1672
 1 -0.0919 0.1672
 1 -0.0873 0.1656
 1 -0.0873 0.1393
 1 -0.0919 0.1362
 1 -0.0965 0.1331
 1 -0.1027 0.1316
 1 -0.1476 0.1316
 1 -0.0873 0.1223
 1 -0.0857 0.1100
 1 -0.0563 0.1100
 1 -0.0563 0.2058
 1 -0.0579 0.2166
 1 -0.0672 0.2367
4 1 1
 0 -0.0996 0.2475
 1 -0.1182 0.2460
 1 -0.1321 0.2429
 1 -0.1429 0.2383
 1 -0.1367 0.2104
 1 -0.1275 0.2135
 1 -0.1197 0.2166
 1 -0.1089 0.2166
 1 -0.0672 0.2367
 1 -0.0764 0.2429
 1 -0.0996 0.2475
4 1 1
 0 0.0457 0.2475
 1 0.0333 0.2445
 1 0.0256 0.2398
 1 0.0194 0.2321
 1 0.0395 0.2166
 1 0.0457 0.2166
 1 0.0503 0.2151
 1 0.0565 0.2135
 1 0.0580 0.2445
 1 0.0519 0.2460
 1 0.0457 0.2475
4 1 1
 0 0.0163 0.2475
 1 -0.0100 0.2414
 1 -0.0100 0.1100
 1 0.0225 0.1100
 1 0.0225 0.2120
 1 0.0287 0.2151
 1 0.0395 0.2166
 1 0.0194 0.2321
 1 0.0163 0.2475
4 1 1
 0 0.0936 0.1223
 1 0.1060 0.1100
 1 0.1214 0.1069
 1 0.1322 0.1084
 1 0.1415 0.1146
 1 0.1477 0.1223
 1 0.0936 0.1223
4 1 1
 0 0.0936 0.2305
 1 0.0843 0.2089
 1 0.0812 0.2012
 1 0.0797 0.1764
 1 0.0797 0.1672
 1 0.0828 0.1455
 1 0.0843 0.1440
 1 0.0936 0.1223
 1 0.1322 0.1347
 1 0.1230 0.1362
 1 0.1168 0.1440
 1 0.1137 0.1563
 1 0.1122 0.1749
 1 0.1137 0.1965
 1 0.1168 0.2104
 1 0.1230 0.2166
 1 0.1322 0.2197
 1 0.0936 0.2305
4 1 1
 0 0.1276 0.2475
 1 0.1091 0.2429
 1 0.0936 0.2305
 1 0.1462 0.2414
 1 0.1384 0.2460
 1 0.1276 0.2475
4 1 1
 0 0.1786 0.3032
 1 0.1462 0.2970
 1 0.1462 0.2414
 1 0.0936 0.2305
 1 0.0936 0.2305
 1 0.1322 0.2197
 1 0.1400 0.2182
 1 0.1462 0.2151
 1 0.1462 0.1393
 1 0.1415 0.1362
 1 0.1369 0.1347
 1 0.1322 0.1347
 1 0.0936 0.1223
 1 0.1477 0.1223
 1 0.1493 0.1100
 1 0.1786 0.1100
 1 0.1786 0.3032
4 1 1
 0 0.2590 0.2429
 1 0.2157 0.2429
 1 0.2157 0.2166
 1 0.2281 0.2166
 1 0.2281 0.1100
 1 0.2590 0.1100
 1 0.2590 0.2429
4 1 1
 0 0.2435 0.3063
 1 0.2296 0.3001
 1 0.2250 0.2862
 1 0.2296 0.2723
 1 0.2435 0.2676
 1 0.2575 0.2723
 1 0.2621 0.2862
 1 0.2575 0.3001
 1 0.2435 0.3063
4 1 1
 0 0.3657 0.1378
 1 0.3626 0.1362
 1 0.3518 0.1362
 1 0.3177 0.1161
 1 0.3208 0.1131
 1 0.3425 0.1069
 1 0.3533 0.1069
 1 0.3610 0.1100
 1 0.3688 0.1131
 1 0.3657 0.1378
4 1 1
 0 0.3394 0.2769
 1 0.3085 0.2692
 1 0.3085 0.2429
 1 0.2946 0.2429
 1 0.2946 0.2166
 1 0.3085 0.2166
 1 0.3085 0.1455
 1 0.3085 0.1362
 1 0.3177 0.1161
 1 0.3518 0.1362
 1 0.3425 0.1409
 1 0.3394 0.1548
 1 0.3394 0.2166
 1 0.3657 0.2166
 1 0.3672 0.2429
 1 0.3394 0.2429
 1 0.3394 0.2769
4 1 1
 0 0.4028 0.1316
 1 0.4105 0.1177
 1 0.4229 0.1100
 1 0.4352 0.1069
 1 0.4491 0.1100
 1 0.4569 0.1146
 1 0.4646 0.1223
 1 0.4028 0.1316
4 1 1
 0 0.4059 0.1733
 1 0.3997 0.1486
 1 0.4028 0.1316
 1 0.4476 0.1316
 1 0.4368 0.1362
 1 0.4321 0.1502
 1 0.4368 0.1641
 1 0.4491 0.1672
 1 0.4059 0.1733
4 1 1
 0 0.4430 0.1919
 1 0.4321 0.1903
 1 0.4120 0.1811
 1 0.4631 0.1873
 1 0.4569 0.1888
 1 0.4507 0.1903
 1 0.4430 0.1919
4 1 1
 0 0.4832 0.2367
 1 0.4414 0.2166
 1 0.4584 0.2135
 1 0.4631 0.2027
 1 0.4631 0.1873
 1 0.4120 0.1811
 1 0.4059 0.1733
 1 0.4491 0.1672
 1 0.4538 0.1672
 1 0.4584 0.1672
 1 0.4631 0.1656
 1 0.4631 0.1393
 1 0.4584 0.1362
 1 0.4538 0.1331
 1 0.4476 0.1316
 1 0.4028 0.1316
 1 0.4646 0.1223
 1 0.4662 0.1100
 1 0.4940 0.1100
 1 0.4940 0.2058
 1 0.4940 0.2166
 1 0.4832 0.2367
4 1 1
 0 0.4507 0.2475
 1 0.4337 0.2460
 1 0.4198 0.2429
 1 0.4074 0.2383
 1 0.4151 0.2104
 1 0.4229 0.2135
 1 0.4306 0.2166
 1 0.4414 0.2166
 1 0.4832 0.2367
 1 0.4754 0.2429
 1 0.4507 0.2475
4 1 1
 0 0.5419 0.1440
 1 0.5326 0.1223
 1 0.5713 0.1331
 1 0.5604 0.1347
 1 0.5512 0.1393
 1 0.5419 0.1440
4 1 1
 0 0.5388 0.2244
 1 0.5357 0.2089
 1 0.5404 0.1903
 1 0.5496 0.1780
 1 0.5620 0.1687
 1 0.5744 0.1625
 1 0.5852 0.1563
 1 0.5883 0.1471
 1 0.5883 0.1424
 1 0.5713 0.1331
 1 0.5326 0.1223
 1 0.5434 0.1146
 1 0.5558 0.1084
 1 0.5728 0.1069
 1 0.5914 0.1100
 1 0.6053 0.1192
 1 0.6161 0.1331
 1 0.6192 0.1502
 1 0.6146 0.1672
 1 0.6053 0.1795
 1 0.5929 0.1873
 1 0.5805 0.1934
 1 0.5697 0.1996
 1 0.5666 0.2089
 1 0.5697 0.2182
 1 0.5790 0.2213
 1 0.5388 0.2244
4 1 1
 0 0.5790 0.2475
 1 0.5620 0.2445
 1 0.5481 0.2367
 1 0.5388 0.2244
 1 0.5790 0.2213
 1 0.5898 0.2197
 1 0.5991 0.2166
 1 0.6084 0.2120
 1 0.6176 0.2352
 1 0.6068 0.2414
 1 0.5945 0.2460
 1 0.5790 0.2475
