TACHON-CL
3579 25 1 1 0 0 0 0 0 0 1 1
1.0000
112 1462 5
 0 -0.2353 0.1412
 1 0.2353 0.1412
 1 0.2353 -0.1412
 1 -0.2353 -0.1412
 1 -0.2353 0.1412
112 1462 5
 0 -0.1600 0.0659
 1 0.1600 0.0659
 1 0.1600 -0.0659
 1 -0.1600 -0.0659
 1 -0.1600 0.0659
112 1462 6
 0 -0.1600 0.0659
 1 -0.1759 0.0875
 1 -0.1939 0.1074
 1 -0.2137 0.1253
 1 -0.2353 0.1412
 1 -0.1600 0.0659
112 1462 6
 0 -0.2353 -0.1412
 1 -0.2137 -0.1253
 1 -0.1939 -0.1074
 1 -0.1759 -0.0875
 1 -0.1600 -0.0659
 1 -0.2353 -0.1412
112 1462 6
 0 0.2353 0.1412
 1 0.2137 0.1253
 1 0.1939 0.1074
 1 0.1759 0.0875
 1 0.1600 0.0659
 1 0.2353 0.1412
112 1462 6
 0 0.1600 -0.0659
 1 0.1759 -0.0875
 1 0.1939 -0.1074
 1 0.2137 -0.1253
 1 0.2353 -0.1412
 1 0.1600 -0.0659
112 1462 5
 0 -0.2353 0.1412
 1 0.2353 0.1412
 1 0.2353 -0.1412
 1 -0.2353 -0.1412
 1 -0.2353 0.1412
112 1462 5
 0 -0.1600 0.0659
 1 0.1600 0.0659
 1 0.1600 -0.0659
 1 -0.1600 -0.0659
 1 -0.1600 0.0659
112 1462 5
 0 -0.1600 0.0659
 1 -0.1759 0.0875
 1 -0.1939 0.1074
 1 -0.2137 0.1253
 1 -0.2353 0.1412
112 1462 5
 0 -0.2353 -0.1412
 1 -0.2137 -0.1253
 1 -0.1939 -0.1074
 1 -0.1759 -0.0875
 1 -0.1600 -0.0659
112 1462 5
 0 0.2353 0.1412
 1 0.2137 0.1253
 1 0.1939 0.1074
 1 0.1759 0.0875
 1 0.1600 0.0659
112 1462 5
 0 0.1600 -0.0659
 1 0.1759 -0.0875
 1 0.1939 -0.1074
 1 0.2137 -0.1253
 1 0.2353 -0.1412
31 1328 6
 0 -0.2353 0.1412
 1 0.2353 0.1412
 1 0.2353 -0.1412
 1 -0.2353 -0.1412
 1 -0.2353 0.1412
 1 -0.2353 0.1412
31 1328 6
 0 -0.1600 0.0659
 1 0.1600 0.0659
 1 0.1600 -0.0659
 1 -0.1600 -0.0659
 1 -0.1600 0.0659
 1 -0.1600 0.0659
31 1328 6
 0 -0.1600 0.0659
 1 -0.1759 0.0875
 1 -0.1939 0.1074
 1 -0.2137 0.1253
 1 -0.2353 0.1412
 1 -0.1600 0.0659
31 1328 6
 0 -0.2353 -0.1412
 1 -0.2137 -0.1253
 1 -0.1939 -0.1074
 1 -0.1759 -0.0875
 1 -0.1600 -0.0659
 1 -0.2353 -0.1412
31 1328 6
 0 0.2353 0.1412
 1 0.2137 0.1253
 1 0.1939 0.1074
 1 0.1759 0.0875
 1 0.1600 0.0659
 1 0.2353 0.1412
31 1328 6
 0 0.1600 -0.0659
 1 0.1759 -0.0875
 1 0.1939 -0.1074
 1 0.2137 -0.1253
 1 0.2353 -0.1412
 1 0.1600 -0.0659
31 1328 5
 0 -0.2353 0.1412
 1 0.2353 0.1412
 1 0.2353 -0.1412
 1 -0.2353 -0.1412
 1 -0.2353 0.1412
31 1328 5
 0 -0.1600 0.0659
 1 0.1600 0.0659
 1 0.1600 -0.0659
 1 -0.1600 -0.0659
 1 -0.1600 0.0659
31 1328 5
 0 -0.1600 0.0659
 1 -0.1759 0.0875
 1 -0.1939 0.1074
 1 -0.2137 0.1253
 1 -0.2353 0.1412
31 1328 5
 0 -0.2353 -0.1412
 1 -0.2137 -0.1253
 1 -0.1939 -0.1074
 1 -0.1759 -0.0875
 1 -0.1600 -0.0659
31 1328 5
 0 0.2353 0.1412
 1 0.2137 0.1253
 1 0.1939 0.1074
 1 0.1759 0.0875
 1 0.1600 0.0659
31 1328 5
 0 0.1600 -0.0659
 1 0.1759 -0.0875
 1 0.1939 -0.1074
 1 0.2137 -0.1253
 1 0.2353 -0.1412
342 0 21 TachonAmarillo-CL.ifc
