ID-InicioPistaLenta
3436 611 1 1 0 0 0 0 0 0 1 1
1.000
112 1252 16
0 1.0520 0.0000
1 1.0520 0.0000
1 1.1369 0.0352
1 1.1720 0.1200
1 1.1720 1.2420
1 1.1720 1.2420
1 1.1368 1.3268
1 1.0520 1.3620
1 -1.0520 1.3620
1 -1.0520 1.3620
1 -1.1368 1.3268
1 -1.1720 1.2420
1 -1.1720 0.1200
1 -1.1720 0.1200
1 -1.1368 0.0352
1 -1.0520 0.0000
112 1251 16
0 1.0520 1.3320
1 -1.0520 1.3320
1 -1.0520 1.3320
1 -1.1156 1.3056
1 -1.1420 1.2420
1 -1.1420 0.1200
1 -1.1420 0.1200
1 -1.1156 0.0564
1 -1.0520 0.0300
1 1.0520 0.0300
1 1.0520 0.0300
1 1.1157 0.0564
1 1.1420 0.1200
1 1.1420 1.2420
1 1.1420 1.2420
1 1.1156 1.3056
112 1252 16
0 1.0520 1.2720
1 -1.0520 1.2720
1 -1.0520 1.2720
1 -1.0732 1.2632
1 -1.0820 1.2420
1 -1.0820 0.1200
1 -1.0820 0.1200
1 -1.0732 0.0988
1 -1.0520 0.0900
1 1.0520 0.0900
1 1.0520 0.0900
1 1.0733 0.0988
1 1.0820 0.1200
1 1.0820 1.2420
1 1.0820 1.2420
1 1.0732 1.2632
112 1251 13
0 -0.3903 1.1516
1 -0.4914 1.1516
1 -0.4914 1.1130
1 -0.4656 1.1130
1 -0.4656 0.8905
1 -0.4914 0.8905
1 -0.4914 0.8519
1 -0.3903 0.8519
1 -0.3903 0.8905
1 -0.4160 0.8905
1 -0.4160 1.1130
1 -0.3903 1.1130
1 -0.3903 1.1516
112 1251 9
0 -0.2800 1.0688
1 -0.3186 1.0596
1 -0.3186 0.8519
1 -0.2708 0.8519
1 -0.2708 1.0137
1 -0.2579 1.0192
1 -0.2432 1.0210
1 -0.2745 1.0486
1 -0.2800 1.0688
112 1251 13
0 -0.2267 1.0688
1 -0.2561 1.0615
1 -0.2745 1.0486
1 -0.2432 1.0210
1 -0.2248 1.0155
1 -0.2193 0.9916
1 -0.2193 0.8519
1 -0.1715 0.8519
1 -0.1715 0.9971
1 -0.1733 1.0210
1 -0.1844 1.0505
1 -0.1936 1.0596
1 -0.2267 1.0688
112 1251 7
0 -0.0428 1.0615
1 -0.1127 1.0615
1 -0.1127 1.0210
1 -0.0925 1.0210
1 -0.0925 0.8519
1 -0.0428 0.8519
1 -0.0428 1.0615
112 1251 9
0 -0.0686 1.1626
1 -0.0888 1.1534
1 -0.0980 1.1313
1 -0.0888 1.1093
1 -0.0686 1.1001
1 -0.0465 1.1093
1 -0.0373 1.1313
1 -0.0465 1.1534
1 -0.0686 1.1626
112 1251 10
0 0.1428 0.9071
1 0.1300 0.8960
1 0.1079 0.8905
1 0.0454 0.8758
1 0.0693 0.8538
1 0.1006 0.8464
1 0.1226 0.8501
1 0.1410 0.8574
1 0.1557 0.8685
1 0.1428 0.9071
112 1251 17
0 0.0454 1.0394
1 0.0289 1.0082
1 0.0270 0.9935
1 0.0234 0.9567
1 0.0234 0.9457
1 0.0289 0.9107
1 0.0289 0.9071
1 0.0454 0.8758
1 0.1079 0.8905
1 0.0803 0.9052
1 0.0767 0.9163
1 0.0730 0.9567
1 0.0748 0.9898
1 0.0822 1.0100
1 0.0914 1.0210
1 0.1061 1.0247
1 0.0454 1.0394
112 1251 11
0 0.1042 1.0688
1 0.0730 1.0633
1 0.0473 1.0431
1 0.0454 1.0394
1 0.1061 1.0247
1 0.1226 1.0210
1 0.1410 1.0118
1 0.1576 1.0486
1 0.1428 1.0596
1 0.1263 1.0670
1 0.1042 1.0688
112 1251 7
0 0.2660 1.0615
1 0.1962 1.0615
1 0.1962 1.0210
1 0.2164 1.0210
1 0.2164 0.8519
1 0.2660 0.8519
1 0.2660 1.0615
112 1251 9
0 0.2403 1.1626
1 0.2201 1.1534
1 0.2109 1.1313
1 0.2201 1.1093
1 0.2403 1.1001
1 0.2623 1.1093
1 0.2715 1.1313
1 0.2623 1.1534
1 0.2403 1.1626
112 1251 20
0 0.3543 1.0394
1 0.3377 1.0063
1 0.3340 0.9953
1 0.3322 0.9585
1 0.3322 0.9402
1 0.3395 0.9034
1 0.3543 0.8758
1 0.3800 0.8538
1 0.4149 0.8464
1 0.4149 0.8464
1 0.4498 0.8538
1 0.4756 0.8758
1 0.4829 0.8868
1 0.4149 0.8887
1 0.3892 0.9071
1 0.3855 0.9181
1 0.3818 0.9585
1 0.3818 0.9788
1 0.3910 1.0100
1 0.4149 1.0247
112 1251 20
0 0.4149 1.0688
1 0.3818 1.0615
1 0.3561 1.0413
1 0.3543 1.0394
1 0.4149 1.0247
1 0.4388 1.0100
1 0.4425 0.9971
1 0.4462 0.9585
1 0.4462 0.9383
1 0.4388 0.9071
1 0.4149 0.8887
1 0.4829 0.8868
1 0.4940 0.9181
1 0.4976 0.9585
1 0.4976 0.9714
1 0.4903 1.0063
1 0.4903 1.0100
1 0.4737 1.0413
1 0.4480 1.0615
1 0.4149 1.0688
112 1251 15
0 -0.7659 0.5842
1 -0.8276 0.5617
1 -0.8052 0.5486
1 -0.7958 0.5149
1 -0.7958 0.5131
1 -0.8033 0.4794
1 -0.8276 0.4682
1 -0.8557 0.4682
1 -0.7659 0.4457
1 -0.7509 0.4756
1 -0.7490 0.4794
1 -0.7434 0.5168
1 -0.7434 0.5187
1 -0.7509 0.5543
1 -0.7659 0.5842
112 1251 14
0 -0.8164 0.6067
1 -0.9044 0.6067
1 -0.9044 0.3072
1 -0.8557 0.3072
1 -0.8557 0.4214
1 -0.8164 0.4214
1 -0.7902 0.4270
1 -0.7659 0.4457
1 -0.8557 0.4682
1 -0.8557 0.5617
1 -0.8276 0.5617
1 -0.7659 0.5842
1 -0.7883 0.6010
1 -0.8164 0.6067
112 1251 7
0 -0.6423 0.5187
1 -0.7116 0.5187
1 -0.7116 0.4756
1 -0.6910 0.4756
1 -0.6910 0.3072
1 -0.6423 0.3072
1 -0.6423 0.5187
112 1251 9
0 -0.6667 0.6179
1 -0.6873 0.6085
1 -0.6966 0.5879
1 -0.6873 0.5655
1 -0.6667 0.5561
1 -0.6442 0.5655
1 -0.6367 0.5879
1 -0.6442 0.6085
1 -0.6667 0.6179
112 1251 6
0 -0.5656 0.3634
1 -0.5806 0.3278
1 -0.5188 0.3446
1 -0.5357 0.3465
1 -0.5506 0.3540
1 -0.5656 0.3634
112 1251 27
0 -0.5694 0.4887
1 -0.5750 0.4625
1 -0.5694 0.4345
1 -0.5544 0.4139
1 -0.5338 0.4027
1 -0.5132 0.3914
1 -0.4982 0.3821
1 -0.4926 0.3671
1 -0.4926 0.3596
1 -0.5188 0.3446
1 -0.5806 0.3278
1 -0.5637 0.3147
1 -0.5432 0.3072
1 -0.5169 0.3035
1 -0.4870 0.3072
1 -0.4645 0.3222
1 -0.4496 0.3446
1 -0.4440 0.3708
1 -0.4496 0.3989
1 -0.4645 0.4176
1 -0.4851 0.4307
1 -0.5057 0.4401
1 -0.5207 0.4513
1 -0.5263 0.4644
1 -0.5207 0.4775
1 -0.5057 0.4831
1 -0.5694 0.4887
112 1251 12
0 -0.5057 0.5243
1 -0.5338 0.5206
1 -0.5563 0.5075
1 -0.5694 0.4887
1 -0.5057 0.4831
1 -0.4889 0.4813
1 -0.4739 0.4756
1 -0.4608 0.4682
1 -0.4458 0.5056
1 -0.4627 0.5149
1 -0.4814 0.5224
1 -0.5057 0.5243
112 1251 11
0 -0.2905 0.3521
1 -0.2961 0.3503
1 -0.3129 0.3484
1 -0.3822 0.3484
1 -0.3672 0.3184
1 -0.3616 0.3128
1 -0.3279 0.3035
1 -0.3111 0.3035
1 -0.2980 0.3072
1 -0.2867 0.3109
1 -0.2905 0.3521
112 1251 16
0 -0.3335 0.5730
1 -0.3822 0.5580
1 -0.3822 0.5187
1 -0.4028 0.5187
1 -0.4028 0.4756
1 -0.3822 0.4756
1 -0.3822 0.3634
1 -0.3822 0.3484
1 -0.3129 0.3484
1 -0.3279 0.3559
1 -0.3335 0.3783
1 -0.3335 0.4756
1 -0.2924 0.4756
1 -0.2886 0.5187
1 -0.3335 0.5187
1 -0.3335 0.5730
112 1251 8
0 -0.2325 0.3428
1 -0.2194 0.3203
1 -0.2007 0.3072
1 -0.1801 0.3035
1 -0.1614 0.3072
1 -0.1464 0.3147
1 -0.1351 0.3278
1 -0.2325 0.3428
112 1251 9
0 -0.2287 0.4064
1 -0.2362 0.3708
1 -0.2325 0.3428
1 -0.1614 0.3428
1 -0.1782 0.3503
1 -0.1857 0.3708
1 -0.1782 0.3914
1 -0.1595 0.3989
1 -0.2287 0.4064
112 1251 7
0 -0.1688 0.4363
1 -0.1876 0.4345
1 -0.2175 0.4195
1 -0.1370 0.4307
1 -0.1464 0.4326
1 -0.1557 0.4363
1 -0.1688 0.4363
112 1251 22
0 -0.1052 0.5075
1 -0.1707 0.4775
1 -0.1445 0.4719
1 -0.1370 0.4532
1 -0.1370 0.4307
1 -0.2175 0.4195
1 -0.2287 0.4064
1 -0.1595 0.3989
1 -0.1520 0.3989
1 -0.1445 0.3970
1 -0.1370 0.3952
1 -0.1370 0.3559
1 -0.1445 0.3484
1 -0.1520 0.3446
1 -0.1614 0.3428
1 -0.2325 0.3428
1 -0.1351 0.3278
1 -0.1333 0.3072
1 -0.0884 0.3072
1 -0.0884 0.4588
1 -0.0902 0.4775
1 -0.1052 0.5075
112 1251 11
0 -0.1576 0.5243
1 -0.1838 0.5224
1 -0.2063 0.5168
1 -0.2250 0.5093
1 -0.2138 0.4663
1 -0.2007 0.4719
1 -0.1876 0.4756
1 -0.1707 0.4775
1 -0.1052 0.5075
1 -0.1202 0.5187
1 -0.1576 0.5243
112 1251 7
0 0.1475 0.6067
1 0.0988 0.6067
1 0.0988 0.3072
1 0.2242 0.3072
1 0.2242 0.3540
1 0.1475 0.3540
1 0.1475 0.6067
112 1251 11
0 0.3964 0.3615
1 0.3833 0.3540
1 0.3683 0.3484
1 0.3515 0.3465
1 0.2878 0.3297
1 0.3122 0.3109
1 0.3477 0.3035
1 0.3720 0.3072
1 0.3926 0.3147
1 0.4113 0.3259
1 0.3964 0.3615
112 1251 18
0 0.2878 0.4944
1 0.2729 0.4625
1 0.2691 0.4476
1 0.2654 0.4101
1 0.2654 0.3952
1 0.2729 0.3577
1 0.2878 0.3297
1 0.3515 0.3465
1 0.3253 0.3596
1 0.3215 0.3634
1 0.3159 0.4008
1 0.4170 0.4008
1 0.4170 0.4139
1 0.4170 0.4307
1 0.3159 0.4326
1 0.3234 0.4682
1 0.3440 0.4813
1 0.2878 0.4944
112 1251 13
0 0.3477 0.5243
1 0.3178 0.5187
1 0.2916 0.4981
1 0.2878 0.4944
1 0.3440 0.4813
1 0.3608 0.4719
1 0.3683 0.4326
1 0.3159 0.4326
1 0.4170 0.4307
1 0.4113 0.4663
1 0.4113 0.4663
1 0.3982 0.5000
1 0.3758 0.5187
112 1251 9
0 0.5218 0.5243
1 0.4825 0.5149
1 0.4825 0.3072
1 0.5311 0.3072
1 0.5311 0.4700
1 0.5424 0.4756
1 0.5573 0.4775
1 0.5274 0.5056
1 0.5218 0.5243
112 1251 13
0 0.5742 0.5243
1 0.5461 0.5187
1 0.5274 0.5056
1 0.5573 0.4775
1 0.5760 0.4700
1 0.5817 0.4476
1 0.5817 0.3072
1 0.6303 0.3072
1 0.6303 0.4532
1 0.6284 0.4756
1 0.6172 0.5056
1 0.6079 0.5149
1 0.5742 0.5243
112 1251 11
0 0.7988 0.3521
1 0.7931 0.3503
1 0.7782 0.3484
1 0.7071 0.3484
1 0.7220 0.3184
1 0.7276 0.3128
1 0.7613 0.3035
1 0.7782 0.3035
1 0.7913 0.3072
1 0.8025 0.3109
1 0.7988 0.3521
112 1251 16
0 0.7557 0.5730
1 0.7071 0.5580
1 0.7071 0.5187
1 0.6865 0.5187
1 0.6865 0.4756
1 0.7071 0.4756
1 0.7071 0.3634
1 0.7071 0.3484
1 0.7782 0.3484
1 0.7613 0.3559
1 0.7557 0.3783
1 0.7557 0.4756
1 0.7969 0.4756
1 0.8006 0.5187
1 0.7557 0.5187
1 0.7557 0.5730
112 1251 8
0 0.8568 0.3428
1 0.8699 0.3203
1 0.8886 0.3072
1 0.9092 0.3035
1 0.9279 0.3072
1 0.9429 0.3147
1 0.9541 0.3278
1 0.8568 0.3428
112 1251 9
0 0.8605 0.4064
1 0.8530 0.3708
1 0.8568 0.3428
1 0.9279 0.3428
1 0.9111 0.3503
1 0.9036 0.3708
1 0.9111 0.3914
1 0.9298 0.3989
1 0.8605 0.4064
112 1251 7
0 0.9204 0.4363
1 0.9017 0.4345
1 0.8718 0.4195
1 0.9522 0.4307
1 0.9429 0.4326
1 0.9335 0.4363
1 0.9204 0.4363
112 1251 22
0 0.9840 0.5075
1 0.9185 0.4775
1 0.9447 0.4719
1 0.9522 0.4532
1 0.9522 0.4307
1 0.8718 0.4195
1 0.8605 0.4064
1 0.9298 0.3989
1 0.9373 0.3989
1 0.9447 0.3970
1 0.9522 0.3952
1 0.9522 0.3559
1 0.9447 0.3484
1 0.9373 0.3446
1 0.9279 0.3428
1 0.8568 0.3428
1 0.9541 0.3278
1 0.9560 0.3072
1 1.0009 0.3072
1 1.0009 0.4588
1 0.9990 0.4775
1 0.9840 0.5075
112 1251 11
0 0.9316 0.5243
1 0.9054 0.5224
1 0.8830 0.5168
1 0.8643 0.5093
1 0.8755 0.4663
1 0.8886 0.4719
1 0.9017 0.4756
1 0.9185 0.4775
1 0.9840 0.5075
1 0.9691 0.5187
1 0.9316 0.5243
4 1 1
 0 1.0520 0.0000
 1 1.0520 0.0000
 1 1.1369 0.0352
 1 1.1720 0.1200
 1 1.1720 1.2420
 1 1.1720 1.2420
 1 1.1368 1.3268
 1 1.0520 1.3620
 1 -1.0520 1.3620
 1 -1.0520 1.3620
 1 -1.1368 1.3268
 1 -1.1720 1.2420
 1 -1.1720 0.1200
 1 -1.1720 0.1200
 1 -1.1368 0.0352
 1 -1.0520 0.0000
 1 1.0520 0.0000
4 1 1
 0 1.0520 1.3320
 1 -1.0520 1.3320
 1 -1.0520 1.3320
 1 -1.1156 1.3056
 1 -1.1420 1.2420
 1 -1.1420 0.1200
 1 -1.1420 0.1200
 1 -1.1156 0.0564
 1 -1.0520 0.0300
 1 1.0520 0.0300
 1 1.0520 0.0300
 1 1.1157 0.0564
 1 1.1420 0.1200
 1 1.1420 1.2420
 1 1.1420 1.2420
 1 1.1156 1.3056
 1 1.0520 1.3320
4 1 1
 0 1.0520 1.2720
 1 -1.0520 1.2720
 1 -1.0520 1.2720
 1 -1.0732 1.2632
 1 -1.0820 1.2420
 1 -1.0820 0.1200
 1 -1.0820 0.1200
 1 -1.0732 0.0988
 1 -1.0520 0.0900
 1 1.0520 0.0900
 1 1.0520 0.0900
 1 1.0733 0.0988
 1 1.0820 0.1200
 1 1.0820 1.2420
 1 1.0820 1.2420
 1 1.0732 1.2632
 1 1.0520 1.2720
4 1 1
 0 -0.3903 1.1516
 1 -0.4914 1.1516
 1 -0.4914 1.1130
 1 -0.4656 1.1130
 1 -0.4656 0.8905
 1 -0.4914 0.8905
 1 -0.4914 0.8519
 1 -0.3903 0.8519
 1 -0.3903 0.8905
 1 -0.4160 0.8905
 1 -0.4160 1.1130
 1 -0.3903 1.1130
 1 -0.3903 1.1516
4 1 1
 0 -0.2800 1.0688
 1 -0.3186 1.0596
 1 -0.3186 0.8519
 1 -0.2708 0.8519
 1 -0.2708 1.0137
 1 -0.2579 1.0192
 1 -0.2432 1.0210
 1 -0.2745 1.0486
 1 -0.2800 1.0688
4 1 1
 0 -0.2267 1.0688
 1 -0.2561 1.0615
 1 -0.2745 1.0486
 1 -0.2432 1.0210
 1 -0.2248 1.0155
 1 -0.2193 0.9916
 1 -0.2193 0.8519
 1 -0.1715 0.8519
 1 -0.1715 0.9971
 1 -0.1733 1.0210
 1 -0.1844 1.0505
 1 -0.1936 1.0596
 1 -0.2267 1.0688
4 1 1
 0 -0.0428 1.0615
 1 -0.1127 1.0615
 1 -0.1127 1.0210
 1 -0.0925 1.0210
 1 -0.0925 0.8519
 1 -0.0428 0.8519
 1 -0.0428 1.0615
4 1 1
 0 -0.0686 1.1626
 1 -0.0888 1.1534
 1 -0.0980 1.1313
 1 -0.0888 1.1093
 1 -0.0686 1.1001
 1 -0.0465 1.1093
 1 -0.0373 1.1313
 1 -0.0465 1.1534
 1 -0.0686 1.1626
4 1 1
 0 0.1428 0.9071
 1 0.1300 0.8960
 1 0.1079 0.8905
 1 0.0454 0.8758
 1 0.0693 0.8538
 1 0.1006 0.8464
 1 0.1226 0.8501
 1 0.1410 0.8574
 1 0.1557 0.8685
 1 0.1428 0.9071
4 1 1
 0 0.0454 1.0394
 1 0.0289 1.0082
 1 0.0270 0.9935
 1 0.0234 0.9567
 1 0.0234 0.9457
 1 0.0289 0.9107
 1 0.0289 0.9071
 1 0.0454 0.8758
 1 0.1079 0.8905
 1 0.0803 0.9052
 1 0.0767 0.9163
 1 0.0730 0.9567
 1 0.0748 0.9898
 1 0.0822 1.0100
 1 0.0914 1.0210
 1 0.1061 1.0247
 1 0.0454 1.0394
4 1 1
 0 0.1042 1.0688
 1 0.0730 1.0633
 1 0.0473 1.0431
 1 0.0454 1.0394
 1 0.1061 1.0247
 1 0.1226 1.0210
 1 0.1410 1.0118
 1 0.1576 1.0486
 1 0.1428 1.0596
 1 0.1263 1.0670
 1 0.1042 1.0688
4 1 1
 0 0.2660 1.0615
 1 0.1962 1.0615
 1 0.1962 1.0210
 1 0.2164 1.0210
 1 0.2164 0.8519
 1 0.2660 0.8519
 1 0.2660 1.0615
4 1 1
 0 0.2403 1.1626
 1 0.2201 1.1534
 1 0.2109 1.1313
 1 0.2201 1.1093
 1 0.2403 1.1001
 1 0.2623 1.1093
 1 0.2715 1.1313
 1 0.2623 1.1534
 1 0.2403 1.1626
4 1 1
 0 0.3543 1.0394
 1 0.3377 1.0063
 1 0.3340 0.9953
 1 0.3322 0.9585
 1 0.3322 0.9402
 1 0.3395 0.9034
 1 0.3543 0.8758
 1 0.3800 0.8538
 1 0.4149 0.8464
 1 0.4149 0.8464
 1 0.4498 0.8538
 1 0.4756 0.8758
 1 0.4829 0.8868
 1 0.4149 0.8887
 1 0.3892 0.9071
 1 0.3855 0.9181
 1 0.3818 0.9585
 1 0.3818 0.9788
 1 0.3910 1.0100
 1 0.4149 1.0247
 1 0.3543 1.0394
4 1 1
 0 0.4149 1.0688
 1 0.3818 1.0615
 1 0.3561 1.0413
 1 0.3543 1.0394
 1 0.4149 1.0247
 1 0.4388 1.0100
 1 0.4425 0.9971
 1 0.4462 0.9585
 1 0.4462 0.9383
 1 0.4388 0.9071
 1 0.4149 0.8887
 1 0.4829 0.8868
 1 0.4940 0.9181
 1 0.4976 0.9585
 1 0.4976 0.9714
 1 0.4903 1.0063
 1 0.4903 1.0100
 1 0.4737 1.0413
 1 0.4480 1.0615
 1 0.4149 1.0688
4 1 1
 0 -0.7659 0.5842
 1 -0.8276 0.5617
 1 -0.8052 0.5486
 1 -0.7958 0.5149
 1 -0.7958 0.5131
 1 -0.8033 0.4794
 1 -0.8276 0.4682
 1 -0.8557 0.4682
 1 -0.7659 0.4457
 1 -0.7509 0.4756
 1 -0.7490 0.4794
 1 -0.7434 0.5168
 1 -0.7434 0.5187
 1 -0.7509 0.5543
 1 -0.7659 0.5842
4 1 1
 0 -0.8164 0.6067
 1 -0.9044 0.6067
 1 -0.9044 0.3072
 1 -0.8557 0.3072
 1 -0.8557 0.4214
 1 -0.8164 0.4214
 1 -0.7902 0.4270
 1 -0.7659 0.4457
 1 -0.8557 0.4682
 1 -0.8557 0.5617
 1 -0.8276 0.5617
 1 -0.7659 0.5842
 1 -0.7883 0.6010
 1 -0.8164 0.6067
4 1 1
 0 -0.6423 0.5187
 1 -0.7116 0.5187
 1 -0.7116 0.4756
 1 -0.6910 0.4756
 1 -0.6910 0.3072
 1 -0.6423 0.3072
 1 -0.6423 0.5187
4 1 1
 0 -0.6667 0.6179
 1 -0.6873 0.6085
 1 -0.6966 0.5879
 1 -0.6873 0.5655
 1 -0.6667 0.5561
 1 -0.6442 0.5655
 1 -0.6367 0.5879
 1 -0.6442 0.6085
 1 -0.6667 0.6179
4 1 1
 0 -0.5656 0.3634
 1 -0.5806 0.3278
 1 -0.5188 0.3446
 1 -0.5357 0.3465
 1 -0.5506 0.3540
 1 -0.5656 0.3634
4 1 1
 0 -0.5694 0.4887
 1 -0.5750 0.4625
 1 -0.5694 0.4345
 1 -0.5544 0.4139
 1 -0.5338 0.4027
 1 -0.5132 0.3914
 1 -0.4982 0.3821
 1 -0.4926 0.3671
 1 -0.4926 0.3596
 1 -0.5188 0.3446
 1 -0.5806 0.3278
 1 -0.5637 0.3147
 1 -0.5432 0.3072
 1 -0.5169 0.3035
 1 -0.4870 0.3072
 1 -0.4645 0.3222
 1 -0.4496 0.3446
 1 -0.4440 0.3708
 1 -0.4496 0.3989
 1 -0.4645 0.4176
 1 -0.4851 0.4307
 1 -0.5057 0.4401
 1 -0.5207 0.4513
 1 -0.5263 0.4644
 1 -0.5207 0.4775
 1 -0.5057 0.4831
 1 -0.5694 0.4887
4 1 1
 0 -0.5057 0.5243
 1 -0.5338 0.5206
 1 -0.5563 0.5075
 1 -0.5694 0.4887
 1 -0.5057 0.4831
 1 -0.4889 0.4813
 1 -0.4739 0.4756
 1 -0.4608 0.4682
 1 -0.4458 0.5056
 1 -0.4627 0.5149
 1 -0.4814 0.5224
 1 -0.5057 0.5243
4 1 1
 0 -0.2905 0.3521
 1 -0.2961 0.3503
 1 -0.3129 0.3484
 1 -0.3822 0.3484
 1 -0.3672 0.3184
 1 -0.3616 0.3128
 1 -0.3279 0.3035
 1 -0.3111 0.3035
 1 -0.2980 0.3072
 1 -0.2867 0.3109
 1 -0.2905 0.3521
4 1 1
 0 -0.3335 0.5730
 1 -0.3822 0.5580
 1 -0.3822 0.5187
 1 -0.4028 0.5187
 1 -0.4028 0.4756
 1 -0.3822 0.4756
 1 -0.3822 0.3634
 1 -0.3822 0.3484
 1 -0.3129 0.3484
 1 -0.3279 0.3559
 1 -0.3335 0.3783
 1 -0.3335 0.4756
 1 -0.2924 0.4756
 1 -0.2886 0.5187
 1 -0.3335 0.5187
 1 -0.3335 0.5730
4 1 1
 0 -0.2325 0.3428
 1 -0.2194 0.3203
 1 -0.2007 0.3072
 1 -0.1801 0.3035
 1 -0.1614 0.3072
 1 -0.1464 0.3147
 1 -0.1351 0.3278
 1 -0.2325 0.3428
4 1 1
 0 -0.2287 0.4064
 1 -0.2362 0.3708
 1 -0.2325 0.3428
 1 -0.1614 0.3428
 1 -0.1782 0.3503
 1 -0.1857 0.3708
 1 -0.1782 0.3914
 1 -0.1595 0.3989
 1 -0.2287 0.4064
4 1 1
 0 -0.1688 0.4363
 1 -0.1876 0.4345
 1 -0.2175 0.4195
 1 -0.1370 0.4307
 1 -0.1464 0.4326
 1 -0.1557 0.4363
 1 -0.1688 0.4363
4 1 1
 0 -0.1052 0.5075
 1 -0.1707 0.4775
 1 -0.1445 0.4719
 1 -0.1370 0.4532
 1 -0.1370 0.4307
 1 -0.2175 0.4195
 1 -0.2287 0.4064
 1 -0.1595 0.3989
 1 -0.1520 0.3989
 1 -0.1445 0.3970
 1 -0.1370 0.3952
 1 -0.1370 0.3559
 1 -0.1445 0.3484
 1 -0.1520 0.3446
 1 -0.1614 0.3428
 1 -0.2325 0.3428
 1 -0.1351 0.3278
 1 -0.1333 0.3072
 1 -0.0884 0.3072
 1 -0.0884 0.4588
 1 -0.0902 0.4775
 1 -0.1052 0.5075
4 1 1
 0 -0.1576 0.5243
 1 -0.1838 0.5224
 1 -0.2063 0.5168
 1 -0.2250 0.5093
 1 -0.2138 0.4663
 1 -0.2007 0.4719
 1 -0.1876 0.4756
 1 -0.1707 0.4775
 1 -0.1052 0.5075
 1 -0.1202 0.5187
 1 -0.1576 0.5243
4 1 1
 0 0.1475 0.6067
 1 0.0988 0.6067
 1 0.0988 0.3072
 1 0.2242 0.3072
 1 0.2242 0.3540
 1 0.1475 0.3540
 1 0.1475 0.6067
4 1 1
 0 0.3964 0.3615
 1 0.3833 0.3540
 1 0.3683 0.3484
 1 0.3515 0.3465
 1 0.2878 0.3297
 1 0.3122 0.3109
 1 0.3477 0.3035
 1 0.3720 0.3072
 1 0.3926 0.3147
 1 0.4113 0.3259
 1 0.3964 0.3615
4 1 1
 0 0.2878 0.4944
 1 0.2729 0.4625
 1 0.2691 0.4476
 1 0.2654 0.4101
 1 0.2654 0.3952
 1 0.2729 0.3577
 1 0.2878 0.3297
 1 0.3515 0.3465
 1 0.3253 0.3596
 1 0.3215 0.3634
 1 0.3159 0.4008
 1 0.4170 0.4008
 1 0.4170 0.4139
 1 0.4170 0.4307
 1 0.3159 0.4326
 1 0.3234 0.4682
 1 0.3440 0.4813
 1 0.2878 0.4944
4 1 1
 0 0.3477 0.5243
 1 0.3178 0.5187
 1 0.2916 0.4981
 1 0.2878 0.4944
 1 0.3440 0.4813
 1 0.3608 0.4719
 1 0.3683 0.4326
 1 0.3159 0.4326
 1 0.4170 0.4307
 1 0.4113 0.4663
 1 0.4113 0.4663
 1 0.3982 0.5000
 1 0.3758 0.5187
 1 0.3477 0.5243
4 1 1
 0 0.5218 0.5243
 1 0.4825 0.5149
 1 0.4825 0.3072
 1 0.5311 0.3072
 1 0.5311 0.4700
 1 0.5424 0.4756
 1 0.5573 0.4775
 1 0.5274 0.5056
 1 0.5218 0.5243
4 1 1
 0 0.5742 0.5243
 1 0.5461 0.5187
 1 0.5274 0.5056
 1 0.5573 0.4775
 1 0.5760 0.4700
 1 0.5817 0.4476
 1 0.5817 0.3072
 1 0.6303 0.3072
 1 0.6303 0.4532
 1 0.6284 0.4756
 1 0.6172 0.5056
 1 0.6079 0.5149
 1 0.5742 0.5243
4 1 1
 0 0.7988 0.3521
 1 0.7931 0.3503
 1 0.7782 0.3484
 1 0.7071 0.3484
 1 0.7220 0.3184
 1 0.7276 0.3128
 1 0.7613 0.3035
 1 0.7782 0.3035
 1 0.7913 0.3072
 1 0.8025 0.3109
 1 0.7988 0.3521
4 1 1
 0 0.7557 0.5730
 1 0.7071 0.5580
 1 0.7071 0.5187
 1 0.6865 0.5187
 1 0.6865 0.4756
 1 0.7071 0.4756
 1 0.7071 0.3634
 1 0.7071 0.3484
 1 0.7782 0.3484
 1 0.7613 0.3559
 1 0.7557 0.3783
 1 0.7557 0.4756
 1 0.7969 0.4756
 1 0.8006 0.5187
 1 0.7557 0.5187
 1 0.7557 0.5730
4 1 1
 0 0.8568 0.3428
 1 0.8699 0.3203
 1 0.8886 0.3072
 1 0.9092 0.3035
 1 0.9279 0.3072
 1 0.9429 0.3147
 1 0.9541 0.3278
 1 0.8568 0.3428
4 1 1
 0 0.8605 0.4064
 1 0.8530 0.3708
 1 0.8568 0.3428
 1 0.9279 0.3428
 1 0.9111 0.3503
 1 0.9036 0.3708
 1 0.9111 0.3914
 1 0.9298 0.3989
 1 0.8605 0.4064
4 1 1
 0 0.9204 0.4363
 1 0.9017 0.4345
 1 0.8718 0.4195
 1 0.9522 0.4307
 1 0.9429 0.4326
 1 0.9335 0.4363
 1 0.9204 0.4363
4 1 1
 0 0.9840 0.5075
 1 0.9185 0.4775
 1 0.9447 0.4719
 1 0.9522 0.4532
 1 0.9522 0.4307
 1 0.8718 0.4195
 1 0.8605 0.4064
 1 0.9298 0.3989
 1 0.9373 0.3989
 1 0.9447 0.3970
 1 0.9522 0.3952
 1 0.9522 0.3559
 1 0.9447 0.3484
 1 0.9373 0.3446
 1 0.9279 0.3428
 1 0.8568 0.3428
 1 0.9541 0.3278
 1 0.9560 0.3072
 1 1.0009 0.3072
 1 1.0009 0.4588
 1 0.9990 0.4775
 1 0.9840 0.5075
4 1 1
 0 0.9316 0.5243
 1 0.9054 0.5224
 1 0.8830 0.5168
 1 0.8643 0.5093
 1 0.8755 0.4663
 1 0.8886 0.4719
 1 0.9017 0.4756
 1 0.9185 0.4775
 1 0.9840 0.5075
 1 0.9691 0.5187
 1 0.9316 0.5243
