SEcl_DDD-1a
982 3 1 1 0 0 0 0 0 0 1 1
1.0000
112 1253 124
 0 -0.3783 0.0000
 1 -0.3797 0.0000
 1 -0.3811 0.0001
 1 -0.3825 0.0003
 1 -0.3838 0.0005
 1 -0.3852 0.0008
 1 -0.3865 0.0012
 1 -0.3879 0.0016
 1 -0.3892 0.0021
 1 -0.3904 0.0026
 1 -0.3917 0.0032
 1 -0.3929 0.0039
 1 -0.3941 0.0046
 1 -0.3952 0.0054
 1 -0.3963 0.0062
 1 -0.3974 0.0071
 1 -0.3984 0.0080
 1 -0.3994 0.0090
 1 -0.4003 0.0100
 1 -0.4012 0.0111
 1 -0.4020 0.0122
 1 -0.4028 0.0134
 1 -0.4035 0.0146
 1 -0.4042 0.0158
 1 -0.4048 0.0170
 1 -0.4054 0.0183
 1 -0.4058 0.0196
 1 -0.4063 0.0209
 1 -0.4066 0.0222
 1 -0.4069 0.0236
 1 -0.4071 0.0250
 1 -0.4073 0.0263
 1 -0.4074 0.0277
 1 -0.4074 0.5543
 1 -0.4073 0.5557
 1 -0.4069 0.5585
 1 -0.4066 0.5598
 1 -0.4063 0.5612
 1 -0.4058 0.5625
 1 -0.4054 0.5638
 1 -0.4048 0.5651
 1 -0.4042 0.5663
 1 -0.4028 0.5687
 1 -0.4020 0.5698
 1 -0.4012 0.5710
 1 -0.4003 0.5720
 1 -0.3994 0.5730
 1 -0.3984 0.5740
 1 -0.3974 0.5750
 1 -0.3963 0.5758
 1 -0.3952 0.5767
 1 -0.3941 0.5774
 1 -0.3929 0.5782
 1 -0.3917 0.5788
 1 -0.3904 0.5794
 1 -0.3892 0.5800
 1 -0.3879 0.5805
 1 -0.3865 0.5809
 1 -0.3852 0.5812
 1 -0.3838 0.5815
 1 -0.3825 0.5818
 1 -0.3797 0.5820
 1 -0.3783 0.5821
 1 0.3783 0.5821
 1 0.3852 0.5812
 1 0.3865 0.5809
 1 0.3879 0.5805
 1 0.3892 0.5800
 1 0.3904 0.5794
 1 0.3917 0.5788
 1 0.3929 0.5782
 1 0.3941 0.5774
 1 0.3952 0.5767
 1 0.3963 0.5758
 1 0.3974 0.5750
 1 0.3984 0.5740
 1 0.3994 0.5730
 1 0.4003 0.5720
 1 0.4012 0.5710
 1 0.4020 0.5698
 1 0.4028 0.5687
 1 0.4042 0.5663
 1 0.4048 0.5651
 1 0.4054 0.5638
 1 0.4058 0.5625
 1 0.4063 0.5612
 1 0.4066 0.5598
 1 0.4069 0.5585
 1 0.4072 0.5571
 1 0.4073 0.5557
 1 0.4074 0.5543
 1 0.4074 0.0277
 1 0.4073 0.0263
 1 0.4072 0.0250
 1 0.4069 0.0236
 1 0.4066 0.0222
 1 0.4063 0.0209
 1 0.4058 0.0196
 1 0.4054 0.0183
 1 0.4048 0.0170
 1 0.4042 0.0158
 1 0.4035 0.0146
 1 0.4028 0.0134
 1 0.4020 0.0122
 1 0.4012 0.0111
 1 0.4003 0.0100
 1 0.3994 0.0090
 1 0.3984 0.0080
 1 0.3974 0.0071
 1 0.3963 0.0062
 1 0.3952 0.0054
 1 0.3941 0.0046
 1 0.3929 0.0039
 1 0.3917 0.0032
 1 0.3904 0.0026
 1 0.3892 0.0021
 1 0.3879 0.0016
 1 0.3865 0.0012
 1 0.3852 0.0008
 1 0.3838 0.0005
 1 0.3825 0.0003
 1 0.3811 0.0001
 1 0.3797 0.0000
 1 -0.3783 0.0000
112 1250 7
 0 0.1892 0.2910
 1 0.3783 0.0291
 1 0.1892 0.0291
 1 0.0000 0.2910
 1 0.1892 0.5530
 1 0.3783 0.5530
 1 0.1892 0.2910
112 1250 7
 0 -0.1892 0.0291
 1 0.0000 0.0291
 1 -0.1892 0.2910
 1 0.0000 0.5530
 1 -0.1892 0.5530
 1 -0.3783 0.2910
 1 -0.1892 0.0291
