# VECTOR RIGHT CUT
# Generado por: O'car Campos
# ------------------------------------------------------
#  delta X     delta Y     ---------
#  -----------------------------------------------------
 0 0.5000 0.0000 1302.0000
 0 6.6470 10.0000 1303.0000
 0 0.9400 -0.0480 1306.0000
 0 0.1010 -0.3030 1308.0000
 0 0.4170 0.0000 1310.0000
 0 0.1010 0.3030 1311.5000
 0 0.9400 0.0480 1313.5000
 0 6.6470 10.0000 1315.0000
 0 0.9400 -0.0480 1318.0000
 0 0.1010 -0.3030 1320.0000
 0 0.4170 0.0000 1322.0000
 0 0.1010 0.3030 1323.5000
 0 0.9400 0.0480 1325.5000
 0 4.6670 7.0000 1327.0000
 0 0.9400 -0.0480 1330.0000
 0 0.1010 -0.3030 1332.0000
 0 0.4170 0.0000 1334.0000
 0 0.1010 0.3030 1335.5000
 0 0.9400 0.0480 1337.5000
 0 6.6470 10.0000 1339.0000
 0 0.9400 -0.0480 1342.0000
 0 0.1010 -0.3030 1344.0000
 0 0.4170 0.0000 1346.0000
 0 0.1010 0.3030 1347.5000
 0 0.9400 0.0480 1349.5000
 0 6.6470 10.0000 1351.0000
 0 0.9400 -0.0480 1354.0000
 0 0.1010 -0.3030 1356.0000
 0 0.4170 0.0000 1358.0000
 0 0.1010 0.3030 1359.5000
 0 0.9400 0.0480 1361.5000
 0 6.6470 10.0000 1363.0000
 0 0.9400 -0.0480 1366.0000
 0 0.1010 -0.3030 1368.0000
 0 0.4170 0.0000 1370.0000
 0 0.1010 0.3030 1371.5000
 0 0.9400 0.0480 1373.5000
 0 100.0000 10.0000 1375.0000
 9
