CabTABLA
101 69 1 1 0 0 0 0 0 0 1 1
1.000
23 0.000 0.000 0.000
0 219.000 -11.400 0
1 0.000 -11.400 0
1 0.000 0.000 0
1 219.000 0.000 0
1 219.000 -11.400 0
0 75.000 -3.800 0
1 183.000 -3.800 0
0 147.000 0.000 0
1 147.000 -11.400 0
0 165.000 -3.800 0
1 165.000 -11.400 0
0 201.000 0.000 0
1 201.000 -11.400 0
0 183.000 0.000 0
1 183.000 -11.400 0
0 129.000 -3.800 0
1 129.000 -11.400 0
0 111.000 0.000 0
1 111.000 -11.400 0
0 17.000 -5.700 0
1 57.000 -5.700 0
0 93.000 -3.800 0
1 93.000 -11.400 0
0 75.000 -11.400 0
1 75.000 0.000 0
1 75.000 -11.400 0
0 17.000 0.000 0
1 17.000 -11.400 0
0 37.000 -5.700 0
1 37.000 -11.400 0
0 57.000 0.000 0
1 57.000 -11.400 0
1 218.900 -11.300 0
1 0.100 -11.300 0
1 0.100 -0.100 0
1 218.900 -0.100 0
1 218.900 -11.300 0
1 218.950 -11.350 0
1 0.050 -11.350 0
1 0.050 -0.050 0
1 218.950 -0.050 0
1 218.950 -11.350 0
6 118.238 -2.934 0.0000 1.600 0 3 8 14 0 CURVA CIRCULAR
6 148.649 -6.761 0.0000 1.600 0 3 8 9 0 PARAMETRO
6 166.365 -6.761 0.0000 1.600 0 3 8 10 0 DESARROLLO
6 155.791 -9.901 0.0000 1.600 0 3 8 3 0 (m)
6 172.451 -9.901 0.0000 1.600 0 3 8 3 0 (m)
6 190.663 -9.056 0.0000 1.600 0 3 8 3 0 (%)
6 206.479 -9.056 0.0000 1.600 0 3 8 3 0 (m)
6 151.794 -2.934 0.0000 1.600 0 3 8 18 0 CLOTOIDE DE SALIDA
6 185.795 -4.139 0.0000 1.600 0 3 8 7 0 PERALTE
6 202.572 -4.139 0.0000 1.600 0 3 8 8 0 ENSANCHE
6 136.665 -9.901 0.0000 1.600 0 3 8 3 0 (m)
6 130.193 -6.946 0.0000 1.600 0 3 8 10 0 DESARROLLO
6 99.371 -9.901 0.0000 1.600 0 3 8 3 0 (m)
6 117.800 -9.901 0.0000 1.600 0 3 8 3 0 (m)
6 116.546 -6.761 0.0000 1.600 0 3 8 5 0 RADIO
6 61.155 -4.470 0.0000 1.600 0 3 8 6 0 ANGULO
6 27.423 -3.836 0.0000 1.600 0 3 8 11 0 COORDENADAS
6 2.862 -4.263 0.0000 1.600 0 3 8 7 0 VERTICE
6 64.357 -9.073 0.0000 1.600 0 3 8 3 0 (g)
6 82.711 -9.901 0.0000 1.600 0 3 8 3 0 (m)
6 44.174 -9.618 0.0000 1.600 0 3 8 4 0 ESTE
6 22.284 -9.618 0.0000 1.600 0 3 8 5 0 NORTE
6 6.418 -8.659 0.0000 1.600 0 3 8 2 0 Nº
6 76.479 -6.761 0.0000 1.600 0 3 8 9 0 PARAMETRO
6 77.904 -2.934 0.0000 1.600 0 3 8 19 0 CLOTOIDE DE ENTRADA
6 93.925 -6.761 0.0000 1.600 0 3 8 10 0 DESARROLLO
