LinTABLA
102 34 1 1 0 0 0 0 0 0 1 1
1.000
23 0.000 0.000 0.000
0 219.000 0.000 0
1 219.000 -3.800 0
1 0.000 -3.800 0
1 0.000 0.000 0
0 17.000 0.000 0
1 17.000 -3.800 0
0 37.000 0.000 0
1 37.000 -3.800 0
0 57.000 0.000 0
1 57.000 -3.800 0
0 75.000 0.000 0
1 75.000 -3.800 0
0 93.000 0.000 0
1 93.000 -3.800 0
0 111.000 0.000 0
1 111.000 -3.800 0
0 129.000 0.000 0
1 129.000 -3.800 0
0 147.000 0.000 0
1 147.000 -3.800 0
0 165.000 0.000 0
1 165.000 -3.800 0
0 183.000 0.000 0
1 183.000 -3.800 0
0 201.000 0.000 0
1 201.000 -3.800 0
0 0.050 -3.800 0
1 0.050 0.000 0
0 0.100 -3.800 0
1 0.100 0.000 0
0 218.900 0.000 0
1 218.900 -3.800 0
6 4.500 -2.900 0.0000 1.600 0 3 8 3 0 V-1
