CabTABLA
1001 86 1 1 0 0 0 0 0 0 1 1
1.000
4 1 1
 0 218.9999 -11.4000
 1 0.0000 -11.4000
 1 0.0000 0.0000
 1 218.9999 0.0000
 1 218.9999 -11.4000
4 1 1
 0 74.9999 -3.8000
 1 182.9999 -3.8000
4 1 1
 0 146.9999 0.0000
 1 146.9999 -11.4000
4 1 1
 0 164.9999 -3.8000
 1 164.9999 -11.4000
4 1 1
 0 200.9999 0.0000
 1 200.9999 -11.4000
4 1 1
 0 182.9999 0.0000
 1 182.9999 -11.4000
4 1 1
 0 128.9999 -3.8000
 1 128.9999 -11.4000
4 1 1
 0 110.9999 0.0000
 1 110.9999 -11.4000
4 1 1
 0 16.9999 -5.7000
 1 56.9999 -5.7000
4 1 1
 0 92.9999 -3.8000
 1 92.9999 -11.4000
4 1 1
 0 74.9999 0.0000
 1 74.9999 -11.4000
4 1 1
 0 74.9999 0.0000
 1 74.9999 -11.4000
4 1 1
 0 16.9999 0.0000
 1 16.9999 -11.4000
4 1 1
 0 36.9999 -5.7000
 1 36.9999 -11.4000
4 1 1
 0 56.9999 0.0000
 1 56.9999 -11.4000
4 1 1
 1 218.8999 -11.3000
 1 0.1000 -11.3000
 1 0.1000 -0.1000
 1 218.8999 -0.1000
 1 218.8999 -11.3000
4 1 1
 1 218.9499 -11.3500
 1 0.0500 -11.3500
 1 0.0500 -0.0500
 1 218.9499 -0.0500
 1 218.9499 -11.3500
7 118.2376 -2.9345 0.0000 1.600 0 3 8 14 CURVA CIRCULAR
7 148.6494 -6.7612 0.0000 1.600 0 3 8 9 PARAMETRO
7 166.3647 -6.7612 0.0000 1.600 0 3 8 10 DESARROLLO
7 155.7908 -9.9015 0.0000 1.600 0 3 8 3 (m)
7 172.4514 -9.9015 0.0000 1.600 0 3 8 3 (m)
7 190.6631 -9.0555 0.0000 1.600 0 3 8 3 (%)
7 206.4787 -9.0555 0.0000 1.600 0 3 8 3 (m)
7 151.7937 -2.9345 0.0000 1.600 0 3 8 18 CLOTOIDE DE SALIDA
7 185.7949 -4.1394 0.0000 1.600 0 3 8 7 PERALTE
7 202.5721 -4.1394 0.0000 1.600 0 3 8 8 ENSANCHE
7 136.6650 -9.9015 0.0000 1.600 0 3 8 3 (m)
7 130.1933 -6.9460 0.0000 1.600 0 3 8 10 DESARROLLO
7 99.3714 -9.9015 0.0000 1.600 0 3 8 3 (m)
7 117.8001 -9.9015 0.0000 1.600 0 3 8 3 (m)
7 116.5457 -6.7612 0.0000 1.600 0 3 8 5 RADIO
7 61.1554 -4.4697 0.0000 1.600 0 3 8 6 ANGULO
7 27.4232 -3.8358 0.0000 1.600 0 3 8 11 COORDENADAS
7 2.8615 -4.2626 0.0000 1.600 0 3 8 7 VERTICE
7 64.3569 -9.0733 0.0000 1.600 0 3 8 3 (g)
7 82.7108 -9.9015 0.0000 1.600 0 3 8 3 (m)
7 44.1738 -9.6183 0.0000 1.600 0 3 8 4 ESTE
7 22.2837 -9.6183 0.0000 1.600 0 3 8 5 NORTE
7 6.4175 -8.6592 0.0000 1.600 0 3 8 2 Nº
7 76.4794 -6.7612 0.0000 1.600 0 3 8 9 PARAMETRO
7 77.9037 -2.9345 0.0000 1.600 0 3 8 19 CLOTOIDE DE ENTRADA
7 93.9247 -6.7612 0.0000 1.600 0 3 8 10 DESARROLLO
