LinTABLA
1002 52 1 1 0 0 0 0 0 0 1 2
1.0000
4 1 1
 0 0.0000 -3.8000
 1 219.0000 -3.8000
 0 219.0000 0.0000
 1 219.0000 -3.8000
 0 17.0000 0.0000
 1 17.0000 -3.8000
 0 37.0000 0.0000
 1 37.0000 -3.8000
 0 57.0000 0.0000
 1 57.0000 -3.8000
 0 75.0000 0.0000
 1 75.0000 -3.8000
 0 93.0000 0.0000
 1 93.0000 -3.8000
 0 111.0000 0.0000
 1 111.0000 -3.8000
 0 129.0000 0.0000
 1 129.0000 -3.8000
 0 147.0000 0.0000
 1 147.0000 -3.8000
 0 165.0000 0.0000
 1 165.0000 -3.8000
 0 183.0000 0.0000
 1 183.0000 -3.8000
 0 201.0000 0.0000
 1 201.0000 -3.8000
 0 0.0000 -3.8000
 1 0.0000 0.0000
0 0.0500 -3.8000
 1 0.0500 0.0000
 0 0.1000 -3.8000
 1 0.1000 0.0000
 0 218.9000 -0.0000
 1 218.9000 -3.8000
18 4.5000 -2.9000 0.0000 1.6000 0 3 8 0 V-%.0f
