Simbolo
101 66 1 1 0 0 0 0 0 1 1 15
1.000
3 -420.250 -297.000 420.250 297.000 39.500 40.152 830.500 584.000
31 0 5
 0 419.7500 -297.0000
 1 -420.2500 -297.0000
 1 -420.2500 297.0000
 1 419.7500 297.0000
 1 419.7500 -297.0000
31 0 5
 0 -380.7500 287.0000
 1 410.2500 287.0000
 1 410.2500 -287.0000
 1 -380.7500 -287.0000
 1 -380.7500 287.0000
31 0 2
 0 339.4520 -256.8484
 1 339.4520 -287.0000
31 0 3
 0 -200.7500 -256.8484
 1 -200.7500 -287.0000
 1 -200.7500 -256.8484
31 0 2
 0 389.1490 -271.9242
 1 389.1490 -256.8484
31 0 2
 0 369.0480 -271.9242
 1 369.0480 -256.8484
31 0 2
 0 339.4520 -271.9242
 1 410.2500 -271.9242
31 0 2
 0 159.2500 -266.8990
 1 199.4520 -266.8990
31 0 2
 0 159.2500 -277.4882
 1 199.4520 -277.4882
31 0 3
 0 199.4520 -287.0000
 1 199.4520 -256.8484
 1 199.4520 -287.0000
31 0 2
 0 159.2500 -256.8484
 1 159.2500 -287.0000
31 0 2
 0 -240.7500 -256.8484
 1 -240.7500 -287.0000
31 0 3
 0 409.2500 -256.8484
 1 -380.7500 -256.8484
 1 410.2500 -256.8484
31 0 5
 0 19.2500 -287.0000
 1 19.2500 -256.8484
 1 19.2500 -287.0000
 1 19.2500 -256.8484
 1 19.2500 -287.0000
31 0 2
 0 -4.0500 -265.8940
 1 -4.0500 -287.0000
31 0 2
 0 -133.2082 -265.8940
 1 -133.2082 -287.0000
31 0 3
 0 -109.5442 -287.0000
 1 -109.5442 -256.8484
 1 -109.5442 -287.0000
31 0 2
 0 -33.1836 -265.8940
 1 -33.1836 -287.0000
31 0 2
 0 -70.7500 -256.8484
 1 -70.7500 -287.0000
31 0 2
 0 -161.8504 -265.8940
 1 -161.8504 -287.0000
31 0 2
 0 -200.7500 -272.9292
 1 -109.5442 -272.9292
31 0 2
 0 -200.7500 -279.9646
 1 -109.5442 -279.9646
31 0 2
 0 -200.7500 -265.8940
 1 19.2500 -265.8940
31 0 2
 0 -70.7500 -279.9646
 1 19.2500 -279.9646
31 0 2
 0 -70.7500 -272.9292
 1 19.2500 -272.9292
31 0 6
 0 -420.7500 -297.0000
 1 -420.7500 297.0000
 1 420.2500 297.0000
 1 420.2500 -297.0000
 1 -420.7500 -297.0000
 1 -420.7500 -297.0000

6 -298.1568 -262.6204 0.0000 3.000 1 3 104 1 REPUBLICA DE CHILE
6 -297.9580 -269.1306 0.0000 3.000 1 3 104 2 MINISTERIO DE OBRAS PUBLICAS
6 -297.9580 -275.9978 0.0000 3.000 1 3 104 3 DIRECCION .. ... 
6 -298.1568 -283.7968 0.0000 3.000 1 3 104 4 REGION XX XX
6 -155.2872 -261.8668 0.0000 3.016 1 2 104 5 APROBACION PROYECTO
6 -199.7876 -268.1258 0.0000 1.250 0 3 104 6 PROYECTO:
6 -199.7876 -274.9622 0.0000 1.250 0 3 104 7 REVISO:
6 -199.7876 -282.0970 0.0000 1.250 0 3 104 8 APROBO:
6 -131.8818 -267.9804 0.0000 1.250 0 3 104 9 Firma
6 -131.8818 -275.0158 0.0000 1.250 0 3 104 10 Firma
6 -131.8818 -282.0512 0.0000 1.250 0 3 104 11 Firma
6 -90.2800 -261.8668 0.0000 3.016 1 2 104 12 PROYECTO
6 -24.9956 -261.3712 0.0000 3.016 1 2 104 13 APROBACION DEL PROYECTO M.O.P.
6 -69.7876 -267.9804 0.0000 1.250 0 3 104 14 REVISO:
6 -69.7876 -275.1074 0.0000 1.250 0 3 104 15 REVISO:
6 -69.7876 -282.0970 0.0000 1.250 0 3 104 16 APROBO:
6 -3.0876 -268.3458 0.0000 2.000 0 3 104 17 Firma
6 -3.0876 -275.3812 0.0000 2.000 0 3 104 18 Firma
6 -3.0876 -282.4166 0.0000 2.000 0 3 104 19 Firma
6 21.1900 -263.6452 0.0000 3.999 0 3 104 20 PROYECTO: CARRETERA/CAMINO XXX
6 48.4220 -269.9712 0.0000 3.999 0 3 104 21 Texto TTTTTT - YYYYY
6 21.1900 -277.3208 0.0000 3.999 0 3 104 22 TRAMO: XXXX - WWWWW
6 51.1234 -284.2906 0.0000 3.999 0 3 104 23 DM AAA.AAA A DM BBB.BBB
6 160.0540 -260.0646 0.0000 2.000 0 3 104 24 REGION:
6 160.6646 -263.9312 0.0000 2.000 0 3 104 25 REGION texto
6 160.0540 -270.1152 0.0000 2.000 0 3 104 26 PROVINCIA:
6 160.6646 -273.9818 0.0000 2.000 0 3 104 27 PROVINCIA texto
6 160.0540 -280.5330 0.0000 2.000 0 3 104 28 COMUNA:
6 160.6646 -284.3998 0.0000 2.000 0 3 104 29 COMUNA texto
6 206.2868 -264.6392 0.0000 2.412 0 3 104 30 ESCALA HORIZONTAL: 1 / X
6 206.3082 -272.2772 0.0000 2.412 0 3 104 31 ESCALA VERTICAL: 1 / Y
6 206.2868 -280.5570 0.0000 2.412 0 3 104 32 ESCALA: 1 / A
6 342.3922 -260.2708 0.0000 2.000 0 3 104 33 FECHA EDICION
6 343.7324 -267.4442 0.0000 2.000 0 3 104 34 dd/mm/aaaa
6 371.8836 -260.7109 0.0000 2.000 0 3 104 35 EDICION
6 370.3322 -266.9706 0.0000 2.000 0 3 104 36 texto
6 391.9278 -260.3444 0.0000 2.000 0 3 104 37 LAMINA Nº
6 390.0186 -267.2168 0.0000 2.000 0 3 104 38 Nº
 9 5000 -363.4322 -270.5232 0.000 1.000 0
