CabGui
165 21 1 1 0 0 0 0 0 0 1 1
1.000
4 254 254
 0 0.0000 0.0000
 1 -25.0000 0.0000
 1 -25.0000 -60.0000
 1 0.0000 -60.0000
4 254 254
 0 0.0000 -15.0000
 1 -25.0000 -15.0000
4 254 254
 0 0.0000 -30.0000
 1 -25.0000 -30.0000
4 254 254
 0 0.0000 -45.0000
 1 -25.0000 -45.0000
4 254 254
 0 -1.5000 -60.0000
 1 -1.5000 0.0000
7 -23.7276 -37.7170 0.0000 2.000 0 2 4 11 Level Diff.
7 -23.7276 -7.9764 0.0000 2.000 0 2 4 12 Design Level
7 -24.0310 -22.8467 0.0000 2.000 0 2 4 12 Ground Level
7 -23.8793 -52.2839 0.0000 2.000 0 2 4 13 Design Offset



