ChlCabLong
186 40 1 255 0 0 0 0 0 0 1 1
1.0000
4 1 255
 0 0.0000 -16.0000
 1 -70.0000 -16.0000
4 1 255
 0 0.0000 -32.0000
 1 -35.0000 -32.0000
4 1 255
 0 0.0000 -48.0000
 1 -70.0000 -48.0000
4 1 255
 0 -35.0000 -16.0000
 1 -35.0000 -48.0000
4 1 255
 0 0.0000 -64.0000
 1 -70.0000 -64.0000
4 1 255
 0 0.0000 -74.0000
 1 -70.0000 -74.0000
4 1 255
 0 0.0000 -106.0000
 1 -70.0000 -106.0000
4 1 255
 0 0.0000 -150.0000
 1 -70.0000 -150.0000
 1 -70.0000 -138.0000
 1 -70.0000 0.0000
 1 0.0000 0.0000
4 1 255
 0 -2.0000 -150.0000
 1 -2.0000 0.0000
7 -35.0000 -8.0000 0.0000 3.0000 1 2 62 24 GRADIENTES Y PENDIENTES 
7 -20.0000 -25.0000 0.0000 3.0000 1 2 62 7 RASANTE
7 -55.0000 -32.0000 0.0000 3.0000 1 2 62 5 COTAS
7 -20.0000 -40.0000 0.0000 3.0000 1 2 62 7 TERRENO
7 -35.0000 -56.0000 0.0000 3.0000 1 2 62 22 DISTANCIAS ACUMULADAS 
7 -35.0000 -69.0000 0.0000 3.0000 1 2 62 12 KILOMETRAJE 
7 -37.0000 -85.0000 0.0000 3.0000 1 2 62 21 DIAGRAMA DE CURVATURA
7 -35.0000 -92.0000 0.0000 3.0000 1 2 62 18 C=(1/R) x K (mm.) 
7 -35.0000 -130.0000 0.0000 3.0000 1 2 62 20 DIAGRAMA DE PERALTES
7 -35.0000 -137.0000 0.0000 3.0000 1 2 62 18 ESCALA 1 % = 1 mm.
