VirajeTriple
3165 1 1 1 0 0 0 0 0 0 1 1
1.000
112 77 35
0 0.4000 0.4000
1 -0.0000 2.0000
1 -0.4000 0.4000
1 -0.0600 0.4000
1 -0.0735 0.0398
1 -0.1140 -0.0230
1 -0.2059 -0.0821
1 -0.3264 -0.1265
1 -0.5000 -0.1445
1 -0.5000 0.3555
1 -0.7500 -0.2445
1 -0.5000 -0.7445
1 -0.5000 -0.4345
1 -0.5000 -0.4345
1 -0.3264 -0.4524
1 -0.2059 -0.4967
1 -0.1140 -0.5559
1 -0.0968 -0.5825
1 -0.1500 -2.0000
1 0.1500 -2.0000
1 0.0968 -0.5825
1 0.1140 -0.5559
1 0.2059 -0.4967
1 0.3264 -0.4524
1 0.5000 -0.4345
1 0.5000 -0.4345
1 0.5000 -0.7445
1 0.7500 -0.2445
1 0.5000 0.3555
1 0.5000 -0.1445
1 0.3264 -0.1265
1 0.2059 -0.0821
1 0.1140 -0.0230
1 0.0735 0.0398
1 0.0600 0.4000
