PG-2a-PlacaInf
3249 1664 1 1 0 0 0 0 0 0 1 1
1.000
112 1253 170
0 -0.3962 0.4188
1 -0.3986 0.4187
1 -0.4009 0.4185
1 -0.4033 0.4182
1 -0.4057 0.4177
1 -0.4081 0.4171
1 -0.4105 0.4163
1 -0.4129 0.4154
1 -0.4153 0.4143
1 -0.4176 0.4130
1 -0.4198 0.4116
1 -0.4220 0.4101
1 -0.4240 0.4084
1 -0.4260 0.4065
1 -0.4278 0.4046
1 -0.4295 0.4025
1 -0.4310 0.4004
1 -0.4324 0.3981
1 -0.4337 0.3958
1 -0.4348 0.3935
1 -0.4357 0.3911
1 -0.4365 0.3887
1 -0.4371 0.3863
1 -0.4376 0.3839
1 -0.4379 0.3815
1 -0.4381 0.3792
1 -0.4382 0.3736
1 -0.4383 0.3533
1 -0.4384 0.3330
1 -0.4385 0.3127
1 -0.4386 0.2924
1 -0.4387 0.2721
1 -0.4388 0.2518
1 -0.4389 0.2315
1 -0.4390 0.2112
1 -0.4391 0.1909
1 -0.4392 0.1706
1 -0.4393 0.1503
1 -0.4394 0.1301
1 -0.4395 0.1098
1 -0.4396 0.0895
1 -0.4397 0.0692
1 -0.4398 0.0489
1 -0.4398 0.0421
1 -0.4397 0.0398
1 -0.4394 0.0374
1 -0.4389 0.0350
1 -0.4384 0.0326
1 -0.4376 0.0302
1 -0.4367 0.0278
1 -0.4357 0.0254
1 -0.4344 0.0231
1 -0.4331 0.0208
1 -0.4316 0.0186
1 -0.4299 0.0166
1 -0.4281 0.0146
1 -0.4262 0.0127
1 -0.4241 0.0110
1 -0.4220 0.0094
1 -0.4198 0.0080
1 -0.4175 0.0067
1 -0.4152 0.0055
1 -0.4128 0.0046
1 -0.4104 0.0038
1 -0.4080 0.0031
1 -0.4056 0.0026
1 -0.4032 0.0022
1 -0.4008 0.0020
1 -0.3985 0.0019
1 -0.3557 0.0017
1 -0.3099 0.0015
1 -0.2642 0.0012
1 -0.2185 0.0010
1 -0.1728 0.0008
1 -0.1271 0.0005
1 -0.0813 0.0003
1 -0.0356 0.0001
1 0.0101 -0.0002
1 0.0558 -0.0004
1 0.1015 -0.0006
1 0.1472 -0.0009
1 0.1930 -0.0011
1 0.2387 -0.0013
1 0.2844 -0.0016
1 0.3301 -0.0018
1 0.3541 -0.0019
1 0.3565 -0.0018
1 0.3588 -0.0015
1 0.3612 -0.0011
1 0.3636 -0.0006
1 0.3660 0.0001
1 0.3684 0.0010
1 0.3708 0.0020
1 0.3732 0.0032
1 0.3754 0.0045
1 0.3776 0.0060
1 0.3797 0.0076
1 0.3817 0.0094
1 0.3836 0.0113
1 0.3854 0.0133
1 0.3870 0.0154
1 0.3885 0.0176
1 0.3898 0.0199
1 0.3910 0.0222
1 0.3920 0.0245
1 0.3929 0.0269
1 0.3936 0.0293
1 0.3941 0.0318
1 0.3945 0.0341
1 0.3948 0.0365
1 0.3949 0.0388
1 0.3949 0.0534
1 0.3951 0.0737
1 0.3952 0.0940
1 0.3953 0.1143
1 0.3954 0.1346
1 0.3955 0.1549
1 0.3956 0.1752
1 0.3957 0.1955
1 0.3958 0.2158
1 0.3959 0.2361
1 0.3960 0.2563
1 0.3961 0.2766
1 0.3962 0.2969
1 0.3963 0.3172
1 0.3964 0.3375
1 0.3965 0.3578
1 0.3966 0.3736
1 0.3965 0.3759
1 0.3963 0.3783
1 0.3959 0.3807
1 0.3954 0.3831
1 0.3947 0.3855
1 0.3939 0.3879
1 0.3929 0.3903
1 0.3918 0.3926
1 0.3905 0.3949
1 0.3891 0.3971
1 0.3875 0.3993
1 0.3857 0.4013
1 0.3839 0.4032
1 0.3819 0.4050
1 0.3798 0.4067
1 0.3776 0.4082
1 0.3754 0.4095
1 0.3731 0.4108
1 0.3707 0.4118
1 0.3683 0.4127
1 0.3659 0.4134
1 0.3635 0.4140
1 0.3611 0.4145
1 0.3587 0.4147
1 0.3564 0.4149
1 0.3352 0.4150
1 0.2895 0.4153
1 0.2438 0.4155
1 0.1981 0.4157
1 0.1524 0.4160
1 0.1067 0.4162
1 0.0609 0.4164
1 0.0152 0.4167
1 -0.0305 0.4169
1 -0.0762 0.4171
1 -0.1219 0.4174
1 -0.1677 0.4176
1 -0.2134 0.4178
1 -0.2591 0.4181
1 -0.3048 0.4183
1 -0.3505 0.4185
1 -0.3962 0.4188
112 1253 210
0 -0.0453 0.4424
1 -0.0699 0.4672
1 -0.0944 0.4920
1 -0.1190 0.5168
1 -0.1435 0.5416
1 -0.1681 0.5664
1 -0.1926 0.5912
1 -0.2171 0.6160
1 -0.2417 0.6408
1 -0.2662 0.6656
1 -0.2908 0.6904
1 -0.3153 0.7152
1 -0.3399 0.7400
1 -0.3644 0.7648
1 -0.3889 0.7896
1 -0.4135 0.8144
1 -0.4380 0.8392
1 -0.4626 0.8640
1 -0.4871 0.8888
1 -0.5117 0.9136
1 -0.5362 0.9384
1 -0.5456 0.9479
1 -0.5477 0.9502
1 -0.5496 0.9527
1 -0.5515 0.9553
1 -0.5532 0.9579
1 -0.5548 0.9607
1 -0.5563 0.9635
1 -0.5576 0.9664
1 -0.5588 0.9694
1 -0.5598 0.9724
1 -0.5607 0.9755
1 -0.5614 0.9786
1 -0.5620 0.9817
1 -0.5624 0.9848
1 -0.5626 0.9879
1 -0.5628 0.9910
1 -0.5627 0.9941
1 -0.5625 0.9972
1 -0.5622 1.0004
1 -0.5616 1.0035
1 -0.5610 1.0066
1 -0.5602 1.0097
1 -0.5592 1.0127
1 -0.5581 1.0157
1 -0.5568 1.0186
1 -0.5554 1.0215
1 -0.5538 1.0243
1 -0.5521 1.0270
1 -0.5503 1.0296
1 -0.5484 1.0321
1 -0.5464 1.0345
1 -0.5442 1.0367
1 -0.5251 1.0557
1 -0.5003 1.0802
1 -0.4755 1.1048
1 -0.4507 1.1293
1 -0.4259 1.1539
1 -0.4011 1.1784
1 -0.3763 1.2029
1 -0.3515 1.2275
1 -0.3267 1.2520
1 -0.3019 1.2766
1 -0.2771 1.3011
1 -0.2523 1.3257
1 -0.2275 1.3502
1 -0.2028 1.3747
1 -0.1780 1.3993
1 -0.1532 1.4238
1 -0.1284 1.4484
1 -0.1036 1.4729
1 -0.0788 1.4975
1 -0.0540 1.5220
1 -0.0389 1.5369
1 -0.0367 1.5389
1 -0.0345 1.5408
1 -0.0321 1.5426
1 -0.0296 1.5443
1 -0.0269 1.5459
1 -0.0242 1.5474
1 -0.0214 1.5488
1 -0.0184 1.5501
1 -0.0154 1.5512
1 -0.0123 1.5522
1 -0.0091 1.5530
1 -0.0059 1.5537
1 -0.0026 1.5542
1 0.0007 1.5545
1 0.0040 1.5547
1 0.0073 1.5547
1 0.0107 1.5545
1 0.0140 1.5541
1 0.0172 1.5536
1 0.0205 1.5529
1 0.0236 1.5521
1 0.0267 1.5511
1 0.0298 1.5499
1 0.0327 1.5486
1 0.0355 1.5472
1 0.0382 1.5457
1 0.0409 1.5441
1 0.0434 1.5423
1 0.0457 1.5405
1 0.0480 1.5386
1 0.0501 1.5366
1 0.0634 1.5232
1 0.0879 1.4984
1 0.1125 1.4736
1 0.1370 1.4489
1 0.1616 1.4241
1 0.1861 1.3993
1 0.2107 1.3745
1 0.2352 1.3497
1 0.2597 1.3249
1 0.2843 1.3001
1 0.3088 1.2753
1 0.3334 1.2505
1 0.3579 1.2257
1 0.3825 1.2009
1 0.4070 1.1761
1 0.4316 1.1513
1 0.4561 1.1265
1 0.4806 1.1017
1 0.5052 1.0769
1 0.5297 1.0521
1 0.5503 1.0313
1 0.5524 1.0290
1 0.5545 1.0266
1 0.5564 1.0241
1 0.5582 1.0215
1 0.5598 1.0188
1 0.5614 1.0160
1 0.5628 1.0131
1 0.5640 1.0102
1 0.5651 1.0072
1 0.5661 1.0041
1 0.5669 1.0010
1 0.5675 0.9979
1 0.5680 0.9948
1 0.5683 0.9917
1 0.5685 0.9886
1 0.5685 0.9855
1 0.5684 0.9824
1 0.5681 0.9793
1 0.5677 0.9762
1 0.5671 0.9730
1 0.5664 0.9700
1 0.5655 0.9669
1 0.5644 0.9639
1 0.5632 0.9609
1 0.5619 0.9580
1 0.5604 0.9552
1 0.5588 0.9524
1 0.5570 0.9498
1 0.5552 0.9472
1 0.5532 0.9448
1 0.5511 0.9425
1 0.5433 0.9347
1 0.5185 0.9101
1 0.4937 0.8856
1 0.4689 0.8610
1 0.4441 0.8365
1 0.4193 0.8120
1 0.3945 0.7874
1 0.3697 0.7629
1 0.3449 0.7383
1 0.3201 0.7138
1 0.2953 0.6892
1 0.2705 0.6647
1 0.2457 0.6401
1 0.2209 0.6156
1 0.1961 0.5911
1 0.1714 0.5665
1 0.1466 0.5420
1 0.1218 0.5174
1 0.0970 0.4929
1 0.0722 0.4683
1 0.0474 0.4438
1 0.0436 0.4401
1 0.0414 0.4382
1 0.0391 0.4364
1 0.0366 0.4346
1 0.0341 0.4330
1 0.0314 0.4314
1 0.0286 0.4299
1 0.0257 0.4286
1 0.0227 0.4274
1 0.0197 0.4264
1 0.0165 0.4255
1 0.0133 0.4247
1 0.0101 0.4241
1 0.0068 0.4237
1 0.0035 0.4235
1 0.0001 0.4234
1 -0.0032 0.4235
1 -0.0065 0.4238
1 -0.0098 0.4242
1 -0.0131 0.4248
1 -0.0163 0.4256
1 -0.0194 0.4265
1 -0.0225 0.4276
1 -0.0254 0.4288
1 -0.0283 0.4301
1 -0.0311 0.4316
1 -0.0338 0.4332
1 -0.0363 0.4349
1 -0.0388 0.4366
1 -0.0411 0.4385
1 -0.0433 0.4404
1 -0.0453 0.4424
112 1250 250
0 -0.3963 0.4083
1 -0.3976 0.4083
1 -0.3988 0.4083
1 -0.4001 0.4081
1 -0.4014 0.4080
1 -0.4027 0.4077
1 -0.4039 0.4074
1 -0.4052 0.4071
1 -0.4064 0.4067
1 -0.4077 0.4063
1 -0.4089 0.4058
1 -0.4101 0.4052
1 -0.4112 0.4046
1 -0.4124 0.4040
1 -0.4135 0.4033
1 -0.4145 0.4026
1 -0.4156 0.4018
1 -0.4166 0.4010
1 -0.4175 0.4002
1 -0.4184 0.3993
1 -0.4193 0.3984
1 -0.4202 0.3975
1 -0.4210 0.3965
1 -0.4218 0.3955
1 -0.4225 0.3944
1 -0.4232 0.3933
1 -0.4238 0.3922
1 -0.4245 0.3910
1 -0.4250 0.3898
1 -0.4255 0.3886
1 -0.4260 0.3874
1 -0.4264 0.3862
1 -0.4267 0.3849
1 -0.4270 0.3836
1 -0.4273 0.3824
1 -0.4275 0.3811
1 -0.4276 0.3798
1 -0.4277 0.3786
1 -0.4277 0.3773
1 -0.4278 0.3640
1 -0.4279 0.3502
1 -0.4279 0.3364
1 -0.4280 0.3226
1 -0.4281 0.3089
1 -0.4281 0.2951
1 -0.4282 0.2813
1 -0.4283 0.2676
1 -0.4284 0.2538
1 -0.4284 0.2400
1 -0.4285 0.2262
1 -0.4286 0.2125
1 -0.4286 0.1987
1 -0.4287 0.1849
1 -0.4288 0.1712
1 -0.4288 0.1574
1 -0.4289 0.1436
1 -0.4290 0.1298
1 -0.4291 0.1161
1 -0.4291 0.1023
1 -0.4292 0.0885
1 -0.4293 0.0748
1 -0.4293 0.0610
1 -0.4294 0.0472
1 -0.4294 0.0428
1 -0.4294 0.0416
1 -0.4293 0.0403
1 -0.4291 0.0390
1 -0.4289 0.0377
1 -0.4286 0.0365
1 -0.4283 0.0352
1 -0.4279 0.0340
1 -0.4275 0.0327
1 -0.4270 0.0315
1 -0.4265 0.0303
1 -0.4259 0.0291
1 -0.4253 0.0280
1 -0.4246 0.0269
1 -0.4239 0.0258
1 -0.4231 0.0248
1 -0.4223 0.0238
1 -0.4215 0.0228
1 -0.4206 0.0219
1 -0.4197 0.0210
1 -0.4188 0.0201
1 -0.4178 0.0193
1 -0.4168 0.0185
1 -0.4157 0.0178
1 -0.4147 0.0170
1 -0.4135 0.0164
1 -0.4124 0.0158
1 -0.4112 0.0152
1 -0.4100 0.0147
1 -0.4088 0.0142
1 -0.4076 0.0138
1 -0.4063 0.0134
1 -0.4050 0.0131
1 -0.4038 0.0129
1 -0.4025 0.0126
1 -0.4012 0.0125
1 -0.4000 0.0124
1 -0.3987 0.0123
1 -0.3762 0.0122
1 -0.3451 0.0121
1 -0.3141 0.0119
1 -0.2831 0.0118
1 -0.2520 0.0116
1 -0.2210 0.0114
1 -0.1900 0.0113
1 -0.1590 0.0111
1 -0.1279 0.0110
1 -0.0969 0.0108
1 -0.0659 0.0106
1 -0.0348 0.0105
1 -0.0038 0.0103
1 0.0272 0.0102
1 0.0583 0.0100
1 0.0893 0.0098
1 0.1203 0.0097
1 0.1513 0.0095
1 0.1824 0.0094
1 0.2134 0.0092
1 0.2444 0.0091
1 0.2755 0.0089
1 0.3065 0.0087
1 0.3375 0.0086
1 0.3537 0.0085
1 0.3549 0.0085
1 0.3562 0.0086
1 0.3575 0.0088
1 0.3588 0.0090
1 0.3600 0.0093
1 0.3613 0.0096
1 0.3625 0.0099
1 0.3638 0.0103
1 0.3650 0.0108
1 0.3662 0.0113
1 0.3674 0.0119
1 0.3685 0.0125
1 0.3696 0.0132
1 0.3707 0.0139
1 0.3718 0.0146
1 0.3728 0.0154
1 0.3738 0.0162
1 0.3747 0.0171
1 0.3756 0.0180
1 0.3765 0.0189
1 0.3773 0.0199
1 0.3781 0.0209
1 0.3789 0.0219
1 0.3796 0.0230
1 0.3803 0.0241
1 0.3809 0.0253
1 0.3815 0.0264
1 0.3820 0.0276
1 0.3825 0.0288
1 0.3829 0.0301
1 0.3833 0.0313
1 0.3836 0.0326
1 0.3839 0.0338
1 0.3841 0.0351
1 0.3843 0.0364
1 0.3844 0.0377
1 0.3844 0.0389
1 0.3845 0.0460
1 0.3846 0.0598
1 0.3846 0.0735
1 0.3847 0.0873
1 0.3848 0.1011
1 0.3848 0.1149
1 0.3849 0.1286
1 0.3850 0.1424
1 0.3851 0.1562
1 0.3851 0.1699
1 0.3852 0.1837
1 0.3853 0.1975
1 0.3853 0.2113
1 0.3854 0.2250
1 0.3855 0.2388
1 0.3855 0.2526
1 0.3856 0.2663
1 0.3857 0.2801
1 0.3858 0.2939
1 0.3858 0.3077
1 0.3859 0.3214
1 0.3860 0.3352
1 0.3860 0.3490
1 0.3861 0.3627
1 0.3862 0.3734
1 0.3861 0.3747
1 0.3860 0.3759
1 0.3859 0.3772
1 0.3857 0.3785
1 0.3855 0.3797
1 0.3852 0.3810
1 0.3848 0.3823
1 0.3844 0.3835
1 0.3840 0.3847
1 0.3835 0.3859
1 0.3829 0.3871
1 0.3823 0.3883
1 0.3817 0.3894
1 0.3810 0.3905
1 0.3802 0.3916
1 0.3794 0.3926
1 0.3786 0.3936
1 0.3778 0.3945
1 0.3769 0.3954
1 0.3760 0.3963
1 0.3750 0.3971
1 0.3740 0.3980
1 0.3730 0.3987
1 0.3719 0.3994
1 0.3708 0.4001
1 0.3697 0.4008
1 0.3685 0.4014
1 0.3673 0.4019
1 0.3661 0.4024
1 0.3649 0.4029
1 0.3637 0.4032
1 0.3624 0.4036
1 0.3611 0.4039
1 0.3599 0.4041
1 0.3586 0.4043
1 0.3573 0.4044
1 0.3561 0.4045
1 0.3484 0.4045
1 0.3174 0.4047
1 0.2864 0.4049
1 0.2553 0.4050
1 0.2243 0.4052
1 0.1933 0.4053
1 0.1622 0.4055
1 0.1312 0.4056
1 0.1002 0.4058
1 0.0691 0.4060
1 0.0381 0.4061
1 0.0071 0.4063
1 -0.0239 0.4064
1 -0.0550 0.4066
1 -0.0860 0.4068
1 -0.1170 0.4069
1 -0.1481 0.4071
1 -0.1791 0.4072
1 -0.2101 0.4074
1 -0.2412 0.4076
1 -0.2722 0.4077
1 -0.3032 0.4079
1 -0.3342 0.4080
1 -0.3653 0.4082
1 -0.3963 0.4083
112 1250 230
0 0.5407 0.9497
1 0.5180 0.9273
1 0.4954 0.9049
1 0.4728 0.8825
1 0.4501 0.8601
1 0.4275 0.8377
1 0.4049 0.8153
1 0.3822 0.7929
1 0.3596 0.7705
1 0.3370 0.7481
1 0.3144 0.7257
1 0.2917 0.7033
1 0.2691 0.6809
1 0.2465 0.6585
1 0.2238 0.6361
1 0.2012 0.6137
1 0.1786 0.5913
1 0.1559 0.5689
1 0.1333 0.5465
1 0.1107 0.5241
1 0.0880 0.5017
1 0.0654 0.4793
1 0.0428 0.4569
1 0.0356 0.4498
1 0.0340 0.4484
1 0.0323 0.4470
1 0.0306 0.4457
1 0.0287 0.4445
1 0.0268 0.4433
1 0.0248 0.4421
1 0.0228 0.4411
1 0.0206 0.4401
1 0.0185 0.4392
1 0.0162 0.4385
1 0.0139 0.4378
1 0.0116 0.4372
1 0.0092 0.4367
1 0.0068 0.4364
1 0.0044 0.4361
1 0.0019 0.4360
1 -0.0005 0.4360
1 -0.0030 0.4361
1 -0.0054 0.4363
1 -0.0078 0.4366
1 -0.0102 0.4370
1 -0.0126 0.4376
1 -0.0149 0.4382
1 -0.0171 0.4390
1 -0.0193 0.4398
1 -0.0215 0.4408
1 -0.0236 0.4418
1 -0.0256 0.4429
1 -0.0275 0.4441
1 -0.0294 0.4454
1 -0.0312 0.4467
1 -0.0329 0.4480
1 -0.0345 0.4495
1 -0.0360 0.4509
1 -0.0532 0.4683
1 -0.0756 0.4909
1 -0.0980 0.5135
1 -0.1204 0.5361
1 -0.1428 0.5588
1 -0.1652 0.5814
1 -0.1876 0.6040
1 -0.2100 0.6267
1 -0.2324 0.6493
1 -0.2548 0.6719
1 -0.2772 0.6946
1 -0.2996 0.7172
1 -0.3220 0.7398
1 -0.3444 0.7624
1 -0.3668 0.7851
1 -0.3892 0.8077
1 -0.4116 0.8303
1 -0.4340 0.8530
1 -0.4564 0.8756
1 -0.4788 0.8982
1 -0.5012 0.9209
1 -0.5236 0.9435
1 -0.5360 0.9560
1 -0.5375 0.9577
1 -0.5390 0.9595
1 -0.5404 0.9613
1 -0.5417 0.9632
1 -0.5429 0.9652
1 -0.5441 0.9673
1 -0.5452 0.9694
1 -0.5461 0.9715
1 -0.5470 0.9737
1 -0.5477 0.9759
1 -0.5484 0.9782
1 -0.5490 0.9804
1 -0.5494 0.9827
1 -0.5498 0.9850
1 -0.5500 0.9873
1 -0.5501 0.9896
1 -0.5502 0.9918
1 -0.5501 0.9941
1 -0.5500 0.9964
1 -0.5497 0.9987
1 -0.5493 1.0010
1 -0.5489 1.0033
1 -0.5483 1.0055
1 -0.5476 1.0078
1 -0.5468 1.0100
1 -0.5459 1.0122
1 -0.5449 1.0143
1 -0.5439 1.0164
1 -0.5427 1.0184
1 -0.5414 1.0204
1 -0.5401 1.0223
1 -0.5387 1.0241
1 -0.5372 1.0259
1 -0.5357 1.0275
1 -0.5235 1.0395
1 -0.5009 1.0619
1 -0.4783 1.0843
1 -0.4557 1.1067
1 -0.4330 1.1291
1 -0.4104 1.1515
1 -0.3878 1.1739
1 -0.3651 1.1963
1 -0.3425 1.2187
1 -0.3199 1.2411
1 -0.2972 1.2635
1 -0.2746 1.2859
1 -0.2520 1.3083
1 -0.2293 1.3307
1 -0.2067 1.3531
1 -0.1841 1.3755
1 -0.1615 1.3979
1 -0.1388 1.4203
1 -0.1162 1.4427
1 -0.0936 1.4651
1 -0.0709 1.4875
1 -0.0483 1.5099
1 -0.0305 1.5275
1 -0.0289 1.5291
1 -0.0271 1.5306
1 -0.0253 1.5320
1 -0.0234 1.5333
1 -0.0214 1.5346
1 -0.0194 1.5358
1 -0.0173 1.5368
1 -0.0152 1.5378
1 -0.0130 1.5387
1 -0.0108 1.5395
1 -0.0086 1.5402
1 -0.0063 1.5408
1 -0.0040 1.5412
1 -0.0017 1.5416
1 0.0006 1.5419
1 0.0029 1.5421
1 0.0051 1.5421
1 0.0074 1.5421
1 0.0097 1.5420
1 0.0120 1.5417
1 0.0143 1.5414
1 0.0165 1.5409
1 0.0188 1.5404
1 0.0211 1.5397
1 0.0233 1.5390
1 0.0255 1.5381
1 0.0276 1.5371
1 0.0297 1.5361
1 0.0318 1.5349
1 0.0337 1.5337
1 0.0357 1.5324
1 0.0375 1.5310
1 0.0393 1.5295
1 0.0410 1.5280
1 0.0478 1.5211
1 0.0702 1.4985
1 0.0926 1.4759
1 0.1150 1.4532
1 0.1374 1.4306
1 0.1598 1.4080
1 0.1822 1.3854
1 0.2046 1.3627
1 0.2270 1.3401
1 0.2494 1.3175
1 0.2718 1.2948
1 0.2942 1.2722
1 0.3166 1.2496
1 0.3390 1.2269
1 0.3614 1.2043
1 0.3838 1.1817
1 0.4062 1.1591
1 0.4286 1.1364
1 0.4510 1.1138
1 0.4734 1.0912
1 0.4958 1.0685
1 0.5182 1.0459
1 0.5406 1.0233
1 0.5426 1.0212
1 0.5441 1.0195
1 0.5455 1.0177
1 0.5469 1.0158
1 0.5481 1.0139
1 0.5493 1.0118
1 0.5504 1.0098
1 0.5514 1.0077
1 0.5524 1.0055
1 0.5532 1.0033
1 0.5539 1.0011
1 0.5545 0.9988
1 0.5550 0.9965
1 0.5554 0.9942
1 0.5557 0.9919
1 0.5559 0.9896
1 0.5560 0.9874
1 0.5560 0.9851
1 0.5559 0.9828
1 0.5556 0.9805
1 0.5553 0.9782
1 0.5549 0.9760
1 0.5544 0.9737
1 0.5537 0.9714
1 0.5530 0.9692
1 0.5522 0.9670
1 0.5512 0.9648
1 0.5502 0.9627
1 0.5491 0.9607
1 0.5479 0.9587
1 0.5466 0.9567
1 0.5452 0.9549
1 0.5438 0.9531
1 0.5422 0.9514
1 0.5407 0.9497
112 1253 250
0 -0.3964 0.3875
1 -0.3968 0.3875
1 -0.3973 0.3875
1 -0.3977 0.3874
1 -0.3981 0.3874
1 -0.3985 0.3873
1 -0.3989 0.3872
1 -0.3994 0.3871
1 -0.3998 0.3870
1 -0.4002 0.3868
1 -0.4006 0.3866
1 -0.4010 0.3865
1 -0.4014 0.3863
1 -0.4018 0.3861
1 -0.4021 0.3858
1 -0.4025 0.3856
1 -0.4028 0.3853
1 -0.4032 0.3851
1 -0.4035 0.3848
1 -0.4038 0.3845
1 -0.4041 0.3842
1 -0.4044 0.3839
1 -0.4046 0.3835
1 -0.4049 0.3832
1 -0.4051 0.3829
1 -0.4054 0.3825
1 -0.4056 0.3821
1 -0.4058 0.3817
1 -0.4060 0.3813
1 -0.4061 0.3809
1 -0.4063 0.3805
1 -0.4064 0.3801
1 -0.4065 0.3797
1 -0.4066 0.3793
1 -0.4067 0.3788
1 -0.4068 0.3784
1 -0.4068 0.3780
1 -0.4069 0.3776
1 -0.4069 0.3772
1 -0.4069 0.3639
1 -0.4070 0.3501
1 -0.4071 0.3363
1 -0.4072 0.3225
1 -0.4072 0.3088
1 -0.4073 0.2950
1 -0.4074 0.2812
1 -0.4074 0.2675
1 -0.4075 0.2537
1 -0.4076 0.2399
1 -0.4077 0.2261
1 -0.4077 0.2124
1 -0.4078 0.1986
1 -0.4079 0.1848
1 -0.4079 0.1711
1 -0.4080 0.1573
1 -0.4081 0.1435
1 -0.4081 0.1297
1 -0.4082 0.1160
1 -0.4083 0.1022
1 -0.4084 0.0884
1 -0.4084 0.0746
1 -0.4085 0.0609
1 -0.4086 0.0471
1 -0.4086 0.0433
1 -0.4086 0.0429
1 -0.4085 0.0425
1 -0.4085 0.0421
1 -0.4084 0.0416
1 -0.4083 0.0412
1 -0.4082 0.0408
1 -0.4081 0.0404
1 -0.4079 0.0400
1 -0.4078 0.0396
1 -0.4076 0.0392
1 -0.4074 0.0388
1 -0.4072 0.0384
1 -0.4070 0.0380
1 -0.4067 0.0377
1 -0.4065 0.0373
1 -0.4062 0.0370
1 -0.4059 0.0367
1 -0.4057 0.0364
1 -0.4054 0.0361
1 -0.4050 0.0358
1 -0.4047 0.0355
1 -0.4044 0.0352
1 -0.4040 0.0350
1 -0.4037 0.0348
1 -0.4033 0.0345
1 -0.4029 0.0343
1 -0.4025 0.0341
1 -0.4021 0.0340
1 -0.4017 0.0338
1 -0.4013 0.0337
1 -0.4009 0.0335
1 -0.4005 0.0334
1 -0.4000 0.0334
1 -0.3996 0.0333
1 -0.3992 0.0332
1 -0.3988 0.0332
1 -0.3983 0.0332
1 -0.3761 0.0331
1 -0.3450 0.0329
1 -0.3140 0.0328
1 -0.2830 0.0326
1 -0.2519 0.0324
1 -0.2209 0.0323
1 -0.1899 0.0321
1 -0.1588 0.0320
1 -0.1278 0.0318
1 -0.0968 0.0316
1 -0.0658 0.0315
1 -0.0347 0.0313
1 -0.0037 0.0312
1 0.0273 0.0310
1 0.0584 0.0308
1 0.0894 0.0307
1 0.1204 0.0305
1 0.1514 0.0304
1 0.1825 0.0302
1 0.2135 0.0301
1 0.2445 0.0299
1 0.2756 0.0297
1 0.3066 0.0296
1 0.3376 0.0294
1 0.3533 0.0293
1 0.3538 0.0294
1 0.3542 0.0294
1 0.3546 0.0294
1 0.3550 0.0295
1 0.3555 0.0296
1 0.3559 0.0297
1 0.3563 0.0298
1 0.3567 0.0300
1 0.3571 0.0301
1 0.3575 0.0303
1 0.3579 0.0305
1 0.3583 0.0307
1 0.3587 0.0309
1 0.3590 0.0311
1 0.3594 0.0314
1 0.3597 0.0316
1 0.3601 0.0319
1 0.3604 0.0322
1 0.3607 0.0325
1 0.3610 0.0328
1 0.3612 0.0331
1 0.3615 0.0335
1 0.3618 0.0338
1 0.3620 0.0342
1 0.3622 0.0345
1 0.3624 0.0349
1 0.3626 0.0353
1 0.3628 0.0357
1 0.3630 0.0361
1 0.3631 0.0365
1 0.3632 0.0369
1 0.3633 0.0374
1 0.3634 0.0378
1 0.3635 0.0382
1 0.3636 0.0386
1 0.3636 0.0391
1 0.3636 0.0395
1 0.3636 0.0461
1 0.3637 0.0599
1 0.3638 0.0736
1 0.3639 0.0874
1 0.3639 0.1012
1 0.3640 0.1150
1 0.3641 0.1287
1 0.3641 0.1425
1 0.3642 0.1563
1 0.3643 0.1700
1 0.3644 0.1838
1 0.3644 0.1976
1 0.3645 0.2114
1 0.3646 0.2251
1 0.3646 0.2389
1 0.3647 0.2527
1 0.3648 0.2665
1 0.3648 0.2802
1 0.3649 0.2940
1 0.3650 0.3078
1 0.3651 0.3215
1 0.3651 0.3353
1 0.3652 0.3491
1 0.3653 0.3629
1 0.3653 0.3733
1 0.3653 0.3737
1 0.3653 0.3741
1 0.3652 0.3746
1 0.3652 0.3750
1 0.3651 0.3754
1 0.3650 0.3758
1 0.3649 0.3762
1 0.3647 0.3767
1 0.3646 0.3771
1 0.3644 0.3775
1 0.3642 0.3779
1 0.3640 0.3783
1 0.3638 0.3786
1 0.3636 0.3790
1 0.3633 0.3793
1 0.3631 0.3797
1 0.3628 0.3800
1 0.3625 0.3803
1 0.3622 0.3806
1 0.3619 0.3809
1 0.3616 0.3812
1 0.3613 0.3815
1 0.3609 0.3817
1 0.3606 0.3820
1 0.3602 0.3822
1 0.3598 0.3824
1 0.3594 0.3826
1 0.3590 0.3828
1 0.3586 0.3830
1 0.3582 0.3831
1 0.3578 0.3832
1 0.3574 0.3834
1 0.3570 0.3834
1 0.3566 0.3835
1 0.3561 0.3836
1 0.3557 0.3836
1 0.3553 0.3836
1 0.3483 0.3837
1 0.3173 0.3838
1 0.2862 0.3840
1 0.2552 0.3842
1 0.2242 0.3843
1 0.1932 0.3845
1 0.1621 0.3846
1 0.1311 0.3848
1 0.1001 0.3850
1 0.0690 0.3851
1 0.0380 0.3853
1 0.0070 0.3854
1 -0.0241 0.3856
1 -0.0551 0.3858
1 -0.0861 0.3859
1 -0.1171 0.3861
1 -0.1482 0.3862
1 -0.1792 0.3864
1 -0.2102 0.3866
1 -0.2413 0.3867
1 -0.2723 0.3869
1 -0.3033 0.3870
1 -0.3343 0.3872
1 -0.3654 0.3873
1 -0.3964 0.3875
112 1253 210
0 0.5230 0.9676
1 0.4982 0.9431
1 0.4734 0.9185
1 0.4486 0.8940
1 0.4238 0.8694
1 0.3990 0.8449
1 0.3742 0.8203
1 0.3494 0.7958
1 0.3246 0.7712
1 0.2998 0.7467
1 0.2750 0.7222
1 0.2502 0.6976
1 0.2254 0.6731
1 0.2006 0.6485
1 0.1758 0.6240
1 0.1510 0.5994
1 0.1262 0.5749
1 0.1014 0.5504
1 0.0766 0.5258
1 0.0519 0.5013
1 0.0271 0.4767
1 0.0184 0.4682
1 0.0175 0.4674
1 0.0166 0.4666
1 0.0156 0.4659
1 0.0145 0.4652
1 0.0134 0.4645
1 0.0123 0.4639
1 0.0111 0.4634
1 0.0099 0.4629
1 0.0086 0.4624
1 0.0074 0.4620
1 0.0060 0.4617
1 0.0047 0.4614
1 0.0033 0.4613
1 0.0020 0.4611
1 0.0006 0.4611
1 -0.0008 0.4611
1 -0.0022 0.4612
1 -0.0035 0.4614
1 -0.0049 0.4616
1 -0.0062 0.4619
1 -0.0075 0.4623
1 -0.0088 0.4627
1 -0.0100 0.4632
1 -0.0112 0.4637
1 -0.0124 0.4643
1 -0.0135 0.4650
1 -0.0146 0.4656
1 -0.0156 0.4664
1 -0.0166 0.4671
1 -0.0175 0.4679
1 -0.0183 0.4687
1 -0.0370 0.4876
1 -0.0615 0.5123
1 -0.0860 0.5371
1 -0.1106 0.5619
1 -0.1351 0.5867
1 -0.1597 0.6115
1 -0.1842 0.6363
1 -0.2088 0.6611
1 -0.2333 0.6859
1 -0.2578 0.7107
1 -0.2824 0.7355
1 -0.3069 0.7603
1 -0.3315 0.7851
1 -0.3560 0.8099
1 -0.3806 0.8347
1 -0.4051 0.8595
1 -0.4296 0.8843
1 -0.4542 0.9091
1 -0.4787 0.9339
1 -0.5033 0.9587
1 -0.5178 0.9733
1 -0.5186 0.9743
1 -0.5194 0.9753
1 -0.5202 0.9763
1 -0.5209 0.9774
1 -0.5216 0.9785
1 -0.5222 0.9797
1 -0.5228 0.9809
1 -0.5233 0.9821
1 -0.5237 0.9834
1 -0.5241 0.9846
1 -0.5244 0.9859
1 -0.5247 0.9872
1 -0.5249 0.9885
1 -0.5250 0.9898
1 -0.5251 0.9911
1 -0.5251 0.9923
1 -0.5250 0.9936
1 -0.5249 0.9949
1 -0.5247 0.9962
1 -0.5244 0.9975
1 -0.5241 0.9988
1 -0.5237 1.0000
1 -0.5232 1.0013
1 -0.5227 1.0025
1 -0.5222 1.0037
1 -0.5215 1.0048
1 -0.5208 1.0060
1 -0.5201 1.0070
1 -0.5193 1.0081
1 -0.5185 1.0091
1 -0.5176 1.0100
1 -0.5048 1.0228
1 -0.4800 1.0473
1 -0.4552 1.0718
1 -0.4304 1.0964
1 -0.4056 1.1209
1 -0.3808 1.1455
1 -0.3560 1.1700
1 -0.3312 1.1946
1 -0.3064 1.2191
1 -0.2816 1.2436
1 -0.2568 1.2682
1 -0.2320 1.2927
1 -0.2072 1.3173
1 -0.1824 1.3418
1 -0.1576 1.3664
1 -0.1328 1.3909
1 -0.1080 1.4154
1 -0.0833 1.4400
1 -0.0585 1.4645
1 -0.0337 1.4891
1 -0.0131 1.5095
1 -0.0121 1.5103
1 -0.0111 1.5112
1 -0.0101 1.5120
1 -0.0090 1.5127
1 -0.0079 1.5134
1 -0.0067 1.5140
1 -0.0056 1.5146
1 -0.0043 1.5151
1 -0.0031 1.5156
1 -0.0018 1.5160
1 -0.0006 1.5163
1 0.0007 1.5166
1 0.0020 1.5168
1 0.0033 1.5169
1 0.0046 1.5170
1 0.0059 1.5170
1 0.0072 1.5169
1 0.0084 1.5168
1 0.0097 1.5167
1 0.0110 1.5164
1 0.0123 1.5161
1 0.0136 1.5157
1 0.0148 1.5153
1 0.0160 1.5148
1 0.0172 1.5142
1 0.0184 1.5136
1 0.0195 1.5130
1 0.0206 1.5122
1 0.0217 1.5115
1 0.0227 1.5106
1 0.0237 1.5098
1 0.0305 1.5029
1 0.0550 1.4781
1 0.0796 1.4533
1 0.1041 1.4285
1 0.1286 1.4037
1 0.1532 1.3789
1 0.1777 1.3541
1 0.2023 1.3293
1 0.2268 1.3046
1 0.2514 1.2798
1 0.2759 1.2550
1 0.3005 1.2302
1 0.3250 1.2054
1 0.3495 1.1806
1 0.3741 1.1558
1 0.3986 1.1310
1 0.4232 1.1062
1 0.4477 1.0814
1 0.4723 1.0566
1 0.4968 1.0318
1 0.5213 1.0070
1 0.5239 1.0044
1 0.5247 1.0034
1 0.5255 1.0025
1 0.5262 1.0015
1 0.5269 1.0004
1 0.5275 0.9993
1 0.5281 0.9982
1 0.5287 0.9970
1 0.5292 0.9957
1 0.5296 0.9945
1 0.5300 0.9932
1 0.5303 0.9918
1 0.5305 0.9905
1 0.5307 0.9891
1 0.5308 0.9878
1 0.5309 0.9864
1 0.5308 0.9850
1 0.5307 0.9836
1 0.5305 0.9823
1 0.5303 0.9809
1 0.5300 0.9796
1 0.5296 0.9783
1 0.5291 0.9771
1 0.5286 0.9758
1 0.5281 0.9746
1 0.5275 0.9735
1 0.5268 0.9724
1 0.5261 0.9713
1 0.5254 0.9703
1 0.5246 0.9694
1 0.5238 0.9684
1 0.5230 0.9676
112 1250 330
0 -0.0884 1.1528
1 -0.0793 1.1528
1 -0.0702 1.1527
1 -0.0611 1.1527
1 -0.0520 1.1527
1 -0.0429 1.1526
1 -0.0339 1.1526
1 -0.0248 1.1525
1 -0.0157 1.1525
1 -0.0066 1.1524
1 0.0025 1.1524
1 0.0116 1.1523
1 0.0207 1.1523
1 0.0298 1.1522
1 0.0389 1.1522
1 0.0480 1.1521
1 0.0571 1.1521
1 0.0661 1.1520
1 0.0752 1.1520
1 0.0843 1.1520
1 0.0870 1.1549
1 0.0862 1.1593
1 0.0854 1.1638
1 0.0846 1.1683
1 0.0838 1.1728
1 0.0830 1.1772
1 0.0822 1.1817
1 0.0814 1.1862
1 0.0806 1.1906
1 0.0798 1.1951
1 0.0790 1.1996
1 0.0782 1.2041
1 0.0774 1.2085
1 0.0766 1.2130
1 0.0759 1.2175
1 0.0751 1.2220
1 0.0743 1.2264
1 0.0735 1.2309
1 0.0727 1.2354
1 0.0721 1.2387
1 0.0719 1.2395
1 0.0718 1.2403
1 0.0717 1.2412
1 0.0716 1.2420
1 0.0716 1.2428
1 0.0717 1.2437
1 0.0717 1.2445
1 0.0719 1.2454
1 0.0721 1.2462
1 0.0723 1.2471
1 0.0725 1.2479
1 0.0728 1.2487
1 0.0732 1.2495
1 0.0736 1.2503
1 0.0740 1.2510
1 0.0745 1.2518
1 0.0750 1.2524
1 0.0755 1.2531
1 0.0761 1.2537
1 0.0767 1.2543
1 0.0773 1.2549
1 0.0779 1.2554
1 0.0786 1.2559
1 0.0792 1.2563
1 0.0799 1.2567
1 0.0806 1.2571
1 0.0814 1.2575
1 0.0822 1.2578
1 0.0830 1.2581
1 0.0838 1.2583
1 0.0846 1.2585
1 0.0855 1.2587
1 0.0863 1.2588
1 0.0872 1.2588
1 0.0881 1.2588
1 0.0889 1.2588
1 0.0898 1.2587
1 0.0907 1.2586
1 0.0915 1.2585
1 0.0923 1.2582
1 0.0932 1.2580
1 0.0939 1.2577
1 0.0947 1.2574
1 0.0955 1.2570
1 0.0962 1.2566
1 0.0969 1.2562
1 0.1004 1.2537
1 0.1122 1.2455
1 0.1239 1.2372
1 0.1356 1.2290
1 0.1473 1.2207
1 0.1591 1.2125
1 0.1708 1.2042
1 0.1825 1.1960
1 0.1942 1.1877
1 0.2060 1.1795
1 0.2177 1.1712
1 0.2294 1.1630
1 0.2412 1.1547
1 0.2529 1.1465
1 0.2646 1.1382
1 0.2763 1.1300
1 0.2881 1.1217
1 0.2998 1.1135
1 0.3115 1.1052
1 0.3232 1.0970
1 0.3135 1.0889
1 0.3016 1.0807
1 0.2898 1.0726
1 0.2780 1.0645
1 0.2662 1.0563
1 0.2544 1.0482
1 0.2426 1.0401
1 0.2308 1.0320
1 0.2190 1.0238
1 0.2072 1.0157
1 0.1953 1.0076
1 0.1835 0.9994
1 0.1717 0.9913
1 0.1599 0.9832
1 0.1481 0.9751
1 0.1363 0.9669
1 0.1245 0.9588
1 0.1127 0.9507
1 0.1009 0.9426
1 0.0954 0.9388
1 0.0947 0.9384
1 0.0940 0.9380
1 0.0932 0.9376
1 0.0924 0.9373
1 0.0916 0.9370
1 0.0908 0.9367
1 0.0900 0.9365
1 0.0892 0.9364
1 0.0883 0.9362
1 0.0874 0.9362
1 0.0866 0.9361
1 0.0857 0.9362
1 0.0848 0.9362
1 0.0840 0.9363
1 0.0831 0.9365
1 0.0823 0.9367
1 0.0815 0.9369
1 0.0807 0.9372
1 0.0799 0.9375
1 0.0791 0.9379
1 0.0784 0.9383
1 0.0777 0.9387
1 0.0770 0.9391
1 0.0764 0.9396
1 0.0758 0.9401
1 0.0752 0.9407
1 0.0746 0.9413
1 0.0740 0.9419
1 0.0735 0.9426
1 0.0730 0.9433
1 0.0725 0.9440
1 0.0721 0.9447
1 0.0717 0.9455
1 0.0714 0.9463
1 0.0710 0.9471
1 0.0708 0.9479
1 0.0706 0.9488
1 0.0704 0.9496
1 0.0703 0.9505
1 0.0702 0.9513
1 0.0701 0.9522
1 0.0701 0.9530
1 0.0702 0.9539
1 0.0703 0.9547
1 0.0704 0.9555
1 0.0706 0.9563
1 0.0711 0.9590
1 0.0720 0.9635
1 0.0728 0.9679
1 0.0736 0.9724
1 0.0745 0.9768
1 0.0753 0.9813
1 0.0762 0.9858
1 0.0770 0.9902
1 0.0778 0.9947
1 0.0787 0.9992
1 0.0795 1.0036
1 0.0804 1.0081
1 0.0812 1.0126
1 0.0820 1.0170
1 0.0829 1.0215
1 0.0837 1.0260
1 0.0846 1.0304
1 0.0854 1.0349
1 0.0862 1.0394
1 0.0853 1.0431
1 0.0762 1.0431
1 0.0672 1.0432
1 0.0581 1.0432
1 0.0490 1.0432
1 0.0399 1.0433
1 0.0308 1.0433
1 0.0217 1.0434
1 0.0126 1.0434
1 0.0035 1.0435
1 -0.0056 1.0435
1 -0.0147 1.0436
1 -0.0238 1.0436
1 -0.0328 1.0437
1 -0.0419 1.0437
1 -0.0510 1.0438
1 -0.0601 1.0438
1 -0.0692 1.0439
1 -0.0783 1.0439
1 -0.0874 1.0439
1 -0.0896 1.0439
1 -0.0904 1.0439
1 -0.0912 1.0438
1 -0.0920 1.0437
1 -0.0929 1.0435
1 -0.0937 1.0433
1 -0.0945 1.0430
1 -0.0953 1.0427
1 -0.0961 1.0424
1 -0.0969 1.0420
1 -0.0977 1.0415
1 -0.0985 1.0411
1 -0.0992 1.0405
1 -0.0999 1.0400
1 -0.1006 1.0393
1 -0.1012 1.0387
1 -0.1018 1.0380
1 -0.1024 1.0373
1 -0.1029 1.0366
1 -0.1034 1.0358
1 -0.1039 1.0350
1 -0.1043 1.0342
1 -0.1046 1.0334
1 -0.1049 1.0326
1 -0.1052 1.0318
1 -0.1054 1.0310
1 -0.1055 1.0301
1 -0.1057 1.0293
1 -0.1057 1.0285
1 -0.1058 1.0277
1 -0.1058 1.0208
1 -0.1059 1.0058
1 -0.1060 0.9909
1 -0.1061 0.9760
1 -0.1061 0.9610
1 -0.1062 0.9461
1 -0.1063 0.9312
1 -0.1064 0.9162
1 -0.1064 0.9013
1 -0.1065 0.8864
1 -0.1066 0.8714
1 -0.1067 0.8565
1 -0.1067 0.8416
1 -0.1068 0.8266
1 -0.1069 0.8117
1 -0.1070 0.7967
1 -0.1071 0.7818
1 -0.1071 0.7669
1 -0.1072 0.7519
1 -0.1078 0.7383
1 -0.1134 0.7384
1 -0.1190 0.7384
1 -0.1247 0.7384
1 -0.1303 0.7384
1 -0.1359 0.7385
1 -0.1415 0.7385
1 -0.1472 0.7385
1 -0.1528 0.7386
1 -0.1584 0.7386
1 -0.1640 0.7386
1 -0.1697 0.7386
1 -0.1753 0.7387
1 -0.1809 0.7387
1 -0.1866 0.7387
1 -0.1922 0.7388
1 -0.1978 0.7388
1 -0.2034 0.7388
1 -0.2091 0.7388
1 -0.2147 0.7389
1 -0.2161 0.7499
1 -0.2160 0.7649
1 -0.2160 0.7798
1 -0.2159 0.7947
1 -0.2158 0.8097
1 -0.2157 0.8246
1 -0.2156 0.8395
1 -0.2156 0.8545
1 -0.2155 0.8694
1 -0.2154 0.8843
1 -0.2153 0.8993
1 -0.2153 0.9142
1 -0.2152 0.9292
1 -0.2151 0.9441
1 -0.2150 0.9590
1 -0.2150 0.9740
1 -0.2149 0.9889
1 -0.2148 1.0038
1 -0.2147 1.0188
1 -0.2146 1.0303
1 -0.2143 1.0367
1 -0.2137 1.0431
1 -0.2127 1.0495
1 -0.2114 1.0559
1 -0.2097 1.0622
1 -0.2077 1.0685
1 -0.2054 1.0746
1 -0.2027 1.0806
1 -0.1998 1.0865
1 -0.1966 1.0922
1 -0.1930 1.0977
1 -0.1893 1.1030
1 -0.1852 1.1080
1 -0.1810 1.1128
1 -0.1765 1.1174
1 -0.1719 1.1217
1 -0.1669 1.1258
1 -0.1617 1.1297
1 -0.1563 1.1333
1 -0.1507 1.1367
1 -0.1449 1.1397
1 -0.1390 1.1425
1 -0.1329 1.1450
1 -0.1266 1.1471
1 -0.1203 1.1489
1 -0.1140 1.1503
1 -0.1076 1.1515
1 -0.1012 1.1523
1 -0.0948 1.1527
1 -0.0884 1.1528
4 1 1
 0 -0.3962 0.4188
 1 -0.3986 0.4187
 1 -0.4009 0.4185
 1 -0.4033 0.4182
 1 -0.4057 0.4177
 1 -0.4081 0.4171
 1 -0.4105 0.4163
 1 -0.4129 0.4154
 1 -0.4153 0.4143
 1 -0.4176 0.4130
 1 -0.4198 0.4116
 1 -0.4220 0.4101
 1 -0.4240 0.4084
 1 -0.4260 0.4065
 1 -0.4278 0.4046
 1 -0.4295 0.4025
 1 -0.4310 0.4004
 1 -0.4324 0.3981
 1 -0.4337 0.3958
 1 -0.4348 0.3935
 1 -0.4357 0.3911
 1 -0.4365 0.3887
 1 -0.4371 0.3863
 1 -0.4376 0.3839
 1 -0.4379 0.3815
 1 -0.4381 0.3792
 1 -0.4382 0.3736
 1 -0.4383 0.3533
 1 -0.4384 0.3330
 1 -0.4385 0.3127
 1 -0.4386 0.2924
 1 -0.4387 0.2721
 1 -0.4388 0.2518
 1 -0.4389 0.2315
 1 -0.4390 0.2112
 1 -0.4391 0.1909
 1 -0.4392 0.1706
 1 -0.4393 0.1503
 1 -0.4394 0.1301
 1 -0.4395 0.1098
 1 -0.4396 0.0895
 1 -0.4397 0.0692
 1 -0.4398 0.0489
 1 -0.4398 0.0421
 1 -0.4397 0.0398
 1 -0.4394 0.0374
 1 -0.4389 0.0350
 1 -0.4384 0.0326
 1 -0.4376 0.0302
 1 -0.4367 0.0278
 1 -0.4357 0.0254
 1 -0.4344 0.0231
 1 -0.4331 0.0208
 1 -0.4316 0.0186
 1 -0.4299 0.0166
 1 -0.4281 0.0146
 1 -0.4262 0.0127
 1 -0.4241 0.0110
 1 -0.4220 0.0094
 1 -0.4198 0.0080
 1 -0.4175 0.0067
 1 -0.4152 0.0055
 1 -0.4128 0.0046
 1 -0.4104 0.0038
 1 -0.4080 0.0031
 1 -0.4056 0.0026
 1 -0.4032 0.0022
 1 -0.4008 0.0020
 1 -0.3985 0.0019
 1 -0.3557 0.0017
 1 -0.3099 0.0015
 1 -0.2642 0.0012
 1 -0.2185 0.0010
 1 -0.1728 0.0008
 1 -0.1271 0.0005
 1 -0.0813 0.0003
 1 -0.0356 0.0001
 1 0.0101 -0.0002
 1 0.0558 -0.0004
 1 0.1015 -0.0006
 1 0.1472 -0.0009
 1 0.1930 -0.0011
 1 0.2387 -0.0013
 1 0.2844 -0.0016
 1 0.3301 -0.0018
 1 0.3541 -0.0019
 1 0.3565 -0.0018
 1 0.3588 -0.0015
 1 0.3612 -0.0011
 1 0.3636 -0.0006
 1 0.3660 0.0001
 1 0.3684 0.0010
 1 0.3708 0.0020
 1 0.3732 0.0032
 1 0.3754 0.0045
 1 0.3776 0.0060
 1 0.3797 0.0076
 1 0.3817 0.0094
 1 0.3836 0.0113
 1 0.3854 0.0133
 1 0.3870 0.0154
 1 0.3885 0.0176
 1 0.3898 0.0199
 1 0.3910 0.0222
 1 0.3920 0.0245
 1 0.3929 0.0269
 1 0.3936 0.0293
 1 0.3941 0.0318
 1 0.3945 0.0341
 1 0.3948 0.0365
 1 0.3949 0.0388
 1 0.3949 0.0534
 1 0.3951 0.0737
 1 0.3952 0.0940
 1 0.3953 0.1143
 1 0.3954 0.1346
 1 0.3955 0.1549
 1 0.3956 0.1752
 1 0.3957 0.1955
 1 0.3958 0.2158
 1 0.3959 0.2361
 1 0.3960 0.2563
 1 0.3961 0.2766
 1 0.3962 0.2969
 1 0.3963 0.3172
 1 0.3964 0.3375
 1 0.3965 0.3578
 1 0.3966 0.3736
 1 0.3965 0.3759
 1 0.3963 0.3783
 1 0.3959 0.3807
 1 0.3954 0.3831
 1 0.3947 0.3855
 1 0.3939 0.3879
 1 0.3929 0.3903
 1 0.3918 0.3926
 1 0.3905 0.3949
 1 0.3891 0.3971
 1 0.3875 0.3993
 1 0.3857 0.4013
 1 0.3839 0.4032
 1 0.3819 0.4050
 1 0.3798 0.4067
 1 0.3776 0.4082
 1 0.3754 0.4095
 1 0.3731 0.4108
 1 0.3707 0.4118
 1 0.3683 0.4127
 1 0.3659 0.4134
 1 0.3635 0.4140
 1 0.3611 0.4145
 1 0.3587 0.4147
 1 0.3564 0.4149
 1 0.3352 0.4150
 1 0.2895 0.4153
 1 0.2438 0.4155
 1 0.1981 0.4157
 1 0.1524 0.4160
 1 0.1067 0.4162
 1 0.0609 0.4164
 1 0.0152 0.4167
 1 -0.0305 0.4169
 1 -0.0762 0.4171
 1 -0.1219 0.4174
 1 -0.1677 0.4176
 1 -0.2134 0.4178
 1 -0.2591 0.4181
 1 -0.3048 0.4183
 1 -0.3505 0.4185
 1 -0.3962 0.4188
4 1 1
 0 -0.0453 0.4424
 1 -0.0699 0.4672
 1 -0.0944 0.4920
 1 -0.1190 0.5168
 1 -0.1435 0.5416
 1 -0.1681 0.5664
 1 -0.1926 0.5912
 1 -0.2171 0.6160
 1 -0.2417 0.6408
 1 -0.2662 0.6656
 1 -0.2908 0.6904
 1 -0.3153 0.7152
 1 -0.3399 0.7400
 1 -0.3644 0.7648
 1 -0.3889 0.7896
 1 -0.4135 0.8144
 1 -0.4380 0.8392
 1 -0.4626 0.8640
 1 -0.4871 0.8888
 1 -0.5117 0.9136
 1 -0.5362 0.9384
 1 -0.5456 0.9479
 1 -0.5477 0.9502
 1 -0.5496 0.9527
 1 -0.5515 0.9553
 1 -0.5532 0.9579
 1 -0.5548 0.9607
 1 -0.5563 0.9635
 1 -0.5576 0.9664
 1 -0.5588 0.9694
 1 -0.5598 0.9724
 1 -0.5607 0.9755
 1 -0.5614 0.9786
 1 -0.5620 0.9817
 1 -0.5624 0.9848
 1 -0.5626 0.9879
 1 -0.5628 0.9910
 1 -0.5627 0.9941
 1 -0.5625 0.9972
 1 -0.5622 1.0004
 1 -0.5616 1.0035
 1 -0.5610 1.0066
 1 -0.5602 1.0097
 1 -0.5592 1.0127
 1 -0.5581 1.0157
 1 -0.5568 1.0186
 1 -0.5554 1.0215
 1 -0.5538 1.0243
 1 -0.5521 1.0270
 1 -0.5503 1.0296
 1 -0.5484 1.0321
 1 -0.5464 1.0345
 1 -0.5442 1.0367
 1 -0.5251 1.0557
 1 -0.5003 1.0802
 1 -0.4755 1.1048
 1 -0.4507 1.1293
 1 -0.4259 1.1539
 1 -0.4011 1.1784
 1 -0.3763 1.2029
 1 -0.3515 1.2275
 1 -0.3267 1.2520
 1 -0.3019 1.2766
 1 -0.2771 1.3011
 1 -0.2523 1.3257
 1 -0.2275 1.3502
 1 -0.2028 1.3747
 1 -0.1780 1.3993
 1 -0.1532 1.4238
 1 -0.1284 1.4484
 1 -0.1036 1.4729
 1 -0.0788 1.4975
 1 -0.0540 1.5220
 1 -0.0389 1.5369
 1 -0.0367 1.5389
 1 -0.0345 1.5408
 1 -0.0321 1.5426
 1 -0.0296 1.5443
 1 -0.0269 1.5459
 1 -0.0242 1.5474
 1 -0.0214 1.5488
 1 -0.0184 1.5501
 1 -0.0154 1.5512
 1 -0.0123 1.5522
 1 -0.0091 1.5530
 1 -0.0059 1.5537
 1 -0.0026 1.5542
 1 0.0007 1.5545
 1 0.0040 1.5547
 1 0.0073 1.5547
 1 0.0107 1.5545
 1 0.0140 1.5541
 1 0.0172 1.5536
 1 0.0205 1.5529
 1 0.0236 1.5521
 1 0.0267 1.5511
 1 0.0298 1.5499
 1 0.0327 1.5486
 1 0.0355 1.5472
 1 0.0382 1.5457
 1 0.0409 1.5441
 1 0.0434 1.5423
 1 0.0457 1.5405
 1 0.0480 1.5386
 1 0.0501 1.5366
 1 0.0634 1.5232
 1 0.0879 1.4984
 1 0.1125 1.4736
 1 0.1370 1.4489
 1 0.1616 1.4241
 1 0.1861 1.3993
 1 0.2107 1.3745
 1 0.2352 1.3497
 1 0.2597 1.3249
 1 0.2843 1.3001
 1 0.3088 1.2753
 1 0.3334 1.2505
 1 0.3579 1.2257
 1 0.3825 1.2009
 1 0.4070 1.1761
 1 0.4316 1.1513
 1 0.4561 1.1265
 1 0.4806 1.1017
 1 0.5052 1.0769
 1 0.5297 1.0521
 1 0.5503 1.0313
 1 0.5524 1.0290
 1 0.5545 1.0266
 1 0.5564 1.0241
 1 0.5582 1.0215
 1 0.5598 1.0188
 1 0.5614 1.0160
 1 0.5628 1.0131
 1 0.5640 1.0102
 1 0.5651 1.0072
 1 0.5661 1.0041
 1 0.5669 1.0010
 1 0.5675 0.9979
 1 0.5680 0.9948
 1 0.5683 0.9917
 1 0.5685 0.9886
 1 0.5685 0.9855
 1 0.5684 0.9824
 1 0.5681 0.9793
 1 0.5677 0.9762
 1 0.5671 0.9730
 1 0.5664 0.9700
 1 0.5655 0.9669
 1 0.5644 0.9639
 1 0.5632 0.9609
 1 0.5619 0.9580
 1 0.5604 0.9552
 1 0.5588 0.9524
 1 0.5570 0.9498
 1 0.5552 0.9472
 1 0.5532 0.9448
 1 0.5511 0.9425
 1 0.5433 0.9347
 1 0.5185 0.9101
 1 0.4937 0.8856
 1 0.4689 0.8610
 1 0.4441 0.8365
 1 0.4193 0.8120
 1 0.3945 0.7874
 1 0.3697 0.7629
 1 0.3449 0.7383
 1 0.3201 0.7138
 1 0.2953 0.6892
 1 0.2705 0.6647
 1 0.2457 0.6401
 1 0.2209 0.6156
 1 0.1961 0.5911
 1 0.1714 0.5665
 1 0.1466 0.5420
 1 0.1218 0.5174
 1 0.0970 0.4929
 1 0.0722 0.4683
 1 0.0474 0.4438
 1 0.0436 0.4401
 1 0.0414 0.4382
 1 0.0391 0.4364
 1 0.0366 0.4346
 1 0.0341 0.4330
 1 0.0314 0.4314
 1 0.0286 0.4299
 1 0.0257 0.4286
 1 0.0227 0.4274
 1 0.0197 0.4264
 1 0.0165 0.4255
 1 0.0133 0.4247
 1 0.0101 0.4241
 1 0.0068 0.4237
 1 0.0035 0.4235
 1 0.0001 0.4234
 1 -0.0032 0.4235
 1 -0.0065 0.4238
 1 -0.0098 0.4242
 1 -0.0131 0.4248
 1 -0.0163 0.4256
 1 -0.0194 0.4265
 1 -0.0225 0.4276
 1 -0.0254 0.4288
 1 -0.0283 0.4301
 1 -0.0311 0.4316
 1 -0.0338 0.4332
 1 -0.0363 0.4349
 1 -0.0388 0.4366
 1 -0.0411 0.4385
 1 -0.0433 0.4404
 1 -0.0453 0.4424
4 1 1
 0 -0.3963 0.4083
 1 -0.3976 0.4083
 1 -0.3988 0.4083
 1 -0.4001 0.4081
 1 -0.4014 0.4080
 1 -0.4027 0.4077
 1 -0.4039 0.4074
 1 -0.4052 0.4071
 1 -0.4064 0.4067
 1 -0.4077 0.4063
 1 -0.4089 0.4058
 1 -0.4101 0.4052
 1 -0.4112 0.4046
 1 -0.4124 0.4040
 1 -0.4135 0.4033
 1 -0.4145 0.4026
 1 -0.4156 0.4018
 1 -0.4166 0.4010
 1 -0.4175 0.4002
 1 -0.4184 0.3993
 1 -0.4193 0.3984
 1 -0.4202 0.3975
 1 -0.4210 0.3965
 1 -0.4218 0.3955
 1 -0.4225 0.3944
 1 -0.4232 0.3933
 1 -0.4238 0.3922
 1 -0.4245 0.3910
 1 -0.4250 0.3898
 1 -0.4255 0.3886
 1 -0.4260 0.3874
 1 -0.4264 0.3862
 1 -0.4267 0.3849
 1 -0.4270 0.3836
 1 -0.4273 0.3824
 1 -0.4275 0.3811
 1 -0.4276 0.3798
 1 -0.4277 0.3786
 1 -0.4277 0.3773
 1 -0.4278 0.3640
 1 -0.4279 0.3502
 1 -0.4279 0.3364
 1 -0.4280 0.3226
 1 -0.4281 0.3089
 1 -0.4281 0.2951
 1 -0.4282 0.2813
 1 -0.4283 0.2676
 1 -0.4284 0.2538
 1 -0.4284 0.2400
 1 -0.4285 0.2262
 1 -0.4286 0.2125
 1 -0.4286 0.1987
 1 -0.4287 0.1849
 1 -0.4288 0.1712
 1 -0.4288 0.1574
 1 -0.4289 0.1436
 1 -0.4290 0.1298
 1 -0.4291 0.1161
 1 -0.4291 0.1023
 1 -0.4292 0.0885
 1 -0.4293 0.0748
 1 -0.4293 0.0610
 1 -0.4294 0.0472
 1 -0.4294 0.0428
 1 -0.4294 0.0416
 1 -0.4293 0.0403
 1 -0.4291 0.0390
 1 -0.4289 0.0377
 1 -0.4286 0.0365
 1 -0.4283 0.0352
 1 -0.4279 0.0340
 1 -0.4275 0.0327
 1 -0.4270 0.0315
 1 -0.4265 0.0303
 1 -0.4259 0.0291
 1 -0.4253 0.0280
 1 -0.4246 0.0269
 1 -0.4239 0.0258
 1 -0.4231 0.0248
 1 -0.4223 0.0238
 1 -0.4215 0.0228
 1 -0.4206 0.0219
 1 -0.4197 0.0210
 1 -0.4188 0.0201
 1 -0.4178 0.0193
 1 -0.4168 0.0185
 1 -0.4157 0.0178
 1 -0.4147 0.0170
 1 -0.4135 0.0164
 1 -0.4124 0.0158
 1 -0.4112 0.0152
 1 -0.4100 0.0147
 1 -0.4088 0.0142
 1 -0.4076 0.0138
 1 -0.4063 0.0134
 1 -0.4050 0.0131
 1 -0.4038 0.0129
 1 -0.4025 0.0126
 1 -0.4012 0.0125
 1 -0.4000 0.0124
 1 -0.3987 0.0123
 1 -0.3762 0.0122
 1 -0.3451 0.0121
 1 -0.3141 0.0119
 1 -0.2831 0.0118
 1 -0.2520 0.0116
 1 -0.2210 0.0114
 1 -0.1900 0.0113
 1 -0.1590 0.0111
 1 -0.1279 0.0110
 1 -0.0969 0.0108
 1 -0.0659 0.0106
 1 -0.0348 0.0105
 1 -0.0038 0.0103
 1 0.0272 0.0102
 1 0.0583 0.0100
 1 0.0893 0.0098
 1 0.1203 0.0097
 1 0.1513 0.0095
 1 0.1824 0.0094
 1 0.2134 0.0092
 1 0.2444 0.0091
 1 0.2755 0.0089
 1 0.3065 0.0087
 1 0.3375 0.0086
 1 0.3537 0.0085
 1 0.3549 0.0085
 1 0.3562 0.0086
 1 0.3575 0.0088
 1 0.3588 0.0090
 1 0.3600 0.0093
 1 0.3613 0.0096
 1 0.3625 0.0099
 1 0.3638 0.0103
 1 0.3650 0.0108
 1 0.3662 0.0113
 1 0.3674 0.0119
 1 0.3685 0.0125
 1 0.3696 0.0132
 1 0.3707 0.0139
 1 0.3718 0.0146
 1 0.3728 0.0154
 1 0.3738 0.0162
 1 0.3747 0.0171
 1 0.3756 0.0180
 1 0.3765 0.0189
 1 0.3773 0.0199
 1 0.3781 0.0209
 1 0.3789 0.0219
 1 0.3796 0.0230
 1 0.3803 0.0241
 1 0.3809 0.0253
 1 0.3815 0.0264
 1 0.3820 0.0276
 1 0.3825 0.0288
 1 0.3829 0.0301
 1 0.3833 0.0313
 1 0.3836 0.0326
 1 0.3839 0.0338
 1 0.3841 0.0351
 1 0.3843 0.0364
 1 0.3844 0.0377
 1 0.3844 0.0389
 1 0.3845 0.0460
 1 0.3846 0.0598
 1 0.3846 0.0735
 1 0.3847 0.0873
 1 0.3848 0.1011
 1 0.3848 0.1149
 1 0.3849 0.1286
 1 0.3850 0.1424
 1 0.3851 0.1562
 1 0.3851 0.1699
 1 0.3852 0.1837
 1 0.3853 0.1975
 1 0.3853 0.2113
 1 0.3854 0.2250
 1 0.3855 0.2388
 1 0.3855 0.2526
 1 0.3856 0.2663
 1 0.3857 0.2801
 1 0.3858 0.2939
 1 0.3858 0.3077
 1 0.3859 0.3214
 1 0.3860 0.3352
 1 0.3860 0.3490
 1 0.3861 0.3627
 1 0.3862 0.3734
 1 0.3861 0.3747
 1 0.3860 0.3759
 1 0.3859 0.3772
 1 0.3857 0.3785
 1 0.3855 0.3797
 1 0.3852 0.3810
 1 0.3848 0.3823
 1 0.3844 0.3835
 1 0.3840 0.3847
 1 0.3835 0.3859
 1 0.3829 0.3871
 1 0.3823 0.3883
 1 0.3817 0.3894
 1 0.3810 0.3905
 1 0.3802 0.3916
 1 0.3794 0.3926
 1 0.3786 0.3936
 1 0.3778 0.3945
 1 0.3769 0.3954
 1 0.3760 0.3963
 1 0.3750 0.3971
 1 0.3740 0.3980
 1 0.3730 0.3987
 1 0.3719 0.3994
 1 0.3708 0.4001
 1 0.3697 0.4008
 1 0.3685 0.4014
 1 0.3673 0.4019
 1 0.3661 0.4024
 1 0.3649 0.4029
 1 0.3637 0.4032
 1 0.3624 0.4036
 1 0.3611 0.4039
 1 0.3599 0.4041
 1 0.3586 0.4043
 1 0.3573 0.4044
 1 0.3561 0.4045
 1 0.3484 0.4045
 1 0.3174 0.4047
 1 0.2864 0.4049
 1 0.2553 0.4050
 1 0.2243 0.4052
 1 0.1933 0.4053
 1 0.1622 0.4055
 1 0.1312 0.4056
 1 0.1002 0.4058
 1 0.0691 0.4060
 1 0.0381 0.4061
 1 0.0071 0.4063
 1 -0.0239 0.4064
 1 -0.0550 0.4066
 1 -0.0860 0.4068
 1 -0.1170 0.4069
 1 -0.1481 0.4071
 1 -0.1791 0.4072
 1 -0.2101 0.4074
 1 -0.2412 0.4076
 1 -0.2722 0.4077
 1 -0.3032 0.4079
 1 -0.3342 0.4080
 1 -0.3653 0.4082
 1 -0.3963 0.4083
4 1 1
 0 0.5407 0.9497
 1 0.5180 0.9273
 1 0.4954 0.9049
 1 0.4728 0.8825
 1 0.4501 0.8601
 1 0.4275 0.8377
 1 0.4049 0.8153
 1 0.3822 0.7929
 1 0.3596 0.7705
 1 0.3370 0.7481
 1 0.3144 0.7257
 1 0.2917 0.7033
 1 0.2691 0.6809
 1 0.2465 0.6585
 1 0.2238 0.6361
 1 0.2012 0.6137
 1 0.1786 0.5913
 1 0.1559 0.5689
 1 0.1333 0.5465
 1 0.1107 0.5241
 1 0.0880 0.5017
 1 0.0654 0.4793
 1 0.0428 0.4569
 1 0.0356 0.4498
 1 0.0340 0.4484
 1 0.0323 0.4470
 1 0.0306 0.4457
 1 0.0287 0.4445
 1 0.0268 0.4433
 1 0.0248 0.4421
 1 0.0228 0.4411
 1 0.0206 0.4401
 1 0.0185 0.4392
 1 0.0162 0.4385
 1 0.0139 0.4378
 1 0.0116 0.4372
 1 0.0092 0.4367
 1 0.0068 0.4364
 1 0.0044 0.4361
 1 0.0019 0.4360
 1 -0.0005 0.4360
 1 -0.0030 0.4361
 1 -0.0054 0.4363
 1 -0.0078 0.4366
 1 -0.0102 0.4370
 1 -0.0126 0.4376
 1 -0.0149 0.4382
 1 -0.0171 0.4390
 1 -0.0193 0.4398
 1 -0.0215 0.4408
 1 -0.0236 0.4418
 1 -0.0256 0.4429
 1 -0.0275 0.4441
 1 -0.0294 0.4454
 1 -0.0312 0.4467
 1 -0.0329 0.4480
 1 -0.0345 0.4495
 1 -0.0360 0.4509
 1 -0.0532 0.4683
 1 -0.0756 0.4909
 1 -0.0980 0.5135
 1 -0.1204 0.5361
 1 -0.1428 0.5588
 1 -0.1652 0.5814
 1 -0.1876 0.6040
 1 -0.2100 0.6267
 1 -0.2324 0.6493
 1 -0.2548 0.6719
 1 -0.2772 0.6946
 1 -0.2996 0.7172
 1 -0.3220 0.7398
 1 -0.3444 0.7624
 1 -0.3668 0.7851
 1 -0.3892 0.8077
 1 -0.4116 0.8303
 1 -0.4340 0.8530
 1 -0.4564 0.8756
 1 -0.4788 0.8982
 1 -0.5012 0.9209
 1 -0.5236 0.9435
 1 -0.5360 0.9560
 1 -0.5375 0.9577
 1 -0.5390 0.9595
 1 -0.5404 0.9613
 1 -0.5417 0.9632
 1 -0.5429 0.9652
 1 -0.5441 0.9673
 1 -0.5452 0.9694
 1 -0.5461 0.9715
 1 -0.5470 0.9737
 1 -0.5477 0.9759
 1 -0.5484 0.9782
 1 -0.5490 0.9804
 1 -0.5494 0.9827
 1 -0.5498 0.9850
 1 -0.5500 0.9873
 1 -0.5501 0.9896
 1 -0.5502 0.9918
 1 -0.5501 0.9941
 1 -0.5500 0.9964
 1 -0.5497 0.9987
 1 -0.5493 1.0010
 1 -0.5489 1.0033
 1 -0.5483 1.0055
 1 -0.5476 1.0078
 1 -0.5468 1.0100
 1 -0.5459 1.0122
 1 -0.5449 1.0143
 1 -0.5439 1.0164
 1 -0.5427 1.0184
 1 -0.5414 1.0204
 1 -0.5401 1.0223
 1 -0.5387 1.0241
 1 -0.5372 1.0259
 1 -0.5357 1.0275
 1 -0.5235 1.0395
 1 -0.5009 1.0619
 1 -0.4783 1.0843
 1 -0.4557 1.1067
 1 -0.4330 1.1291
 1 -0.4104 1.1515
 1 -0.3878 1.1739
 1 -0.3651 1.1963
 1 -0.3425 1.2187
 1 -0.3199 1.2411
 1 -0.2972 1.2635
 1 -0.2746 1.2859
 1 -0.2520 1.3083
 1 -0.2293 1.3307
 1 -0.2067 1.3531
 1 -0.1841 1.3755
 1 -0.1615 1.3979
 1 -0.1388 1.4203
 1 -0.1162 1.4427
 1 -0.0936 1.4651
 1 -0.0709 1.4875
 1 -0.0483 1.5099
 1 -0.0305 1.5275
 1 -0.0289 1.5291
 1 -0.0271 1.5306
 1 -0.0253 1.5320
 1 -0.0234 1.5333
 1 -0.0214 1.5346
 1 -0.0194 1.5358
 1 -0.0173 1.5368
 1 -0.0152 1.5378
 1 -0.0130 1.5387
 1 -0.0108 1.5395
 1 -0.0086 1.5402
 1 -0.0063 1.5408
 1 -0.0040 1.5412
 1 -0.0017 1.5416
 1 0.0006 1.5419
 1 0.0029 1.5421
 1 0.0051 1.5421
 1 0.0074 1.5421
 1 0.0097 1.5420
 1 0.0120 1.5417
 1 0.0143 1.5414
 1 0.0165 1.5409
 1 0.0188 1.5404
 1 0.0211 1.5397
 1 0.0233 1.5390
 1 0.0255 1.5381
 1 0.0276 1.5371
 1 0.0297 1.5361
 1 0.0318 1.5349
 1 0.0337 1.5337
 1 0.0357 1.5324
 1 0.0375 1.5310
 1 0.0393 1.5295
 1 0.0410 1.5280
 1 0.0478 1.5211
 1 0.0702 1.4985
 1 0.0926 1.4759
 1 0.1150 1.4532
 1 0.1374 1.4306
 1 0.1598 1.4080
 1 0.1822 1.3854
 1 0.2046 1.3627
 1 0.2270 1.3401
 1 0.2494 1.3175
 1 0.2718 1.2948
 1 0.2942 1.2722
 1 0.3166 1.2496
 1 0.3390 1.2269
 1 0.3614 1.2043
 1 0.3838 1.1817
 1 0.4062 1.1591
 1 0.4286 1.1364
 1 0.4510 1.1138
 1 0.4734 1.0912
 1 0.4958 1.0685
 1 0.5182 1.0459
 1 0.5406 1.0233
 1 0.5426 1.0212
 1 0.5441 1.0195
 1 0.5455 1.0177
 1 0.5469 1.0158
 1 0.5481 1.0139
 1 0.5493 1.0118
 1 0.5504 1.0098
 1 0.5514 1.0077
 1 0.5524 1.0055
 1 0.5532 1.0033
 1 0.5539 1.0011
 1 0.5545 0.9988
 1 0.5550 0.9965
 1 0.5554 0.9942
 1 0.5557 0.9919
 1 0.5559 0.9896
 1 0.5560 0.9874
 1 0.5560 0.9851
 1 0.5559 0.9828
 1 0.5556 0.9805
 1 0.5553 0.9782
 1 0.5549 0.9760
 1 0.5544 0.9737
 1 0.5537 0.9714
 1 0.5530 0.9692
 1 0.5522 0.9670
 1 0.5512 0.9648
 1 0.5502 0.9627
 1 0.5491 0.9607
 1 0.5479 0.9587
 1 0.5466 0.9567
 1 0.5452 0.9549
 1 0.5438 0.9531
 1 0.5422 0.9514
 1 0.5407 0.9497
4 1 1
 0 -0.3964 0.3875
 1 -0.3968 0.3875
 1 -0.3973 0.3875
 1 -0.3977 0.3874
 1 -0.3981 0.3874
 1 -0.3985 0.3873
 1 -0.3989 0.3872
 1 -0.3994 0.3871
 1 -0.3998 0.3870
 1 -0.4002 0.3868
 1 -0.4006 0.3866
 1 -0.4010 0.3865
 1 -0.4014 0.3863
 1 -0.4018 0.3861
 1 -0.4021 0.3858
 1 -0.4025 0.3856
 1 -0.4028 0.3853
 1 -0.4032 0.3851
 1 -0.4035 0.3848
 1 -0.4038 0.3845
 1 -0.4041 0.3842
 1 -0.4044 0.3839
 1 -0.4046 0.3835
 1 -0.4049 0.3832
 1 -0.4051 0.3829
 1 -0.4054 0.3825
 1 -0.4056 0.3821
 1 -0.4058 0.3817
 1 -0.4060 0.3813
 1 -0.4061 0.3809
 1 -0.4063 0.3805
 1 -0.4064 0.3801
 1 -0.4065 0.3797
 1 -0.4066 0.3793
 1 -0.4067 0.3788
 1 -0.4068 0.3784
 1 -0.4068 0.3780
 1 -0.4069 0.3776
 1 -0.4069 0.3772
 1 -0.4069 0.3639
 1 -0.4070 0.3501
 1 -0.4071 0.3363
 1 -0.4072 0.3225
 1 -0.4072 0.3088
 1 -0.4073 0.2950
 1 -0.4074 0.2812
 1 -0.4074 0.2675
 1 -0.4075 0.2537
 1 -0.4076 0.2399
 1 -0.4077 0.2261
 1 -0.4077 0.2124
 1 -0.4078 0.1986
 1 -0.4079 0.1848
 1 -0.4079 0.1711
 1 -0.4080 0.1573
 1 -0.4081 0.1435
 1 -0.4081 0.1297
 1 -0.4082 0.1160
 1 -0.4083 0.1022
 1 -0.4084 0.0884
 1 -0.4084 0.0746
 1 -0.4085 0.0609
 1 -0.4086 0.0471
 1 -0.4086 0.0433
 1 -0.4086 0.0429
 1 -0.4085 0.0425
 1 -0.4085 0.0421
 1 -0.4084 0.0416
 1 -0.4083 0.0412
 1 -0.4082 0.0408
 1 -0.4081 0.0404
 1 -0.4079 0.0400
 1 -0.4078 0.0396
 1 -0.4076 0.0392
 1 -0.4074 0.0388
 1 -0.4072 0.0384
 1 -0.4070 0.0380
 1 -0.4067 0.0377
 1 -0.4065 0.0373
 1 -0.4062 0.0370
 1 -0.4059 0.0367
 1 -0.4057 0.0364
 1 -0.4054 0.0361
 1 -0.4050 0.0358
 1 -0.4047 0.0355
 1 -0.4044 0.0352
 1 -0.4040 0.0350
 1 -0.4037 0.0348
 1 -0.4033 0.0345
 1 -0.4029 0.0343
 1 -0.4025 0.0341
 1 -0.4021 0.0340
 1 -0.4017 0.0338
 1 -0.4013 0.0337
 1 -0.4009 0.0335
 1 -0.4005 0.0334
 1 -0.4000 0.0334
 1 -0.3996 0.0333
 1 -0.3992 0.0332
 1 -0.3988 0.0332
 1 -0.3983 0.0332
 1 -0.3761 0.0331
 1 -0.3450 0.0329
 1 -0.3140 0.0328
 1 -0.2830 0.0326
 1 -0.2519 0.0324
 1 -0.2209 0.0323
 1 -0.1899 0.0321
 1 -0.1588 0.0320
 1 -0.1278 0.0318
 1 -0.0968 0.0316
 1 -0.0658 0.0315
 1 -0.0347 0.0313
 1 -0.0037 0.0312
 1 0.0273 0.0310
 1 0.0584 0.0308
 1 0.0894 0.0307
 1 0.1204 0.0305
 1 0.1514 0.0304
 1 0.1825 0.0302
 1 0.2135 0.0301
 1 0.2445 0.0299
 1 0.2756 0.0297
 1 0.3066 0.0296
 1 0.3376 0.0294
 1 0.3533 0.0293
 1 0.3538 0.0294
 1 0.3542 0.0294
 1 0.3546 0.0294
 1 0.3550 0.0295
 1 0.3555 0.0296
 1 0.3559 0.0297
 1 0.3563 0.0298
 1 0.3567 0.0300
 1 0.3571 0.0301
 1 0.3575 0.0303
 1 0.3579 0.0305
 1 0.3583 0.0307
 1 0.3587 0.0309
 1 0.3590 0.0311
 1 0.3594 0.0314
 1 0.3597 0.0316
 1 0.3601 0.0319
 1 0.3604 0.0322
 1 0.3607 0.0325
 1 0.3610 0.0328
 1 0.3612 0.0331
 1 0.3615 0.0335
 1 0.3618 0.0338
 1 0.3620 0.0342
 1 0.3622 0.0345
 1 0.3624 0.0349
 1 0.3626 0.0353
 1 0.3628 0.0357
 1 0.3630 0.0361
 1 0.3631 0.0365
 1 0.3632 0.0369
 1 0.3633 0.0374
 1 0.3634 0.0378
 1 0.3635 0.0382
 1 0.3636 0.0386
 1 0.3636 0.0391
 1 0.3636 0.0395
 1 0.3636 0.0461
 1 0.3637 0.0599
 1 0.3638 0.0736
 1 0.3639 0.0874
 1 0.3639 0.1012
 1 0.3640 0.1150
 1 0.3641 0.1287
 1 0.3641 0.1425
 1 0.3642 0.1563
 1 0.3643 0.1700
 1 0.3644 0.1838
 1 0.3644 0.1976
 1 0.3645 0.2114
 1 0.3646 0.2251
 1 0.3646 0.2389
 1 0.3647 0.2527
 1 0.3648 0.2665
 1 0.3648 0.2802
 1 0.3649 0.2940
 1 0.3650 0.3078
 1 0.3651 0.3215
 1 0.3651 0.3353
 1 0.3652 0.3491
 1 0.3653 0.3629
 1 0.3653 0.3733
 1 0.3653 0.3737
 1 0.3653 0.3741
 1 0.3652 0.3746
 1 0.3652 0.3750
 1 0.3651 0.3754
 1 0.3650 0.3758
 1 0.3649 0.3762
 1 0.3647 0.3767
 1 0.3646 0.3771
 1 0.3644 0.3775
 1 0.3642 0.3779
 1 0.3640 0.3783
 1 0.3638 0.3786
 1 0.3636 0.3790
 1 0.3633 0.3793
 1 0.3631 0.3797
 1 0.3628 0.3800
 1 0.3625 0.3803
 1 0.3622 0.3806
 1 0.3619 0.3809
 1 0.3616 0.3812
 1 0.3613 0.3815
 1 0.3609 0.3817
 1 0.3606 0.3820
 1 0.3602 0.3822
 1 0.3598 0.3824
 1 0.3594 0.3826
 1 0.3590 0.3828
 1 0.3586 0.3830
 1 0.3582 0.3831
 1 0.3578 0.3832
 1 0.3574 0.3834
 1 0.3570 0.3834
 1 0.3566 0.3835
 1 0.3561 0.3836
 1 0.3557 0.3836
 1 0.3553 0.3836
 1 0.3483 0.3837
 1 0.3173 0.3838
 1 0.2862 0.3840
 1 0.2552 0.3842
 1 0.2242 0.3843
 1 0.1932 0.3845
 1 0.1621 0.3846
 1 0.1311 0.3848
 1 0.1001 0.3850
 1 0.0690 0.3851
 1 0.0380 0.3853
 1 0.0070 0.3854
 1 -0.0241 0.3856
 1 -0.0551 0.3858
 1 -0.0861 0.3859
 1 -0.1171 0.3861
 1 -0.1482 0.3862
 1 -0.1792 0.3864
 1 -0.2102 0.3866
 1 -0.2413 0.3867
 1 -0.2723 0.3869
 1 -0.3033 0.3870
 1 -0.3343 0.3872
 1 -0.3654 0.3873
 1 -0.3964 0.3875
4 1 1
 0 0.5230 0.9676
 1 0.4982 0.9431
 1 0.4734 0.9185
 1 0.4486 0.8940
 1 0.4238 0.8694
 1 0.3990 0.8449
 1 0.3742 0.8203
 1 0.3494 0.7958
 1 0.3246 0.7712
 1 0.2998 0.7467
 1 0.2750 0.7222
 1 0.2502 0.6976
 1 0.2254 0.6731
 1 0.2006 0.6485
 1 0.1758 0.6240
 1 0.1510 0.5994
 1 0.1262 0.5749
 1 0.1014 0.5504
 1 0.0766 0.5258
 1 0.0519 0.5013
 1 0.0271 0.4767
 1 0.0184 0.4682
 1 0.0175 0.4674
 1 0.0166 0.4666
 1 0.0156 0.4659
 1 0.0145 0.4652
 1 0.0134 0.4645
 1 0.0123 0.4639
 1 0.0111 0.4634
 1 0.0099 0.4629
 1 0.0086 0.4624
 1 0.0074 0.4620
 1 0.0060 0.4617
 1 0.0047 0.4614
 1 0.0033 0.4613
 1 0.0020 0.4611
 1 0.0006 0.4611
 1 -0.0008 0.4611
 1 -0.0022 0.4612
 1 -0.0035 0.4614
 1 -0.0049 0.4616
 1 -0.0062 0.4619
 1 -0.0075 0.4623
 1 -0.0088 0.4627
 1 -0.0100 0.4632
 1 -0.0112 0.4637
 1 -0.0124 0.4643
 1 -0.0135 0.4650
 1 -0.0146 0.4656
 1 -0.0156 0.4664
 1 -0.0166 0.4671
 1 -0.0175 0.4679
 1 -0.0183 0.4687
 1 -0.0370 0.4876
 1 -0.0615 0.5123
 1 -0.0860 0.5371
 1 -0.1106 0.5619
 1 -0.1351 0.5867
 1 -0.1597 0.6115
 1 -0.1842 0.6363
 1 -0.2088 0.6611
 1 -0.2333 0.6859
 1 -0.2578 0.7107
 1 -0.2824 0.7355
 1 -0.3069 0.7603
 1 -0.3315 0.7851
 1 -0.3560 0.8099
 1 -0.3806 0.8347
 1 -0.4051 0.8595
 1 -0.4296 0.8843
 1 -0.4542 0.9091
 1 -0.4787 0.9339
 1 -0.5033 0.9587
 1 -0.5178 0.9733
 1 -0.5186 0.9743
 1 -0.5194 0.9753
 1 -0.5202 0.9763
 1 -0.5209 0.9774
 1 -0.5216 0.9785
 1 -0.5222 0.9797
 1 -0.5228 0.9809
 1 -0.5233 0.9821
 1 -0.5237 0.9834
 1 -0.5241 0.9846
 1 -0.5244 0.9859
 1 -0.5247 0.9872
 1 -0.5249 0.9885
 1 -0.5250 0.9898
 1 -0.5251 0.9911
 1 -0.5251 0.9923
 1 -0.5250 0.9936
 1 -0.5249 0.9949
 1 -0.5247 0.9962
 1 -0.5244 0.9975
 1 -0.5241 0.9988
 1 -0.5237 1.0000
 1 -0.5232 1.0013
 1 -0.5227 1.0025
 1 -0.5222 1.0037
 1 -0.5215 1.0048
 1 -0.5208 1.0060
 1 -0.5201 1.0070
 1 -0.5193 1.0081
 1 -0.5185 1.0091
 1 -0.5176 1.0100
 1 -0.5048 1.0228
 1 -0.4800 1.0473
 1 -0.4552 1.0718
 1 -0.4304 1.0964
 1 -0.4056 1.1209
 1 -0.3808 1.1455
 1 -0.3560 1.1700
 1 -0.3312 1.1946
 1 -0.3064 1.2191
 1 -0.2816 1.2436
 1 -0.2568 1.2682
 1 -0.2320 1.2927
 1 -0.2072 1.3173
 1 -0.1824 1.3418
 1 -0.1576 1.3664
 1 -0.1328 1.3909
 1 -0.1080 1.4154
 1 -0.0833 1.4400
 1 -0.0585 1.4645
 1 -0.0337 1.4891
 1 -0.0131 1.5095
 1 -0.0121 1.5103
 1 -0.0111 1.5112
 1 -0.0101 1.5120
 1 -0.0090 1.5127
 1 -0.0079 1.5134
 1 -0.0067 1.5140
 1 -0.0056 1.5146
 1 -0.0043 1.5151
 1 -0.0031 1.5156
 1 -0.0018 1.5160
 1 -0.0006 1.5163
 1 0.0007 1.5166
 1 0.0020 1.5168
 1 0.0033 1.5169
 1 0.0046 1.5170
 1 0.0059 1.5170
 1 0.0072 1.5169
 1 0.0084 1.5168
 1 0.0097 1.5167
 1 0.0110 1.5164
 1 0.0123 1.5161
 1 0.0136 1.5157
 1 0.0148 1.5153
 1 0.0160 1.5148
 1 0.0172 1.5142
 1 0.0184 1.5136
 1 0.0195 1.5130
 1 0.0206 1.5122
 1 0.0217 1.5115
 1 0.0227 1.5106
 1 0.0237 1.5098
 1 0.0305 1.5029
 1 0.0550 1.4781
 1 0.0796 1.4533
 1 0.1041 1.4285
 1 0.1286 1.4037
 1 0.1532 1.3789
 1 0.1777 1.3541
 1 0.2023 1.3293
 1 0.2268 1.3046
 1 0.2514 1.2798
 1 0.2759 1.2550
 1 0.3005 1.2302
 1 0.3250 1.2054
 1 0.3495 1.1806
 1 0.3741 1.1558
 1 0.3986 1.1310
 1 0.4232 1.1062
 1 0.4477 1.0814
 1 0.4723 1.0566
 1 0.4968 1.0318
 1 0.5213 1.0070
 1 0.5239 1.0044
 1 0.5247 1.0034
 1 0.5255 1.0025
 1 0.5262 1.0015
 1 0.5269 1.0004
 1 0.5275 0.9993
 1 0.5281 0.9982
 1 0.5287 0.9970
 1 0.5292 0.9957
 1 0.5296 0.9945
 1 0.5300 0.9932
 1 0.5303 0.9918
 1 0.5305 0.9905
 1 0.5307 0.9891
 1 0.5308 0.9878
 1 0.5309 0.9864
 1 0.5308 0.9850
 1 0.5307 0.9836
 1 0.5305 0.9823
 1 0.5303 0.9809
 1 0.5300 0.9796
 1 0.5296 0.9783
 1 0.5291 0.9771
 1 0.5286 0.9758
 1 0.5281 0.9746
 1 0.5275 0.9735
 1 0.5268 0.9724
 1 0.5261 0.9713
 1 0.5254 0.9703
 1 0.5246 0.9694
 1 0.5238 0.9684
 1 0.5230 0.9676
4 1 1
 0 -0.0884 1.1528
 1 -0.0793 1.1528
 1 -0.0702 1.1527
 1 -0.0611 1.1527
 1 -0.0520 1.1527
 1 -0.0429 1.1526
 1 -0.0339 1.1526
 1 -0.0248 1.1525
 1 -0.0157 1.1525
 1 -0.0066 1.1524
 1 0.0025 1.1524
 1 0.0116 1.1523
 1 0.0207 1.1523
 1 0.0298 1.1522
 1 0.0389 1.1522
 1 0.0480 1.1521
 1 0.0571 1.1521
 1 0.0661 1.1520
 1 0.0752 1.1520
 1 0.0843 1.1520
 1 0.0870 1.1549
 1 0.0862 1.1593
 1 0.0854 1.1638
 1 0.0846 1.1683
 1 0.0838 1.1728
 1 0.0830 1.1772
 1 0.0822 1.1817
 1 0.0814 1.1862
 1 0.0806 1.1906
 1 0.0798 1.1951
 1 0.0790 1.1996
 1 0.0782 1.2041
 1 0.0774 1.2085
 1 0.0766 1.2130
 1 0.0759 1.2175
 1 0.0751 1.2220
 1 0.0743 1.2264
 1 0.0735 1.2309
 1 0.0727 1.2354
 1 0.0721 1.2387
 1 0.0719 1.2395
 1 0.0718 1.2403
 1 0.0717 1.2412
 1 0.0716 1.2420
 1 0.0716 1.2428
 1 0.0717 1.2437
 1 0.0717 1.2445
 1 0.0719 1.2454
 1 0.0721 1.2462
 1 0.0723 1.2471
 1 0.0725 1.2479
 1 0.0728 1.2487
 1 0.0732 1.2495
 1 0.0736 1.2503
 1 0.0740 1.2510
 1 0.0745 1.2518
 1 0.0750 1.2524
 1 0.0755 1.2531
 1 0.0761 1.2537
 1 0.0767 1.2543
 1 0.0773 1.2549
 1 0.0779 1.2554
 1 0.0786 1.2559
 1 0.0792 1.2563
 1 0.0799 1.2567
 1 0.0806 1.2571
 1 0.0814 1.2575
 1 0.0822 1.2578
 1 0.0830 1.2581
 1 0.0838 1.2583
 1 0.0846 1.2585
 1 0.0855 1.2587
 1 0.0863 1.2588
 1 0.0872 1.2588
 1 0.0881 1.2588
 1 0.0889 1.2588
 1 0.0898 1.2587
 1 0.0907 1.2586
 1 0.0915 1.2585
 1 0.0923 1.2582
 1 0.0932 1.2580
 1 0.0939 1.2577
 1 0.0947 1.2574
 1 0.0955 1.2570
 1 0.0962 1.2566
 1 0.0969 1.2562
 1 0.1004 1.2537
 1 0.1122 1.2455
 1 0.1239 1.2372
 1 0.1356 1.2290
 1 0.1473 1.2207
 1 0.1591 1.2125
 1 0.1708 1.2042
 1 0.1825 1.1960
 1 0.1942 1.1877
 1 0.2060 1.1795
 1 0.2177 1.1712
 1 0.2294 1.1630
 1 0.2412 1.1547
 1 0.2529 1.1465
 1 0.2646 1.1382
 1 0.2763 1.1300
 1 0.2881 1.1217
 1 0.2998 1.1135
 1 0.3115 1.1052
 1 0.3232 1.0970
 1 0.3135 1.0889
 1 0.3016 1.0807
 1 0.2898 1.0726
 1 0.2780 1.0645
 1 0.2662 1.0563
 1 0.2544 1.0482
 1 0.2426 1.0401
 1 0.2308 1.0320
 1 0.2190 1.0238
 1 0.2072 1.0157
 1 0.1953 1.0076
 1 0.1835 0.9994
 1 0.1717 0.9913
 1 0.1599 0.9832
 1 0.1481 0.9751
 1 0.1363 0.9669
 1 0.1245 0.9588
 1 0.1127 0.9507
 1 0.1009 0.9426
 1 0.0954 0.9388
 1 0.0947 0.9384
 1 0.0940 0.9380
 1 0.0932 0.9376
 1 0.0924 0.9373
 1 0.0916 0.9370
 1 0.0908 0.9367
 1 0.0900 0.9365
 1 0.0892 0.9364
 1 0.0883 0.9362
 1 0.0874 0.9362
 1 0.0866 0.9361
 1 0.0857 0.9362
 1 0.0848 0.9362
 1 0.0840 0.9363
 1 0.0831 0.9365
 1 0.0823 0.9367
 1 0.0815 0.9369
 1 0.0807 0.9372
 1 0.0799 0.9375
 1 0.0791 0.9379
 1 0.0784 0.9383
 1 0.0777 0.9387
 1 0.0770 0.9391
 1 0.0764 0.9396
 1 0.0758 0.9401
 1 0.0752 0.9407
 1 0.0746 0.9413
 1 0.0740 0.9419
 1 0.0735 0.9426
 1 0.0730 0.9433
 1 0.0725 0.9440
 1 0.0721 0.9447
 1 0.0717 0.9455
 1 0.0714 0.9463
 1 0.0710 0.9471
 1 0.0708 0.9479
 1 0.0706 0.9488
 1 0.0704 0.9496
 1 0.0703 0.9505
 1 0.0702 0.9513
 1 0.0701 0.9522
 1 0.0701 0.9530
 1 0.0702 0.9539
 1 0.0703 0.9547
 1 0.0704 0.9555
 1 0.0706 0.9563
 1 0.0711 0.9590
 1 0.0720 0.9635
 1 0.0728 0.9679
 1 0.0736 0.9724
 1 0.0745 0.9768
 1 0.0753 0.9813
 1 0.0762 0.9858
 1 0.0770 0.9902
 1 0.0778 0.9947
 1 0.0787 0.9992
 1 0.0795 1.0036
 1 0.0804 1.0081
 1 0.0812 1.0126
 1 0.0820 1.0170
 1 0.0829 1.0215
 1 0.0837 1.0260
 1 0.0846 1.0304
 1 0.0854 1.0349
 1 0.0862 1.0394
 1 0.0853 1.0431
 1 0.0762 1.0431
 1 0.0672 1.0432
 1 0.0581 1.0432
 1 0.0490 1.0432
 1 0.0399 1.0433
 1 0.0308 1.0433
 1 0.0217 1.0434
 1 0.0126 1.0434
 1 0.0035 1.0435
 1 -0.0056 1.0435
 1 -0.0147 1.0436
 1 -0.0238 1.0436
 1 -0.0328 1.0437
 1 -0.0419 1.0437
 1 -0.0510 1.0438
 1 -0.0601 1.0438
 1 -0.0692 1.0439
 1 -0.0783 1.0439
 1 -0.0874 1.0439
 1 -0.0896 1.0439
 1 -0.0904 1.0439
 1 -0.0912 1.0438
 1 -0.0920 1.0437
 1 -0.0929 1.0435
 1 -0.0937 1.0433
 1 -0.0945 1.0430
 1 -0.0953 1.0427
 1 -0.0961 1.0424
 1 -0.0969 1.0420
 1 -0.0977 1.0415
 1 -0.0985 1.0411
 1 -0.0992 1.0405
 1 -0.0999 1.0400
 1 -0.1006 1.0393
 1 -0.1012 1.0387
 1 -0.1018 1.0380
 1 -0.1024 1.0373
 1 -0.1029 1.0366
 1 -0.1034 1.0358
 1 -0.1039 1.0350
 1 -0.1043 1.0342
 1 -0.1046 1.0334
 1 -0.1049 1.0326
 1 -0.1052 1.0318
 1 -0.1054 1.0310
 1 -0.1055 1.0301
 1 -0.1057 1.0293
 1 -0.1057 1.0285
 1 -0.1058 1.0277
 1 -0.1058 1.0208
 1 -0.1059 1.0058
 1 -0.1060 0.9909
 1 -0.1061 0.9760
 1 -0.1061 0.9610
 1 -0.1062 0.9461
 1 -0.1063 0.9312
 1 -0.1064 0.9162
 1 -0.1064 0.9013
 1 -0.1065 0.8864
 1 -0.1066 0.8714
 1 -0.1067 0.8565
 1 -0.1067 0.8416
 1 -0.1068 0.8266
 1 -0.1069 0.8117
 1 -0.1070 0.7967
 1 -0.1071 0.7818
 1 -0.1071 0.7669
 1 -0.1072 0.7519
 1 -0.1078 0.7383
 1 -0.1134 0.7384
 1 -0.1190 0.7384
 1 -0.1247 0.7384
 1 -0.1303 0.7384
 1 -0.1359 0.7385
 1 -0.1415 0.7385
 1 -0.1472 0.7385
 1 -0.1528 0.7386
 1 -0.1584 0.7386
 1 -0.1640 0.7386
 1 -0.1697 0.7386
 1 -0.1753 0.7387
 1 -0.1809 0.7387
 1 -0.1866 0.7387
 1 -0.1922 0.7388
 1 -0.1978 0.7388
 1 -0.2034 0.7388
 1 -0.2091 0.7388
 1 -0.2147 0.7389
 1 -0.2161 0.7499
 1 -0.2160 0.7649
 1 -0.2160 0.7798
 1 -0.2159 0.7947
 1 -0.2158 0.8097
 1 -0.2157 0.8246
 1 -0.2156 0.8395
 1 -0.2156 0.8545
 1 -0.2155 0.8694
 1 -0.2154 0.8843
 1 -0.2153 0.8993
 1 -0.2153 0.9142
 1 -0.2152 0.9292
 1 -0.2151 0.9441
 1 -0.2150 0.9590
 1 -0.2150 0.9740
 1 -0.2149 0.9889
 1 -0.2148 1.0038
 1 -0.2147 1.0188
 1 -0.2146 1.0303
 1 -0.2143 1.0367
 1 -0.2137 1.0431
 1 -0.2127 1.0495
 1 -0.2114 1.0559
 1 -0.2097 1.0622
 1 -0.2077 1.0685
 1 -0.2054 1.0746
 1 -0.2027 1.0806
 1 -0.1998 1.0865
 1 -0.1966 1.0922
 1 -0.1930 1.0977
 1 -0.1893 1.1030
 1 -0.1852 1.1080
 1 -0.1810 1.1128
 1 -0.1765 1.1174
 1 -0.1719 1.1217
 1 -0.1669 1.1258
 1 -0.1617 1.1297
 1 -0.1563 1.1333
 1 -0.1507 1.1367
 1 -0.1449 1.1397
 1 -0.1390 1.1425
 1 -0.1329 1.1450
 1 -0.1266 1.1471
 1 -0.1203 1.1489
 1 -0.1140 1.1503
 1 -0.1076 1.1515
 1 -0.1012 1.1523
 1 -0.0948 1.1527
 1 -0.0884 1.1528
