PG-2b-PlacaInf
3248 1664 1 1 0 0 0 0 0 0 1 1
1.0000
112 1253 170
 0 -0.4043 0.4198
 1 -0.4067 0.4197
 1 -0.4090 0.4195
 1 -0.4114 0.4192
 1 -0.4138 0.4188
 1 -0.4162 0.4181
 1 -0.4186 0.4174
 1 -0.4210 0.4164
 1 -0.4234 0.4153
 1 -0.4257 0.4141
 1 -0.4279 0.4127
 1 -0.4301 0.4111
 1 -0.4321 0.4094
 1 -0.4341 0.4076
 1 -0.4359 0.4057
 1 -0.4376 0.4036
 1 -0.4392 0.4015
 1 -0.4406 0.3992
 1 -0.4418 0.3969
 1 -0.4429 0.3946
 1 -0.4439 0.3922
 1 -0.4447 0.3898
 1 -0.4453 0.3874
 1 -0.4458 0.3850
 1 -0.4461 0.3826
 1 -0.4463 0.3803
 1 -0.4464 0.3747
 1 -0.4465 0.3544
 1 -0.4467 0.3341
 1 -0.4469 0.3138
 1 -0.4470 0.2935
 1 -0.4472 0.2732
 1 -0.4473 0.2529
 1 -0.4475 0.2326
 1 -0.4476 0.2123
 1 -0.4478 0.1920
 1 -0.4480 0.1718
 1 -0.4481 0.1515
 1 -0.4483 0.1312
 1 -0.4484 0.1109
 1 -0.4486 0.0906
 1 -0.4488 0.0703
 1 -0.4489 0.0500
 1 -0.4489 0.0432
 1 -0.4488 0.0409
 1 -0.4485 0.0385
 1 -0.4481 0.0361
 1 -0.4475 0.0337
 1 -0.4468 0.0313
 1 -0.4459 0.0289
 1 -0.4448 0.0265
 1 -0.4436 0.0242
 1 -0.4422 0.0219
 1 -0.4407 0.0197
 1 -0.4391 0.0177
 1 -0.4373 0.0157
 1 -0.4354 0.0138
 1 -0.4333 0.0121
 1 -0.4312 0.0105
 1 -0.4290 0.0090
 1 -0.4267 0.0077
 1 -0.4244 0.0066
 1 -0.4220 0.0056
 1 -0.4196 0.0048
 1 -0.4172 0.0041
 1 -0.4148 0.0036
 1 -0.4124 0.0032
 1 -0.4101 0.0030
 1 -0.4077 0.0029
 1 -0.3649 0.0026
 1 -0.3192 0.0022
 1 -0.2734 0.0019
 1 -0.2277 0.0015
 1 -0.1820 0.0012
 1 -0.1363 0.0008
 1 -0.0906 0.0005
 1 -0.0448 0.0001
 1 0.0009 -0.0003
 1 0.0466 -0.0006
 1 0.0923 -0.0010
 1 0.1380 -0.0013
 1 0.1837 -0.0017
 1 0.2295 -0.0020
 1 0.2752 -0.0024
 1 0.3209 -0.0028
 1 0.3449 -0.0029
 1 0.3472 -0.0028
 1 0.3496 -0.0026
 1 0.3520 -0.0022
 1 0.3544 -0.0016
 1 0.3568 -0.0009
 1 0.3592 -0.0001
 1 0.3616 0.0009
 1 0.3639 0.0021
 1 0.3662 0.0034
 1 0.3684 0.0049
 1 0.3705 0.0065
 1 0.3725 0.0083
 1 0.3744 0.0102
 1 0.3762 0.0122
 1 0.3778 0.0143
 1 0.3793 0.0165
 1 0.3806 0.0187
 1 0.3818 0.0211
 1 0.3828 0.0234
 1 0.3837 0.0258
 1 0.3844 0.0282
 1 0.3850 0.0306
 1 0.3854 0.0330
 1 0.3856 0.0354
 1 0.3857 0.0377
 1 0.3859 0.0523
 1 0.3860 0.0726
 1 0.3862 0.0929
 1 0.3863 0.1132
 1 0.3865 0.1335
 1 0.3867 0.1538
 1 0.3868 0.1741
 1 0.3870 0.1944
 1 0.3871 0.2146
 1 0.3873 0.2349
 1 0.3875 0.2552
 1 0.3876 0.2755
 1 0.3878 0.2958
 1 0.3879 0.3161
 1 0.3881 0.3364
 1 0.3882 0.3567
 1 0.3884 0.3725
 1 0.3883 0.3748
 1 0.3881 0.3771
 1 0.3877 0.3795
 1 0.3872 0.3820
 1 0.3866 0.3844
 1 0.3857 0.3868
 1 0.3848 0.3892
 1 0.3836 0.3915
 1 0.3823 0.3938
 1 0.3809 0.3960
 1 0.3793 0.3981
 1 0.3776 0.4002
 1 0.3757 0.4021
 1 0.3738 0.4039
 1 0.3717 0.4056
 1 0.3695 0.4071
 1 0.3673 0.4085
 1 0.3649 0.4097
 1 0.3626 0.4107
 1 0.3602 0.4117
 1 0.3578 0.4124
 1 0.3554 0.4130
 1 0.3530 0.4134
 1 0.3506 0.4137
 1 0.3483 0.4139
 1 0.3271 0.4141
 1 0.2814 0.4144
 1 0.2357 0.4148
 1 0.1900 0.4151
 1 0.1443 0.4155
 1 0.0985 0.4158
 1 0.0528 0.4162
 1 0.0071 0.4166
 1 -0.0386 0.4169
 1 -0.0843 0.4173
 1 -0.1300 0.4176
 1 -0.1758 0.4180
 1 -0.2215 0.4183
 1 -0.2672 0.4187
 1 -0.3129 0.4191
 1 -0.3586 0.4194
 1 -0.4043 0.4198
112 1253 210
 0 0.0456 0.4450
 1 0.0704 0.4695
 1 0.0953 0.4940
 1 0.1202 0.5184
 1 0.1450 0.5429
 1 0.1699 0.5674
 1 0.1947 0.5919
 1 0.2196 0.6163
 1 0.2445 0.6408
 1 0.2693 0.6653
 1 0.2942 0.6898
 1 0.3191 0.7143
 1 0.3439 0.7387
 1 0.3688 0.7632
 1 0.3936 0.7877
 1 0.4185 0.8122
 1 0.4434 0.8366
 1 0.4682 0.8611
 1 0.4931 0.8856
 1 0.5180 0.9101
 1 0.5428 0.9345
 1 0.5523 0.9440
 1 0.5544 0.9463
 1 0.5564 0.9487
 1 0.5583 0.9512
 1 0.5601 0.9539
 1 0.5617 0.9566
 1 0.5632 0.9594
 1 0.5646 0.9623
 1 0.5658 0.9653
 1 0.5669 0.9683
 1 0.5678 0.9714
 1 0.5686 0.9744
 1 0.5692 0.9776
 1 0.5696 0.9807
 1 0.5699 0.9838
 1 0.5700 0.9869
 1 0.5700 0.9900
 1 0.5699 0.9931
 1 0.5696 0.9962
 1 0.5691 0.9993
 1 0.5685 1.0024
 1 0.5677 1.0055
 1 0.5668 1.0086
 1 0.5657 1.0116
 1 0.5644 1.0145
 1 0.5631 1.0174
 1 0.5615 1.0202
 1 0.5599 1.0230
 1 0.5581 1.0256
 1 0.5562 1.0281
 1 0.5542 1.0305
 1 0.5521 1.0328
 1 0.5332 1.0520
 1 0.5088 1.0769
 1 0.4843 1.1017
 1 0.4598 1.1266
 1 0.4353 1.1514
 1 0.4109 1.1763
 1 0.3864 1.2012
 1 0.3619 1.2260
 1 0.3374 1.2509
 1 0.3129 1.2757
 1 0.2885 1.3006
 1 0.2640 1.3255
 1 0.2395 1.3503
 1 0.2150 1.3752
 1 0.1906 1.4001
 1 0.1661 1.4249
 1 0.1416 1.4498
 1 0.1171 1.4746
 1 0.0927 1.4995
 1 0.0682 1.5244
 1 0.0533 1.5395
 1 0.0511 1.5415
 1 0.0489 1.5434
 1 0.0465 1.5452
 1 0.0441 1.5470
 1 0.0415 1.5486
 1 0.0387 1.5502
 1 0.0359 1.5516
 1 0.0330 1.5529
 1 0.0300 1.5541
 1 0.0269 1.5551
 1 0.0237 1.5559
 1 0.0205 1.5567
 1 0.0173 1.5572
 1 0.0139 1.5576
 1 0.0106 1.5578
 1 0.0073 1.5578
 1 0.0040 1.5577
 1 0.0006 1.5574
 1 -0.0026 1.5569
 1 -0.0059 1.5562
 1 -0.0090 1.5554
 1 -0.0122 1.5545
 1 -0.0152 1.5534
 1 -0.0181 1.5521
 1 -0.0210 1.5507
 1 -0.0237 1.5493
 1 -0.0264 1.5477
 1 -0.0289 1.5460
 1 -0.0313 1.5442
 1 -0.0336 1.5423
 1 -0.0357 1.5404
 1 -0.0492 1.5271
 1 -0.0740 1.5026
 1 -0.0989 1.4782
 1 -0.1238 1.4537
 1 -0.1486 1.4292
 1 -0.1735 1.4047
 1 -0.1983 1.3803
 1 -0.2232 1.3558
 1 -0.2481 1.3313
 1 -0.2729 1.3068
 1 -0.2978 1.2824
 1 -0.3227 1.2579
 1 -0.3475 1.2334
 1 -0.3724 1.2089
 1 -0.3972 1.1844
 1 -0.4221 1.1600
 1 -0.4470 1.1355
 1 -0.4718 1.1110
 1 -0.4967 1.0865
 1 -0.5216 1.0621
 1 -0.5424 1.0415
 1 -0.5446 1.0393
 1 -0.5466 1.0369
 1 -0.5486 1.0344
 1 -0.5504 1.0318
 1 -0.5521 1.0291
 1 -0.5537 1.0264
 1 -0.5551 1.0235
 1 -0.5564 1.0206
 1 -0.5575 1.0176
 1 -0.5585 1.0145
 1 -0.5594 1.0115
 1 -0.5600 1.0084
 1 -0.5606 1.0053
 1 -0.5609 1.0021
 1 -0.5612 0.9990
 1 -0.5612 0.9959
 1 -0.5611 0.9928
 1 -0.5609 0.9897
 1 -0.5605 0.9866
 1 -0.5600 0.9835
 1 -0.5593 0.9804
 1 -0.5584 0.9773
 1 -0.5574 0.9743
 1 -0.5562 0.9713
 1 -0.5549 0.9684
 1 -0.5535 0.9655
 1 -0.5519 0.9628
 1 -0.5502 0.9601
 1 -0.5483 0.9575
 1 -0.5464 0.9551
 1 -0.5444 0.9527
 1 -0.5366 0.9448
 1 -0.5122 0.9199
 1 -0.4877 0.8951
 1 -0.4632 0.8702
 1 -0.4387 0.8454
 1 -0.4143 0.8205
 1 -0.3898 0.7956
 1 -0.3653 0.7708
 1 -0.3408 0.7459
 1 -0.3163 0.7210
 1 -0.2919 0.6962
 1 -0.2674 0.6713
 1 -0.2429 0.6465
 1 -0.2184 0.6216
 1 -0.1940 0.5967
 1 -0.1695 0.5719
 1 -0.1450 0.5470
 1 -0.1205 0.5222
 1 -0.0961 0.4973
 1 -0.0716 0.4724
 1 -0.0471 0.4476
 1 -0.0434 0.4439
 1 -0.0412 0.4419
 1 -0.0389 0.4400
 1 -0.0365 0.4383
 1 -0.0339 0.4366
 1 -0.0313 0.4350
 1 -0.0285 0.4335
 1 -0.0256 0.4321
 1 -0.0227 0.4309
 1 -0.0196 0.4298
 1 -0.0165 0.4288
 1 -0.0133 0.4280
 1 -0.0101 0.4274
 1 -0.0068 0.4270
 1 -0.0035 0.4267
 1 -0.0001 0.4265
 1 0.0032 0.4266
 1 0.0065 0.4268
 1 0.0098 0.4272
 1 0.0131 0.4278
 1 0.0163 0.4285
 1 0.0194 0.4294
 1 0.0225 0.4304
 1 0.0255 0.4316
 1 0.0284 0.4329
 1 0.0312 0.4344
 1 0.0339 0.4359
 1 0.0365 0.4376
 1 0.0389 0.4393
 1 0.0413 0.4411
 1 0.0435 0.4430
 1 0.0456 0.4450
112 1250 250
 0 -0.4044 0.4093
 1 -0.4057 0.4093
 1 -0.4070 0.4093
 1 -0.4082 0.4091
 1 -0.4095 0.4090
 1 -0.4108 0.4087
 1 -0.4120 0.4085
 1 -0.4133 0.4081
 1 -0.4146 0.4077
 1 -0.4158 0.4073
 1 -0.4170 0.4068
 1 -0.4182 0.4063
 1 -0.4194 0.4057
 1 -0.4205 0.4050
 1 -0.4216 0.4044
 1 -0.4227 0.4036
 1 -0.4237 0.4029
 1 -0.4247 0.4021
 1 -0.4257 0.4012
 1 -0.4266 0.4004
 1 -0.4275 0.3995
 1 -0.4283 0.3985
 1 -0.4291 0.3975
 1 -0.4299 0.3965
 1 -0.4307 0.3955
 1 -0.4314 0.3944
 1 -0.4320 0.3932
 1 -0.4326 0.3921
 1 -0.4332 0.3909
 1 -0.4337 0.3897
 1 -0.4342 0.3885
 1 -0.4346 0.3872
 1 -0.4349 0.3860
 1 -0.4352 0.3847
 1 -0.4355 0.3835
 1 -0.4357 0.3822
 1 -0.4358 0.3809
 1 -0.4359 0.3796
 1 -0.4359 0.3784
 1 -0.4360 0.3650
 1 -0.4361 0.3513
 1 -0.4362 0.3375
 1 -0.4364 0.3237
 1 -0.4365 0.3100
 1 -0.4366 0.2962
 1 -0.4367 0.2824
 1 -0.4368 0.2686
 1 -0.4369 0.2549
 1 -0.4370 0.2411
 1 -0.4371 0.2273
 1 -0.4372 0.2136
 1 -0.4373 0.1998
 1 -0.4374 0.1860
 1 -0.4375 0.1722
 1 -0.4376 0.1585
 1 -0.4378 0.1447
 1 -0.4379 0.1309
 1 -0.4380 0.1172
 1 -0.4381 0.1034
 1 -0.4382 0.0896
 1 -0.4383 0.0758
 1 -0.4384 0.0621
 1 -0.4385 0.0483
 1 -0.4385 0.0439
 1 -0.4385 0.0426
 1 -0.4384 0.0414
 1 -0.4382 0.0401
 1 -0.4380 0.0388
 1 -0.4377 0.0376
 1 -0.4374 0.0363
 1 -0.4370 0.0350
 1 -0.4366 0.0338
 1 -0.4361 0.0326
 1 -0.4356 0.0314
 1 -0.4350 0.0302
 1 -0.4344 0.0291
 1 -0.4337 0.0280
 1 -0.4330 0.0269
 1 -0.4323 0.0258
 1 -0.4315 0.0248
 1 -0.4306 0.0239
 1 -0.4298 0.0229
 1 -0.4289 0.0220
 1 -0.4280 0.0212
 1 -0.4270 0.0203
 1 -0.4260 0.0196
 1 -0.4249 0.0188
 1 -0.4238 0.0181
 1 -0.4227 0.0174
 1 -0.4216 0.0168
 1 -0.4204 0.0162
 1 -0.4192 0.0157
 1 -0.4180 0.0152
 1 -0.4167 0.0148
 1 -0.4155 0.0145
 1 -0.4142 0.0141
 1 -0.4130 0.0139
 1 -0.4117 0.0137
 1 -0.4104 0.0135
 1 -0.4091 0.0134
 1 -0.4079 0.0134
 1 -0.3854 0.0132
 1 -0.3543 0.0129
 1 -0.3233 0.0127
 1 -0.2923 0.0125
 1 -0.2612 0.0122
 1 -0.2302 0.0120
 1 -0.1992 0.0117
 1 -0.1681 0.0115
 1 -0.1371 0.0112
 1 -0.1061 0.0110
 1 -0.0751 0.0108
 1 -0.0440 0.0105
 1 -0.0130 0.0103
 1 0.0180 0.0100
 1 0.0491 0.0098
 1 0.0801 0.0095
 1 0.1111 0.0093
 1 0.1421 0.0091
 1 0.1732 0.0088
 1 0.2042 0.0086
 1 0.2352 0.0083
 1 0.2663 0.0081
 1 0.2973 0.0079
 1 0.3283 0.0076
 1 0.3445 0.0075
 1 0.3457 0.0075
 1 0.3470 0.0076
 1 0.3483 0.0078
 1 0.3496 0.0080
 1 0.3508 0.0082
 1 0.3521 0.0085
 1 0.3533 0.0089
 1 0.3546 0.0093
 1 0.3558 0.0098
 1 0.3570 0.0103
 1 0.3582 0.0109
 1 0.3593 0.0115
 1 0.3605 0.0121
 1 0.3615 0.0128
 1 0.3626 0.0136
 1 0.3636 0.0143
 1 0.3646 0.0152
 1 0.3655 0.0160
 1 0.3664 0.0169
 1 0.3673 0.0178
 1 0.3681 0.0188
 1 0.3689 0.0198
 1 0.3697 0.0208
 1 0.3704 0.0219
 1 0.3711 0.0230
 1 0.3717 0.0242
 1 0.3723 0.0253
 1 0.3729 0.0265
 1 0.3733 0.0277
 1 0.3738 0.0290
 1 0.3742 0.0302
 1 0.3745 0.0315
 1 0.3748 0.0327
 1 0.3750 0.0340
 1 0.3751 0.0353
 1 0.3753 0.0366
 1 0.3753 0.0378
 1 0.3754 0.0449
 1 0.3755 0.0587
 1 0.3756 0.0724
 1 0.3757 0.0862
 1 0.3758 0.1000
 1 0.3759 0.1138
 1 0.3760 0.1275
 1 0.3761 0.1413
 1 0.3762 0.1551
 1 0.3764 0.1688
 1 0.3765 0.1826
 1 0.3766 0.1964
 1 0.3767 0.2102
 1 0.3768 0.2239
 1 0.3769 0.2377
 1 0.3770 0.2515
 1 0.3771 0.2652
 1 0.3772 0.2790
 1 0.3773 0.2928
 1 0.3774 0.3066
 1 0.3775 0.3203
 1 0.3776 0.3341
 1 0.3778 0.3479
 1 0.3779 0.3616
 1 0.3779 0.3723
 1 0.3779 0.3736
 1 0.3778 0.3748
 1 0.3777 0.3761
 1 0.3775 0.3774
 1 0.3773 0.3787
 1 0.3770 0.3799
 1 0.3766 0.3812
 1 0.3762 0.3824
 1 0.3758 0.3836
 1 0.3753 0.3849
 1 0.3747 0.3860
 1 0.3741 0.3872
 1 0.3735 0.3883
 1 0.3728 0.3894
 1 0.3721 0.3905
 1 0.3713 0.3915
 1 0.3705 0.3925
 1 0.3696 0.3935
 1 0.3688 0.3944
 1 0.3678 0.3952
 1 0.3669 0.3961
 1 0.3659 0.3969
 1 0.3649 0.3977
 1 0.3638 0.3984
 1 0.3627 0.3991
 1 0.3616 0.3997
 1 0.3604 0.4003
 1 0.3592 0.4009
 1 0.3580 0.4014
 1 0.3568 0.4018
 1 0.3555 0.4022
 1 0.3543 0.4025
 1 0.3530 0.4028
 1 0.3517 0.4031
 1 0.3505 0.4033
 1 0.3492 0.4034
 1 0.3479 0.4035
 1 0.3403 0.4035
 1 0.3092 0.4038
 1 0.2782 0.4040
 1 0.2472 0.4043
 1 0.2162 0.4045
 1 0.1851 0.4047
 1 0.1541 0.4050
 1 0.1231 0.4052
 1 0.0920 0.4055
 1 0.0610 0.4057
 1 0.0300 0.4060
 1 -0.0010 0.4062
 1 -0.0321 0.4064
 1 -0.0631 0.4067
 1 -0.0941 0.4069
 1 -0.1252 0.4072
 1 -0.1562 0.4074
 1 -0.1872 0.4077
 1 -0.2182 0.4079
 1 -0.2493 0.4081
 1 -0.2803 0.4084
 1 -0.3113 0.4086
 1 -0.3424 0.4089
 1 -0.3734 0.4091
 1 -0.4044 0.4093
112 1250 230
 0 -0.5338 0.9598
 1 -0.5115 0.9371
 1 -0.4891 0.9145
 1 -0.4668 0.8918
 1 -0.4445 0.8691
 1 -0.4221 0.8464
 1 -0.3998 0.8237
 1 -0.3774 0.8010
 1 -0.3551 0.7783
 1 -0.3328 0.7556
 1 -0.3104 0.7329
 1 -0.2881 0.7102
 1 -0.2657 0.6875
 1 -0.2434 0.6649
 1 -0.2211 0.6422
 1 -0.1987 0.6195
 1 -0.1764 0.5968
 1 -0.1540 0.5741
 1 -0.1317 0.5514
 1 -0.1094 0.5287
 1 -0.0870 0.5060
 1 -0.0647 0.4833
 1 -0.0423 0.4606
 1 -0.0352 0.4535
 1 -0.0337 0.4520
 1 -0.0320 0.4506
 1 -0.0303 0.4493
 1 -0.0285 0.4480
 1 -0.0266 0.4468
 1 -0.0246 0.4456
 1 -0.0225 0.4445
 1 -0.0204 0.4435
 1 -0.0183 0.4426
 1 -0.0160 0.4418
 1 -0.0137 0.4411
 1 -0.0114 0.4405
 1 -0.0090 0.4400
 1 -0.0066 0.4396
 1 -0.0042 0.4393
 1 -0.0018 0.4392
 1 0.0007 0.4391
 1 0.0031 0.4392
 1 0.0056 0.4394
 1 0.0080 0.4397
 1 0.0104 0.4401
 1 0.0127 0.4406
 1 0.0151 0.4412
 1 0.0173 0.4419
 1 0.0196 0.4427
 1 0.0217 0.4437
 1 0.0238 0.4447
 1 0.0258 0.4457
 1 0.0278 0.4469
 1 0.0297 0.4481
 1 0.0315 0.4494
 1 0.0332 0.4508
 1 0.0348 0.4522
 1 0.0364 0.4536
 1 0.0538 0.4707
 1 0.0765 0.4931
 1 0.0992 0.5154
 1 0.1219 0.5377
 1 0.1445 0.5601
 1 0.1672 0.5824
 1 0.1899 0.6047
 1 0.2126 0.6271
 1 0.2353 0.6494
 1 0.2580 0.6718
 1 0.2807 0.6941
 1 0.3034 0.7164
 1 0.3261 0.7388
 1 0.3488 0.7611
 1 0.3714 0.7835
 1 0.3941 0.8058
 1 0.4168 0.8281
 1 0.4395 0.8505
 1 0.4622 0.8728
 1 0.4849 0.8952
 1 0.5076 0.9175
 1 0.5303 0.9398
 1 0.5428 0.9522
 1 0.5444 0.9539
 1 0.5459 0.9556
 1 0.5473 0.9575
 1 0.5486 0.9593
 1 0.5499 0.9613
 1 0.5511 0.9633
 1 0.5522 0.9654
 1 0.5532 0.9675
 1 0.5541 0.9697
 1 0.5548 0.9719
 1 0.5555 0.9742
 1 0.5561 0.9764
 1 0.5566 0.9787
 1 0.5570 0.9810
 1 0.5573 0.9833
 1 0.5574 0.9856
 1 0.5575 0.9878
 1 0.5575 0.9901
 1 0.5573 0.9924
 1 0.5571 0.9947
 1 0.5568 0.9970
 1 0.5563 0.9993
 1 0.5558 1.0015
 1 0.5551 1.0038
 1 0.5543 1.0060
 1 0.5535 1.0082
 1 0.5525 1.0104
 1 0.5515 1.0125
 1 0.5503 1.0145
 1 0.5491 1.0165
 1 0.5478 1.0184
 1 0.5464 1.0202
 1 0.5450 1.0220
 1 0.5434 1.0237
 1 0.5315 1.0359
 1 0.5091 1.0586
 1 0.4868 1.0813
 1 0.4645 1.1039
 1 0.4421 1.1266
 1 0.4198 1.1493
 1 0.3974 1.1720
 1 0.3751 1.1947
 1 0.3528 1.2174
 1 0.3304 1.2401
 1 0.3081 1.2628
 1 0.2857 1.2855
 1 0.2634 1.3082
 1 0.2411 1.3309
 1 0.2187 1.3535
 1 0.1964 1.3762
 1 0.1740 1.3989
 1 0.1517 1.4216
 1 0.1294 1.4443
 1 0.1070 1.4670
 1 0.0847 1.4897
 1 0.0623 1.5124
 1 0.0448 1.5302
 1 0.0431 1.5318
 1 0.0414 1.5333
 1 0.0396 1.5347
 1 0.0377 1.5361
 1 0.0358 1.5374
 1 0.0338 1.5386
 1 0.0317 1.5397
 1 0.0296 1.5407
 1 0.0274 1.5416
 1 0.0252 1.5424
 1 0.0230 1.5431
 1 0.0207 1.5438
 1 0.0185 1.5443
 1 0.0162 1.5447
 1 0.0139 1.5450
 1 0.0116 1.5452
 1 0.0093 1.5453
 1 0.0071 1.5452
 1 0.0048 1.5451
 1 0.0025 1.5449
 1 0.0002 1.5446
 1 -0.0021 1.5442
 1 -0.0044 1.5437
 1 -0.0066 1.5430
 1 -0.0089 1.5423
 1 -0.0111 1.5415
 1 -0.0132 1.5406
 1 -0.0153 1.5395
 1 -0.0174 1.5384
 1 -0.0194 1.5372
 1 -0.0213 1.5359
 1 -0.0232 1.5345
 1 -0.0250 1.5331
 1 -0.0267 1.5316
 1 -0.0336 1.5248
 1 -0.0563 1.5025
 1 -0.0790 1.4801
 1 -0.1017 1.4578
 1 -0.1244 1.4355
 1 -0.1471 1.4131
 1 -0.1697 1.3908
 1 -0.1924 1.3684
 1 -0.2151 1.3461
 1 -0.2378 1.3238
 1 -0.2605 1.3014
 1 -0.2832 1.2791
 1 -0.3059 1.2568
 1 -0.3286 1.2344
 1 -0.3513 1.2121
 1 -0.3740 1.1897
 1 -0.3967 1.1674
 1 -0.4193 1.1451
 1 -0.4420 1.1227
 1 -0.4647 1.1004
 1 -0.4874 1.0780
 1 -0.5101 1.0557
 1 -0.5328 1.0334
 1 -0.5348 1.0313
 1 -0.5363 1.0296
 1 -0.5378 1.0278
 1 -0.5391 1.0260
 1 -0.5405 1.0240
 1 -0.5417 1.0221
 1 -0.5428 1.0200
 1 -0.5438 1.0179
 1 -0.5448 1.0157
 1 -0.5456 1.0135
 1 -0.5464 1.0113
 1 -0.5470 1.0091
 1 -0.5475 1.0068
 1 -0.5480 1.0045
 1 -0.5483 1.0022
 1 -0.5485 0.9999
 1 -0.5486 0.9977
 1 -0.5487 0.9954
 1 -0.5486 0.9931
 1 -0.5484 0.9908
 1 -0.5481 0.9885
 1 -0.5477 0.9862
 1 -0.5472 0.9840
 1 -0.5466 0.9817
 1 -0.5459 0.9795
 1 -0.5451 0.9772
 1 -0.5442 0.9751
 1 -0.5432 0.9730
 1 -0.5421 0.9709
 1 -0.5409 0.9689
 1 -0.5396 0.9669
 1 -0.5383 0.9650
 1 -0.5369 0.9632
 1 -0.5354 0.9615
 1 -0.5338 0.9598
112 1253 250
 0 -0.4046 0.3885
 1 -0.4050 0.3885
 1 -0.4054 0.3885
 1 -0.4059 0.3884
 1 -0.4063 0.3884
 1 -0.4067 0.3883
 1 -0.4071 0.3882
 1 -0.4075 0.3881
 1 -0.4080 0.3880
 1 -0.4084 0.3878
 1 -0.4088 0.3877
 1 -0.4092 0.3875
 1 -0.4096 0.3873
 1 -0.4099 0.3871
 1 -0.4103 0.3868
 1 -0.4107 0.3866
 1 -0.4110 0.3864
 1 -0.4113 0.3861
 1 -0.4117 0.3858
 1 -0.4120 0.3855
 1 -0.4123 0.3852
 1 -0.4126 0.3849
 1 -0.4128 0.3846
 1 -0.4131 0.3842
 1 -0.4133 0.3839
 1 -0.4136 0.3835
 1 -0.4138 0.3831
 1 -0.4140 0.3828
 1 -0.4142 0.3824
 1 -0.4143 0.3820
 1 -0.4145 0.3815
 1 -0.4146 0.3811
 1 -0.4148 0.3807
 1 -0.4149 0.3803
 1 -0.4149 0.3799
 1 -0.4150 0.3795
 1 -0.4150 0.3790
 1 -0.4151 0.3786
 1 -0.4151 0.3782
 1 -0.4152 0.3649
 1 -0.4153 0.3511
 1 -0.4154 0.3373
 1 -0.4155 0.3236
 1 -0.4156 0.3098
 1 -0.4157 0.2960
 1 -0.4158 0.2823
 1 -0.4159 0.2685
 1 -0.4161 0.2547
 1 -0.4162 0.2409
 1 -0.4163 0.2272
 1 -0.4164 0.2134
 1 -0.4165 0.1996
 1 -0.4166 0.1859
 1 -0.4167 0.1721
 1 -0.4168 0.1583
 1 -0.4169 0.1445
 1 -0.4170 0.1308
 1 -0.4171 0.1170
 1 -0.4172 0.1032
 1 -0.4173 0.0895
 1 -0.4174 0.0757
 1 -0.4176 0.0619
 1 -0.4177 0.0481
 1 -0.4177 0.0444
 1 -0.4177 0.0440
 1 -0.4176 0.0435
 1 -0.4176 0.0431
 1 -0.4175 0.0427
 1 -0.4174 0.0423
 1 -0.4173 0.0418
 1 -0.4172 0.0414
 1 -0.4170 0.0410
 1 -0.4169 0.0406
 1 -0.4167 0.0402
 1 -0.4165 0.0398
 1 -0.4163 0.0394
 1 -0.4161 0.0391
 1 -0.4159 0.0387
 1 -0.4156 0.0384
 1 -0.4153 0.0380
 1 -0.4151 0.0377
 1 -0.4148 0.0374
 1 -0.4145 0.0371
 1 -0.4142 0.0368
 1 -0.4138 0.0365
 1 -0.4135 0.0363
 1 -0.4132 0.0360
 1 -0.4128 0.0358
 1 -0.4124 0.0356
 1 -0.4120 0.0353
 1 -0.4116 0.0352
 1 -0.4112 0.0350
 1 -0.4108 0.0348
 1 -0.4104 0.0347
 1 -0.4100 0.0346
 1 -0.4096 0.0345
 1 -0.4092 0.0344
 1 -0.4087 0.0343
 1 -0.4083 0.0342
 1 -0.4079 0.0342
 1 -0.4075 0.0342
 1 -0.3852 0.0340
 1 -0.3542 0.0338
 1 -0.3231 0.0335
 1 -0.2921 0.0333
 1 -0.2611 0.0331
 1 -0.2300 0.0328
 1 -0.1990 0.0326
 1 -0.1680 0.0323
 1 -0.1370 0.0321
 1 -0.1059 0.0318
 1 -0.0749 0.0316
 1 -0.0439 0.0314
 1 -0.0128 0.0311
 1 0.0182 0.0309
 1 0.0492 0.0306
 1 0.0802 0.0304
 1 0.1113 0.0301
 1 0.1423 0.0299
 1 0.1733 0.0297
 1 0.2044 0.0294
 1 0.2354 0.0292
 1 0.2664 0.0289
 1 0.2975 0.0287
 1 0.3285 0.0285
 1 0.3442 0.0283
 1 0.3446 0.0283
 1 0.3451 0.0284
 1 0.3455 0.0284
 1 0.3459 0.0285
 1 0.3463 0.0286
 1 0.3467 0.0287
 1 0.3472 0.0288
 1 0.3476 0.0289
 1 0.3480 0.0291
 1 0.3484 0.0293
 1 0.3488 0.0295
 1 0.3492 0.0297
 1 0.3495 0.0299
 1 0.3499 0.0301
 1 0.3503 0.0304
 1 0.3506 0.0306
 1 0.3509 0.0309
 1 0.3512 0.0312
 1 0.3515 0.0315
 1 0.3518 0.0318
 1 0.3521 0.0321
 1 0.3524 0.0324
 1 0.3526 0.0328
 1 0.3529 0.0331
 1 0.3531 0.0335
 1 0.3533 0.0339
 1 0.3535 0.0343
 1 0.3537 0.0347
 1 0.3538 0.0351
 1 0.3540 0.0355
 1 0.3541 0.0359
 1 0.3542 0.0363
 1 0.3543 0.0368
 1 0.3544 0.0372
 1 0.3544 0.0376
 1 0.3545 0.0380
 1 0.3545 0.0384
 1 0.3545 0.0451
 1 0.3547 0.0588
 1 0.3548 0.0726
 1 0.3549 0.0864
 1 0.3550 0.1001
 1 0.3551 0.1139
 1 0.3552 0.1277
 1 0.3553 0.1415
 1 0.3554 0.1552
 1 0.3555 0.1690
 1 0.3556 0.1828
 1 0.3557 0.1966
 1 0.3558 0.2103
 1 0.3559 0.2241
 1 0.3561 0.2379
 1 0.3562 0.2516
 1 0.3563 0.2654
 1 0.3564 0.2792
 1 0.3565 0.2930
 1 0.3566 0.3067
 1 0.3567 0.3205
 1 0.3568 0.3343
 1 0.3569 0.3480
 1 0.3570 0.3618
 1 0.3571 0.3722
 1 0.3571 0.3727
 1 0.3571 0.3731
 1 0.3570 0.3735
 1 0.3570 0.3739
 1 0.3569 0.3744
 1 0.3568 0.3748
 1 0.3567 0.3752
 1 0.3565 0.3756
 1 0.3564 0.3760
 1 0.3562 0.3764
 1 0.3560 0.3768
 1 0.3558 0.3772
 1 0.3556 0.3776
 1 0.3554 0.3780
 1 0.3551 0.3783
 1 0.3549 0.3787
 1 0.3546 0.3790
 1 0.3543 0.3793
 1 0.3540 0.3796
 1 0.3537 0.3799
 1 0.3534 0.3802
 1 0.3531 0.3804
 1 0.3527 0.3807
 1 0.3524 0.3809
 1 0.3520 0.3812
 1 0.3516 0.3814
 1 0.3512 0.3816
 1 0.3509 0.3818
 1 0.3505 0.3819
 1 0.3500 0.3821
 1 0.3496 0.3822
 1 0.3492 0.3823
 1 0.3488 0.3824
 1 0.3484 0.3825
 1 0.3479 0.3826
 1 0.3475 0.3826
 1 0.3471 0.3826
 1 0.3401 0.3827
 1 0.3091 0.3829
 1 0.2781 0.3832
 1 0.2470 0.3834
 1 0.2160 0.3837
 1 0.1850 0.3839
 1 0.1539 0.3841
 1 0.1229 0.3844
 1 0.0919 0.3846
 1 0.0609 0.3849
 1 0.0298 0.3851
 1 -0.0012 0.3854
 1 -0.0322 0.3856
 1 -0.0633 0.3858
 1 -0.0943 0.3861
 1 -0.1253 0.3863
 1 -0.1564 0.3866
 1 -0.1874 0.3868
 1 -0.2184 0.3871
 1 -0.2494 0.3873
 1 -0.2805 0.3875
 1 -0.3115 0.3878
 1 -0.3425 0.3880
 1 -0.3736 0.3883
 1 -0.4046 0.3885
112 1253 210
 0 -0.5159 0.9775
 1 -0.4914 0.9526
 1 -0.4669 0.9277
 1 -0.4425 0.9029
 1 -0.4180 0.8780
 1 -0.3935 0.8532
 1 -0.3690 0.8283
 1 -0.3446 0.8034
 1 -0.3201 0.7786
 1 -0.2956 0.7537
 1 -0.2711 0.7288
 1 -0.2467 0.7040
 1 -0.2222 0.6791
 1 -0.1977 0.6543
 1 -0.1732 0.6294
 1 -0.1487 0.6045
 1 -0.1243 0.5797
 1 -0.0998 0.5548
 1 -0.0753 0.5300
 1 -0.0508 0.5051
 1 -0.0264 0.4802
 1 -0.0179 0.4716
 1 -0.0170 0.4708
 1 -0.0160 0.4700
 1 -0.0150 0.4693
 1 -0.0140 0.4685
 1 -0.0129 0.4679
 1 -0.0118 0.4672
 1 -0.0106 0.4667
 1 -0.0094 0.4661
 1 -0.0081 0.4657
 1 -0.0069 0.4653
 1 -0.0055 0.4649
 1 -0.0042 0.4647
 1 -0.0028 0.4644
 1 -0.0015 0.4643
 1 -0.0001 0.4642
 1 0.0013 0.4642
 1 0.0027 0.4643
 1 0.0040 0.4645
 1 0.0054 0.4647
 1 0.0067 0.4650
 1 0.0080 0.4653
 1 0.0093 0.4657
 1 0.0105 0.4662
 1 0.0117 0.4667
 1 0.0129 0.4673
 1 0.0140 0.4679
 1 0.0151 0.4686
 1 0.0161 0.4693
 1 0.0171 0.4701
 1 0.0180 0.4709
 1 0.0189 0.4717
 1 0.0378 0.4902
 1 0.0626 0.5147
 1 0.0875 0.5392
 1 0.1124 0.5637
 1 0.1372 0.5881
 1 0.1621 0.6126
 1 0.1870 0.6371
 1 0.2118 0.6616
 1 0.2367 0.6860
 1 0.2615 0.7105
 1 0.2864 0.7350
 1 0.3113 0.7595
 1 0.3361 0.7839
 1 0.3610 0.8084
 1 0.3858 0.8329
 1 0.4107 0.8574
 1 0.4356 0.8819
 1 0.4604 0.9063
 1 0.4853 0.9308
 1 0.5102 0.9553
 1 0.5248 0.9697
 1 0.5257 0.9707
 1 0.5265 0.9717
 1 0.5273 0.9727
 1 0.5281 0.9738
 1 0.5288 0.9749
 1 0.5294 0.9761
 1 0.5300 0.9772
 1 0.5305 0.9785
 1 0.5309 0.9797
 1 0.5313 0.9810
 1 0.5317 0.9822
 1 0.5319 0.9835
 1 0.5321 0.9848
 1 0.5323 0.9861
 1 0.5323 0.9874
 1 0.5324 0.9887
 1 0.5323 0.9899
 1 0.5322 0.9912
 1 0.5320 0.9925
 1 0.5318 0.9938
 1 0.5315 0.9951
 1 0.5311 0.9964
 1 0.5307 0.9976
 1 0.5302 0.9988
 1 0.5296 1.0000
 1 0.5290 1.0012
 1 0.5283 1.0023
 1 0.5276 1.0034
 1 0.5268 1.0045
 1 0.5260 1.0055
 1 0.5252 1.0064
 1 0.5125 1.0193
 1 0.4880 1.0442
 1 0.4635 1.0691
 1 0.4391 1.0939
 1 0.4146 1.1188
 1 0.3901 1.1436
 1 0.3656 1.1685
 1 0.3412 1.1934
 1 0.3167 1.2182
 1 0.2922 1.2431
 1 0.2677 1.2680
 1 0.2432 1.2928
 1 0.2188 1.3177
 1 0.1943 1.3425
 1 0.1698 1.3674
 1 0.1453 1.3923
 1 0.1209 1.4171
 1 0.0964 1.4420
 1 0.0719 1.4668
 1 0.0474 1.4917
 1 0.0271 1.5124
 1 0.0262 1.5132
 1 0.0252 1.5141
 1 0.0242 1.5149
 1 0.0231 1.5156
 1 0.0220 1.5164
 1 0.0208 1.5170
 1 0.0197 1.5176
 1 0.0184 1.5181
 1 0.0172 1.5186
 1 0.0160 1.5190
 1 0.0147 1.5194
 1 0.0134 1.5196
 1 0.0121 1.5199
 1 0.0108 1.5200
 1 0.0095 1.5201
 1 0.0083 1.5201
 1 0.0070 1.5201
 1 0.0057 1.5200
 1 0.0044 1.5198
 1 0.0031 1.5196
 1 0.0018 1.5193
 1 0.0006 1.5190
 1 -0.0007 1.5186
 1 -0.0019 1.5181
 1 -0.0031 1.5175
 1 -0.0043 1.5169
 1 -0.0055 1.5163
 1 -0.0066 1.5156
 1 -0.0076 1.5148
 1 -0.0086 1.5140
 1 -0.0096 1.5132
 1 -0.0165 1.5064
 1 -0.0414 1.4819
 1 -0.0662 1.4574
 1 -0.0911 1.4330
 1 -0.1160 1.4085
 1 -0.1408 1.3840
 1 -0.1657 1.3595
 1 -0.1906 1.3350
 1 -0.2154 1.3106
 1 -0.2403 1.2861
 1 -0.2651 1.2616
 1 -0.2900 1.2371
 1 -0.3149 1.2127
 1 -0.3397 1.1882
 1 -0.3646 1.1637
 1 -0.3894 1.1392
 1 -0.4143 1.1148
 1 -0.4392 1.0903
 1 -0.4640 1.0658
 1 -0.4889 1.0413
 1 -0.5138 1.0168
 1 -0.5164 1.0142
 1 -0.5172 1.0133
 1 -0.5180 1.0124
 1 -0.5187 1.0114
 1 -0.5194 1.0103
 1 -0.5201 1.0092
 1 -0.5207 1.0081
 1 -0.5212 1.0069
 1 -0.5217 1.0057
 1 -0.5222 1.0044
 1 -0.5226 1.0031
 1 -0.5229 1.0018
 1 -0.5232 1.0005
 1 -0.5234 0.9991
 1 -0.5235 0.9977
 1 -0.5235 0.9964
 1 -0.5235 0.9950
 1 -0.5234 0.9936
 1 -0.5233 0.9922
 1 -0.5230 0.9909
 1 -0.5227 0.9896
 1 -0.5224 0.9883
 1 -0.5219 0.9870
 1 -0.5214 0.9858
 1 -0.5209 0.9846
 1 -0.5203 0.9834
 1 -0.5197 0.9823
 1 -0.5190 0.9812
 1 -0.5183 0.9802
 1 -0.5175 0.9792
 1 -0.5167 0.9783
 1 -0.5159 0.9775
112 1250 330
 0 0.0978 1.1548
 1 0.0887 1.1549
 1 0.0796 1.1549
 1 0.0706 1.1550
 1 0.0615 1.1551
 1 0.0524 1.1551
 1 0.0433 1.1552
 1 0.0342 1.1553
 1 0.0251 1.1554
 1 0.0160 1.1554
 1 0.0069 1.1555
 1 -0.0022 1.1556
 1 -0.0113 1.1556
 1 -0.0204 1.1557
 1 -0.0294 1.1558
 1 -0.0385 1.1559
 1 -0.0476 1.1559
 1 -0.0567 1.1560
 1 -0.0658 1.1561
 1 -0.0749 1.1561
 1 -0.0775 1.1591
 1 -0.0767 1.1635
 1 -0.0758 1.1680
 1 -0.0750 1.1725
 1 -0.0741 1.1769
 1 -0.0732 1.1814
 1 -0.0724 1.1859
 1 -0.0715 1.1903
 1 -0.0707 1.1948
 1 -0.0698 1.1992
 1 -0.0690 1.2037
 1 -0.0681 1.2082
 1 -0.0673 1.2126
 1 -0.0664 1.2171
 1 -0.0656 1.2216
 1 -0.0647 1.2260
 1 -0.0639 1.2305
 1 -0.0630 1.2350
 1 -0.0622 1.2394
 1 -0.0615 1.2428
 1 -0.0613 1.2435
 1 -0.0612 1.2443
 1 -0.0611 1.2452
 1 -0.0610 1.2460
 1 -0.0610 1.2468
 1 -0.0611 1.2477
 1 -0.0611 1.2485
 1 -0.0612 1.2494
 1 -0.0614 1.2502
 1 -0.0616 1.2511
 1 -0.0619 1.2519
 1 -0.0622 1.2527
 1 -0.0625 1.2535
 1 -0.0629 1.2543
 1 -0.0633 1.2551
 1 -0.0638 1.2558
 1 -0.0643 1.2565
 1 -0.0648 1.2572
 1 -0.0653 1.2578
 1 -0.0659 1.2584
 1 -0.0665 1.2590
 1 -0.0671 1.2595
 1 -0.0678 1.2600
 1 -0.0684 1.2604
 1 -0.0691 1.2608
 1 -0.0698 1.2612
 1 -0.0706 1.2616
 1 -0.0714 1.2619
 1 -0.0722 1.2622
 1 -0.0730 1.2625
 1 -0.0738 1.2627
 1 -0.0747 1.2628
 1 -0.0755 1.2630
 1 -0.0764 1.2630
 1 -0.0773 1.2631
 1 -0.0781 1.2630
 1 -0.0790 1.2630
 1 -0.0798 1.2629
 1 -0.0807 1.2627
 1 -0.0815 1.2625
 1 -0.0824 1.2623
 1 -0.0832 1.2620
 1 -0.0839 1.2617
 1 -0.0847 1.2613
 1 -0.0854 1.2610
 1 -0.0861 1.2605
 1 -0.0897 1.2581
 1 -0.1015 1.2500
 1 -0.1133 1.2419
 1 -0.1252 1.2338
 1 -0.1370 1.2257
 1 -0.1488 1.2176
 1 -0.1607 1.2095
 1 -0.1725 1.2014
 1 -0.1843 1.1933
 1 -0.1962 1.1852
 1 -0.2080 1.1771
 1 -0.2198 1.1690
 1 -0.2317 1.1609
 1 -0.2435 1.1528
 1 -0.2553 1.1447
 1 -0.2672 1.1367
 1 -0.2790 1.1286
 1 -0.2908 1.1205
 1 -0.3027 1.1124
 1 -0.3145 1.1043
 1 -0.3048 1.0960
 1 -0.2931 1.0877
 1 -0.2814 1.0794
 1 -0.2697 1.0712
 1 -0.2580 1.0629
 1 -0.2463 1.0546
 1 -0.2346 1.0463
 1 -0.2229 1.0380
 1 -0.2112 1.0298
 1 -0.1995 1.0215
 1 -0.1878 1.0132
 1 -0.1761 1.0049
 1 -0.1644 0.9966
 1 -0.1527 0.9884
 1 -0.1410 0.9801
 1 -0.1293 0.9718
 1 -0.1175 0.9635
 1 -0.1058 0.9552
 1 -0.0941 0.9470
 1 -0.0887 0.9431
 1 -0.0880 0.9427
 1 -0.0873 0.9423
 1 -0.0866 0.9419
 1 -0.0858 0.9416
 1 -0.0850 0.9413
 1 -0.0842 0.9410
 1 -0.0834 0.9408
 1 -0.0825 0.9406
 1 -0.0817 0.9405
 1 -0.0808 0.9404
 1 -0.0799 0.9404
 1 -0.0790 0.9404
 1 -0.0782 0.9404
 1 -0.0773 0.9405
 1 -0.0765 0.9407
 1 -0.0756 0.9409
 1 -0.0748 0.9411
 1 -0.0740 0.9414
 1 -0.0732 0.9417
 1 -0.0725 0.9420
 1 -0.0717 0.9424
 1 -0.0710 0.9428
 1 -0.0704 0.9432
 1 -0.0697 0.9437
 1 -0.0691 0.9442
 1 -0.0685 0.9448
 1 -0.0679 0.9454
 1 -0.0673 0.9460
 1 -0.0668 0.9466
 1 -0.0663 0.9473
 1 -0.0658 0.9480
 1 -0.0653 0.9488
 1 -0.0649 0.9495
 1 -0.0646 0.9503
 1 -0.0643 0.9511
 1 -0.0640 0.9520
 1 -0.0638 0.9528
 1 -0.0636 0.9537
 1 -0.0634 0.9545
 1 -0.0633 0.9554
 1 -0.0633 0.9562
 1 -0.0633 0.9570
 1 -0.0633 0.9579
 1 -0.0634 0.9587
 1 -0.0635 0.9595
 1 -0.0637 0.9603
 1 -0.0642 0.9630
 1 -0.0650 0.9675
 1 -0.0658 0.9720
 1 -0.0665 0.9764
 1 -0.0673 0.9809
 1 -0.0681 0.9854
 1 -0.0689 0.9899
 1 -0.0697 0.9944
 1 -0.0704 0.9988
 1 -0.0712 1.0033
 1 -0.0720 1.0078
 1 -0.0728 1.0123
 1 -0.0736 1.0167
 1 -0.0744 1.0212
 1 -0.0751 1.0257
 1 -0.0759 1.0302
 1 -0.0767 1.0346
 1 -0.0775 1.0391
 1 -0.0783 1.0436
 1 -0.0773 1.0473
 1 -0.0682 1.0472
 1 -0.0591 1.0471
 1 -0.0500 1.0471
 1 -0.0410 1.0470
 1 -0.0319 1.0469
 1 -0.0228 1.0468
 1 -0.0137 1.0468
 1 -0.0046 1.0467
 1 0.0045 1.0466
 1 0.0136 1.0466
 1 0.0227 1.0465
 1 0.0318 1.0464
 1 0.0409 1.0463
 1 0.0500 1.0463
 1 0.0590 1.0462
 1 0.0681 1.0461
 1 0.0772 1.0461
 1 0.0863 1.0460
 1 0.0954 1.0459
 1 0.0976 1.0459
 1 0.0984 1.0458
 1 0.0992 1.0457
 1 0.1000 1.0456
 1 0.1009 1.0454
 1 0.1017 1.0452
 1 0.1025 1.0449
 1 0.1033 1.0446
 1 0.1041 1.0442
 1 0.1049 1.0438
 1 0.1057 1.0434
 1 0.1064 1.0429
 1 0.1072 1.0423
 1 0.1079 1.0418
 1 0.1085 1.0411
 1 0.1092 1.0405
 1 0.1098 1.0398
 1 0.1103 1.0391
 1 0.1109 1.0383
 1 0.1113 1.0376
 1 0.1118 1.0368
 1 0.1121 1.0360
 1 0.1125 1.0352
 1 0.1128 1.0344
 1 0.1130 1.0335
 1 0.1132 1.0327
 1 0.1134 1.0319
 1 0.1135 1.0311
 1 0.1136 1.0303
 1 0.1136 1.0295
 1 0.1135 1.0225
 1 0.1134 1.0076
 1 0.1133 0.9926
 1 0.1132 0.9777
 1 0.1131 0.9628
 1 0.1130 0.9478
 1 0.1128 0.9329
 1 0.1127 0.9180
 1 0.1126 0.9030
 1 0.1125 0.8881
 1 0.1124 0.8732
 1 0.1123 0.8582
 1 0.1121 0.8433
 1 0.1120 0.8284
 1 0.1119 0.8134
 1 0.1118 0.7985
 1 0.1117 0.7836
 1 0.1116 0.7686
 1 0.1114 0.7537
 1 0.1118 0.7401
 1 0.1175 0.7400
 1 0.1231 0.7400
 1 0.1287 0.7399
 1 0.1343 0.7399
 1 0.1400 0.7398
 1 0.1456 0.7398
 1 0.1512 0.7398
 1 0.1569 0.7397
 1 0.1625 0.7397
 1 0.1681 0.7396
 1 0.1737 0.7396
 1 0.1794 0.7395
 1 0.1850 0.7395
 1 0.1906 0.7394
 1 0.1962 0.7394
 1 0.2019 0.7394
 1 0.2075 0.7393
 1 0.2131 0.7393
 1 0.2188 0.7392
 1 0.2203 0.7503
 1 0.2204 0.7652
 1 0.2205 0.7801
 1 0.2207 0.7951
 1 0.2208 0.8100
 1 0.2209 0.8249
 1 0.2210 0.8399
 1 0.2211 0.8548
 1 0.2212 0.8697
 1 0.2214 0.8847
 1 0.2215 0.8996
 1 0.2216 0.9145
 1 0.2217 0.9295
 1 0.2218 0.9444
 1 0.2219 0.9594
 1 0.2221 0.9743
 1 0.2222 0.9892
 1 0.2223 1.0042
 1 0.2224 1.0191
 1 0.2225 1.0307
 1 0.2222 1.0370
 1 0.2217 1.0434
 1 0.2208 1.0499
 1 0.2195 1.0563
 1 0.2179 1.0626
 1 0.2160 1.0689
 1 0.2138 1.0751
 1 0.2112 1.0811
 1 0.2084 1.0870
 1 0.2052 1.0928
 1 0.2017 1.0983
 1 0.1980 1.1036
 1 0.1941 1.1087
 1 0.1899 1.1136
 1 0.1855 1.1182
 1 0.1809 1.1226
 1 0.1760 1.1267
 1 0.1709 1.1307
 1 0.1655 1.1344
 1 0.1599 1.1378
 1 0.1542 1.1409
 1 0.1483 1.1438
 1 0.1422 1.1463
 1 0.1360 1.1485
 1 0.1297 1.1504
 1 0.1234 1.1520
 1 0.1170 1.1532
 1 0.1106 1.1540
 1 0.1042 1.1546
 1 0.0978 1.1548
4 1 1
 0 -0.4043 0.4198
 1 -0.4067 0.4197
 1 -0.4090 0.4195
 1 -0.4114 0.4192
 1 -0.4138 0.4188
 1 -0.4162 0.4181
 1 -0.4186 0.4174
 1 -0.4210 0.4164
 1 -0.4234 0.4153
 1 -0.4257 0.4141
 1 -0.4279 0.4127
 1 -0.4301 0.4111
 1 -0.4321 0.4094
 1 -0.4341 0.4076
 1 -0.4359 0.4057
 1 -0.4376 0.4036
 1 -0.4392 0.4015
 1 -0.4406 0.3992
 1 -0.4418 0.3969
 1 -0.4429 0.3946
 1 -0.4439 0.3922
 1 -0.4447 0.3898
 1 -0.4453 0.3874
 1 -0.4458 0.3850
 1 -0.4461 0.3826
 1 -0.4463 0.3803
 1 -0.4464 0.3747
 1 -0.4465 0.3544
 1 -0.4467 0.3341
 1 -0.4469 0.3138
 1 -0.4470 0.2935
 1 -0.4472 0.2732
 1 -0.4473 0.2529
 1 -0.4475 0.2326
 1 -0.4476 0.2123
 1 -0.4478 0.1920
 1 -0.4480 0.1718
 1 -0.4481 0.1515
 1 -0.4483 0.1312
 1 -0.4484 0.1109
 1 -0.4486 0.0906
 1 -0.4488 0.0703
 1 -0.4489 0.0500
 1 -0.4489 0.0432
 1 -0.4488 0.0409
 1 -0.4485 0.0385
 1 -0.4481 0.0361
 1 -0.4475 0.0337
 1 -0.4468 0.0313
 1 -0.4459 0.0289
 1 -0.4448 0.0265
 1 -0.4436 0.0242
 1 -0.4422 0.0219
 1 -0.4407 0.0197
 1 -0.4391 0.0177
 1 -0.4373 0.0157
 1 -0.4354 0.0138
 1 -0.4333 0.0121
 1 -0.4312 0.0105
 1 -0.4290 0.0090
 1 -0.4267 0.0077
 1 -0.4244 0.0066
 1 -0.4220 0.0056
 1 -0.4196 0.0048
 1 -0.4172 0.0041
 1 -0.4148 0.0036
 1 -0.4124 0.0032
 1 -0.4101 0.0030
 1 -0.4077 0.0029
 1 -0.3649 0.0026
 1 -0.3192 0.0022
 1 -0.2734 0.0019
 1 -0.2277 0.0015
 1 -0.1820 0.0012
 1 -0.1363 0.0008
 1 -0.0906 0.0005
 1 -0.0448 0.0001
 1 0.0009 -0.0003
 1 0.0466 -0.0006
 1 0.0923 -0.0010
 1 0.1380 -0.0013
 1 0.1837 -0.0017
 1 0.2295 -0.0020
 1 0.2752 -0.0024
 1 0.3209 -0.0028
 1 0.3449 -0.0029
 1 0.3472 -0.0028
 1 0.3496 -0.0026
 1 0.3520 -0.0022
 1 0.3544 -0.0016
 1 0.3568 -0.0009
 1 0.3592 -0.0001
 1 0.3616 0.0009
 1 0.3639 0.0021
 1 0.3662 0.0034
 1 0.3684 0.0049
 1 0.3705 0.0065
 1 0.3725 0.0083
 1 0.3744 0.0102
 1 0.3762 0.0122
 1 0.3778 0.0143
 1 0.3793 0.0165
 1 0.3806 0.0187
 1 0.3818 0.0211
 1 0.3828 0.0234
 1 0.3837 0.0258
 1 0.3844 0.0282
 1 0.3850 0.0306
 1 0.3854 0.0330
 1 0.3856 0.0354
 1 0.3857 0.0377
 1 0.3859 0.0523
 1 0.3860 0.0726
 1 0.3862 0.0929
 1 0.3863 0.1132
 1 0.3865 0.1335
 1 0.3867 0.1538
 1 0.3868 0.1741
 1 0.3870 0.1944
 1 0.3871 0.2146
 1 0.3873 0.2349
 1 0.3875 0.2552
 1 0.3876 0.2755
 1 0.3878 0.2958
 1 0.3879 0.3161
 1 0.3881 0.3364
 1 0.3882 0.3567
 1 0.3884 0.3725
 1 0.3883 0.3748
 1 0.3881 0.3771
 1 0.3877 0.3795
 1 0.3872 0.3820
 1 0.3866 0.3844
 1 0.3857 0.3868
 1 0.3848 0.3892
 1 0.3836 0.3915
 1 0.3823 0.3938
 1 0.3809 0.3960
 1 0.3793 0.3981
 1 0.3776 0.4002
 1 0.3757 0.4021
 1 0.3738 0.4039
 1 0.3717 0.4056
 1 0.3695 0.4071
 1 0.3673 0.4085
 1 0.3649 0.4097
 1 0.3626 0.4107
 1 0.3602 0.4117
 1 0.3578 0.4124
 1 0.3554 0.4130
 1 0.3530 0.4134
 1 0.3506 0.4137
 1 0.3483 0.4139
 1 0.3271 0.4141
 1 0.2814 0.4144
 1 0.2357 0.4148
 1 0.1900 0.4151
 1 0.1443 0.4155
 1 0.0985 0.4158
 1 0.0528 0.4162
 1 0.0071 0.4166
 1 -0.0386 0.4169
 1 -0.0843 0.4173
 1 -0.1300 0.4176
 1 -0.1758 0.4180
 1 -0.2215 0.4183
 1 -0.2672 0.4187
 1 -0.3129 0.4191
 1 -0.3586 0.4194
 1 -0.4043 0.4198
4 1 1
 0 0.0456 0.4450
 1 0.0704 0.4695
 1 0.0953 0.4940
 1 0.1202 0.5184
 1 0.1450 0.5429
 1 0.1699 0.5674
 1 0.1947 0.5919
 1 0.2196 0.6163
 1 0.2445 0.6408
 1 0.2693 0.6653
 1 0.2942 0.6898
 1 0.3191 0.7143
 1 0.3439 0.7387
 1 0.3688 0.7632
 1 0.3936 0.7877
 1 0.4185 0.8122
 1 0.4434 0.8366
 1 0.4682 0.8611
 1 0.4931 0.8856
 1 0.5180 0.9101
 1 0.5428 0.9345
 1 0.5523 0.9440
 1 0.5544 0.9463
 1 0.5564 0.9487
 1 0.5583 0.9512
 1 0.5601 0.9539
 1 0.5617 0.9566
 1 0.5632 0.9594
 1 0.5646 0.9623
 1 0.5658 0.9653
 1 0.5669 0.9683
 1 0.5678 0.9714
 1 0.5686 0.9744
 1 0.5692 0.9776
 1 0.5696 0.9807
 1 0.5699 0.9838
 1 0.5700 0.9869
 1 0.5700 0.9900
 1 0.5699 0.9931
 1 0.5696 0.9962
 1 0.5691 0.9993
 1 0.5685 1.0024
 1 0.5677 1.0055
 1 0.5668 1.0086
 1 0.5657 1.0116
 1 0.5644 1.0145
 1 0.5631 1.0174
 1 0.5615 1.0202
 1 0.5599 1.0230
 1 0.5581 1.0256
 1 0.5562 1.0281
 1 0.5542 1.0305
 1 0.5521 1.0328
 1 0.5332 1.0520
 1 0.5088 1.0769
 1 0.4843 1.1017
 1 0.4598 1.1266
 1 0.4353 1.1514
 1 0.4109 1.1763
 1 0.3864 1.2012
 1 0.3619 1.2260
 1 0.3374 1.2509
 1 0.3129 1.2757
 1 0.2885 1.3006
 1 0.2640 1.3255
 1 0.2395 1.3503
 1 0.2150 1.3752
 1 0.1906 1.4001
 1 0.1661 1.4249
 1 0.1416 1.4498
 1 0.1171 1.4746
 1 0.0927 1.4995
 1 0.0682 1.5244
 1 0.0533 1.5395
 1 0.0511 1.5415
 1 0.0489 1.5434
 1 0.0465 1.5452
 1 0.0441 1.5470
 1 0.0415 1.5486
 1 0.0387 1.5502
 1 0.0359 1.5516
 1 0.0330 1.5529
 1 0.0300 1.5541
 1 0.0269 1.5551
 1 0.0237 1.5559
 1 0.0205 1.5567
 1 0.0173 1.5572
 1 0.0139 1.5576
 1 0.0106 1.5578
 1 0.0073 1.5578
 1 0.0040 1.5577
 1 0.0006 1.5574
 1 -0.0026 1.5569
 1 -0.0059 1.5562
 1 -0.0090 1.5554
 1 -0.0122 1.5545
 1 -0.0152 1.5534
 1 -0.0181 1.5521
 1 -0.0210 1.5507
 1 -0.0237 1.5493
 1 -0.0264 1.5477
 1 -0.0289 1.5460
 1 -0.0313 1.5442
 1 -0.0336 1.5423
 1 -0.0357 1.5404
 1 -0.0492 1.5271
 1 -0.0740 1.5026
 1 -0.0989 1.4782
 1 -0.1238 1.4537
 1 -0.1486 1.4292
 1 -0.1735 1.4047
 1 -0.1983 1.3803
 1 -0.2232 1.3558
 1 -0.2481 1.3313
 1 -0.2729 1.3068
 1 -0.2978 1.2824
 1 -0.3227 1.2579
 1 -0.3475 1.2334
 1 -0.3724 1.2089
 1 -0.3972 1.1844
 1 -0.4221 1.1600
 1 -0.4470 1.1355
 1 -0.4718 1.1110
 1 -0.4967 1.0865
 1 -0.5216 1.0621
 1 -0.5424 1.0415
 1 -0.5446 1.0393
 1 -0.5466 1.0369
 1 -0.5486 1.0344
 1 -0.5504 1.0318
 1 -0.5521 1.0291
 1 -0.5537 1.0264
 1 -0.5551 1.0235
 1 -0.5564 1.0206
 1 -0.5575 1.0176
 1 -0.5585 1.0145
 1 -0.5594 1.0115
 1 -0.5600 1.0084
 1 -0.5606 1.0053
 1 -0.5609 1.0021
 1 -0.5612 0.9990
 1 -0.5612 0.9959
 1 -0.5611 0.9928
 1 -0.5609 0.9897
 1 -0.5605 0.9866
 1 -0.5600 0.9835
 1 -0.5593 0.9804
 1 -0.5584 0.9773
 1 -0.5574 0.9743
 1 -0.5562 0.9713
 1 -0.5549 0.9684
 1 -0.5535 0.9655
 1 -0.5519 0.9628
 1 -0.5502 0.9601
 1 -0.5483 0.9575
 1 -0.5464 0.9551
 1 -0.5444 0.9527
 1 -0.5366 0.9448
 1 -0.5122 0.9199
 1 -0.4877 0.8951
 1 -0.4632 0.8702
 1 -0.4387 0.8454
 1 -0.4143 0.8205
 1 -0.3898 0.7956
 1 -0.3653 0.7708
 1 -0.3408 0.7459
 1 -0.3163 0.7210
 1 -0.2919 0.6962
 1 -0.2674 0.6713
 1 -0.2429 0.6465
 1 -0.2184 0.6216
 1 -0.1940 0.5967
 1 -0.1695 0.5719
 1 -0.1450 0.5470
 1 -0.1205 0.5222
 1 -0.0961 0.4973
 1 -0.0716 0.4724
 1 -0.0471 0.4476
 1 -0.0434 0.4439
 1 -0.0412 0.4419
 1 -0.0389 0.4400
 1 -0.0365 0.4383
 1 -0.0339 0.4366
 1 -0.0313 0.4350
 1 -0.0285 0.4335
 1 -0.0256 0.4321
 1 -0.0227 0.4309
 1 -0.0196 0.4298
 1 -0.0165 0.4288
 1 -0.0133 0.4280
 1 -0.0101 0.4274
 1 -0.0068 0.4270
 1 -0.0035 0.4267
 1 -0.0001 0.4265
 1 0.0032 0.4266
 1 0.0065 0.4268
 1 0.0098 0.4272
 1 0.0131 0.4278
 1 0.0163 0.4285
 1 0.0194 0.4294
 1 0.0225 0.4304
 1 0.0255 0.4316
 1 0.0284 0.4329
 1 0.0312 0.4344
 1 0.0339 0.4359
 1 0.0365 0.4376
 1 0.0389 0.4393
 1 0.0413 0.4411
 1 0.0435 0.4430
 1 0.0456 0.4450
4 1 1
 0 -0.4044 0.4093
 1 -0.4057 0.4093
 1 -0.4070 0.4093
 1 -0.4082 0.4091
 1 -0.4095 0.4090
 1 -0.4108 0.4087
 1 -0.4120 0.4085
 1 -0.4133 0.4081
 1 -0.4146 0.4077
 1 -0.4158 0.4073
 1 -0.4170 0.4068
 1 -0.4182 0.4063
 1 -0.4194 0.4057
 1 -0.4205 0.4050
 1 -0.4216 0.4044
 1 -0.4227 0.4036
 1 -0.4237 0.4029
 1 -0.4247 0.4021
 1 -0.4257 0.4012
 1 -0.4266 0.4004
 1 -0.4275 0.3995
 1 -0.4283 0.3985
 1 -0.4291 0.3975
 1 -0.4299 0.3965
 1 -0.4307 0.3955
 1 -0.4314 0.3944
 1 -0.4320 0.3932
 1 -0.4326 0.3921
 1 -0.4332 0.3909
 1 -0.4337 0.3897
 1 -0.4342 0.3885
 1 -0.4346 0.3872
 1 -0.4349 0.3860
 1 -0.4352 0.3847
 1 -0.4355 0.3835
 1 -0.4357 0.3822
 1 -0.4358 0.3809
 1 -0.4359 0.3796
 1 -0.4359 0.3784
 1 -0.4360 0.3650
 1 -0.4361 0.3513
 1 -0.4362 0.3375
 1 -0.4364 0.3237
 1 -0.4365 0.3100
 1 -0.4366 0.2962
 1 -0.4367 0.2824
 1 -0.4368 0.2686
 1 -0.4369 0.2549
 1 -0.4370 0.2411
 1 -0.4371 0.2273
 1 -0.4372 0.2136
 1 -0.4373 0.1998
 1 -0.4374 0.1860
 1 -0.4375 0.1722
 1 -0.4376 0.1585
 1 -0.4378 0.1447
 1 -0.4379 0.1309
 1 -0.4380 0.1172
 1 -0.4381 0.1034
 1 -0.4382 0.0896
 1 -0.4383 0.0758
 1 -0.4384 0.0621
 1 -0.4385 0.0483
 1 -0.4385 0.0439
 1 -0.4385 0.0426
 1 -0.4384 0.0414
 1 -0.4382 0.0401
 1 -0.4380 0.0388
 1 -0.4377 0.0376
 1 -0.4374 0.0363
 1 -0.4370 0.0350
 1 -0.4366 0.0338
 1 -0.4361 0.0326
 1 -0.4356 0.0314
 1 -0.4350 0.0302
 1 -0.4344 0.0291
 1 -0.4337 0.0280
 1 -0.4330 0.0269
 1 -0.4323 0.0258
 1 -0.4315 0.0248
 1 -0.4306 0.0239
 1 -0.4298 0.0229
 1 -0.4289 0.0220
 1 -0.4280 0.0212
 1 -0.4270 0.0203
 1 -0.4260 0.0196
 1 -0.4249 0.0188
 1 -0.4238 0.0181
 1 -0.4227 0.0174
 1 -0.4216 0.0168
 1 -0.4204 0.0162
 1 -0.4192 0.0157
 1 -0.4180 0.0152
 1 -0.4167 0.0148
 1 -0.4155 0.0145
 1 -0.4142 0.0141
 1 -0.4130 0.0139
 1 -0.4117 0.0137
 1 -0.4104 0.0135
 1 -0.4091 0.0134
 1 -0.4079 0.0134
 1 -0.3854 0.0132
 1 -0.3543 0.0129
 1 -0.3233 0.0127
 1 -0.2923 0.0125
 1 -0.2612 0.0122
 1 -0.2302 0.0120
 1 -0.1992 0.0117
 1 -0.1681 0.0115
 1 -0.1371 0.0112
 1 -0.1061 0.0110
 1 -0.0751 0.0108
 1 -0.0440 0.0105
 1 -0.0130 0.0103
 1 0.0180 0.0100
 1 0.0491 0.0098
 1 0.0801 0.0095
 1 0.1111 0.0093
 1 0.1421 0.0091
 1 0.1732 0.0088
 1 0.2042 0.0086
 1 0.2352 0.0083
 1 0.2663 0.0081
 1 0.2973 0.0079
 1 0.3283 0.0076
 1 0.3445 0.0075
 1 0.3457 0.0075
 1 0.3470 0.0076
 1 0.3483 0.0078
 1 0.3496 0.0080
 1 0.3508 0.0082
 1 0.3521 0.0085
 1 0.3533 0.0089
 1 0.3546 0.0093
 1 0.3558 0.0098
 1 0.3570 0.0103
 1 0.3582 0.0109
 1 0.3593 0.0115
 1 0.3605 0.0121
 1 0.3615 0.0128
 1 0.3626 0.0136
 1 0.3636 0.0143
 1 0.3646 0.0152
 1 0.3655 0.0160
 1 0.3664 0.0169
 1 0.3673 0.0178
 1 0.3681 0.0188
 1 0.3689 0.0198
 1 0.3697 0.0208
 1 0.3704 0.0219
 1 0.3711 0.0230
 1 0.3717 0.0242
 1 0.3723 0.0253
 1 0.3729 0.0265
 1 0.3733 0.0277
 1 0.3738 0.0290
 1 0.3742 0.0302
 1 0.3745 0.0315
 1 0.3748 0.0327
 1 0.3750 0.0340
 1 0.3751 0.0353
 1 0.3753 0.0366
 1 0.3753 0.0378
 1 0.3754 0.0449
 1 0.3755 0.0587
 1 0.3756 0.0724
 1 0.3757 0.0862
 1 0.3758 0.1000
 1 0.3759 0.1138
 1 0.3760 0.1275
 1 0.3761 0.1413
 1 0.3762 0.1551
 1 0.3764 0.1688
 1 0.3765 0.1826
 1 0.3766 0.1964
 1 0.3767 0.2102
 1 0.3768 0.2239
 1 0.3769 0.2377
 1 0.3770 0.2515
 1 0.3771 0.2652
 1 0.3772 0.2790
 1 0.3773 0.2928
 1 0.3774 0.3066
 1 0.3775 0.3203
 1 0.3776 0.3341
 1 0.3778 0.3479
 1 0.3779 0.3616
 1 0.3779 0.3723
 1 0.3779 0.3736
 1 0.3778 0.3748
 1 0.3777 0.3761
 1 0.3775 0.3774
 1 0.3773 0.3787
 1 0.3770 0.3799
 1 0.3766 0.3812
 1 0.3762 0.3824
 1 0.3758 0.3836
 1 0.3753 0.3849
 1 0.3747 0.3860
 1 0.3741 0.3872
 1 0.3735 0.3883
 1 0.3728 0.3894
 1 0.3721 0.3905
 1 0.3713 0.3915
 1 0.3705 0.3925
 1 0.3696 0.3935
 1 0.3688 0.3944
 1 0.3678 0.3952
 1 0.3669 0.3961
 1 0.3659 0.3969
 1 0.3649 0.3977
 1 0.3638 0.3984
 1 0.3627 0.3991
 1 0.3616 0.3997
 1 0.3604 0.4003
 1 0.3592 0.4009
 1 0.3580 0.4014
 1 0.3568 0.4018
 1 0.3555 0.4022
 1 0.3543 0.4025
 1 0.3530 0.4028
 1 0.3517 0.4031
 1 0.3505 0.4033
 1 0.3492 0.4034
 1 0.3479 0.4035
 1 0.3403 0.4035
 1 0.3092 0.4038
 1 0.2782 0.4040
 1 0.2472 0.4043
 1 0.2162 0.4045
 1 0.1851 0.4047
 1 0.1541 0.4050
 1 0.1231 0.4052
 1 0.0920 0.4055
 1 0.0610 0.4057
 1 0.0300 0.4060
 1 -0.0010 0.4062
 1 -0.0321 0.4064
 1 -0.0631 0.4067
 1 -0.0941 0.4069
 1 -0.1252 0.4072
 1 -0.1562 0.4074
 1 -0.1872 0.4077
 1 -0.2182 0.4079
 1 -0.2493 0.4081
 1 -0.2803 0.4084
 1 -0.3113 0.4086
 1 -0.3424 0.4089
 1 -0.3734 0.4091
 1 -0.4044 0.4093
4 1 1
 0 -0.5338 0.9598
 1 -0.5115 0.9371
 1 -0.4891 0.9145
 1 -0.4668 0.8918
 1 -0.4445 0.8691
 1 -0.4221 0.8464
 1 -0.3998 0.8237
 1 -0.3774 0.8010
 1 -0.3551 0.7783
 1 -0.3328 0.7556
 1 -0.3104 0.7329
 1 -0.2881 0.7102
 1 -0.2657 0.6875
 1 -0.2434 0.6649
 1 -0.2211 0.6422
 1 -0.1987 0.6195
 1 -0.1764 0.5968
 1 -0.1540 0.5741
 1 -0.1317 0.5514
 1 -0.1094 0.5287
 1 -0.0870 0.5060
 1 -0.0647 0.4833
 1 -0.0423 0.4606
 1 -0.0352 0.4535
 1 -0.0337 0.4520
 1 -0.0320 0.4506
 1 -0.0303 0.4493
 1 -0.0285 0.4480
 1 -0.0266 0.4468
 1 -0.0246 0.4456
 1 -0.0225 0.4445
 1 -0.0204 0.4435
 1 -0.0183 0.4426
 1 -0.0160 0.4418
 1 -0.0137 0.4411
 1 -0.0114 0.4405
 1 -0.0090 0.4400
 1 -0.0066 0.4396
 1 -0.0042 0.4393
 1 -0.0018 0.4392
 1 0.0007 0.4391
 1 0.0031 0.4392
 1 0.0056 0.4394
 1 0.0080 0.4397
 1 0.0104 0.4401
 1 0.0127 0.4406
 1 0.0151 0.4412
 1 0.0173 0.4419
 1 0.0196 0.4427
 1 0.0217 0.4437
 1 0.0238 0.4447
 1 0.0258 0.4457
 1 0.0278 0.4469
 1 0.0297 0.4481
 1 0.0315 0.4494
 1 0.0332 0.4508
 1 0.0348 0.4522
 1 0.0364 0.4536
 1 0.0538 0.4707
 1 0.0765 0.4931
 1 0.0992 0.5154
 1 0.1219 0.5377
 1 0.1445 0.5601
 1 0.1672 0.5824
 1 0.1899 0.6047
 1 0.2126 0.6271
 1 0.2353 0.6494
 1 0.2580 0.6718
 1 0.2807 0.6941
 1 0.3034 0.7164
 1 0.3261 0.7388
 1 0.3488 0.7611
 1 0.3714 0.7835
 1 0.3941 0.8058
 1 0.4168 0.8281
 1 0.4395 0.8505
 1 0.4622 0.8728
 1 0.4849 0.8952
 1 0.5076 0.9175
 1 0.5303 0.9398
 1 0.5428 0.9522
 1 0.5444 0.9539
 1 0.5459 0.9556
 1 0.5473 0.9575
 1 0.5486 0.9593
 1 0.5499 0.9613
 1 0.5511 0.9633
 1 0.5522 0.9654
 1 0.5532 0.9675
 1 0.5541 0.9697
 1 0.5548 0.9719
 1 0.5555 0.9742
 1 0.5561 0.9764
 1 0.5566 0.9787
 1 0.5570 0.9810
 1 0.5573 0.9833
 1 0.5574 0.9856
 1 0.5575 0.9878
 1 0.5575 0.9901
 1 0.5573 0.9924
 1 0.5571 0.9947
 1 0.5568 0.9970
 1 0.5563 0.9993
 1 0.5558 1.0015
 1 0.5551 1.0038
 1 0.5543 1.0060
 1 0.5535 1.0082
 1 0.5525 1.0104
 1 0.5515 1.0125
 1 0.5503 1.0145
 1 0.5491 1.0165
 1 0.5478 1.0184
 1 0.5464 1.0202
 1 0.5450 1.0220
 1 0.5434 1.0237
 1 0.5315 1.0359
 1 0.5091 1.0586
 1 0.4868 1.0813
 1 0.4645 1.1039
 1 0.4421 1.1266
 1 0.4198 1.1493
 1 0.3974 1.1720
 1 0.3751 1.1947
 1 0.3528 1.2174
 1 0.3304 1.2401
 1 0.3081 1.2628
 1 0.2857 1.2855
 1 0.2634 1.3082
 1 0.2411 1.3309
 1 0.2187 1.3535
 1 0.1964 1.3762
 1 0.1740 1.3989
 1 0.1517 1.4216
 1 0.1294 1.4443
 1 0.1070 1.4670
 1 0.0847 1.4897
 1 0.0623 1.5124
 1 0.0448 1.5302
 1 0.0431 1.5318
 1 0.0414 1.5333
 1 0.0396 1.5347
 1 0.0377 1.5361
 1 0.0358 1.5374
 1 0.0338 1.5386
 1 0.0317 1.5397
 1 0.0296 1.5407
 1 0.0274 1.5416
 1 0.0252 1.5424
 1 0.0230 1.5431
 1 0.0207 1.5438
 1 0.0185 1.5443
 1 0.0162 1.5447
 1 0.0139 1.5450
 1 0.0116 1.5452
 1 0.0093 1.5453
 1 0.0071 1.5452
 1 0.0048 1.5451
 1 0.0025 1.5449
 1 0.0002 1.5446
 1 -0.0021 1.5442
 1 -0.0044 1.5437
 1 -0.0066 1.5430
 1 -0.0089 1.5423
 1 -0.0111 1.5415
 1 -0.0132 1.5406
 1 -0.0153 1.5395
 1 -0.0174 1.5384
 1 -0.0194 1.5372
 1 -0.0213 1.5359
 1 -0.0232 1.5345
 1 -0.0250 1.5331
 1 -0.0267 1.5316
 1 -0.0336 1.5248
 1 -0.0563 1.5025
 1 -0.0790 1.4801
 1 -0.1017 1.4578
 1 -0.1244 1.4355
 1 -0.1471 1.4131
 1 -0.1697 1.3908
 1 -0.1924 1.3684
 1 -0.2151 1.3461
 1 -0.2378 1.3238
 1 -0.2605 1.3014
 1 -0.2832 1.2791
 1 -0.3059 1.2568
 1 -0.3286 1.2344
 1 -0.3513 1.2121
 1 -0.3740 1.1897
 1 -0.3967 1.1674
 1 -0.4193 1.1451
 1 -0.4420 1.1227
 1 -0.4647 1.1004
 1 -0.4874 1.0780
 1 -0.5101 1.0557
 1 -0.5328 1.0334
 1 -0.5348 1.0313
 1 -0.5363 1.0296
 1 -0.5378 1.0278
 1 -0.5391 1.0260
 1 -0.5405 1.0240
 1 -0.5417 1.0221
 1 -0.5428 1.0200
 1 -0.5438 1.0179
 1 -0.5448 1.0157
 1 -0.5456 1.0135
 1 -0.5464 1.0113
 1 -0.5470 1.0091
 1 -0.5475 1.0068
 1 -0.5480 1.0045
 1 -0.5483 1.0022
 1 -0.5485 0.9999
 1 -0.5486 0.9977
 1 -0.5487 0.9954
 1 -0.5486 0.9931
 1 -0.5484 0.9908
 1 -0.5481 0.9885
 1 -0.5477 0.9862
 1 -0.5472 0.9840
 1 -0.5466 0.9817
 1 -0.5459 0.9795
 1 -0.5451 0.9772
 1 -0.5442 0.9751
 1 -0.5432 0.9730
 1 -0.5421 0.9709
 1 -0.5409 0.9689
 1 -0.5396 0.9669
 1 -0.5383 0.9650
 1 -0.5369 0.9632
 1 -0.5354 0.9615
 1 -0.5338 0.9598
4 1 1
 0 -0.4046 0.3885
 1 -0.4050 0.3885
 1 -0.4054 0.3885
 1 -0.4059 0.3884
 1 -0.4063 0.3884
 1 -0.4067 0.3883
 1 -0.4071 0.3882
 1 -0.4075 0.3881
 1 -0.4080 0.3880
 1 -0.4084 0.3878
 1 -0.4088 0.3877
 1 -0.4092 0.3875
 1 -0.4096 0.3873
 1 -0.4099 0.3871
 1 -0.4103 0.3868
 1 -0.4107 0.3866
 1 -0.4110 0.3864
 1 -0.4113 0.3861
 1 -0.4117 0.3858
 1 -0.4120 0.3855
 1 -0.4123 0.3852
 1 -0.4126 0.3849
 1 -0.4128 0.3846
 1 -0.4131 0.3842
 1 -0.4133 0.3839
 1 -0.4136 0.3835
 1 -0.4138 0.3831
 1 -0.4140 0.3828
 1 -0.4142 0.3824
 1 -0.4143 0.3820
 1 -0.4145 0.3815
 1 -0.4146 0.3811
 1 -0.4148 0.3807
 1 -0.4149 0.3803
 1 -0.4149 0.3799
 1 -0.4150 0.3795
 1 -0.4150 0.3790
 1 -0.4151 0.3786
 1 -0.4151 0.3782
 1 -0.4152 0.3649
 1 -0.4153 0.3511
 1 -0.4154 0.3373
 1 -0.4155 0.3236
 1 -0.4156 0.3098
 1 -0.4157 0.2960
 1 -0.4158 0.2823
 1 -0.4159 0.2685
 1 -0.4161 0.2547
 1 -0.4162 0.2409
 1 -0.4163 0.2272
 1 -0.4164 0.2134
 1 -0.4165 0.1996
 1 -0.4166 0.1859
 1 -0.4167 0.1721
 1 -0.4168 0.1583
 1 -0.4169 0.1445
 1 -0.4170 0.1308
 1 -0.4171 0.1170
 1 -0.4172 0.1032
 1 -0.4173 0.0895
 1 -0.4174 0.0757
 1 -0.4176 0.0619
 1 -0.4177 0.0481
 1 -0.4177 0.0444
 1 -0.4177 0.0440
 1 -0.4176 0.0435
 1 -0.4176 0.0431
 1 -0.4175 0.0427
 1 -0.4174 0.0423
 1 -0.4173 0.0418
 1 -0.4172 0.0414
 1 -0.4170 0.0410
 1 -0.4169 0.0406
 1 -0.4167 0.0402
 1 -0.4165 0.0398
 1 -0.4163 0.0394
 1 -0.4161 0.0391
 1 -0.4159 0.0387
 1 -0.4156 0.0384
 1 -0.4153 0.0380
 1 -0.4151 0.0377
 1 -0.4148 0.0374
 1 -0.4145 0.0371
 1 -0.4142 0.0368
 1 -0.4138 0.0365
 1 -0.4135 0.0363
 1 -0.4132 0.0360
 1 -0.4128 0.0358
 1 -0.4124 0.0356
 1 -0.4120 0.0353
 1 -0.4116 0.0352
 1 -0.4112 0.0350
 1 -0.4108 0.0348
 1 -0.4104 0.0347
 1 -0.4100 0.0346
 1 -0.4096 0.0345
 1 -0.4092 0.0344
 1 -0.4087 0.0343
 1 -0.4083 0.0342
 1 -0.4079 0.0342
 1 -0.4075 0.0342
 1 -0.3852 0.0340
 1 -0.3542 0.0338
 1 -0.3231 0.0335
 1 -0.2921 0.0333
 1 -0.2611 0.0331
 1 -0.2300 0.0328
 1 -0.1990 0.0326
 1 -0.1680 0.0323
 1 -0.1370 0.0321
 1 -0.1059 0.0318
 1 -0.0749 0.0316
 1 -0.0439 0.0314
 1 -0.0128 0.0311
 1 0.0182 0.0309
 1 0.0492 0.0306
 1 0.0802 0.0304
 1 0.1113 0.0301
 1 0.1423 0.0299
 1 0.1733 0.0297
 1 0.2044 0.0294
 1 0.2354 0.0292
 1 0.2664 0.0289
 1 0.2975 0.0287
 1 0.3285 0.0285
 1 0.3442 0.0283
 1 0.3446 0.0283
 1 0.3451 0.0284
 1 0.3455 0.0284
 1 0.3459 0.0285
 1 0.3463 0.0286
 1 0.3467 0.0287
 1 0.3472 0.0288
 1 0.3476 0.0289
 1 0.3480 0.0291
 1 0.3484 0.0293
 1 0.3488 0.0295
 1 0.3492 0.0297
 1 0.3495 0.0299
 1 0.3499 0.0301
 1 0.3503 0.0304
 1 0.3506 0.0306
 1 0.3509 0.0309
 1 0.3512 0.0312
 1 0.3515 0.0315
 1 0.3518 0.0318
 1 0.3521 0.0321
 1 0.3524 0.0324
 1 0.3526 0.0328
 1 0.3529 0.0331
 1 0.3531 0.0335
 1 0.3533 0.0339
 1 0.3535 0.0343
 1 0.3537 0.0347
 1 0.3538 0.0351
 1 0.3540 0.0355
 1 0.3541 0.0359
 1 0.3542 0.0363
 1 0.3543 0.0368
 1 0.3544 0.0372
 1 0.3544 0.0376
 1 0.3545 0.0380
 1 0.3545 0.0384
 1 0.3545 0.0451
 1 0.3547 0.0588
 1 0.3548 0.0726
 1 0.3549 0.0864
 1 0.3550 0.1001
 1 0.3551 0.1139
 1 0.3552 0.1277
 1 0.3553 0.1415
 1 0.3554 0.1552
 1 0.3555 0.1690
 1 0.3556 0.1828
 1 0.3557 0.1966
 1 0.3558 0.2103
 1 0.3559 0.2241
 1 0.3561 0.2379
 1 0.3562 0.2516
 1 0.3563 0.2654
 1 0.3564 0.2792
 1 0.3565 0.2930
 1 0.3566 0.3067
 1 0.3567 0.3205
 1 0.3568 0.3343
 1 0.3569 0.3480
 1 0.3570 0.3618
 1 0.3571 0.3722
 1 0.3571 0.3727
 1 0.3571 0.3731
 1 0.3570 0.3735
 1 0.3570 0.3739
 1 0.3569 0.3744
 1 0.3568 0.3748
 1 0.3567 0.3752
 1 0.3565 0.3756
 1 0.3564 0.3760
 1 0.3562 0.3764
 1 0.3560 0.3768
 1 0.3558 0.3772
 1 0.3556 0.3776
 1 0.3554 0.3780
 1 0.3551 0.3783
 1 0.3549 0.3787
 1 0.3546 0.3790
 1 0.3543 0.3793
 1 0.3540 0.3796
 1 0.3537 0.3799
 1 0.3534 0.3802
 1 0.3531 0.3804
 1 0.3527 0.3807
 1 0.3524 0.3809
 1 0.3520 0.3812
 1 0.3516 0.3814
 1 0.3512 0.3816
 1 0.3509 0.3818
 1 0.3505 0.3819
 1 0.3500 0.3821
 1 0.3496 0.3822
 1 0.3492 0.3823
 1 0.3488 0.3824
 1 0.3484 0.3825
 1 0.3479 0.3826
 1 0.3475 0.3826
 1 0.3471 0.3826
 1 0.3401 0.3827
 1 0.3091 0.3829
 1 0.2781 0.3832
 1 0.2470 0.3834
 1 0.2160 0.3837
 1 0.1850 0.3839
 1 0.1539 0.3841
 1 0.1229 0.3844
 1 0.0919 0.3846
 1 0.0609 0.3849
 1 0.0298 0.3851
 1 -0.0012 0.3854
 1 -0.0322 0.3856
 1 -0.0633 0.3858
 1 -0.0943 0.3861
 1 -0.1253 0.3863
 1 -0.1564 0.3866
 1 -0.1874 0.3868
 1 -0.2184 0.3871
 1 -0.2494 0.3873
 1 -0.2805 0.3875
 1 -0.3115 0.3878
 1 -0.3425 0.3880
 1 -0.3736 0.3883
 1 -0.4046 0.3885
4 1 1
 0 -0.5159 0.9775
 1 -0.4914 0.9526
 1 -0.4669 0.9277
 1 -0.4425 0.9029
 1 -0.4180 0.8780
 1 -0.3935 0.8532
 1 -0.3690 0.8283
 1 -0.3446 0.8034
 1 -0.3201 0.7786
 1 -0.2956 0.7537
 1 -0.2711 0.7288
 1 -0.2467 0.7040
 1 -0.2222 0.6791
 1 -0.1977 0.6543
 1 -0.1732 0.6294
 1 -0.1487 0.6045
 1 -0.1243 0.5797
 1 -0.0998 0.5548
 1 -0.0753 0.5300
 1 -0.0508 0.5051
 1 -0.0264 0.4802
 1 -0.0179 0.4716
 1 -0.0170 0.4708
 1 -0.0160 0.4700
 1 -0.0150 0.4693
 1 -0.0140 0.4685
 1 -0.0129 0.4679
 1 -0.0118 0.4672
 1 -0.0106 0.4667
 1 -0.0094 0.4661
 1 -0.0081 0.4657
 1 -0.0069 0.4653
 1 -0.0055 0.4649
 1 -0.0042 0.4647
 1 -0.0028 0.4644
 1 -0.0015 0.4643
 1 -0.0001 0.4642
 1 0.0013 0.4642
 1 0.0027 0.4643
 1 0.0040 0.4645
 1 0.0054 0.4647
 1 0.0067 0.4650
 1 0.0080 0.4653
 1 0.0093 0.4657
 1 0.0105 0.4662
 1 0.0117 0.4667
 1 0.0129 0.4673
 1 0.0140 0.4679
 1 0.0151 0.4686
 1 0.0161 0.4693
 1 0.0171 0.4701
 1 0.0180 0.4709
 1 0.0189 0.4717
 1 0.0378 0.4902
 1 0.0626 0.5147
 1 0.0875 0.5392
 1 0.1124 0.5637
 1 0.1372 0.5881
 1 0.1621 0.6126
 1 0.1870 0.6371
 1 0.2118 0.6616
 1 0.2367 0.6860
 1 0.2615 0.7105
 1 0.2864 0.7350
 1 0.3113 0.7595
 1 0.3361 0.7839
 1 0.3610 0.8084
 1 0.3858 0.8329
 1 0.4107 0.8574
 1 0.4356 0.8819
 1 0.4604 0.9063
 1 0.4853 0.9308
 1 0.5102 0.9553
 1 0.5248 0.9697
 1 0.5257 0.9707
 1 0.5265 0.9717
 1 0.5273 0.9727
 1 0.5281 0.9738
 1 0.5288 0.9749
 1 0.5294 0.9761
 1 0.5300 0.9772
 1 0.5305 0.9785
 1 0.5309 0.9797
 1 0.5313 0.9810
 1 0.5317 0.9822
 1 0.5319 0.9835
 1 0.5321 0.9848
 1 0.5323 0.9861
 1 0.5323 0.9874
 1 0.5324 0.9887
 1 0.5323 0.9899
 1 0.5322 0.9912
 1 0.5320 0.9925
 1 0.5318 0.9938
 1 0.5315 0.9951
 1 0.5311 0.9964
 1 0.5307 0.9976
 1 0.5302 0.9988
 1 0.5296 1.0000
 1 0.5290 1.0012
 1 0.5283 1.0023
 1 0.5276 1.0034
 1 0.5268 1.0045
 1 0.5260 1.0055
 1 0.5252 1.0064
 1 0.5125 1.0193
 1 0.4880 1.0442
 1 0.4635 1.0691
 1 0.4391 1.0939
 1 0.4146 1.1188
 1 0.3901 1.1436
 1 0.3656 1.1685
 1 0.3412 1.1934
 1 0.3167 1.2182
 1 0.2922 1.2431
 1 0.2677 1.2680
 1 0.2432 1.2928
 1 0.2188 1.3177
 1 0.1943 1.3425
 1 0.1698 1.3674
 1 0.1453 1.3923
 1 0.1209 1.4171
 1 0.0964 1.4420
 1 0.0719 1.4668
 1 0.0474 1.4917
 1 0.0271 1.5124
 1 0.0262 1.5132
 1 0.0252 1.5141
 1 0.0242 1.5149
 1 0.0231 1.5156
 1 0.0220 1.5164
 1 0.0208 1.5170
 1 0.0197 1.5176
 1 0.0184 1.5181
 1 0.0172 1.5186
 1 0.0160 1.5190
 1 0.0147 1.5194
 1 0.0134 1.5196
 1 0.0121 1.5199
 1 0.0108 1.5200
 1 0.0095 1.5201
 1 0.0083 1.5201
 1 0.0070 1.5201
 1 0.0057 1.5200
 1 0.0044 1.5198
 1 0.0031 1.5196
 1 0.0018 1.5193
 1 0.0006 1.5190
 1 -0.0007 1.5186
 1 -0.0019 1.5181
 1 -0.0031 1.5175
 1 -0.0043 1.5169
 1 -0.0055 1.5163
 1 -0.0066 1.5156
 1 -0.0076 1.5148
 1 -0.0086 1.5140
 1 -0.0096 1.5132
 1 -0.0165 1.5064
 1 -0.0414 1.4819
 1 -0.0662 1.4574
 1 -0.0911 1.4330
 1 -0.1160 1.4085
 1 -0.1408 1.3840
 1 -0.1657 1.3595
 1 -0.1906 1.3350
 1 -0.2154 1.3106
 1 -0.2403 1.2861
 1 -0.2651 1.2616
 1 -0.2900 1.2371
 1 -0.3149 1.2127
 1 -0.3397 1.1882
 1 -0.3646 1.1637
 1 -0.3894 1.1392
 1 -0.4143 1.1148
 1 -0.4392 1.0903
 1 -0.4640 1.0658
 1 -0.4889 1.0413
 1 -0.5138 1.0168
 1 -0.5164 1.0142
 1 -0.5172 1.0133
 1 -0.5180 1.0124
 1 -0.5187 1.0114
 1 -0.5194 1.0103
 1 -0.5201 1.0092
 1 -0.5207 1.0081
 1 -0.5212 1.0069
 1 -0.5217 1.0057
 1 -0.5222 1.0044
 1 -0.5226 1.0031
 1 -0.5229 1.0018
 1 -0.5232 1.0005
 1 -0.5234 0.9991
 1 -0.5235 0.9977
 1 -0.5235 0.9964
 1 -0.5235 0.9950
 1 -0.5234 0.9936
 1 -0.5233 0.9922
 1 -0.5230 0.9909
 1 -0.5227 0.9896
 1 -0.5224 0.9883
 1 -0.5219 0.9870
 1 -0.5214 0.9858
 1 -0.5209 0.9846
 1 -0.5203 0.9834
 1 -0.5197 0.9823
 1 -0.5190 0.9812
 1 -0.5183 0.9802
 1 -0.5175 0.9792
 1 -0.5167 0.9783
 1 -0.5159 0.9775
4 1 1
 0 0.0978 1.1548
 1 0.0887 1.1549
 1 0.0796 1.1549
 1 0.0706 1.1550
 1 0.0615 1.1551
 1 0.0524 1.1551
 1 0.0433 1.1552
 1 0.0342 1.1553
 1 0.0251 1.1554
 1 0.0160 1.1554
 1 0.0069 1.1555
 1 -0.0022 1.1556
 1 -0.0113 1.1556
 1 -0.0204 1.1557
 1 -0.0294 1.1558
 1 -0.0385 1.1559
 1 -0.0476 1.1559
 1 -0.0567 1.1560
 1 -0.0658 1.1561
 1 -0.0749 1.1561
 1 -0.0775 1.1591
 1 -0.0767 1.1635
 1 -0.0758 1.1680
 1 -0.0750 1.1725
 1 -0.0741 1.1769
 1 -0.0732 1.1814
 1 -0.0724 1.1859
 1 -0.0715 1.1903
 1 -0.0707 1.1948
 1 -0.0698 1.1992
 1 -0.0690 1.2037
 1 -0.0681 1.2082
 1 -0.0673 1.2126
 1 -0.0664 1.2171
 1 -0.0656 1.2216
 1 -0.0647 1.2260
 1 -0.0639 1.2305
 1 -0.0630 1.2350
 1 -0.0622 1.2394
 1 -0.0615 1.2428
 1 -0.0613 1.2435
 1 -0.0612 1.2443
 1 -0.0611 1.2452
 1 -0.0610 1.2460
 1 -0.0610 1.2468
 1 -0.0611 1.2477
 1 -0.0611 1.2485
 1 -0.0612 1.2494
 1 -0.0614 1.2502
 1 -0.0616 1.2511
 1 -0.0619 1.2519
 1 -0.0622 1.2527
 1 -0.0625 1.2535
 1 -0.0629 1.2543
 1 -0.0633 1.2551
 1 -0.0638 1.2558
 1 -0.0643 1.2565
 1 -0.0648 1.2572
 1 -0.0653 1.2578
 1 -0.0659 1.2584
 1 -0.0665 1.2590
 1 -0.0671 1.2595
 1 -0.0678 1.2600
 1 -0.0684 1.2604
 1 -0.0691 1.2608
 1 -0.0698 1.2612
 1 -0.0706 1.2616
 1 -0.0714 1.2619
 1 -0.0722 1.2622
 1 -0.0730 1.2625
 1 -0.0738 1.2627
 1 -0.0747 1.2628
 1 -0.0755 1.2630
 1 -0.0764 1.2630
 1 -0.0773 1.2631
 1 -0.0781 1.2630
 1 -0.0790 1.2630
 1 -0.0798 1.2629
 1 -0.0807 1.2627
 1 -0.0815 1.2625
 1 -0.0824 1.2623
 1 -0.0832 1.2620
 1 -0.0839 1.2617
 1 -0.0847 1.2613
 1 -0.0854 1.2610
 1 -0.0861 1.2605
 1 -0.0897 1.2581
 1 -0.1015 1.2500
 1 -0.1133 1.2419
 1 -0.1252 1.2338
 1 -0.1370 1.2257
 1 -0.1488 1.2176
 1 -0.1607 1.2095
 1 -0.1725 1.2014
 1 -0.1843 1.1933
 1 -0.1962 1.1852
 1 -0.2080 1.1771
 1 -0.2198 1.1690
 1 -0.2317 1.1609
 1 -0.2435 1.1528
 1 -0.2553 1.1447
 1 -0.2672 1.1367
 1 -0.2790 1.1286
 1 -0.2908 1.1205
 1 -0.3027 1.1124
 1 -0.3145 1.1043
 1 -0.3048 1.0960
 1 -0.2931 1.0877
 1 -0.2814 1.0794
 1 -0.2697 1.0712
 1 -0.2580 1.0629
 1 -0.2463 1.0546
 1 -0.2346 1.0463
 1 -0.2229 1.0380
 1 -0.2112 1.0298
 1 -0.1995 1.0215
 1 -0.1878 1.0132
 1 -0.1761 1.0049
 1 -0.1644 0.9966
 1 -0.1527 0.9884
 1 -0.1410 0.9801
 1 -0.1293 0.9718
 1 -0.1175 0.9635
 1 -0.1058 0.9552
 1 -0.0941 0.9470
 1 -0.0887 0.9431
 1 -0.0880 0.9427
 1 -0.0873 0.9423
 1 -0.0866 0.9419
 1 -0.0858 0.9416
 1 -0.0850 0.9413
 1 -0.0842 0.9410
 1 -0.0834 0.9408
 1 -0.0825 0.9406
 1 -0.0817 0.9405
 1 -0.0808 0.9404
 1 -0.0799 0.9404
 1 -0.0790 0.9404
 1 -0.0782 0.9404
 1 -0.0773 0.9405
 1 -0.0765 0.9407
 1 -0.0756 0.9409
 1 -0.0748 0.9411
 1 -0.0740 0.9414
 1 -0.0732 0.9417
 1 -0.0725 0.9420
 1 -0.0717 0.9424
 1 -0.0710 0.9428
 1 -0.0704 0.9432
 1 -0.0697 0.9437
 1 -0.0691 0.9442
 1 -0.0685 0.9448
 1 -0.0679 0.9454
 1 -0.0673 0.9460
 1 -0.0668 0.9466
 1 -0.0663 0.9473
 1 -0.0658 0.9480
 1 -0.0653 0.9488
 1 -0.0649 0.9495
 1 -0.0646 0.9503
 1 -0.0643 0.9511
 1 -0.0640 0.9520
 1 -0.0638 0.9528
 1 -0.0636 0.9537
 1 -0.0634 0.9545
 1 -0.0633 0.9554
 1 -0.0633 0.9562
 1 -0.0633 0.9570
 1 -0.0633 0.9579
 1 -0.0634 0.9587
 1 -0.0635 0.9595
 1 -0.0637 0.9603
 1 -0.0642 0.9630
 1 -0.0650 0.9675
 1 -0.0658 0.9720
 1 -0.0665 0.9764
 1 -0.0673 0.9809
 1 -0.0681 0.9854
 1 -0.0689 0.9899
 1 -0.0697 0.9944
 1 -0.0704 0.9988
 1 -0.0712 1.0033
 1 -0.0720 1.0078
 1 -0.0728 1.0123
 1 -0.0736 1.0167
 1 -0.0744 1.0212
 1 -0.0751 1.0257
 1 -0.0759 1.0302
 1 -0.0767 1.0346
 1 -0.0775 1.0391
 1 -0.0783 1.0436
 1 -0.0773 1.0473
 1 -0.0682 1.0472
 1 -0.0591 1.0471
 1 -0.0500 1.0471
 1 -0.0410 1.0470
 1 -0.0319 1.0469
 1 -0.0228 1.0468
 1 -0.0137 1.0468
 1 -0.0046 1.0467
 1 0.0045 1.0466
 1 0.0136 1.0466
 1 0.0227 1.0465
 1 0.0318 1.0464
 1 0.0409 1.0463
 1 0.0500 1.0463
 1 0.0590 1.0462
 1 0.0681 1.0461
 1 0.0772 1.0461
 1 0.0863 1.0460
 1 0.0954 1.0459
 1 0.0976 1.0459
 1 0.0984 1.0458
 1 0.0992 1.0457
 1 0.1000 1.0456
 1 0.1009 1.0454
 1 0.1017 1.0452
 1 0.1025 1.0449
 1 0.1033 1.0446
 1 0.1041 1.0442
 1 0.1049 1.0438
 1 0.1057 1.0434
 1 0.1064 1.0429
 1 0.1072 1.0423
 1 0.1079 1.0418
 1 0.1085 1.0411
 1 0.1092 1.0405
 1 0.1098 1.0398
 1 0.1103 1.0391
 1 0.1109 1.0383
 1 0.1113 1.0376
 1 0.1118 1.0368
 1 0.1121 1.0360
 1 0.1125 1.0352
 1 0.1128 1.0344
 1 0.1130 1.0335
 1 0.1132 1.0327
 1 0.1134 1.0319
 1 0.1135 1.0311
 1 0.1136 1.0303
 1 0.1136 1.0295
 1 0.1135 1.0225
 1 0.1134 1.0076
 1 0.1133 0.9926
 1 0.1132 0.9777
 1 0.1131 0.9628
 1 0.1130 0.9478
 1 0.1128 0.9329
 1 0.1127 0.9180
 1 0.1126 0.9030
 1 0.1125 0.8881
 1 0.1124 0.8732
 1 0.1123 0.8582
 1 0.1121 0.8433
 1 0.1120 0.8284
 1 0.1119 0.8134
 1 0.1118 0.7985
 1 0.1117 0.7836
 1 0.1116 0.7686
 1 0.1114 0.7537
 1 0.1118 0.7401
 1 0.1175 0.7400
 1 0.1231 0.7400
 1 0.1287 0.7399
 1 0.1343 0.7399
 1 0.1400 0.7398
 1 0.1456 0.7398
 1 0.1512 0.7398
 1 0.1569 0.7397
 1 0.1625 0.7397
 1 0.1681 0.7396
 1 0.1737 0.7396
 1 0.1794 0.7395
 1 0.1850 0.7395
 1 0.1906 0.7394
 1 0.1962 0.7394
 1 0.2019 0.7394
 1 0.2075 0.7393
 1 0.2131 0.7393
 1 0.2188 0.7392
 1 0.2203 0.7503
 1 0.2204 0.7652
 1 0.2205 0.7801
 1 0.2207 0.7951
 1 0.2208 0.8100
 1 0.2209 0.8249
 1 0.2210 0.8399
 1 0.2211 0.8548
 1 0.2212 0.8697
 1 0.2214 0.8847
 1 0.2215 0.8996
 1 0.2216 0.9145
 1 0.2217 0.9295
 1 0.2218 0.9444
 1 0.2219 0.9594
 1 0.2221 0.9743
 1 0.2222 0.9892
 1 0.2223 1.0042
 1 0.2224 1.0191
 1 0.2225 1.0307
 1 0.2222 1.0370
 1 0.2217 1.0434
 1 0.2208 1.0499
 1 0.2195 1.0563
 1 0.2179 1.0626
 1 0.2160 1.0689
 1 0.2138 1.0751
 1 0.2112 1.0811
 1 0.2084 1.0870
 1 0.2052 1.0928
 1 0.2017 1.0983
 1 0.1980 1.1036
 1 0.1941 1.1087
 1 0.1899 1.1136
 1 0.1855 1.1182
 1 0.1809 1.1226
 1 0.1760 1.1267
 1 0.1709 1.1307
 1 0.1655 1.1344
 1 0.1599 1.1378
 1 0.1542 1.1409
 1 0.1483 1.1438
 1 0.1422 1.1463
 1 0.1360 1.1485
 1 0.1297 1.1504
 1 0.1234 1.1520
 1 0.1170 1.1532
 1 0.1106 1.1540
 1 0.1042 1.1546
 1 0.0978 1.1548
