SEcl_PG-4a
3256 4 1 1 0 0 0 0 0 0 1 1
1.000
112 1253 229
0 -0.0434 1.0623
1 -0.5223 0.5834
1 -0.5235 0.5822
1 -0.5246 0.5809
1 -0.5258 0.5796
1 -0.5269 0.5782
1 -0.5279 0.5769
1 -0.5290 0.5755
1 -0.5299 0.5741
1 -0.5309 0.5726
1 -0.5318 0.5712
1 -0.5326 0.5697
1 -0.5334 0.5682
1 -0.5342 0.5666
1 -0.5349 0.5650
1 -0.5356 0.5635
1 -0.5362 0.5619
1 -0.5368 0.5602
1 -0.5374 0.5586
1 -0.5378 0.5570
1 -0.5383 0.5554
1 -0.5387 0.5537
1 -0.5391 0.5520
1 -0.5394 0.5502
1 -0.5397 0.5486
1 -0.5399 0.5469
1 -0.5401 0.5451
1 -0.5402 0.5434
1 -0.5402 0.5418
1 -0.5402 0.5400
1 -0.5402 0.5382
1 -0.5402 0.5366
1 -0.5401 0.5349
1 -0.5399 0.5331
1 -0.5397 0.5314
1 -0.5394 0.5298
1 -0.5391 0.5280
1 -0.5387 0.5263
1 -0.5383 0.5246
1 -0.5378 0.5230
1 -0.5374 0.5214
1 -0.5368 0.5198
1 -0.5362 0.5181
1 -0.5356 0.5165
1 -0.5349 0.5150
1 -0.5342 0.5134
1 -0.5334 0.5118
1 -0.5326 0.5103
1 -0.5318 0.5088
1 -0.5309 0.5074
1 -0.5299 0.5059
1 -0.5290 0.5045
1 -0.5279 0.5031
1 -0.5269 0.5018
1 -0.5258 0.5004
1 -0.5246 0.4991
1 -0.5235 0.4978
1 -0.5223 0.4966
1 -0.0434 0.0177
1 -0.0422 0.0165
1 -0.0409 0.0154
1 -0.0396 0.0142
1 -0.0382 0.0131
1 -0.0369 0.0121
1 -0.0355 0.0110
1 -0.0341 0.0101
1 -0.0326 0.0091
1 -0.0312 0.0082
1 -0.0297 0.0074
1 -0.0282 0.0066
1 -0.0266 0.0058
1 -0.0250 0.0051
1 -0.0235 0.0044
1 -0.0219 0.0038
1 -0.0202 0.0032
1 -0.0186 0.0026
1 -0.0170 0.0022
1 -0.0154 0.0017
1 -0.0137 0.0013
1 -0.0120 0.0009
1 -0.0102 0.0006
1 -0.0086 0.0003
1 -0.0069 0.0001
1 -0.0051 -0.0001
1 -0.0034 -0.0002
1 -0.0018 -0.0002
1 0.0000 -0.0002
1 0.0018 -0.0002
1 0.0034 -0.0002
1 0.0051 -0.0001
1 0.0069 0.0001
1 0.0086 0.0003
1 0.0102 0.0006
1 0.0120 0.0009
1 0.0137 0.0013
1 0.0154 0.0017
1 0.0170 0.0022
1 0.0186 0.0026
1 0.0202 0.0032
1 0.0219 0.0038
1 0.0235 0.0044
1 0.0250 0.0051
1 0.0266 0.0058
1 0.0282 0.0066
1 0.0297 0.0074
1 0.0312 0.0082
1 0.0326 0.0091
1 0.0341 0.0101
1 0.0355 0.0110
1 0.0369 0.0121
1 0.0382 0.0131
1 0.0396 0.0142
1 0.0409 0.0154
1 0.0422 0.0165
1 0.0434 0.0177
1 0.5223 0.4966
1 0.5235 0.4978
1 0.5246 0.4991
1 0.5258 0.5004
1 0.5269 0.5018
1 0.5279 0.5031
1 0.5290 0.5045
1 0.5299 0.5059
1 0.5309 0.5074
1 0.5318 0.5088
1 0.5326 0.5103
1 0.5334 0.5118
1 0.5342 0.5134
1 0.5349 0.5150
1 0.5356 0.5165
1 0.5362 0.5181
1 0.5368 0.5198
1 0.5374 0.5214
1 0.5378 0.5230
1 0.5383 0.5246
1 0.5387 0.5263
1 0.5391 0.5280
1 0.5394 0.5298
1 0.5397 0.5314
1 0.5399 0.5331
1 0.5401 0.5349
1 0.5402 0.5366
1 0.5402 0.5382
1 0.5402 0.5400
1 0.5402 0.5418
1 0.5402 0.5434
1 0.5401 0.5451
1 0.5399 0.5469
1 0.5397 0.5486
1 0.5394 0.5502
1 0.5391 0.5520
1 0.5387 0.5537
1 0.5383 0.5554
1 0.5378 0.5570
1 0.5374 0.5586
1 0.5368 0.5602
1 0.5362 0.5619
1 0.5356 0.5635
1 0.5349 0.5650
1 0.5342 0.5666
1 0.5334 0.5682
1 0.5326 0.5697
1 0.5318 0.5712
1 0.5309 0.5726
1 0.5299 0.5741
1 0.5290 0.5755
1 0.5279 0.5769
1 0.5269 0.5782
1 0.5258 0.5796
1 0.5246 0.5809
1 0.5235 0.5822
1 0.5223 0.5834
1 0.0434 1.0623
1 0.0422 1.0635
1 0.0409 1.0646
1 0.0396 1.0658
1 0.0382 1.0669
1 0.0369 1.0679
1 0.0355 1.0690
1 0.0341 1.0699
1 0.0326 1.0709
1 0.0312 1.0718
1 0.0297 1.0726
1 0.0282 1.0734
1 0.0266 1.0742
1 0.0250 1.0749
1 0.0235 1.0756
1 0.0219 1.0762
1 0.0202 1.0768
1 0.0186 1.0774
1 0.0170 1.0778
1 0.0154 1.0783
1 0.0137 1.0787
1 0.0120 1.0791
1 0.0102 1.0794
1 0.0086 1.0797
1 0.0069 1.0799
1 0.0051 1.0801
1 0.0034 1.0802
1 0.0018 1.0802
1 0.0000 1.0802
1 -0.0018 1.0802
1 -0.0034 1.0802
1 -0.0051 1.0801
1 -0.0069 1.0799
1 -0.0086 1.0797
1 -0.0102 1.0794
1 -0.0120 1.0791
1 -0.0137 1.0787
1 -0.0154 1.0783
1 -0.0170 1.0778
1 -0.0186 1.0774
1 -0.0202 1.0768
1 -0.0219 1.0762
1 -0.0235 1.0756
1 -0.0250 1.0749
1 -0.0266 1.0742
1 -0.0282 1.0734
1 -0.0297 1.0726
1 -0.0312 1.0718
1 -0.0326 1.0709
1 -0.0341 1.0699
1 -0.0355 1.0690
1 -0.0369 1.0679
1 -0.0382 1.0669
1 -0.0396 1.0658
1 -0.0409 1.0646
1 -0.0422 1.0635
1 -0.0434 1.0623
112 1250 197
0 -0.0340 1.0529
1 -0.5129 0.5740
1 -0.5139 0.5728
1 -0.5150 0.5717
1 -0.5160 0.5705
1 -0.5170 0.5692
1 -0.5179 0.5680
1 -0.5188 0.5667
1 -0.5197 0.5654
1 -0.5205 0.5640
1 -0.5213 0.5626
1 -0.5220 0.5613
1 -0.5226 0.5598
1 -0.5233 0.5584
1 -0.5238 0.5569
1 -0.5244 0.5554
1 -0.5249 0.5539
1 -0.5253 0.5524
1 -0.5257 0.5509
1 -0.5260 0.5494
1 -0.5263 0.5478
1 -0.5266 0.5462
1 -0.5267 0.5447
1 -0.5268 0.5431
1 -0.5269 0.5416
1 -0.5270 0.5400
1 -0.5269 0.5384
1 -0.5268 0.5369
1 -0.5267 0.5353
1 -0.5266 0.5338
1 -0.5263 0.5322
1 -0.5260 0.5306
1 -0.5257 0.5291
1 -0.5253 0.5276
1 -0.5249 0.5261
1 -0.5244 0.5246
1 -0.5238 0.5231
1 -0.5233 0.5216
1 -0.5226 0.5202
1 -0.5220 0.5187
1 -0.5213 0.5174
1 -0.5205 0.5160
1 -0.5197 0.5146
1 -0.5188 0.5133
1 -0.5179 0.5120
1 -0.5170 0.5108
1 -0.5160 0.5095
1 -0.5150 0.5083
1 -0.5139 0.5072
1 -0.5129 0.5060
1 -0.0340 0.0271
1 -0.0328 0.0261
1 -0.0317 0.0250
1 -0.0305 0.0240
1 -0.0292 0.0230
1 -0.0280 0.0221
1 -0.0267 0.0212
1 -0.0254 0.0203
1 -0.0240 0.0195
1 -0.0226 0.0187
1 -0.0213 0.0180
1 -0.0198 0.0174
1 -0.0184 0.0167
1 -0.0169 0.0162
1 -0.0154 0.0156
1 -0.0139 0.0151
1 -0.0124 0.0147
1 -0.0109 0.0143
1 -0.0094 0.0140
1 -0.0078 0.0137
1 -0.0062 0.0134
1 -0.0047 0.0133
1 -0.0031 0.0132
1 -0.0016 0.0131
1 0.0000 0.0130
1 0.0016 0.0131
1 0.0031 0.0132
1 0.0047 0.0133
1 0.0062 0.0134
1 0.0078 0.0137
1 0.0094 0.0140
1 0.0109 0.0143
1 0.0124 0.0147
1 0.0139 0.0151
1 0.0154 0.0156
1 0.0169 0.0162
1 0.0184 0.0167
1 0.0198 0.0174
1 0.0213 0.0180
1 0.0226 0.0187
1 0.0240 0.0195
1 0.0254 0.0203
1 0.0267 0.0212
1 0.0280 0.0221
1 0.0292 0.0230
1 0.0305 0.0240
1 0.0317 0.0250
1 0.0328 0.0261
1 0.0340 0.0271
1 0.5129 0.5060
1 0.5139 0.5072
1 0.5150 0.5083
1 0.5160 0.5095
1 0.5170 0.5108
1 0.5179 0.5120
1 0.5188 0.5133
1 0.5197 0.5146
1 0.5205 0.5160
1 0.5213 0.5174
1 0.5220 0.5187
1 0.5226 0.5202
1 0.5233 0.5216
1 0.5238 0.5231
1 0.5244 0.5246
1 0.5249 0.5261
1 0.5253 0.5276
1 0.5257 0.5291
1 0.5260 0.5306
1 0.5263 0.5322
1 0.5266 0.5338
1 0.5267 0.5353
1 0.5268 0.5369
1 0.5269 0.5384
1 0.5270 0.5400
1 0.5269 0.5416
1 0.5268 0.5431
1 0.5267 0.5447
1 0.5266 0.5462
1 0.5263 0.5478
1 0.5260 0.5494
1 0.5257 0.5509
1 0.5253 0.5524
1 0.5249 0.5539
1 0.5244 0.5554
1 0.5238 0.5569
1 0.5233 0.5584
1 0.5226 0.5598
1 0.5220 0.5613
1 0.5213 0.5626
1 0.5205 0.5640
1 0.5197 0.5654
1 0.5188 0.5667
1 0.5179 0.5680
1 0.5170 0.5692
1 0.5160 0.5705
1 0.5150 0.5717
1 0.5139 0.5728
1 0.5129 0.5740
1 0.0340 1.0529
1 0.0328 1.0539
1 0.0317 1.0550
1 0.0305 1.0560
1 0.0292 1.0570
1 0.0280 1.0579
1 0.0267 1.0588
1 0.0254 1.0597
1 0.0240 1.0605
1 0.0226 1.0613
1 0.0213 1.0620
1 0.0198 1.0626
1 0.0184 1.0633
1 0.0169 1.0638
1 0.0154 1.0644
1 0.0139 1.0649
1 0.0124 1.0653
1 0.0109 1.0657
1 0.0094 1.0660
1 0.0078 1.0663
1 0.0062 1.0666
1 0.0047 1.0667
1 0.0031 1.0668
1 0.0016 1.0669
1 0.0000 1.0670
1 -0.0016 1.0669
1 -0.0031 1.0668
1 -0.0047 1.0667
1 -0.0062 1.0666
1 -0.0078 1.0663
1 -0.0094 1.0660
1 -0.0109 1.0657
1 -0.0124 1.0653
1 -0.0139 1.0649
1 -0.0154 1.0644
1 -0.0169 1.0638
1 -0.0184 1.0633
1 -0.0198 1.0626
1 -0.0213 1.0620
1 -0.0226 1.0613
1 -0.0240 1.0605
1 -0.0254 1.0597
1 -0.0267 1.0588
1 -0.0280 1.0579
1 -0.0292 1.0570
1 -0.0305 1.0560
1 -0.0317 1.0550
1 -0.0328 1.0539
1 -0.0340 1.0529
112 1253 133
0 -0.4940 0.5551
1 -0.0151 1.0340
1 -0.0143 1.0347
1 -0.0135 1.0354
1 -0.0127 1.0361
1 -0.0118 1.0366
1 -0.0110 1.0372
1 -0.0101 1.0378
1 -0.0091 1.0382
1 -0.0082 1.0386
1 -0.0072 1.0390
1 -0.0062 1.0394
1 -0.0052 1.0396
1 -0.0042 1.0398
1 -0.0031 1.0400
1 -0.0021 1.0402
1 -0.0010 1.0402
1 0.0000 1.0402
1 0.0010 1.0402
1 0.0021 1.0402
1 0.0031 1.0400
1 0.0042 1.0398
1 0.0052 1.0396
1 0.0062 1.0394
1 0.0072 1.0390
1 0.0082 1.0386
1 0.0091 1.0382
1 0.0101 1.0378
1 0.0110 1.0372
1 0.0118 1.0366
1 0.0127 1.0361
1 0.0135 1.0354
1 0.0143 1.0347
1 0.0151 1.0340
1 0.4940 0.5551
1 0.4947 0.5543
1 0.4954 0.5535
1 0.4961 0.5527
1 0.4966 0.5518
1 0.4972 0.5510
1 0.4978 0.5501
1 0.4982 0.5491
1 0.4986 0.5482
1 0.4990 0.5472
1 0.4994 0.5462
1 0.4996 0.5452
1 0.4998 0.5442
1 0.5000 0.5431
1 0.5002 0.5421
1 0.5002 0.5410
1 0.5002 0.5400
1 0.5002 0.5390
1 0.5002 0.5379
1 0.5000 0.5369
1 0.4998 0.5358
1 0.4996 0.5348
1 0.4994 0.5338
1 0.4990 0.5328
1 0.4986 0.5318
1 0.4982 0.5309
1 0.4978 0.5299
1 0.4972 0.5290
1 0.4966 0.5282
1 0.4961 0.5273
1 0.4954 0.5265
1 0.4947 0.5257
1 0.4940 0.5249
1 0.0151 0.0460
1 0.0143 0.0453
1 0.0135 0.0446
1 0.0127 0.0439
1 0.0118 0.0434
1 0.0110 0.0428
1 0.0101 0.0422
1 0.0091 0.0418
1 0.0082 0.0414
1 0.0072 0.0410
1 0.0062 0.0406
1 0.0052 0.0404
1 0.0042 0.0402
1 0.0031 0.0400
1 0.0021 0.0398
1 0.0010 0.0398
1 0.0000 0.0398
1 -0.0010 0.0398
1 -0.0021 0.0398
1 -0.0031 0.0400
1 -0.0042 0.0402
1 -0.0052 0.0404
1 -0.0062 0.0406
1 -0.0072 0.0410
1 -0.0082 0.0414
1 -0.0091 0.0418
1 -0.0101 0.0422
1 -0.0110 0.0428
1 -0.0118 0.0434
1 -0.0127 0.0439
1 -0.0135 0.0446
1 -0.0143 0.0453
1 -0.0151 0.0460
1 -0.4940 0.5249
1 -0.4947 0.5257
1 -0.4954 0.5265
1 -0.4961 0.5273
1 -0.4966 0.5282
1 -0.4972 0.5290
1 -0.4978 0.5299
1 -0.4982 0.5309
1 -0.4986 0.5318
1 -0.4990 0.5328
1 -0.4994 0.5338
1 -0.4996 0.5348
1 -0.4998 0.5358
1 -0.5000 0.5369
1 -0.5002 0.5379
1 -0.5002 0.5390
1 -0.5002 0.5400
1 -0.5002 0.5410
1 -0.5002 0.5421
1 -0.5000 0.5431
1 -0.4998 0.5442
1 -0.4996 0.5452
1 -0.4994 0.5462
1 -0.4990 0.5472
1 -0.4986 0.5482
1 -0.4982 0.5491
1 -0.4978 0.5501
1 -0.4972 0.5510
1 -0.4966 0.5518
1 -0.4961 0.5527
1 -0.4954 0.5535
1 -0.4947 0.5543
1 -0.4940 0.5551
112 1250 294
0 0.1066 0.9026
1 -0.0390 0.6942
1 -0.0390 0.6942
1 -0.0396 0.6933
1 -0.0402 0.6924
1 -0.0406 0.6915
1 -0.0410 0.6906
1 -0.0414 0.6896
1 -0.0418 0.6886
1 -0.0420 0.6877
1 -0.0422 0.6866
1 -0.0424 0.6857
1 -0.0426 0.6846
1 -0.0426 0.6837
1 -0.0426 0.6826
1 -0.0426 0.6816
1 -0.0426 0.6806
1 -0.0424 0.6796
1 -0.0422 0.6786
1 -0.0420 0.6776
1 -0.0418 0.6766
1 -0.0414 0.6756
1 -0.0410 0.6747
1 -0.0406 0.6738
1 -0.0401 0.6729
1 -0.0396 0.6720
1 -0.0390 0.6711
1 -0.0384 0.6703
1 -0.0378 0.6695
1 -0.0370 0.6688
1 -0.0363 0.6681
1 -0.0356 0.6674
1 -0.0348 0.6667
1 -0.0339 0.6662
1 -0.0331 0.6656
1 -0.0322 0.6651
1 -0.0313 0.6646
1 -0.0304 0.6642
1 -0.0294 0.6638
1 -0.0285 0.6635
1 -0.0274 0.6633
1 -0.0265 0.6630
1 -0.0254 0.6629
1 -0.0245 0.6627
1 -0.0234 0.6627
1 -0.0224 0.6626
1 -0.0214 0.6627
1 -0.0204 0.6628
1 -0.0194 0.6630
1 -0.0184 0.6631
1 -0.0174 0.6634
1 -0.0174 0.6634
1 0.0537 0.6829
1 0.0537 0.6070
1 0.0537 0.6070
1 0.0534 0.6053
1 0.0532 0.6037
1 0.0529 0.6020
1 0.0526 0.6004
1 0.0522 0.5987
1 0.0517 0.5971
1 0.0512 0.5955
1 0.0506 0.5939
1 0.0500 0.5923
1 0.0494 0.5908
1 0.0487 0.5893
1 0.0480 0.5878
1 0.0472 0.5862
1 0.0464 0.5848
1 0.0455 0.5834
1 0.0446 0.5819
1 0.0437 0.5806
1 0.0427 0.5792
1 0.0417 0.5779
1 0.0406 0.5766
1 0.0395 0.5754
1 0.0383 0.5741
1 0.0372 0.5729
1 0.0359 0.5718
1 0.0347 0.5706
1 0.0334 0.5695
1 0.0322 0.5685
1 0.0308 0.5674
1 0.0294 0.5665
1 0.0294 0.5665
1 -0.0989 0.4951
1 -0.0989 0.4951
1 -0.1014 0.4938
1 -0.1040 0.4924
1 -0.1066 0.4910
1 -0.1090 0.4895
1 -0.1115 0.4880
1 -0.1139 0.4865
1 -0.1163 0.4849
1 -0.1187 0.4832
1 -0.1210 0.4815
1 -0.1234 0.4798
1 -0.1257 0.4780
1 -0.1279 0.4762
1 -0.1302 0.4743
1 -0.1323 0.4725
1 -0.1345 0.4705
1 -0.1366 0.4686
1 -0.1387 0.4666
1 -0.1407 0.4645
1 -0.1427 0.4624
1 -0.1447 0.4603
1 -0.1466 0.4582
1 -0.1486 0.4559
1 -0.1504 0.4538
1 -0.1522 0.4514
1 -0.1540 0.4492
1 -0.1557 0.4469
1 -0.1574 0.4445
1 -0.1590 0.4422
1 -0.1606 0.4397
1 -0.1622 0.4373
1 -0.1638 0.4348
1 -0.1652 0.4323
1 -0.1666 0.4298
1 -0.1680 0.4273
1 -0.1694 0.4247
1 -0.1706 0.4221
1 -0.1718 0.4194
1 -0.1730 0.4168
1 -0.1742 0.4142
1 -0.1753 0.4115
1 -0.1763 0.4088
1 -0.1774 0.4061
1 -0.1782 0.4034
1 -0.1792 0.4006
1 -0.1800 0.3978
1 -0.1808 0.3950
1 -0.1816 0.3922
1 -0.1822 0.3894
1 -0.1829 0.3866
1 -0.1835 0.3838
1 -0.1841 0.3810
1 -0.1846 0.3781
1 -0.1850 0.3752
1 -0.1854 0.3724
1 -0.1858 0.3695
1 -0.1860 0.3666
1 -0.1862 0.3638
1 -0.1864 0.3608
1 -0.1866 0.3579
1 -0.1866 0.3550
1 -0.1866 0.3522
1 -0.1866 0.3522
1 -0.1866 0.2636
1 -0.0800 0.2636
1 -0.0800 0.3522
1 -0.0800 0.3522
1 -0.0800 0.3538
1 -0.0799 0.3555
1 -0.0798 0.3572
1 -0.0796 0.3588
1 -0.0794 0.3605
1 -0.0790 0.3622
1 -0.0787 0.3638
1 -0.0783 0.3654
1 -0.0779 0.3670
1 -0.0774 0.3686
1 -0.0769 0.3702
1 -0.0763 0.3718
1 -0.0757 0.3734
1 -0.0750 0.3749
1 -0.0742 0.3763
1 -0.0734 0.3778
1 -0.0726 0.3793
1 -0.0718 0.3807
1 -0.0709 0.3822
1 -0.0699 0.3835
1 -0.0689 0.3849
1 -0.0678 0.3862
1 -0.0668 0.3874
1 -0.0657 0.3886
1 -0.0645 0.3899
1 -0.0633 0.3910
1 -0.0621 0.3922
1 -0.0608 0.3933
1 -0.0595 0.3943
1 -0.0582 0.3954
1 -0.0568 0.3963
1 -0.0554 0.3973
1 -0.0554 0.3973
1 0.0845 0.4750
1 0.0845 0.4750
1 0.0870 0.4766
1 0.0894 0.4782
1 0.0918 0.4799
1 0.0941 0.4816
1 0.0964 0.4834
1 0.0987 0.4851
1 0.1010 0.4870
1 0.1032 0.4888
1 0.1054 0.4907
1 0.1076 0.4926
1 0.1097 0.4946
1 0.1118 0.4966
1 0.1138 0.4987
1 0.1158 0.5008
1 0.1178 0.5030
1 0.1198 0.5051
1 0.1217 0.5073
1 0.1235 0.5095
1 0.1254 0.5118
1 0.1272 0.5141
1 0.1289 0.5164
1 0.1306 0.5188
1 0.1322 0.5211
1 0.1339 0.5236
1 0.1354 0.5260
1 0.1370 0.5285
1 0.1385 0.5310
1 0.1399 0.5335
1 0.1413 0.5361
1 0.1426 0.5386
1 0.1440 0.5412
1 0.1452 0.5438
1 0.1464 0.5465
1 0.1476 0.5492
1 0.1487 0.5518
1 0.1498 0.5546
1 0.1508 0.5573
1 0.1518 0.5600
1 0.1527 0.5628
1 0.1536 0.5655
1 0.1544 0.5683
1 0.1552 0.5711
1 0.1559 0.5739
1 0.1566 0.5768
1 0.1572 0.5796
1 0.1578 0.5825
1 0.1583 0.5853
1 0.1587 0.5882
1 0.1592 0.5910
1 0.1595 0.5939
1 0.1598 0.5968
1 0.1602 0.5998
1 0.1603 0.6026
1 0.1603 0.6026
1 0.1603 0.6826
1 0.2307 0.6634
1 0.2307 0.6634
1 0.2317 0.6631
1 0.2327 0.6630
1 0.2337 0.6628
1 0.2347 0.6627
1 0.2358 0.6626
1 0.2368 0.6627
1 0.2378 0.6627
1 0.2388 0.6629
1 0.2398 0.6630
1 0.2408 0.6633
1 0.2418 0.6635
1 0.2427 0.6638
1 0.2437 0.6642
1 0.2446 0.6646
1 0.2455 0.6651
1 0.2464 0.6656
1 0.2473 0.6662
1 0.2481 0.6667
1 0.2489 0.6674
1 0.2497 0.6681
1 0.2504 0.6688
1 0.2511 0.6695
1 0.2518 0.6703
1 0.2523 0.6711
1 0.2529 0.6720
1 0.2534 0.6729
1 0.2539 0.6738
1 0.2543 0.6747
1 0.2547 0.6756
1 0.2550 0.6766
1 0.2554 0.6776
1 0.2556 0.6786
1 0.2558 0.6796
1 0.2559 0.6806
1 0.2560 0.6816
1 0.2560 0.6826
1 0.2560 0.6837
1 0.2559 0.6846
1 0.2558 0.6857
1 0.2556 0.6866
1 0.2554 0.6877
1 0.2551 0.6886
1 0.2547 0.6896
1 0.2544 0.6906
1 0.2539 0.6915
1 0.2534 0.6924
1 0.2530 0.6933
1 0.2524 0.6942
1 0.2524 0.6942
