SEcl_PG-3b
3255 4 1 1 0 0 0 0 0 0 1 1
1.000
112 1253 229
0 0.0434 1.0626
1 0.5223 0.5836
1 0.5235 0.5824
1 0.5246 0.5811
1 0.5258 0.5798
1 0.5269 0.5785
1 0.5279 0.5771
1 0.5290 0.5758
1 0.5299 0.5743
1 0.5309 0.5729
1 0.5318 0.5714
1 0.5326 0.5699
1 0.5334 0.5684
1 0.5342 0.5669
1 0.5349 0.5653
1 0.5356 0.5638
1 0.5362 0.5622
1 0.5368 0.5605
1 0.5374 0.5589
1 0.5378 0.5572
1 0.5383 0.5556
1 0.5387 0.5539
1 0.5391 0.5522
1 0.5394 0.5505
1 0.5397 0.5488
1 0.5399 0.5471
1 0.5401 0.5454
1 0.5402 0.5437
1 0.5402 0.5420
1 0.5402 0.5402
1 0.5402 0.5385
1 0.5402 0.5368
1 0.5401 0.5351
1 0.5399 0.5334
1 0.5397 0.5317
1 0.5394 0.5300
1 0.5391 0.5282
1 0.5387 0.5266
1 0.5383 0.5249
1 0.5378 0.5233
1 0.5374 0.5216
1 0.5368 0.5200
1 0.5362 0.5183
1 0.5356 0.5167
1 0.5349 0.5152
1 0.5342 0.5136
1 0.5334 0.5121
1 0.5326 0.5106
1 0.5318 0.5090
1 0.5309 0.5076
1 0.5299 0.5062
1 0.5290 0.5047
1 0.5279 0.5034
1 0.5269 0.5020
1 0.5258 0.5006
1 0.5246 0.4994
1 0.5235 0.4981
1 0.5223 0.4969
1 0.0434 0.0179
1 0.0422 0.0167
1 0.0409 0.0156
1 0.0396 0.0145
1 0.0382 0.0134
1 0.0369 0.0123
1 0.0355 0.0113
1 0.0341 0.0103
1 0.0326 0.0094
1 0.0312 0.0085
1 0.0297 0.0076
1 0.0282 0.0068
1 0.0266 0.0061
1 0.0250 0.0054
1 0.0235 0.0046
1 0.0219 0.0040
1 0.0202 0.0034
1 0.0186 0.0029
1 0.0170 0.0024
1 0.0154 0.0019
1 0.0137 0.0015
1 0.0120 0.0011
1 0.0102 0.0008
1 0.0086 0.0006
1 0.0069 0.0003
1 0.0051 0.0002
1 0.0034 0.0001
1 0.0018 0.0000
1 0.0000 0.0000
1 -0.0018 0.0000
1 -0.0034 0.0001
1 -0.0051 0.0002
1 -0.0069 0.0003
1 -0.0086 0.0006
1 -0.0102 0.0008
1 -0.0120 0.0011
1 -0.0137 0.0015
1 -0.0154 0.0019
1 -0.0170 0.0024
1 -0.0186 0.0029
1 -0.0202 0.0034
1 -0.0219 0.0040
1 -0.0235 0.0046
1 -0.0250 0.0054
1 -0.0266 0.0061
1 -0.0282 0.0068
1 -0.0297 0.0076
1 -0.0312 0.0085
1 -0.0326 0.0094
1 -0.0341 0.0103
1 -0.0355 0.0113
1 -0.0369 0.0123
1 -0.0382 0.0134
1 -0.0396 0.0145
1 -0.0409 0.0156
1 -0.0422 0.0167
1 -0.0434 0.0179
1 -0.5223 0.4969
1 -0.5235 0.4981
1 -0.5246 0.4994
1 -0.5258 0.5006
1 -0.5269 0.5020
1 -0.5279 0.5034
1 -0.5290 0.5047
1 -0.5299 0.5062
1 -0.5309 0.5076
1 -0.5318 0.5090
1 -0.5326 0.5106
1 -0.5334 0.5121
1 -0.5342 0.5136
1 -0.5349 0.5152
1 -0.5356 0.5167
1 -0.5362 0.5183
1 -0.5368 0.5200
1 -0.5374 0.5216
1 -0.5378 0.5233
1 -0.5383 0.5249
1 -0.5387 0.5266
1 -0.5391 0.5282
1 -0.5394 0.5300
1 -0.5397 0.5317
1 -0.5399 0.5334
1 -0.5401 0.5351
1 -0.5402 0.5368
1 -0.5402 0.5385
1 -0.5402 0.5402
1 -0.5402 0.5420
1 -0.5402 0.5437
1 -0.5401 0.5454
1 -0.5399 0.5471
1 -0.5397 0.5488
1 -0.5394 0.5505
1 -0.5391 0.5522
1 -0.5387 0.5539
1 -0.5383 0.5556
1 -0.5378 0.5572
1 -0.5374 0.5589
1 -0.5368 0.5605
1 -0.5362 0.5622
1 -0.5356 0.5638
1 -0.5349 0.5653
1 -0.5342 0.5669
1 -0.5334 0.5684
1 -0.5326 0.5699
1 -0.5318 0.5714
1 -0.5309 0.5729
1 -0.5299 0.5743
1 -0.5290 0.5758
1 -0.5279 0.5771
1 -0.5269 0.5785
1 -0.5258 0.5798
1 -0.5246 0.5811
1 -0.5235 0.5824
1 -0.5223 0.5836
1 -0.0434 1.0626
1 -0.0422 1.0638
1 -0.0409 1.0649
1 -0.0396 1.0660
1 -0.0382 1.0671
1 -0.0369 1.0682
1 -0.0355 1.0692
1 -0.0341 1.0702
1 -0.0326 1.0711
1 -0.0312 1.0720
1 -0.0297 1.0729
1 -0.0282 1.0737
1 -0.0266 1.0744
1 -0.0250 1.0751
1 -0.0235 1.0758
1 -0.0219 1.0765
1 -0.0202 1.0770
1 -0.0186 1.0776
1 -0.0170 1.0781
1 -0.0154 1.0786
1 -0.0137 1.0790
1 -0.0120 1.0794
1 -0.0102 1.0797
1 -0.0086 1.0799
1 -0.0069 1.0802
1 -0.0051 1.0803
1 -0.0034 1.0804
1 -0.0018 1.0805
1 0.0000 1.0805
1 0.0018 1.0805
1 0.0034 1.0804
1 0.0051 1.0803
1 0.0069 1.0802
1 0.0086 1.0799
1 0.0102 1.0797
1 0.0120 1.0794
1 0.0137 1.0790
1 0.0154 1.0786
1 0.0170 1.0781
1 0.0186 1.0776
1 0.0202 1.0770
1 0.0219 1.0765
1 0.0235 1.0758
1 0.0250 1.0751
1 0.0266 1.0744
1 0.0282 1.0737
1 0.0297 1.0729
1 0.0312 1.0720
1 0.0326 1.0711
1 0.0341 1.0702
1 0.0355 1.0692
1 0.0369 1.0682
1 0.0382 1.0671
1 0.0396 1.0660
1 0.0409 1.0649
1 0.0422 1.0638
1 0.0434 1.0626
112 1250 197
0 0.0340 1.0531
1 0.5129 0.5742
1 0.5139 0.5730
1 0.5150 0.5719
1 0.5160 0.5707
1 0.5170 0.5694
1 0.5179 0.5682
1 0.5188 0.5670
1 0.5197 0.5656
1 0.5205 0.5642
1 0.5213 0.5629
1 0.5220 0.5615
1 0.5226 0.5601
1 0.5233 0.5586
1 0.5238 0.5571
1 0.5244 0.5557
1 0.5249 0.5542
1 0.5253 0.5526
1 0.5257 0.5511
1 0.5260 0.5496
1 0.5263 0.5481
1 0.5266 0.5465
1 0.5267 0.5450
1 0.5268 0.5434
1 0.5269 0.5418
1 0.5270 0.5402
1 0.5269 0.5386
1 0.5268 0.5371
1 0.5267 0.5355
1 0.5266 0.5340
1 0.5263 0.5324
1 0.5260 0.5309
1 0.5257 0.5294
1 0.5253 0.5278
1 0.5249 0.5263
1 0.5244 0.5248
1 0.5238 0.5234
1 0.5233 0.5218
1 0.5226 0.5204
1 0.5220 0.5190
1 0.5213 0.5176
1 0.5205 0.5162
1 0.5197 0.5149
1 0.5188 0.5135
1 0.5179 0.5122
1 0.5170 0.5110
1 0.5160 0.5098
1 0.5150 0.5086
1 0.5139 0.5074
1 0.5129 0.5062
1 0.0340 0.0274
1 0.0328 0.0263
1 0.0317 0.0252
1 0.0305 0.0242
1 0.0292 0.0232
1 0.0280 0.0223
1 0.0267 0.0214
1 0.0254 0.0206
1 0.0240 0.0198
1 0.0226 0.0190
1 0.0213 0.0182
1 0.0198 0.0176
1 0.0184 0.0170
1 0.0169 0.0164
1 0.0154 0.0158
1 0.0139 0.0154
1 0.0124 0.0150
1 0.0109 0.0146
1 0.0094 0.0142
1 0.0078 0.0139
1 0.0062 0.0137
1 0.0047 0.0135
1 0.0031 0.0134
1 0.0016 0.0134
1 0.0000 0.0133
1 -0.0016 0.0134
1 -0.0031 0.0134
1 -0.0047 0.0135
1 -0.0062 0.0137
1 -0.0078 0.0139
1 -0.0094 0.0142
1 -0.0109 0.0146
1 -0.0124 0.0150
1 -0.0139 0.0154
1 -0.0154 0.0158
1 -0.0169 0.0164
1 -0.0184 0.0170
1 -0.0198 0.0176
1 -0.0213 0.0182
1 -0.0226 0.0190
1 -0.0240 0.0198
1 -0.0254 0.0206
1 -0.0267 0.0214
1 -0.0280 0.0223
1 -0.0292 0.0232
1 -0.0305 0.0242
1 -0.0317 0.0252
1 -0.0328 0.0263
1 -0.0340 0.0274
1 -0.5129 0.5062
1 -0.5139 0.5074
1 -0.5150 0.5086
1 -0.5160 0.5098
1 -0.5170 0.5110
1 -0.5179 0.5122
1 -0.5188 0.5135
1 -0.5197 0.5149
1 -0.5205 0.5162
1 -0.5213 0.5176
1 -0.5220 0.5190
1 -0.5226 0.5204
1 -0.5233 0.5218
1 -0.5238 0.5234
1 -0.5244 0.5248
1 -0.5249 0.5263
1 -0.5253 0.5278
1 -0.5257 0.5294
1 -0.5260 0.5309
1 -0.5263 0.5324
1 -0.5266 0.5340
1 -0.5267 0.5355
1 -0.5268 0.5371
1 -0.5269 0.5386
1 -0.5270 0.5402
1 -0.5269 0.5418
1 -0.5268 0.5434
1 -0.5267 0.5450
1 -0.5266 0.5465
1 -0.5263 0.5481
1 -0.5260 0.5496
1 -0.5257 0.5511
1 -0.5253 0.5526
1 -0.5249 0.5542
1 -0.5244 0.5557
1 -0.5238 0.5571
1 -0.5233 0.5586
1 -0.5226 0.5601
1 -0.5220 0.5615
1 -0.5213 0.5629
1 -0.5205 0.5642
1 -0.5197 0.5656
1 -0.5188 0.5670
1 -0.5179 0.5682
1 -0.5170 0.5694
1 -0.5160 0.5707
1 -0.5150 0.5719
1 -0.5139 0.5730
1 -0.5129 0.5742
1 -0.0340 1.0531
1 -0.0328 1.0542
1 -0.0317 1.0553
1 -0.0305 1.0562
1 -0.0292 1.0573
1 -0.0280 1.0582
1 -0.0267 1.0590
1 -0.0254 1.0599
1 -0.0240 1.0607
1 -0.0226 1.0615
1 -0.0213 1.0622
1 -0.0198 1.0629
1 -0.0184 1.0635
1 -0.0169 1.0641
1 -0.0154 1.0646
1 -0.0139 1.0651
1 -0.0124 1.0655
1 -0.0109 1.0659
1 -0.0094 1.0662
1 -0.0078 1.0666
1 -0.0062 1.0668
1 -0.0047 1.0670
1 -0.0031 1.0670
1 -0.0016 1.0671
1 0.0000 1.0672
1 0.0016 1.0671
1 0.0031 1.0670
1 0.0047 1.0670
1 0.0062 1.0668
1 0.0078 1.0666
1 0.0094 1.0662
1 0.0109 1.0659
1 0.0124 1.0655
1 0.0139 1.0651
1 0.0154 1.0646
1 0.0169 1.0641
1 0.0184 1.0635
1 0.0198 1.0629
1 0.0213 1.0622
1 0.0226 1.0615
1 0.0240 1.0607
1 0.0254 1.0599
1 0.0267 1.0590
1 0.0280 1.0582
1 0.0292 1.0573
1 0.0305 1.0562
1 0.0317 1.0553
1 0.0328 1.0542
1 0.0340 1.0531
112 1253 133
0 0.4940 0.5554
1 0.0151 1.0342
1 0.0143 1.0350
1 0.0135 1.0357
1 0.0127 1.0363
1 0.0118 1.0369
1 0.0110 1.0374
1 0.0101 1.0380
1 0.0091 1.0385
1 0.0082 1.0389
1 0.0072 1.0393
1 0.0062 1.0396
1 0.0052 1.0398
1 0.0042 1.0401
1 0.0031 1.0402
1 0.0021 1.0404
1 0.0010 1.0405
1 0.0000 1.0405
1 -0.0010 1.0405
1 -0.0021 1.0404
1 -0.0031 1.0402
1 -0.0042 1.0401
1 -0.0052 1.0398
1 -0.0062 1.0396
1 -0.0072 1.0393
1 -0.0082 1.0389
1 -0.0091 1.0385
1 -0.0101 1.0380
1 -0.0110 1.0374
1 -0.0118 1.0369
1 -0.0127 1.0363
1 -0.0135 1.0357
1 -0.0143 1.0350
1 -0.0151 1.0342
1 -0.4940 0.5554
1 -0.4947 0.5546
1 -0.4954 0.5538
1 -0.4961 0.5530
1 -0.4966 0.5521
1 -0.4972 0.5512
1 -0.4978 0.5503
1 -0.4982 0.5494
1 -0.4986 0.5484
1 -0.4990 0.5474
1 -0.4994 0.5465
1 -0.4996 0.5454
1 -0.4998 0.5444
1 -0.5000 0.5434
1 -0.5002 0.5423
1 -0.5002 0.5413
1 -0.5002 0.5402
1 -0.5002 0.5392
1 -0.5002 0.5382
1 -0.5000 0.5371
1 -0.4998 0.5361
1 -0.4996 0.5350
1 -0.4994 0.5340
1 -0.4990 0.5330
1 -0.4986 0.5321
1 -0.4982 0.5311
1 -0.4978 0.5302
1 -0.4972 0.5293
1 -0.4966 0.5284
1 -0.4961 0.5275
1 -0.4954 0.5267
1 -0.4947 0.5259
1 -0.4940 0.5251
1 -0.0151 0.0462
1 -0.0143 0.0455
1 -0.0135 0.0448
1 -0.0127 0.0442
1 -0.0118 0.0436
1 -0.0110 0.0430
1 -0.0101 0.0425
1 -0.0091 0.0420
1 -0.0082 0.0416
1 -0.0072 0.0412
1 -0.0062 0.0409
1 -0.0052 0.0406
1 -0.0042 0.0404
1 -0.0031 0.0402
1 -0.0021 0.0401
1 -0.0010 0.0400
1 0.0000 0.0400
1 0.0010 0.0400
1 0.0021 0.0401
1 0.0031 0.0402
1 0.0042 0.0404
1 0.0052 0.0406
1 0.0062 0.0409
1 0.0072 0.0412
1 0.0082 0.0416
1 0.0091 0.0420
1 0.0101 0.0425
1 0.0110 0.0430
1 0.0118 0.0436
1 0.0127 0.0442
1 0.0135 0.0448
1 0.0143 0.0455
1 0.0151 0.0462
1 0.4940 0.5251
1 0.4947 0.5259
1 0.4954 0.5267
1 0.4961 0.5275
1 0.4966 0.5284
1 0.4972 0.5293
1 0.4978 0.5302
1 0.4982 0.5311
1 0.4986 0.5321
1 0.4990 0.5330
1 0.4994 0.5340
1 0.4996 0.5350
1 0.4998 0.5361
1 0.5000 0.5371
1 0.5002 0.5382
1 0.5002 0.5392
1 0.5002 0.5402
1 0.5002 0.5413
1 0.5002 0.5423
1 0.5000 0.5434
1 0.4998 0.5444
1 0.4996 0.5454
1 0.4994 0.5465
1 0.4990 0.5474
1 0.4986 0.5484
1 0.4982 0.5494
1 0.4978 0.5503
1 0.4972 0.5512
1 0.4966 0.5521
1 0.4961 0.5530
1 0.4954 0.5538
1 0.4947 0.5546
1 0.4940 0.5554
112 1250 744
0 0.1146 0.7493
1 0.1146 0.7493
1 0.1151 0.7483
1 0.1158 0.7474
1 0.1162 0.7465
1 0.1167 0.7454
1 0.1171 0.7444
1 0.1175 0.7434
1 0.1178 0.7423
1 0.1181 0.7413
1 0.1183 0.7402
1 0.1185 0.7391
1 0.1186 0.7380
1 0.1186 0.7370
1 0.1186 0.7358
1 0.1186 0.7347
1 0.1185 0.7337
1 0.1184 0.7326
1 0.1182 0.7314
1 0.1179 0.7304
1 0.1176 0.7294
1 0.1172 0.7283
1 0.1168 0.7273
1 0.1164 0.7263
1 0.1158 0.7254
1 0.1153 0.7244
1 0.1147 0.7234
1 0.1141 0.7226
1 0.1134 0.7217
1 0.1126 0.7209
1 0.1119 0.7201
1 0.1111 0.7194
1 0.1102 0.7186
1 0.1094 0.7179
1 0.1085 0.7174
1 0.1076 0.7167
1 0.1066 0.7162
1 0.1056 0.7157
1 0.1046 0.7153
1 0.1036 0.7149
1 0.1026 0.7146
1 0.1015 0.7142
1 0.1004 0.7140
1 0.0994 0.7138
1 0.0982 0.7137
1 0.0971 0.7136
1 0.0961 0.7136
1 0.0950 0.7136
1 0.0938 0.7137
1 0.0928 0.7138
1 0.0917 0.7140
1 0.0906 0.7142
1 0.0895 0.7145
1 0.0895 0.7145
1 0.0163 0.7362
1 0.0163 0.7022
1 0.0163 0.7022
1 0.0163 0.7011
1 0.0164 0.7001
1 0.0165 0.6990
1 0.0166 0.6978
1 0.0168 0.6968
1 0.0170 0.6957
1 0.0173 0.6946
1 0.0177 0.6936
1 0.0180 0.6926
1 0.0185 0.6916
1 0.0190 0.6906
1 0.0195 0.6897
1 0.0201 0.6887
1 0.0207 0.6878
1 0.0214 0.6870
1 0.0221 0.6861
1 0.0228 0.6853
1 0.0236 0.6846
1 0.0244 0.6838
1 0.0253 0.6831
1 0.0262 0.6825
1 0.0271 0.6818
1 0.0281 0.6813
1 0.0290 0.6808
1 0.0300 0.6803
1 0.0310 0.6799
1 0.0321 0.6796
1 0.0331 0.6793
1 0.0342 0.6790
1 0.0353 0.6788
1 0.0363 0.6786
1 0.0374 0.6785
1 0.0386 0.6785
1 0.0396 0.6785
1 0.0423 0.6780
1 0.0450 0.6776
1 0.0477 0.6770
1 0.0503 0.6765
1 0.0530 0.6759
1 0.0556 0.6753
1 0.0582 0.6746
1 0.0609 0.6738
1 0.0634 0.6730
1 0.0661 0.6721
1 0.0686 0.6712
1 0.0711 0.6702
1 0.0737 0.6692
1 0.0762 0.6682
1 0.0786 0.6670
1 0.0811 0.6658
1 0.0835 0.6646
1 0.0860 0.6634
1 0.0884 0.6621
1 0.0907 0.6607
1 0.0930 0.6594
1 0.0954 0.6579
1 0.0977 0.6564
1 0.0999 0.6549
1 0.1021 0.6533
1 0.1043 0.6517
1 0.1065 0.6501
1 0.1086 0.6483
1 0.1107 0.6466
1 0.1127 0.6448
1 0.1147 0.6430
1 0.1167 0.6411
1 0.1187 0.6392
1 0.1206 0.6373
1 0.1225 0.6354
1 0.1243 0.6333
1 0.1261 0.6313
1 0.1278 0.6292
1 0.1296 0.6271
1 0.1313 0.6250
1 0.1329 0.6227
1 0.1345 0.6206
1 0.1360 0.6183
1 0.1375 0.6160
1 0.1390 0.6138
1 0.1404 0.6114
1 0.1418 0.6090
1 0.1430 0.6066
1 0.1443 0.6042
1 0.1456 0.6018
1 0.1467 0.5994
1 0.1478 0.5969
1 0.1490 0.5944
1 0.1500 0.5919
1 0.1510 0.5894
1 0.1519 0.5868
1 0.1528 0.5842
1 0.1536 0.5817
1 0.1544 0.5790
1 0.1551 0.5764
1 0.1558 0.5738
1 0.1564 0.5711
1 0.1570 0.5685
1 0.1575 0.5658
1 0.1580 0.5631
1 0.1584 0.5604
1 0.1588 0.5578
1 0.1591 0.5550
1 0.1594 0.5523
1 0.1596 0.5496
1 0.1598 0.5469
1 0.1598 0.5442
1 0.1599 0.5414
1 0.1599 0.5387
1 0.1598 0.5360
1 0.1598 0.5333
1 0.1596 0.5306
1 0.1594 0.5278
1 0.1590 0.5252
1 0.1587 0.5225
1 0.1584 0.5198
1 0.1580 0.5170
1 0.1575 0.5144
1 0.1570 0.5118
1 0.1564 0.5090
1 0.1558 0.5064
1 0.1550 0.5038
1 0.1543 0.5012
1 0.1535 0.4986
1 0.1527 0.4960
1 0.1518 0.4934
1 0.1509 0.4909
1 0.1498 0.4883
1 0.1488 0.4858
1 0.1478 0.4833
1 0.1466 0.4808
1 0.1454 0.4784
1 0.1442 0.4759
1 0.1430 0.4735
1 0.1416 0.4712
1 0.1402 0.4688
1 0.1388 0.4665
1 0.1374 0.4642
1 0.1358 0.4619
1 0.1343 0.4597
1 0.1327 0.4575
1 0.1311 0.4554
1 0.1294 0.4532
1 0.1277 0.4510
1 0.1259 0.4490
1 0.1242 0.4470
1 0.1223 0.4450
1 0.1204 0.4430
1 0.1185 0.4410
1 0.1166 0.4391
1 0.1146 0.4373
1 0.1126 0.4354
1 0.1105 0.4337
1 0.1084 0.4320
1 0.1062 0.4302
1 0.1041 0.4286
1 0.1019 0.4270
1 0.0997 0.4254
1 0.0974 0.4239
1 0.0951 0.4224
1 0.0928 0.4210
1 0.0905 0.4196
1 0.0881 0.4182
1 0.0858 0.4170
1 0.0833 0.4157
1 0.0809 0.4145
1 0.0784 0.4134
1 0.0759 0.4122
1 0.0734 0.4112
1 0.0709 0.4102
1 0.0683 0.4092
1 0.0658 0.4083
1 0.0632 0.4074
1 0.0606 0.4066
1 0.0580 0.4058
1 0.0554 0.4052
1 0.0527 0.4045
1 0.0501 0.4039
1 0.0474 0.4034
1 0.0447 0.4029
1 0.0420 0.4024
1 0.0394 0.4020
1 0.0366 0.4017
1 0.0339 0.4014
1 0.0312 0.4011
1 0.0285 0.4010
1 0.0258 0.4008
1 0.0231 0.4007
1 0.0203 0.4007
1 -0.0199 0.3980
1 -0.0212 0.3980
1 -0.0225 0.3979
1 -0.0238 0.3978
1 -0.0250 0.3976
1 -0.0263 0.3974
1 -0.0276 0.3971
1 -0.0288 0.3967
1 -0.0301 0.3964
1 -0.0313 0.3959
1 -0.0325 0.3954
1 -0.0337 0.3950
1 -0.0348 0.3943
1 -0.0359 0.3938
1 -0.0370 0.3930
1 -0.0382 0.3923
1 -0.0392 0.3916
1 -0.0402 0.3908
1 -0.0412 0.3900
1 -0.0422 0.3891
1 -0.0430 0.3882
1 -0.0439 0.3872
1 -0.0448 0.3862
1 -0.0456 0.3852
1 -0.0463 0.3842
1 -0.0470 0.3831
1 -0.0478 0.3820
1 -0.0483 0.3809
1 -0.0490 0.3797
1 -0.0494 0.3786
1 -0.0500 0.3774
1 -0.0504 0.3762
1 -0.0508 0.3749
1 -0.0511 0.3736
1 -0.0514 0.3724
1 -0.0517 0.3711
1 -0.0518 0.3698
1 -0.0520 0.3686
1 -0.0521 0.3673
1 -0.0521 0.3659
1 -0.0521 0.3646
1 -0.0520 0.3634
1 -0.0518 0.3621
1 -0.0517 0.3608
1 -0.0514 0.3595
1 -0.0512 0.3582
1 -0.0509 0.3570
1 -0.0505 0.3558
1 -0.0501 0.3546
1 -0.0496 0.3534
1 -0.0490 0.3522
1 -0.0485 0.3510
1 -0.0478 0.3498
1 -0.0472 0.3488
1 -0.0465 0.3477
1 -0.0458 0.3466
1 -0.0450 0.3456
1 -0.0442 0.3446
1 -0.0433 0.3437
1 -0.0423 0.3427
1 -0.0414 0.3418
1 -0.0404 0.3410
1 -0.0394 0.3402
1 -0.0384 0.3394
1 -0.0373 0.3387
1 -0.0362 0.3381
1 -0.0336 0.3370
1 -0.0311 0.3359
1 -0.0286 0.3347
1 -0.0261 0.3335
1 -0.0236 0.3323
1 -0.0212 0.3310
1 -0.0188 0.3297
1 -0.0164 0.3282
1 -0.0140 0.3268
1 -0.0117 0.3254
1 -0.0094 0.3238
1 -0.0071 0.3222
1 -0.0049 0.3206
1 -0.0026 0.3190
1 -0.0005 0.3173
1 0.0017 0.3156
1 0.0038 0.3138
1 0.0059 0.3120
1 0.0079 0.3101
1 0.0099 0.3082
1 0.0119 0.3062
1 0.0138 0.3043
1 0.0158 0.3023
1 0.0176 0.3002
1 0.0194 0.2982
1 0.0212 0.2960
1 0.0230 0.2939
1 0.0246 0.2917
1 0.0262 0.2895
1 0.0279 0.2872
1 0.0294 0.2850
1 0.0310 0.2826
1 0.0325 0.2803
1 0.0339 0.2779
1 0.0353 0.2755
1 0.0366 0.2731
1 0.0379 0.2707
1 0.0391 0.2682
1 0.0403 0.2658
1 0.0415 0.2632
1 0.0426 0.2606
1 0.0436 0.2582
1 0.0446 0.2555
1 0.0456 0.2530
1 0.0465 0.2503
1 0.0474 0.2477
1 0.0482 0.2450
1 0.0489 0.2424
1 0.0496 0.2398
1 0.0502 0.2370
1 0.0508 0.2343
1 0.0514 0.2316
1 0.0518 0.2289
1 0.0523 0.2262
1 0.0527 0.2234
1 0.0530 0.2207
1 0.0533 0.2179
1 0.0535 0.2152
1 0.0537 0.2124
1 0.0538 0.2097
1 0.0539 0.2069
1 0.0539 0.1669
1 -0.0534 0.1669
1 -0.0535 0.2069
1 -0.0536 0.2083
1 -0.0538 0.2097
1 -0.0540 0.2110
1 -0.0542 0.2124
1 -0.0546 0.2137
1 -0.0549 0.2150
1 -0.0554 0.2164
1 -0.0558 0.2177
1 -0.0563 0.2190
1 -0.0569 0.2202
1 -0.0574 0.2214
1 -0.0582 0.2226
1 -0.0588 0.2238
1 -0.0596 0.2250
1 -0.0604 0.2262
1 -0.0612 0.2273
1 -0.0621 0.2283
1 -0.0630 0.2294
1 -0.0639 0.2303
1 -0.0650 0.2313
1 -0.0660 0.2322
1 -0.0670 0.2331
1 -0.0682 0.2339
1 -0.0693 0.2347
1 -0.0704 0.2355
1 -0.0716 0.2362
1 -0.0741 0.2373
1 -0.0766 0.2383
1 -0.0790 0.2394
1 -0.0815 0.2406
1 -0.0839 0.2418
1 -0.0863 0.2431
1 -0.0887 0.2444
1 -0.0910 0.2458
1 -0.0934 0.2472
1 -0.0957 0.2486
1 -0.0979 0.2502
1 -0.1002 0.2517
1 -0.1024 0.2533
1 -0.1046 0.2549
1 -0.1067 0.2566
1 -0.1088 0.2582
1 -0.1109 0.2600
1 -0.1129 0.2618
1 -0.1149 0.2636
1 -0.1169 0.2655
1 -0.1188 0.2674
1 -0.1207 0.2694
1 -0.1226 0.2714
1 -0.1244 0.2734
1 -0.1262 0.2754
1 -0.1279 0.2775
1 -0.1296 0.2796
1 -0.1313 0.2818
1 -0.1329 0.2839
1 -0.1345 0.2862
1 -0.1360 0.2884
1 -0.1374 0.2906
1 -0.1389 0.2930
1 -0.1403 0.2953
1 -0.1417 0.2977
1 -0.1430 0.3000
1 -0.1442 0.3024
1 -0.1454 0.3049
1 -0.1466 0.3073
1 -0.1477 0.3098
1 -0.1487 0.3123
1 -0.1498 0.3148
1 -0.1507 0.3174
1 -0.1517 0.3199
1 -0.1526 0.3225
1 -0.1534 0.3250
1 -0.1541 0.3277
1 -0.1548 0.3302
1 -0.1555 0.3329
1 -0.1561 0.3355
1 -0.1566 0.3382
1 -0.1572 0.3409
1 -0.1576 0.3435
1 -0.1581 0.3462
1 -0.1584 0.3489
1 -0.1587 0.3516
1 -0.1590 0.3543
1 -0.1591 0.3570
1 -0.1593 0.3598
1 -0.1594 0.3625
1 -0.1594 0.3651
1 -0.1594 0.3678
1 -0.1594 0.3706
1 -0.1592 0.3733
1 -0.1590 0.3760
1 -0.1588 0.3787
1 -0.1586 0.3814
1 -0.1582 0.3841
1 -0.1578 0.3868
1 -0.1574 0.3894
1 -0.1570 0.3922
1 -0.1564 0.3948
1 -0.1558 0.3974
1 -0.1551 0.4001
1 -0.1545 0.4027
1 -0.1537 0.4054
1 -0.1530 0.4079
1 -0.1521 0.4105
1 -0.1512 0.4130
1 -0.1502 0.4156
1 -0.1493 0.4182
1 -0.1482 0.4206
1 -0.1471 0.4231
1 -0.1460 0.4256
1 -0.1448 0.4280
1 -0.1435 0.4305
1 -0.1422 0.4328
1 -0.1410 0.4352
1 -0.1396 0.4375
1 -0.1382 0.4398
1 -0.1367 0.4422
1 -0.1352 0.4444
1 -0.1337 0.4466
1 -0.1321 0.4488
1 -0.1304 0.4510
1 -0.1287 0.4531
1 -0.1270 0.4552
1 -0.1253 0.4573
1 -0.1234 0.4594
1 -0.1216 0.4614
1 -0.1198 0.4633
1 -0.1178 0.4652
1 -0.1158 0.4671
1 -0.1139 0.4690
1 -0.1118 0.4707
1 -0.1098 0.4726
1 -0.1077 0.4742
1 -0.1056 0.4759
1 -0.1034 0.4776
1 -0.1013 0.4792
1 -0.0990 0.4807
1 -0.0968 0.4822
1 -0.0945 0.4838
1 -0.0922 0.4852
1 -0.0898 0.4866
1 -0.0875 0.4879
1 -0.0851 0.4892
1 -0.0827 0.4904
1 -0.0802 0.4916
1 -0.0778 0.4928
1 -0.0753 0.4938
1 -0.0728 0.4950
1 -0.0703 0.4959
1 -0.0678 0.4969
1 -0.0652 0.4978
1 -0.0626 0.4986
1 -0.0600 0.4994
1 -0.0574 0.5002
1 -0.0548 0.5009
1 -0.0522 0.5016
1 -0.0495 0.5022
1 -0.0469 0.5027
1 -0.0442 0.5032
1 -0.0415 0.5037
1 -0.0388 0.5041
1 -0.0362 0.5044
1 -0.0334 0.5047
1 -0.0307 0.5050
1 -0.0280 0.5051
1 -0.0253 0.5053
1 -0.0226 0.5054
1 -0.0199 0.5054
1 0.0203 0.5080
1 0.0217 0.5081
1 0.0230 0.5082
1 0.0242 0.5082
1 0.0255 0.5085
1 0.0268 0.5087
1 0.0281 0.5090
1 0.0294 0.5094
1 0.0306 0.5097
1 0.0318 0.5102
1 0.0330 0.5106
1 0.0342 0.5112
1 0.0354 0.5118
1 0.0366 0.5124
1 0.0377 0.5130
1 0.0387 0.5138
1 0.0398 0.5146
1 0.0408 0.5154
1 0.0418 0.5162
1 0.0427 0.5171
1 0.0437 0.5180
1 0.0446 0.5190
1 0.0454 0.5200
1 0.0462 0.5210
1 0.0470 0.5221
1 0.0477 0.5232
1 0.0483 0.5243
1 0.0490 0.5254
1 0.0495 0.5266
1 0.0501 0.5278
1 0.0506 0.5290
1 0.0510 0.5302
1 0.0514 0.5314
1 0.0517 0.5327
1 0.0519 0.5340
1 0.0522 0.5353
1 0.0523 0.5366
1 0.0525 0.5378
1 0.0526 0.5392
1 0.0526 0.5405
1 0.0526 0.5418
1 0.0524 0.5431
1 0.0523 0.5444
1 0.0521 0.5457
1 0.0518 0.5470
1 0.0515 0.5482
1 0.0512 0.5494
1 0.0508 0.5507
1 0.0504 0.5519
1 0.0498 0.5531
1 0.0493 0.5543
1 0.0487 0.5555
1 0.0481 0.5566
1 0.0474 0.5578
1 0.0466 0.5588
1 0.0459 0.5598
1 0.0451 0.5609
1 0.0442 0.5618
1 0.0434 0.5628
1 0.0424 0.5637
1 0.0414 0.5646
1 0.0404 0.5654
1 0.0394 0.5662
1 0.0383 0.5670
1 0.0372 0.5677
1 0.0361 0.5683
1 0.0350 0.5690
1 0.0338 0.5695
1 0.0326 0.5700
1 0.0314 0.5705
1 0.0302 0.5709
1 0.0289 0.5713
1 0.0276 0.5716
1 0.0250 0.5718
1 0.0224 0.5722
1 0.0198 0.5726
1 0.0172 0.5730
1 0.0146 0.5734
1 0.0121 0.5739
1 0.0094 0.5746
1 0.0070 0.5751
1 0.0044 0.5758
1 0.0018 0.5766
1 -0.0006 0.5774
1 -0.0031 0.5782
1 -0.0056 0.5790
1 -0.0081 0.5800
1 -0.0106 0.5810
1 -0.0130 0.5820
1 -0.0154 0.5830
1 -0.0177 0.5842
1 -0.0201 0.5854
1 -0.0224 0.5866
1 -0.0247 0.5878
1 -0.0270 0.5891
1 -0.0292 0.5905
1 -0.0314 0.5919
1 -0.0337 0.5934
1 -0.0358 0.5949
1 -0.0379 0.5964
1 -0.0401 0.5980
1 -0.0421 0.5996
1 -0.0442 0.6013
1 -0.0462 0.6030
1 -0.0482 0.6047
1 -0.0501 0.6065
1 -0.0519 0.6083
1 -0.0538 0.6102
1 -0.0556 0.6121
1 -0.0574 0.6140
1 -0.0591 0.6159
1 -0.0609 0.6179
1 -0.0626 0.6200
1 -0.0642 0.6221
1 -0.0657 0.6242
1 -0.0673 0.6263
1 -0.0687 0.6285
1 -0.0702 0.6306
1 -0.0716 0.6329
1 -0.0730 0.6351
1 -0.0742 0.6374
1 -0.0755 0.6397
1 -0.0767 0.6420
1 -0.0779 0.6444
1 -0.0790 0.6468
1 -0.0802 0.6492
1 -0.0811 0.6516
1 -0.0822 0.6540
1 -0.0830 0.6565
1 -0.0839 0.6590
1 -0.0848 0.6614
1 -0.0855 0.6640
1 -0.0862 0.6665
1 -0.0870 0.6690
1 -0.0876 0.6716
1 -0.0882 0.6742
1 -0.0886 0.6767
1 -0.0891 0.6793
1 -0.0895 0.6819
1 -0.0899 0.6845
1 -0.0902 0.6871
1 -0.0905 0.6898
1 -0.0907 0.6924
1 -0.0909 0.6950
1 -0.0910 0.6976
1 -0.0910 0.7002
1 -0.0910 0.7362
1 -0.1642 0.7145
1 -0.1653 0.7142
1 -0.1663 0.7140
1 -0.1674 0.7138
1 -0.1686 0.7137
1 -0.1696 0.7136
1 -0.1707 0.7136
1 -0.1718 0.7136
1 -0.1729 0.7137
1 -0.1740 0.7138
1 -0.1751 0.7140
1 -0.1762 0.7142
1 -0.1772 0.7146
1 -0.1782 0.7149
1 -0.1793 0.7153
1 -0.1803 0.7157
1 -0.1813 0.7162
1 -0.1822 0.7167
1 -0.1831 0.7174
1 -0.1841 0.7179
1 -0.1850 0.7186
1 -0.1858 0.7194
1 -0.1866 0.7201
1 -0.1874 0.7209
1 -0.1881 0.7217
1 -0.1887 0.7226
1 -0.1894 0.7234
1 -0.1900 0.7244
1 -0.1906 0.7254
1 -0.1910 0.7263
1 -0.1915 0.7273
1 -0.1919 0.7283
1 -0.1922 0.7294
1 -0.1926 0.7304
1 -0.1928 0.7314
1 -0.1930 0.7326
1 -0.1932 0.7337
1 -0.1933 0.7347
1 -0.1934 0.7358
1 -0.1934 0.7370
1 -0.1933 0.7380
1 -0.1931 0.7391
1 -0.1930 0.7402
1 -0.1928 0.7413
1 -0.1925 0.7423
1 -0.1922 0.7434
1 -0.1918 0.7444
1 -0.1914 0.7454
1 -0.1909 0.7465
1 -0.1904 0.7474
1 -0.1898 0.7483
1 -0.1892 0.7493
1 -0.0374 0.9629
1 0.1146 0.7493
