SEcl_PG-5a
3258 4 1 1 0 0 0 0 0 0 1 1
1.000
112 1253 229
0 -0.0434 1.0623
1 -0.5223 0.5834
1 -0.5235 0.5822
1 -0.5246 0.5809
1 -0.5258 0.5796
1 -0.5269 0.5782
1 -0.5279 0.5769
1 -0.5290 0.5755
1 -0.5299 0.5741
1 -0.5309 0.5726
1 -0.5318 0.5712
1 -0.5326 0.5697
1 -0.5334 0.5682
1 -0.5342 0.5666
1 -0.5349 0.5650
1 -0.5356 0.5635
1 -0.5362 0.5619
1 -0.5368 0.5602
1 -0.5374 0.5586
1 -0.5378 0.5570
1 -0.5383 0.5554
1 -0.5387 0.5537
1 -0.5391 0.5520
1 -0.5394 0.5502
1 -0.5397 0.5486
1 -0.5399 0.5469
1 -0.5401 0.5451
1 -0.5402 0.5434
1 -0.5402 0.5418
1 -0.5402 0.5400
1 -0.5402 0.5382
1 -0.5402 0.5366
1 -0.5401 0.5349
1 -0.5399 0.5331
1 -0.5397 0.5314
1 -0.5394 0.5298
1 -0.5391 0.5280
1 -0.5387 0.5263
1 -0.5383 0.5246
1 -0.5378 0.5230
1 -0.5374 0.5214
1 -0.5368 0.5198
1 -0.5362 0.5181
1 -0.5356 0.5165
1 -0.5349 0.5150
1 -0.5342 0.5134
1 -0.5334 0.5118
1 -0.5326 0.5103
1 -0.5318 0.5088
1 -0.5309 0.5074
1 -0.5299 0.5059
1 -0.5290 0.5045
1 -0.5279 0.5031
1 -0.5269 0.5018
1 -0.5258 0.5004
1 -0.5246 0.4991
1 -0.5235 0.4978
1 -0.5223 0.4966
1 -0.0434 0.0177
1 -0.0422 0.0165
1 -0.0409 0.0154
1 -0.0396 0.0142
1 -0.0382 0.0131
1 -0.0369 0.0121
1 -0.0355 0.0110
1 -0.0341 0.0101
1 -0.0326 0.0091
1 -0.0312 0.0082
1 -0.0297 0.0074
1 -0.0282 0.0066
1 -0.0266 0.0058
1 -0.0250 0.0051
1 -0.0235 0.0044
1 -0.0219 0.0038
1 -0.0202 0.0032
1 -0.0186 0.0026
1 -0.0170 0.0022
1 -0.0154 0.0017
1 -0.0137 0.0013
1 -0.0120 0.0009
1 -0.0102 0.0006
1 -0.0086 0.0003
1 -0.0069 0.0001
1 -0.0051 -0.0001
1 -0.0034 -0.0002
1 -0.0018 -0.0002
1 0.0000 -0.0002
1 0.0018 -0.0002
1 0.0034 -0.0002
1 0.0051 -0.0001
1 0.0069 0.0001
1 0.0086 0.0003
1 0.0102 0.0006
1 0.0120 0.0009
1 0.0137 0.0013
1 0.0154 0.0017
1 0.0170 0.0022
1 0.0186 0.0026
1 0.0202 0.0032
1 0.0219 0.0038
1 0.0235 0.0044
1 0.0250 0.0051
1 0.0266 0.0058
1 0.0282 0.0066
1 0.0297 0.0074
1 0.0312 0.0082
1 0.0326 0.0091
1 0.0341 0.0101
1 0.0355 0.0110
1 0.0369 0.0121
1 0.0382 0.0131
1 0.0396 0.0142
1 0.0409 0.0154
1 0.0422 0.0165
1 0.0434 0.0177
1 0.5223 0.4966
1 0.5235 0.4978
1 0.5246 0.4991
1 0.5258 0.5004
1 0.5269 0.5018
1 0.5279 0.5031
1 0.5290 0.5045
1 0.5299 0.5059
1 0.5309 0.5074
1 0.5318 0.5088
1 0.5326 0.5103
1 0.5334 0.5118
1 0.5342 0.5134
1 0.5349 0.5150
1 0.5356 0.5165
1 0.5362 0.5181
1 0.5368 0.5198
1 0.5374 0.5214
1 0.5378 0.5230
1 0.5383 0.5246
1 0.5387 0.5263
1 0.5391 0.5280
1 0.5394 0.5298
1 0.5397 0.5314
1 0.5399 0.5331
1 0.5401 0.5349
1 0.5402 0.5366
1 0.5402 0.5382
1 0.5402 0.5400
1 0.5402 0.5418
1 0.5402 0.5434
1 0.5401 0.5451
1 0.5399 0.5469
1 0.5397 0.5486
1 0.5394 0.5502
1 0.5391 0.5520
1 0.5387 0.5537
1 0.5383 0.5554
1 0.5378 0.5570
1 0.5374 0.5586
1 0.5368 0.5602
1 0.5362 0.5619
1 0.5356 0.5635
1 0.5349 0.5650
1 0.5342 0.5666
1 0.5334 0.5682
1 0.5326 0.5697
1 0.5318 0.5712
1 0.5309 0.5726
1 0.5299 0.5741
1 0.5290 0.5755
1 0.5279 0.5769
1 0.5269 0.5782
1 0.5258 0.5796
1 0.5246 0.5809
1 0.5235 0.5822
1 0.5223 0.5834
1 0.0434 1.0623
1 0.0422 1.0635
1 0.0409 1.0646
1 0.0396 1.0658
1 0.0382 1.0669
1 0.0369 1.0679
1 0.0355 1.0690
1 0.0341 1.0699
1 0.0326 1.0709
1 0.0312 1.0718
1 0.0297 1.0726
1 0.0282 1.0734
1 0.0266 1.0742
1 0.0250 1.0749
1 0.0235 1.0756
1 0.0219 1.0762
1 0.0202 1.0768
1 0.0186 1.0774
1 0.0170 1.0778
1 0.0154 1.0783
1 0.0137 1.0787
1 0.0120 1.0791
1 0.0102 1.0794
1 0.0086 1.0797
1 0.0069 1.0799
1 0.0051 1.0801
1 0.0034 1.0802
1 0.0018 1.0802
1 0.0000 1.0802
1 -0.0018 1.0802
1 -0.0034 1.0802
1 -0.0051 1.0801
1 -0.0069 1.0799
1 -0.0086 1.0797
1 -0.0102 1.0794
1 -0.0120 1.0791
1 -0.0137 1.0787
1 -0.0154 1.0783
1 -0.0170 1.0778
1 -0.0186 1.0774
1 -0.0202 1.0768
1 -0.0219 1.0762
1 -0.0235 1.0756
1 -0.0250 1.0749
1 -0.0266 1.0742
1 -0.0282 1.0734
1 -0.0297 1.0726
1 -0.0312 1.0718
1 -0.0326 1.0709
1 -0.0341 1.0699
1 -0.0355 1.0690
1 -0.0369 1.0679
1 -0.0382 1.0669
1 -0.0396 1.0658
1 -0.0409 1.0646
1 -0.0422 1.0635
1 -0.0434 1.0623
112 1250 197
0 -0.0340 1.0529
1 -0.5129 0.5740
1 -0.5139 0.5728
1 -0.5150 0.5717
1 -0.5160 0.5705
1 -0.5170 0.5692
1 -0.5179 0.5680
1 -0.5188 0.5667
1 -0.5197 0.5654
1 -0.5205 0.5640
1 -0.5213 0.5626
1 -0.5220 0.5613
1 -0.5226 0.5598
1 -0.5233 0.5584
1 -0.5238 0.5569
1 -0.5244 0.5554
1 -0.5249 0.5539
1 -0.5253 0.5524
1 -0.5257 0.5509
1 -0.5260 0.5494
1 -0.5263 0.5478
1 -0.5266 0.5462
1 -0.5267 0.5447
1 -0.5268 0.5431
1 -0.5269 0.5416
1 -0.5270 0.5400
1 -0.5269 0.5384
1 -0.5268 0.5369
1 -0.5267 0.5353
1 -0.5266 0.5338
1 -0.5263 0.5322
1 -0.5260 0.5306
1 -0.5257 0.5291
1 -0.5253 0.5276
1 -0.5249 0.5261
1 -0.5244 0.5246
1 -0.5238 0.5231
1 -0.5233 0.5216
1 -0.5226 0.5202
1 -0.5220 0.5187
1 -0.5213 0.5174
1 -0.5205 0.5160
1 -0.5197 0.5146
1 -0.5188 0.5133
1 -0.5179 0.5120
1 -0.5170 0.5108
1 -0.5160 0.5095
1 -0.5150 0.5083
1 -0.5139 0.5072
1 -0.5129 0.5060
1 -0.0340 0.0271
1 -0.0328 0.0261
1 -0.0317 0.0250
1 -0.0305 0.0240
1 -0.0292 0.0230
1 -0.0280 0.0221
1 -0.0267 0.0212
1 -0.0254 0.0203
1 -0.0240 0.0195
1 -0.0226 0.0187
1 -0.0213 0.0180
1 -0.0198 0.0174
1 -0.0184 0.0167
1 -0.0169 0.0162
1 -0.0154 0.0156
1 -0.0139 0.0151
1 -0.0124 0.0147
1 -0.0109 0.0143
1 -0.0094 0.0140
1 -0.0078 0.0137
1 -0.0062 0.0134
1 -0.0047 0.0133
1 -0.0031 0.0132
1 -0.0016 0.0131
1 0.0000 0.0130
1 0.0016 0.0131
1 0.0031 0.0132
1 0.0047 0.0133
1 0.0062 0.0134
1 0.0078 0.0137
1 0.0094 0.0140
1 0.0109 0.0143
1 0.0124 0.0147
1 0.0139 0.0151
1 0.0154 0.0156
1 0.0169 0.0162
1 0.0184 0.0167
1 0.0198 0.0174
1 0.0213 0.0180
1 0.0226 0.0187
1 0.0240 0.0195
1 0.0254 0.0203
1 0.0267 0.0212
1 0.0280 0.0221
1 0.0292 0.0230
1 0.0305 0.0240
1 0.0317 0.0250
1 0.0328 0.0261
1 0.0340 0.0271
1 0.5129 0.5060
1 0.5139 0.5072
1 0.5150 0.5083
1 0.5160 0.5095
1 0.5170 0.5108
1 0.5179 0.5120
1 0.5188 0.5133
1 0.5197 0.5146
1 0.5205 0.5160
1 0.5213 0.5174
1 0.5220 0.5187
1 0.5226 0.5202
1 0.5233 0.5216
1 0.5238 0.5231
1 0.5244 0.5246
1 0.5249 0.5261
1 0.5253 0.5276
1 0.5257 0.5291
1 0.5260 0.5306
1 0.5263 0.5322
1 0.5266 0.5338
1 0.5267 0.5353
1 0.5268 0.5369
1 0.5269 0.5384
1 0.5270 0.5400
1 0.5269 0.5416
1 0.5268 0.5431
1 0.5267 0.5447
1 0.5266 0.5462
1 0.5263 0.5478
1 0.5260 0.5494
1 0.5257 0.5509
1 0.5253 0.5524
1 0.5249 0.5539
1 0.5244 0.5554
1 0.5238 0.5569
1 0.5233 0.5584
1 0.5226 0.5598
1 0.5220 0.5613
1 0.5213 0.5626
1 0.5205 0.5640
1 0.5197 0.5654
1 0.5188 0.5667
1 0.5179 0.5680
1 0.5170 0.5692
1 0.5160 0.5705
1 0.5150 0.5717
1 0.5139 0.5728
1 0.5129 0.5740
1 0.0340 1.0529
1 0.0328 1.0539
1 0.0317 1.0550
1 0.0305 1.0560
1 0.0292 1.0570
1 0.0280 1.0579
1 0.0267 1.0588
1 0.0254 1.0597
1 0.0240 1.0605
1 0.0226 1.0613
1 0.0213 1.0620
1 0.0198 1.0626
1 0.0184 1.0633
1 0.0169 1.0638
1 0.0154 1.0644
1 0.0139 1.0649
1 0.0124 1.0653
1 0.0109 1.0657
1 0.0094 1.0660
1 0.0078 1.0663
1 0.0062 1.0666
1 0.0047 1.0667
1 0.0031 1.0668
1 0.0016 1.0669
1 0.0000 1.0670
1 -0.0016 1.0669
1 -0.0031 1.0668
1 -0.0047 1.0667
1 -0.0062 1.0666
1 -0.0078 1.0663
1 -0.0094 1.0660
1 -0.0109 1.0657
1 -0.0124 1.0653
1 -0.0139 1.0649
1 -0.0154 1.0644
1 -0.0169 1.0638
1 -0.0184 1.0633
1 -0.0198 1.0626
1 -0.0213 1.0620
1 -0.0226 1.0613
1 -0.0240 1.0605
1 -0.0254 1.0597
1 -0.0267 1.0588
1 -0.0280 1.0579
1 -0.0292 1.0570
1 -0.0305 1.0560
1 -0.0317 1.0550
1 -0.0328 1.0539
1 -0.0340 1.0529
112 1253 133
0 -0.4940 0.5551
1 -0.0151 1.0340
1 -0.0143 1.0347
1 -0.0135 1.0354
1 -0.0127 1.0361
1 -0.0118 1.0366
1 -0.0110 1.0372
1 -0.0101 1.0378
1 -0.0091 1.0382
1 -0.0082 1.0386
1 -0.0072 1.0390
1 -0.0062 1.0394
1 -0.0052 1.0396
1 -0.0042 1.0398
1 -0.0031 1.0400
1 -0.0021 1.0402
1 -0.0010 1.0402
1 0.0000 1.0402
1 0.0010 1.0402
1 0.0021 1.0402
1 0.0031 1.0400
1 0.0042 1.0398
1 0.0052 1.0396
1 0.0062 1.0394
1 0.0072 1.0390
1 0.0082 1.0386
1 0.0091 1.0382
1 0.0101 1.0378
1 0.0110 1.0372
1 0.0118 1.0366
1 0.0127 1.0361
1 0.0135 1.0354
1 0.0143 1.0347
1 0.0151 1.0340
1 0.4940 0.5551
1 0.4947 0.5543
1 0.4954 0.5535
1 0.4961 0.5527
1 0.4966 0.5518
1 0.4972 0.5510
1 0.4978 0.5501
1 0.4982 0.5491
1 0.4986 0.5482
1 0.4990 0.5472
1 0.4994 0.5462
1 0.4996 0.5452
1 0.4998 0.5442
1 0.5000 0.5431
1 0.5002 0.5421
1 0.5002 0.5410
1 0.5002 0.5400
1 0.5002 0.5390
1 0.5002 0.5379
1 0.5000 0.5369
1 0.4998 0.5358
1 0.4996 0.5348
1 0.4994 0.5338
1 0.4990 0.5328
1 0.4986 0.5318
1 0.4982 0.5309
1 0.4978 0.5299
1 0.4972 0.5290
1 0.4966 0.5282
1 0.4961 0.5273
1 0.4954 0.5265
1 0.4947 0.5257
1 0.4940 0.5249
1 0.0151 0.0460
1 0.0143 0.0453
1 0.0135 0.0446
1 0.0127 0.0439
1 0.0118 0.0434
1 0.0110 0.0428
1 0.0101 0.0422
1 0.0091 0.0418
1 0.0082 0.0414
1 0.0072 0.0410
1 0.0062 0.0406
1 0.0052 0.0404
1 0.0042 0.0402
1 0.0031 0.0400
1 0.0021 0.0398
1 0.0010 0.0398
1 0.0000 0.0398
1 -0.0010 0.0398
1 -0.0021 0.0398
1 -0.0031 0.0400
1 -0.0042 0.0402
1 -0.0052 0.0404
1 -0.0062 0.0406
1 -0.0072 0.0410
1 -0.0082 0.0414
1 -0.0091 0.0418
1 -0.0101 0.0422
1 -0.0110 0.0428
1 -0.0118 0.0434
1 -0.0127 0.0439
1 -0.0135 0.0446
1 -0.0143 0.0453
1 -0.0151 0.0460
1 -0.4940 0.5249
1 -0.4947 0.5257
1 -0.4954 0.5265
1 -0.4961 0.5273
1 -0.4966 0.5282
1 -0.4972 0.5290
1 -0.4978 0.5299
1 -0.4982 0.5309
1 -0.4986 0.5318
1 -0.4990 0.5328
1 -0.4994 0.5338
1 -0.4996 0.5348
1 -0.4998 0.5358
1 -0.5000 0.5369
1 -0.5002 0.5379
1 -0.5002 0.5390
1 -0.5002 0.5400
1 -0.5002 0.5410
1 -0.5002 0.5421
1 -0.5000 0.5431
1 -0.4998 0.5442
1 -0.4996 0.5452
1 -0.4994 0.5462
1 -0.4990 0.5472
1 -0.4986 0.5482
1 -0.4982 0.5491
1 -0.4978 0.5501
1 -0.4972 0.5510
1 -0.4966 0.5518
1 -0.4961 0.5527
1 -0.4954 0.5535
1 -0.4947 0.5543
1 -0.4940 0.5551
112 1250 292
0 0.0932 0.9128
1 -0.0568 0.6978
1 -0.0568 0.6978
1 -0.0574 0.6970
1 -0.0578 0.6962
1 -0.0583 0.6952
1 -0.0588 0.6943
1 -0.0591 0.6934
1 -0.0594 0.6924
1 -0.0598 0.6914
1 -0.0600 0.6905
1 -0.0602 0.6894
1 -0.0603 0.6885
1 -0.0604 0.6874
1 -0.0604 0.6864
1 -0.0604 0.6854
1 -0.0603 0.6844
1 -0.0602 0.6834
1 -0.0600 0.6824
1 -0.0598 0.6814
1 -0.0595 0.6805
1 -0.0592 0.6795
1 -0.0588 0.6786
1 -0.0584 0.6776
1 -0.0579 0.6767
1 -0.0574 0.6758
1 -0.0568 0.6750
1 -0.0562 0.6742
1 -0.0556 0.6734
1 -0.0549 0.6726
1 -0.0542 0.6719
1 -0.0534 0.6713
1 -0.0526 0.6706
1 -0.0518 0.6700
1 -0.0510 0.6694
1 -0.0502 0.6690
1 -0.0492 0.6685
1 -0.0483 0.6680
1 -0.0474 0.6677
1 -0.0464 0.6674
1 -0.0454 0.6670
1 -0.0445 0.6668
1 -0.0434 0.6666
1 -0.0425 0.6665
1 -0.0414 0.6664
1 -0.0404 0.6664
1 -0.0394 0.6664
1 -0.0384 0.6665
1 -0.0374 0.6666
1 -0.0364 0.6668
1 -0.0354 0.6670
1 -0.0354 0.6670
1 0.0400 0.6864
1 0.0400 0.6096
1 0.0400 0.6096
1 0.0400 0.6087
1 0.0399 0.6078
1 0.0398 0.6069
1 0.0396 0.6060
1 0.0394 0.6052
1 0.0391 0.6043
1 0.0388 0.6034
1 0.0384 0.6026
1 0.0380 0.6018
1 0.0375 0.6011
1 0.0370 0.6003
1 0.0365 0.5996
1 0.0359 0.5990
1 0.0353 0.5983
1 0.0346 0.5977
1 0.0340 0.5971
1 0.0333 0.5966
1 0.0325 0.5961
1 0.0318 0.5956
1 0.0310 0.5952
1 0.0302 0.5948
1 0.0293 0.5945
1 0.0284 0.5942
1 0.0276 0.5940
1 0.0267 0.5938
1 0.0258 0.5937
1 0.0249 0.5936
1 0.0240 0.5936
1 0.0240 0.5936
1 -0.1064 0.5936
1 -0.1064 0.5936
1 -0.1085 0.5936
1 -0.1105 0.5935
1 -0.1126 0.5934
1 -0.1146 0.5932
1 -0.1166 0.5930
1 -0.1187 0.5926
1 -0.1207 0.5923
1 -0.1228 0.5919
1 -0.1248 0.5914
1 -0.1268 0.5910
1 -0.1287 0.5904
1 -0.1307 0.5898
1 -0.1327 0.5891
1 -0.1346 0.5885
1 -0.1366 0.5877
1 -0.1384 0.5869
1 -0.1403 0.5861
1 -0.1422 0.5851
1 -0.1440 0.5842
1 -0.1458 0.5832
1 -0.1476 0.5822
1 -0.1494 0.5811
1 -0.1510 0.5800
1 -0.1527 0.5788
1 -0.1544 0.5776
1 -0.1561 0.5763
1 -0.1577 0.5750
1 -0.1592 0.5737
1 -0.1607 0.5723
1 -0.1622 0.5709
1 -0.1637 0.5694
1 -0.1651 0.5679
1 -0.1665 0.5664
1 -0.1678 0.5649
1 -0.1691 0.5633
1 -0.1704 0.5616
1 -0.1716 0.5599
1 -0.1728 0.5582
1 -0.1739 0.5566
1 -0.1750 0.5548
1 -0.1760 0.5530
1 -0.1770 0.5512
1 -0.1779 0.5494
1 -0.1789 0.5475
1 -0.1797 0.5456
1 -0.1805 0.5438
1 -0.1813 0.5418
1 -0.1819 0.5399
1 -0.1826 0.5379
1 -0.1832 0.5359
1 -0.1838 0.5340
1 -0.1842 0.5320
1 -0.1847 0.5300
1 -0.1851 0.5279
1 -0.1854 0.5259
1 -0.1858 0.5238
1 -0.1860 0.5218
1 -0.1862 0.5198
1 -0.1863 0.5177
1 -0.1864 0.5157
1 -0.1864 0.5136
1 -0.1864 0.5136
1 -0.1864 0.2864
1 -0.0800 0.2864
1 -0.0800 0.4712
1 -0.0800 0.4712
1 -0.0800 0.4721
1 -0.0799 0.4730
1 -0.0798 0.4739
1 -0.0796 0.4748
1 -0.0794 0.4756
1 -0.0791 0.4765
1 -0.0788 0.4774
1 -0.0784 0.4782
1 -0.0780 0.4790
1 -0.0775 0.4797
1 -0.0770 0.4805
1 -0.0765 0.4812
1 -0.0759 0.4818
1 -0.0753 0.4825
1 -0.0746 0.4831
1 -0.0740 0.4837
1 -0.0733 0.4842
1 -0.0725 0.4847
1 -0.0718 0.4852
1 -0.0710 0.4856
1 -0.0702 0.4860
1 -0.0693 0.4863
1 -0.0684 0.4866
1 -0.0676 0.4868
1 -0.0667 0.4870
1 -0.0658 0.4871
1 -0.0649 0.4872
1 -0.0640 0.4872
1 -0.0640 0.4872
1 0.0777 0.4872
1 0.0777 0.4872
1 0.0797 0.4875
1 0.0817 0.4878
1 0.0837 0.4883
1 0.0857 0.4888
1 0.0877 0.4893
1 0.0896 0.4898
1 0.0916 0.4905
1 0.0935 0.4911
1 0.0954 0.4918
1 0.0973 0.4926
1 0.0992 0.4934
1 0.1010 0.4943
1 0.1029 0.4952
1 0.1046 0.4962
1 0.1065 0.4971
1 0.1082 0.4982
1 0.1099 0.4993
1 0.1116 0.5004
1 0.1133 0.5016
1 0.1150 0.5028
1 0.1166 0.5041
1 0.1182 0.5054
1 0.1197 0.5067
1 0.1212 0.5081
1 0.1226 0.5095
1 0.1241 0.5110
1 0.1254 0.5125
1 0.1268 0.5140
1 0.1282 0.5155
1 0.1294 0.5171
1 0.1306 0.5187
1 0.1318 0.5204
1 0.1330 0.5221
1 0.1341 0.5238
1 0.1352 0.5255
1 0.1362 0.5273
1 0.1372 0.5291
1 0.1381 0.5310
1 0.1390 0.5328
1 0.1398 0.5346
1 0.1406 0.5365
1 0.1414 0.5384
1 0.1420 0.5403
1 0.1426 0.5422
1 0.1433 0.5442
1 0.1438 0.5462
1 0.1443 0.5482
1 0.1447 0.5502
1 0.1451 0.5522
1 0.1454 0.5542
1 0.1458 0.5562
1 0.1460 0.5582
1 0.1462 0.5603
1 0.1463 0.5623
1 0.1464 0.5643
1 0.1464 0.5664
1 0.1464 0.5664
1 0.1464 0.6864
1 0.2218 0.6670
1 0.2218 0.6670
1 0.2228 0.6668
1 0.2238 0.6666
1 0.2248 0.6665
1 0.2258 0.6664
1 0.2268 0.6664
1 0.2278 0.6664
1 0.2289 0.6665
1 0.2298 0.6666
1 0.2309 0.6668
1 0.2318 0.6670
1 0.2328 0.6674
1 0.2338 0.6677
1 0.2347 0.6680
1 0.2356 0.6685
1 0.2366 0.6690
1 0.2374 0.6694
1 0.2382 0.6700
1 0.2390 0.6706
1 0.2398 0.6713
1 0.2406 0.6719
1 0.2413 0.6726
1 0.2420 0.6734
1 0.2426 0.6742
1 0.2432 0.6750
1 0.2438 0.6758
1 0.2443 0.6767
1 0.2448 0.6776
1 0.2452 0.6786
1 0.2456 0.6795
1 0.2459 0.6805
1 0.2462 0.6814
1 0.2464 0.6824
1 0.2466 0.6834
1 0.2467 0.6844
1 0.2468 0.6854
1 0.2468 0.6864
1 0.2468 0.6874
1 0.2467 0.6885
1 0.2466 0.6894
1 0.2464 0.6905
1 0.2462 0.6914
1 0.2458 0.6924
1 0.2455 0.6934
1 0.2452 0.6943
1 0.2447 0.6952
1 0.2442 0.6962
1 0.2438 0.6970
1 0.2432 0.6978
1 0.2432 0.6978
