SEcl_PG-7c
3264 10 1 1 0 0 0 0 0 0 1 1
1.000
112 1253 229
0 -0.0434 1.0623
1 -0.5223 0.5834
1 -0.5235 0.5822
1 -0.5246 0.5809
1 -0.5258 0.5796
1 -0.5269 0.5782
1 -0.5279 0.5769
1 -0.5290 0.5755
1 -0.5299 0.5741
1 -0.5309 0.5726
1 -0.5318 0.5712
1 -0.5326 0.5697
1 -0.5334 0.5682
1 -0.5342 0.5666
1 -0.5349 0.5650
1 -0.5356 0.5635
1 -0.5362 0.5619
1 -0.5368 0.5602
1 -0.5374 0.5586
1 -0.5378 0.5570
1 -0.5383 0.5554
1 -0.5387 0.5537
1 -0.5391 0.5520
1 -0.5394 0.5502
1 -0.5397 0.5486
1 -0.5399 0.5469
1 -0.5401 0.5451
1 -0.5402 0.5434
1 -0.5402 0.5418
1 -0.5402 0.5400
1 -0.5402 0.5382
1 -0.5402 0.5366
1 -0.5401 0.5349
1 -0.5399 0.5331
1 -0.5397 0.5314
1 -0.5394 0.5298
1 -0.5391 0.5280
1 -0.5387 0.5263
1 -0.5383 0.5246
1 -0.5378 0.5230
1 -0.5374 0.5214
1 -0.5368 0.5198
1 -0.5362 0.5181
1 -0.5356 0.5165
1 -0.5349 0.5150
1 -0.5342 0.5134
1 -0.5334 0.5118
1 -0.5326 0.5103
1 -0.5318 0.5088
1 -0.5309 0.5074
1 -0.5299 0.5059
1 -0.5290 0.5045
1 -0.5279 0.5031
1 -0.5269 0.5018
1 -0.5258 0.5004
1 -0.5246 0.4991
1 -0.5235 0.4978
1 -0.5223 0.4966
1 -0.0434 0.0177
1 -0.0422 0.0165
1 -0.0409 0.0154
1 -0.0396 0.0142
1 -0.0382 0.0131
1 -0.0369 0.0121
1 -0.0355 0.0110
1 -0.0341 0.0101
1 -0.0326 0.0091
1 -0.0312 0.0082
1 -0.0297 0.0074
1 -0.0282 0.0066
1 -0.0266 0.0058
1 -0.0250 0.0051
1 -0.0235 0.0044
1 -0.0219 0.0038
1 -0.0202 0.0032
1 -0.0186 0.0026
1 -0.0170 0.0022
1 -0.0154 0.0017
1 -0.0137 0.0013
1 -0.0120 0.0009
1 -0.0102 0.0006
1 -0.0086 0.0003
1 -0.0069 0.0001
1 -0.0051 -0.0001
1 -0.0034 -0.0002
1 -0.0018 -0.0002
1 0.0000 -0.0002
1 0.0018 -0.0002
1 0.0034 -0.0002
1 0.0051 -0.0001
1 0.0069 0.0001
1 0.0086 0.0003
1 0.0102 0.0006
1 0.0120 0.0009
1 0.0137 0.0013
1 0.0154 0.0017
1 0.0170 0.0022
1 0.0186 0.0026
1 0.0202 0.0032
1 0.0219 0.0038
1 0.0235 0.0044
1 0.0250 0.0051
1 0.0266 0.0058
1 0.0282 0.0066
1 0.0297 0.0074
1 0.0312 0.0082
1 0.0326 0.0091
1 0.0341 0.0101
1 0.0355 0.0110
1 0.0369 0.0121
1 0.0382 0.0131
1 0.0396 0.0142
1 0.0409 0.0154
1 0.0422 0.0165
1 0.0434 0.0177
1 0.5223 0.4966
1 0.5235 0.4978
1 0.5246 0.4991
1 0.5258 0.5004
1 0.5269 0.5018
1 0.5279 0.5031
1 0.5290 0.5045
1 0.5299 0.5059
1 0.5309 0.5074
1 0.5318 0.5088
1 0.5326 0.5103
1 0.5334 0.5118
1 0.5342 0.5134
1 0.5349 0.5150
1 0.5356 0.5165
1 0.5362 0.5181
1 0.5368 0.5198
1 0.5374 0.5214
1 0.5378 0.5230
1 0.5383 0.5246
1 0.5387 0.5263
1 0.5391 0.5280
1 0.5394 0.5298
1 0.5397 0.5314
1 0.5399 0.5331
1 0.5401 0.5349
1 0.5402 0.5366
1 0.5402 0.5382
1 0.5402 0.5400
1 0.5402 0.5418
1 0.5402 0.5434
1 0.5401 0.5451
1 0.5399 0.5469
1 0.5397 0.5486
1 0.5394 0.5502
1 0.5391 0.5520
1 0.5387 0.5537
1 0.5383 0.5554
1 0.5378 0.5570
1 0.5374 0.5586
1 0.5368 0.5602
1 0.5362 0.5619
1 0.5356 0.5635
1 0.5349 0.5650
1 0.5342 0.5666
1 0.5334 0.5682
1 0.5326 0.5697
1 0.5318 0.5712
1 0.5309 0.5726
1 0.5299 0.5741
1 0.5290 0.5755
1 0.5279 0.5769
1 0.5269 0.5782
1 0.5258 0.5796
1 0.5246 0.5809
1 0.5235 0.5822
1 0.5223 0.5834
1 0.0434 1.0623
1 0.0422 1.0635
1 0.0409 1.0646
1 0.0396 1.0658
1 0.0382 1.0669
1 0.0369 1.0679
1 0.0355 1.0690
1 0.0341 1.0699
1 0.0326 1.0709
1 0.0312 1.0718
1 0.0297 1.0726
1 0.0282 1.0734
1 0.0266 1.0742
1 0.0250 1.0749
1 0.0235 1.0756
1 0.0219 1.0762
1 0.0202 1.0768
1 0.0186 1.0774
1 0.0170 1.0778
1 0.0154 1.0783
1 0.0137 1.0787
1 0.0120 1.0791
1 0.0102 1.0794
1 0.0086 1.0797
1 0.0069 1.0799
1 0.0051 1.0801
1 0.0034 1.0802
1 0.0018 1.0802
1 0.0000 1.0802
1 -0.0018 1.0802
1 -0.0034 1.0802
1 -0.0051 1.0801
1 -0.0069 1.0799
1 -0.0086 1.0797
1 -0.0102 1.0794
1 -0.0120 1.0791
1 -0.0137 1.0787
1 -0.0154 1.0783
1 -0.0170 1.0778
1 -0.0186 1.0774
1 -0.0202 1.0768
1 -0.0219 1.0762
1 -0.0235 1.0756
1 -0.0250 1.0749
1 -0.0266 1.0742
1 -0.0282 1.0734
1 -0.0297 1.0726
1 -0.0312 1.0718
1 -0.0326 1.0709
1 -0.0341 1.0699
1 -0.0355 1.0690
1 -0.0369 1.0679
1 -0.0382 1.0669
1 -0.0396 1.0658
1 -0.0409 1.0646
1 -0.0422 1.0635
1 -0.0434 1.0623
112 1250 197
0 -0.0340 1.0529
1 -0.5129 0.5740
1 -0.5139 0.5728
1 -0.5150 0.5717
1 -0.5160 0.5705
1 -0.5170 0.5692
1 -0.5179 0.5680
1 -0.5188 0.5667
1 -0.5197 0.5654
1 -0.5205 0.5640
1 -0.5213 0.5626
1 -0.5220 0.5613
1 -0.5226 0.5598
1 -0.5233 0.5584
1 -0.5238 0.5569
1 -0.5244 0.5554
1 -0.5249 0.5539
1 -0.5253 0.5524
1 -0.5257 0.5509
1 -0.5260 0.5494
1 -0.5263 0.5478
1 -0.5266 0.5462
1 -0.5267 0.5447
1 -0.5268 0.5431
1 -0.5269 0.5416
1 -0.5270 0.5400
1 -0.5269 0.5384
1 -0.5268 0.5369
1 -0.5267 0.5353
1 -0.5266 0.5338
1 -0.5263 0.5322
1 -0.5260 0.5306
1 -0.5257 0.5291
1 -0.5253 0.5276
1 -0.5249 0.5261
1 -0.5244 0.5246
1 -0.5238 0.5231
1 -0.5233 0.5216
1 -0.5226 0.5202
1 -0.5220 0.5187
1 -0.5213 0.5174
1 -0.5205 0.5160
1 -0.5197 0.5146
1 -0.5188 0.5133
1 -0.5179 0.5120
1 -0.5170 0.5108
1 -0.5160 0.5095
1 -0.5150 0.5083
1 -0.5139 0.5072
1 -0.5129 0.5060
1 -0.0340 0.0271
1 -0.0328 0.0261
1 -0.0317 0.0250
1 -0.0305 0.0240
1 -0.0292 0.0230
1 -0.0280 0.0221
1 -0.0267 0.0212
1 -0.0254 0.0203
1 -0.0240 0.0195
1 -0.0226 0.0187
1 -0.0213 0.0180
1 -0.0198 0.0174
1 -0.0184 0.0167
1 -0.0169 0.0162
1 -0.0154 0.0156
1 -0.0139 0.0151
1 -0.0124 0.0147
1 -0.0109 0.0143
1 -0.0094 0.0140
1 -0.0078 0.0137
1 -0.0062 0.0134
1 -0.0047 0.0133
1 -0.0031 0.0132
1 -0.0016 0.0131
1 0.0000 0.0130
1 0.0016 0.0131
1 0.0031 0.0132
1 0.0047 0.0133
1 0.0062 0.0134
1 0.0078 0.0137
1 0.0094 0.0140
1 0.0109 0.0143
1 0.0124 0.0147
1 0.0139 0.0151
1 0.0154 0.0156
1 0.0169 0.0162
1 0.0184 0.0167
1 0.0198 0.0174
1 0.0213 0.0180
1 0.0226 0.0187
1 0.0240 0.0195
1 0.0254 0.0203
1 0.0267 0.0212
1 0.0280 0.0221
1 0.0292 0.0230
1 0.0305 0.0240
1 0.0317 0.0250
1 0.0328 0.0261
1 0.0340 0.0271
1 0.5129 0.5060
1 0.5139 0.5072
1 0.5150 0.5083
1 0.5160 0.5095
1 0.5170 0.5108
1 0.5179 0.5120
1 0.5188 0.5133
1 0.5197 0.5146
1 0.5205 0.5160
1 0.5213 0.5174
1 0.5220 0.5187
1 0.5226 0.5202
1 0.5233 0.5216
1 0.5238 0.5231
1 0.5244 0.5246
1 0.5249 0.5261
1 0.5253 0.5276
1 0.5257 0.5291
1 0.5260 0.5306
1 0.5263 0.5322
1 0.5266 0.5338
1 0.5267 0.5353
1 0.5268 0.5369
1 0.5269 0.5384
1 0.5270 0.5400
1 0.5269 0.5416
1 0.5268 0.5431
1 0.5267 0.5447
1 0.5266 0.5462
1 0.5263 0.5478
1 0.5260 0.5494
1 0.5257 0.5509
1 0.5253 0.5524
1 0.5249 0.5539
1 0.5244 0.5554
1 0.5238 0.5569
1 0.5233 0.5584
1 0.5226 0.5598
1 0.5220 0.5613
1 0.5213 0.5626
1 0.5205 0.5640
1 0.5197 0.5654
1 0.5188 0.5667
1 0.5179 0.5680
1 0.5170 0.5692
1 0.5160 0.5705
1 0.5150 0.5717
1 0.5139 0.5728
1 0.5129 0.5740
1 0.0340 1.0529
1 0.0328 1.0539
1 0.0317 1.0550
1 0.0305 1.0560
1 0.0292 1.0570
1 0.0280 1.0579
1 0.0267 1.0588
1 0.0254 1.0597
1 0.0240 1.0605
1 0.0226 1.0613
1 0.0213 1.0620
1 0.0198 1.0626
1 0.0184 1.0633
1 0.0169 1.0638
1 0.0154 1.0644
1 0.0139 1.0649
1 0.0124 1.0653
1 0.0109 1.0657
1 0.0094 1.0660
1 0.0078 1.0663
1 0.0062 1.0666
1 0.0047 1.0667
1 0.0031 1.0668
1 0.0016 1.0669
1 0.0000 1.0670
1 -0.0016 1.0669
1 -0.0031 1.0668
1 -0.0047 1.0667
1 -0.0062 1.0666
1 -0.0078 1.0663
1 -0.0094 1.0660
1 -0.0109 1.0657
1 -0.0124 1.0653
1 -0.0139 1.0649
1 -0.0154 1.0644
1 -0.0169 1.0638
1 -0.0184 1.0633
1 -0.0198 1.0626
1 -0.0213 1.0620
1 -0.0226 1.0613
1 -0.0240 1.0605
1 -0.0254 1.0597
1 -0.0267 1.0588
1 -0.0280 1.0579
1 -0.0292 1.0570
1 -0.0305 1.0560
1 -0.0317 1.0550
1 -0.0328 1.0539
1 -0.0340 1.0529
112 1253 133
0 -0.4940 0.5551
1 -0.0151 1.0340
1 -0.0143 1.0347
1 -0.0135 1.0354
1 -0.0127 1.0361
1 -0.0118 1.0366
1 -0.0110 1.0372
1 -0.0101 1.0378
1 -0.0091 1.0382
1 -0.0082 1.0386
1 -0.0072 1.0390
1 -0.0062 1.0394
1 -0.0052 1.0396
1 -0.0042 1.0398
1 -0.0031 1.0400
1 -0.0021 1.0402
1 -0.0010 1.0402
1 0.0000 1.0402
1 0.0010 1.0402
1 0.0021 1.0402
1 0.0031 1.0400
1 0.0042 1.0398
1 0.0052 1.0396
1 0.0062 1.0394
1 0.0072 1.0390
1 0.0082 1.0386
1 0.0091 1.0382
1 0.0101 1.0378
1 0.0110 1.0372
1 0.0118 1.0366
1 0.0127 1.0361
1 0.0135 1.0354
1 0.0143 1.0347
1 0.0151 1.0340
1 0.4940 0.5551
1 0.4947 0.5543
1 0.4954 0.5535
1 0.4961 0.5527
1 0.4966 0.5518
1 0.4972 0.5510
1 0.4978 0.5501
1 0.4982 0.5491
1 0.4986 0.5482
1 0.4990 0.5472
1 0.4994 0.5462
1 0.4996 0.5452
1 0.4998 0.5442
1 0.5000 0.5431
1 0.5002 0.5421
1 0.5002 0.5410
1 0.5002 0.5400
1 0.5002 0.5390
1 0.5002 0.5379
1 0.5000 0.5369
1 0.4998 0.5358
1 0.4996 0.5348
1 0.4994 0.5338
1 0.4990 0.5328
1 0.4986 0.5318
1 0.4982 0.5309
1 0.4978 0.5299
1 0.4972 0.5290
1 0.4966 0.5282
1 0.4961 0.5273
1 0.4954 0.5265
1 0.4947 0.5257
1 0.4940 0.5249
1 0.0151 0.0460
1 0.0143 0.0453
1 0.0135 0.0446
1 0.0127 0.0439
1 0.0118 0.0434
1 0.0110 0.0428
1 0.0101 0.0422
1 0.0091 0.0418
1 0.0082 0.0414
1 0.0072 0.0410
1 0.0062 0.0406
1 0.0052 0.0404
1 0.0042 0.0402
1 0.0031 0.0400
1 0.0021 0.0398
1 0.0010 0.0398
1 0.0000 0.0398
1 -0.0010 0.0398
1 -0.0021 0.0398
1 -0.0031 0.0400
1 -0.0042 0.0402
1 -0.0052 0.0404
1 -0.0062 0.0406
1 -0.0072 0.0410
1 -0.0082 0.0414
1 -0.0091 0.0418
1 -0.0101 0.0422
1 -0.0110 0.0428
1 -0.0118 0.0434
1 -0.0127 0.0439
1 -0.0135 0.0446
1 -0.0143 0.0453
1 -0.0151 0.0460
1 -0.4940 0.5249
1 -0.4947 0.5257
1 -0.4954 0.5265
1 -0.4961 0.5273
1 -0.4966 0.5282
1 -0.4972 0.5290
1 -0.4978 0.5299
1 -0.4982 0.5309
1 -0.4986 0.5318
1 -0.4990 0.5328
1 -0.4994 0.5338
1 -0.4996 0.5348
1 -0.4998 0.5358
1 -0.5000 0.5369
1 -0.5002 0.5379
1 -0.5002 0.5390
1 -0.5002 0.5400
1 -0.5002 0.5410
1 -0.5002 0.5421
1 -0.5000 0.5431
1 -0.4998 0.5442
1 -0.4996 0.5452
1 -0.4994 0.5462
1 -0.4990 0.5472
1 -0.4986 0.5482
1 -0.4982 0.5491
1 -0.4978 0.5501
1 -0.4972 0.5510
1 -0.4966 0.5518
1 -0.4961 0.5527
1 -0.4954 0.5535
1 -0.4947 0.5543
1 -0.4940 0.5551
112 1250 4
0 0.2666 0.4154
1 0.2666 0.6646
1 -0.2666 0.4154
1 0.2666 0.4154
112 1250 157
0 -0.0847 0.5522
1 -0.0858 0.5530
1 -0.0869 0.5537
1 -0.0879 0.5543
1 -0.0890 0.5550
1 -0.0902 0.5556
1 -0.0914 0.5562
1 -0.0926 0.5566
1 -0.0938 0.5571
1 -0.0950 0.5575
1 -0.0962 0.5578
1 -0.0975 0.5582
1 -0.0988 0.5584
1 -0.1000 0.5586
1 -0.1013 0.5587
1 -0.1026 0.5588
1 -0.1039 0.5589
1 -0.1052 0.5589
1 -0.1065 0.5588
1 -0.1078 0.5587
1 -0.1090 0.5586
1 -0.1103 0.5583
1 -0.1115 0.5581
1 -0.1128 0.5578
1 -0.1141 0.5574
1 -0.1153 0.5570
1 -0.1165 0.5565
1 -0.1177 0.5560
1 -0.1188 0.5554
1 -0.1199 0.5548
1 -0.1210 0.5542
1 -0.1222 0.5534
1 -0.1232 0.5527
1 -0.1242 0.5519
1 -0.1252 0.5511
1 -0.1262 0.5502
1 -0.1271 0.5494
1 -0.1280 0.5485
1 -0.1289 0.5474
1 -0.1297 0.5465
1 -0.1304 0.5454
1 -0.1311 0.5444
1 -0.1318 0.5433
1 -0.1325 0.5422
1 -0.1330 0.5410
1 -0.1336 0.5398
1 -0.1341 0.5386
1 -0.1346 0.5374
1 -0.1350 0.5362
1 -0.1353 0.5350
1 -0.1356 0.5338
1 -0.1358 0.5325
1 -0.1361 0.5312
1 -0.1362 0.5299
1 -0.1363 0.5286
1 -0.1363 0.5274
1 -0.1363 0.5261
1 -0.1363 0.5248
1 -0.1362 0.5235
1 -0.1360 0.5222
1 -0.1358 0.5210
1 -0.1355 0.5197
1 -0.1352 0.5184
1 -0.1349 0.5172
1 -0.1344 0.5160
1 -0.1340 0.5148
1 -0.1334 0.5136
1 -0.1329 0.5124
1 -0.1323 0.5113
1 -0.1317 0.5102
1 -0.1310 0.5091
1 -0.1302 0.5080
1 -0.1294 0.5070
1 -0.1286 0.5060
1 -0.1278 0.5050
1 -0.1269 0.5042
1 -0.1259 0.5032
1 -0.1250 0.5024
1 -0.1239 0.5016
1 -0.1229 0.5008
1 -0.1218 0.5001
1 -0.1207 0.4994
1 -0.1196 0.4988
1 -0.1185 0.4982
1 -0.1173 0.4976
1 -0.1162 0.4971
1 -0.1150 0.4966
1 -0.1137 0.4962
1 -0.1125 0.4959
1 -0.1112 0.4956
1 -0.1099 0.4954
1 -0.1086 0.4952
1 -0.1074 0.4950
1 -0.1061 0.4950
1 -0.1048 0.4949
1 -0.1035 0.4949
1 -0.1022 0.4950
1 -0.1010 0.4950
1 -0.0997 0.4952
1 -0.0984 0.4954
1 -0.0971 0.4957
1 -0.0959 0.4960
1 -0.0946 0.4964
1 -0.0934 0.4968
1 -0.0922 0.4973
1 -0.0910 0.4978
1 -0.0899 0.4983
1 -0.0887 0.4990
1 -0.0877 0.4996
1 -0.0866 0.5003
1 -0.0855 0.5010
1 -0.0845 0.5018
1 -0.0835 0.5026
1 -0.0826 0.5035
1 -0.0816 0.5044
1 -0.0807 0.5053
1 -0.0798 0.5063
1 -0.0790 0.5073
1 -0.0783 0.5083
1 -0.0775 0.5094
1 -0.0769 0.5105
1 -0.0762 0.5116
1 -0.0757 0.5127
1 -0.0751 0.5139
1 -0.0746 0.5151
1 -0.0742 0.5163
1 -0.0738 0.5175
1 -0.0734 0.5188
1 -0.0731 0.5200
1 -0.0729 0.5213
1 -0.0726 0.5226
1 -0.0725 0.5238
1 -0.0724 0.5251
1 -0.0723 0.5264
1 -0.0724 0.5277
1 -0.0724 0.5290
1 -0.0726 0.5302
1 -0.0727 0.5315
1 -0.0729 0.5328
1 -0.0732 0.5341
1 -0.0735 0.5354
1 -0.0738 0.5366
1 -0.0742 0.5378
1 -0.0747 0.5390
1 -0.0753 0.5402
1 -0.0758 0.5414
1 -0.0764 0.5425
1 -0.0770 0.5436
1 -0.0778 0.5446
1 -0.0785 0.5458
1 -0.0793 0.5467
1 -0.0801 0.5478
1 -0.0810 0.5487
1 -0.0818 0.5496
1 -0.0828 0.5506
1 -0.0838 0.5514
1 -0.0847 0.5522
112 1253 129
0 -0.0913 0.5438
1 -0.0922 0.5444
1 -0.0930 0.5450
1 -0.0939 0.5454
1 -0.0948 0.5460
1 -0.0958 0.5464
1 -0.0967 0.5468
1 -0.0978 0.5471
1 -0.0987 0.5474
1 -0.0998 0.5477
1 -0.1008 0.5479
1 -0.1018 0.5481
1 -0.1029 0.5482
1 -0.1039 0.5482
1 -0.1050 0.5482
1 -0.1060 0.5482
1 -0.1070 0.5481
1 -0.1081 0.5479
1 -0.1091 0.5477
1 -0.1101 0.5474
1 -0.1111 0.5471
1 -0.1121 0.5467
1 -0.1130 0.5463
1 -0.1140 0.5459
1 -0.1150 0.5454
1 -0.1158 0.5449
1 -0.1167 0.5442
1 -0.1175 0.5437
1 -0.1183 0.5430
1 -0.1191 0.5422
1 -0.1198 0.5415
1 -0.1206 0.5407
1 -0.1212 0.5399
1 -0.1218 0.5391
1 -0.1224 0.5382
1 -0.1230 0.5374
1 -0.1234 0.5364
1 -0.1239 0.5354
1 -0.1243 0.5345
1 -0.1246 0.5335
1 -0.1250 0.5325
1 -0.1252 0.5314
1 -0.1254 0.5305
1 -0.1255 0.5294
1 -0.1256 0.5284
1 -0.1257 0.5274
1 -0.1257 0.5262
1 -0.1256 0.5252
1 -0.1255 0.5242
1 -0.1254 0.5231
1 -0.1251 0.5222
1 -0.1249 0.5211
1 -0.1246 0.5201
1 -0.1242 0.5191
1 -0.1238 0.5182
1 -0.1234 0.5172
1 -0.1229 0.5163
1 -0.1223 0.5154
1 -0.1218 0.5146
1 -0.1211 0.5137
1 -0.1205 0.5129
1 -0.1198 0.5121
1 -0.1190 0.5114
1 -0.1182 0.5106
1 -0.1174 0.5100
1 -0.1166 0.5094
1 -0.1157 0.5088
1 -0.1148 0.5082
1 -0.1138 0.5078
1 -0.1130 0.5074
1 -0.1119 0.5070
1 -0.1110 0.5066
1 -0.1100 0.5063
1 -0.1090 0.5061
1 -0.1079 0.5058
1 -0.1069 0.5057
1 -0.1058 0.5056
1 -0.1048 0.5055
1 -0.1038 0.5055
1 -0.1027 0.5056
1 -0.1017 0.5057
1 -0.1006 0.5058
1 -0.0996 0.5061
1 -0.0986 0.5063
1 -0.0976 0.5066
1 -0.0966 0.5070
1 -0.0956 0.5074
1 -0.0947 0.5078
1 -0.0938 0.5083
1 -0.0929 0.5089
1 -0.0920 0.5095
1 -0.0912 0.5101
1 -0.0903 0.5108
1 -0.0896 0.5115
1 -0.0889 0.5122
1 -0.0882 0.5130
1 -0.0875 0.5138
1 -0.0869 0.5146
1 -0.0863 0.5155
1 -0.0858 0.5164
1 -0.0853 0.5174
1 -0.0848 0.5183
1 -0.0844 0.5193
1 -0.0841 0.5202
1 -0.0838 0.5213
1 -0.0835 0.5223
1 -0.0833 0.5233
1 -0.0832 0.5243
1 -0.0830 0.5254
1 -0.0830 0.5264
1 -0.0830 0.5275
1 -0.0831 0.5286
1 -0.0832 0.5296
1 -0.0834 0.5306
1 -0.0835 0.5316
1 -0.0838 0.5326
1 -0.0842 0.5337
1 -0.0845 0.5346
1 -0.0849 0.5356
1 -0.0854 0.5366
1 -0.0858 0.5374
1 -0.0864 0.5383
1 -0.0870 0.5392
1 -0.0876 0.5401
1 -0.0882 0.5409
1 -0.0890 0.5417
1 -0.0897 0.5424
1 -0.0905 0.5431
1 -0.0913 0.5438
112 1250 180
0 0.0947 0.6199
1 -0.0715 0.5422
1 -0.0721 0.5434
1 -0.0727 0.5446
1 -0.0734 0.5458
1 -0.0742 0.5470
1 -0.0750 0.5481
1 -0.0758 0.5492
1 -0.0766 0.5502
1 -0.0775 0.5512
1 -0.0784 0.5522
1 -0.0794 0.5532
1 -0.0804 0.5541
1 -0.0814 0.5550
1 -0.0825 0.5558
1 -0.0836 0.5566
1 -0.0847 0.5574
1 -0.0858 0.5581
1 -0.0870 0.5587
1 -0.0882 0.5594
1 -0.0894 0.5599
1 -0.0907 0.5605
1 -0.0920 0.5610
1 -0.0933 0.5614
1 -0.0946 0.5618
1 -0.0958 0.5622
1 -0.0972 0.5624
1 -0.0986 0.5626
1 -0.0998 0.5629
1 -0.1012 0.5630
1 -0.1026 0.5631
1 -0.1039 0.5631
1 -0.1053 0.5631
1 -0.1066 0.5630
1 -0.1080 0.5630
1 -0.1094 0.5628
1 -0.1107 0.5626
1 -0.1120 0.5623
1 -0.1134 0.5620
1 -0.1146 0.5617
1 -0.1159 0.5613
1 -0.1172 0.5608
1 -0.1185 0.5603
1 -0.1197 0.5598
1 -0.1210 0.5591
1 -0.1222 0.5585
1 -0.1233 0.5578
1 -0.1244 0.5570
1 -0.1255 0.5563
1 -0.1266 0.5555
1 -0.1277 0.5546
1 -0.1287 0.5538
1 -0.1297 0.5528
1 -0.1306 0.5518
1 -0.1316 0.5509
1 -0.1325 0.5498
1 -0.1333 0.5487
1 -0.1341 0.5477
1 -0.1348 0.5466
1 -0.1355 0.5454
1 -0.1362 0.5442
1 -0.1369 0.5430
1 -0.1374 0.5418
1 -0.1379 0.5405
1 -0.1385 0.5393
1 -0.1389 0.5380
1 -0.1393 0.5366
1 -0.1396 0.5354
1 -0.1399 0.5340
1 -0.1402 0.5327
1 -0.1403 0.5314
1 -0.1405 0.5300
1 -0.1406 0.5286
1 -0.1406 0.5273
1 -0.1406 0.5259
1 -0.1406 0.5246
1 -0.1404 0.5232
1 -0.1402 0.5219
1 -0.1401 0.5206
1 -0.1398 0.5192
1 -0.1395 0.5179
1 -0.1391 0.5166
1 -0.1387 0.5153
1 -0.1382 0.5140
1 -0.1378 0.5127
1 -0.1372 0.5115
1 -0.1817 0.4907
1 -0.2133 0.5584
1 -0.1553 0.5855
1 -0.1347 0.6422
1 -0.0188 0.6964
1 0.0766 0.6939
1 0.1630 0.7107
1 0.1961 0.6909
1 0.2051 0.6715
1 0.1604 0.6506
1 0.1598 0.6518
1 0.1592 0.6530
1 0.1585 0.6542
1 0.1578 0.6554
1 0.1570 0.6565
1 0.1562 0.6576
1 0.1553 0.6586
1 0.1544 0.6597
1 0.1535 0.6606
1 0.1526 0.6616
1 0.1515 0.6625
1 0.1505 0.6634
1 0.1494 0.6642
1 0.1483 0.6650
1 0.1472 0.6658
1 0.1461 0.6665
1 0.1449 0.6672
1 0.1437 0.6678
1 0.1424 0.6684
1 0.1412 0.6689
1 0.1399 0.6694
1 0.1386 0.6698
1 0.1374 0.6702
1 0.1360 0.6706
1 0.1347 0.6709
1 0.1334 0.6711
1 0.1320 0.6713
1 0.1307 0.6714
1 0.1294 0.6715
1 0.1280 0.6716
1 0.1266 0.6715
1 0.1253 0.6715
1 0.1239 0.6714
1 0.1226 0.6712
1 0.1212 0.6710
1 0.1199 0.6707
1 0.1186 0.6704
1 0.1173 0.6701
1 0.1160 0.6697
1 0.1147 0.6692
1 0.1134 0.6687
1 0.1122 0.6682
1 0.1110 0.6675
1 0.1098 0.6669
1 0.1086 0.6662
1 0.1074 0.6655
1 0.1063 0.6647
1 0.1053 0.6639
1 0.1042 0.6630
1 0.1032 0.6622
1 0.1022 0.6612
1 0.1013 0.6602
1 0.1003 0.6593
1 0.0994 0.6582
1 0.0986 0.6572
1 0.0978 0.6561
1 0.0970 0.6550
1 0.0963 0.6538
1 0.0957 0.6526
1 0.0950 0.6514
1 0.0945 0.6502
1 0.0939 0.6490
1 0.0934 0.6477
1 0.0930 0.6464
1 0.0926 0.6451
1 0.0923 0.6438
1 0.0920 0.6425
1 0.0918 0.6411
1 0.0916 0.6398
1 0.0914 0.6384
1 0.0914 0.6370
1 0.0913 0.6357
1 0.0913 0.6343
1 0.0914 0.6330
1 0.0914 0.6317
1 0.0916 0.6303
1 0.0918 0.6290
1 0.0921 0.6276
1 0.0924 0.6263
1 0.0928 0.6250
1 0.0932 0.6237
1 0.0937 0.6224
1 0.0942 0.6212
1 0.0947 0.6199
112 1250 157
0 0.1471 0.6606
1 0.1461 0.6614
1 0.1450 0.6621
1 0.1439 0.6628
1 0.1428 0.6634
1 0.1417 0.6640
1 0.1406 0.6646
1 0.1394 0.6650
1 0.1382 0.6655
1 0.1369 0.6659
1 0.1357 0.6662
1 0.1344 0.6666
1 0.1331 0.6668
1 0.1318 0.6670
1 0.1306 0.6671
1 0.1293 0.6673
1 0.1280 0.6673
1 0.1267 0.6673
1 0.1254 0.6672
1 0.1242 0.6671
1 0.1229 0.6670
1 0.1216 0.6667
1 0.1203 0.6665
1 0.1191 0.6662
1 0.1178 0.6658
1 0.1166 0.6654
1 0.1154 0.6649
1 0.1142 0.6644
1 0.1131 0.6638
1 0.1119 0.6632
1 0.1109 0.6626
1 0.1098 0.6619
1 0.1087 0.6611
1 0.1077 0.6604
1 0.1067 0.6595
1 0.1058 0.6587
1 0.1048 0.6578
1 0.1039 0.6569
1 0.1030 0.6559
1 0.1022 0.6549
1 0.1015 0.6538
1 0.1008 0.6528
1 0.1001 0.6517
1 0.0994 0.6506
1 0.0989 0.6494
1 0.0983 0.6482
1 0.0978 0.6470
1 0.0974 0.6458
1 0.0970 0.6446
1 0.0966 0.6434
1 0.0963 0.6422
1 0.0961 0.6409
1 0.0958 0.6396
1 0.0957 0.6383
1 0.0956 0.6370
1 0.0955 0.6358
1 0.0956 0.6345
1 0.0956 0.6332
1 0.0958 0.6319
1 0.0959 0.6306
1 0.0961 0.6294
1 0.0964 0.6281
1 0.0967 0.6269
1 0.0970 0.6256
1 0.0974 0.6244
1 0.0979 0.6232
1 0.0985 0.6220
1 0.0990 0.6208
1 0.0996 0.6197
1 0.1002 0.6186
1 0.1010 0.6175
1 0.1017 0.6165
1 0.1025 0.6154
1 0.1033 0.6144
1 0.1042 0.6134
1 0.1050 0.6126
1 0.1060 0.6117
1 0.1070 0.6108
1 0.1080 0.6100
1 0.1090 0.6092
1 0.1101 0.6085
1 0.1111 0.6078
1 0.1122 0.6072
1 0.1134 0.6066
1 0.1146 0.6061
1 0.1158 0.6055
1 0.1170 0.6051
1 0.1182 0.6047
1 0.1194 0.6043
1 0.1207 0.6041
1 0.1220 0.6038
1 0.1232 0.6036
1 0.1246 0.6034
1 0.1258 0.6034
1 0.1271 0.6033
1 0.1284 0.6033
1 0.1297 0.6034
1 0.1310 0.6034
1 0.1322 0.6037
1 0.1335 0.6038
1 0.1348 0.6042
1 0.1360 0.6044
1 0.1373 0.6048
1 0.1385 0.6052
1 0.1397 0.6057
1 0.1409 0.6062
1 0.1420 0.6067
1 0.1431 0.6074
1 0.1442 0.6080
1 0.1454 0.6087
1 0.1464 0.6094
1 0.1474 0.6102
1 0.1484 0.6110
1 0.1494 0.6119
1 0.1503 0.6128
1 0.1512 0.6138
1 0.1521 0.6147
1 0.1529 0.6157
1 0.1536 0.6167
1 0.1543 0.6178
1 0.1550 0.6189
1 0.1557 0.6200
1 0.1562 0.6212
1 0.1568 0.6223
1 0.1573 0.6235
1 0.1578 0.6247
1 0.1582 0.6259
1 0.1585 0.6272
1 0.1588 0.6285
1 0.1590 0.6297
1 0.1593 0.6310
1 0.1594 0.6322
1 0.1595 0.6335
1 0.1595 0.6348
1 0.1595 0.6362
1 0.1595 0.6374
1 0.1594 0.6387
1 0.1592 0.6400
1 0.1590 0.6413
1 0.1587 0.6425
1 0.1584 0.6438
1 0.1581 0.6450
1 0.1576 0.6462
1 0.1572 0.6474
1 0.1566 0.6486
1 0.1561 0.6498
1 0.1555 0.6509
1 0.1549 0.6520
1 0.1542 0.6531
1 0.1534 0.6542
1 0.1526 0.6552
1 0.1518 0.6562
1 0.1510 0.6571
1 0.1501 0.6581
1 0.1491 0.6590
1 0.1482 0.6598
1 0.1471 0.6606
112 1253 129
0 0.1406 0.6522
1 0.1398 0.6528
1 0.1389 0.6534
1 0.1380 0.6539
1 0.1370 0.6544
1 0.1362 0.6548
1 0.1351 0.6552
1 0.1342 0.6556
1 0.1332 0.6559
1 0.1322 0.6562
1 0.1311 0.6563
1 0.1301 0.6565
1 0.1290 0.6566
1 0.1280 0.6566
1 0.1270 0.6566
1 0.1259 0.6566
1 0.1249 0.6565
1 0.1238 0.6563
1 0.1228 0.6561
1 0.1218 0.6558
1 0.1208 0.6555
1 0.1198 0.6552
1 0.1188 0.6548
1 0.1179 0.6543
1 0.1170 0.6538
1 0.1161 0.6533
1 0.1152 0.6527
1 0.1144 0.6521
1 0.1136 0.6514
1 0.1128 0.6507
1 0.1121 0.6499
1 0.1114 0.6492
1 0.1107 0.6483
1 0.1101 0.6475
1 0.1095 0.6466
1 0.1090 0.6458
1 0.1085 0.6448
1 0.1080 0.6438
1 0.1076 0.6429
1 0.1073 0.6419
1 0.1070 0.6409
1 0.1067 0.6399
1 0.1066 0.6389
1 0.1064 0.6378
1 0.1062 0.6368
1 0.1062 0.6358
1 0.1062 0.6347
1 0.1063 0.6337
1 0.1064 0.6326
1 0.1066 0.6316
1 0.1067 0.6306
1 0.1070 0.6295
1 0.1074 0.6286
1 0.1077 0.6275
1 0.1081 0.6266
1 0.1086 0.6256
1 0.1090 0.6247
1 0.1096 0.6238
1 0.1102 0.6230
1 0.1108 0.6221
1 0.1114 0.6213
1 0.1122 0.6206
1 0.1129 0.6198
1 0.1137 0.6191
1 0.1145 0.6184
1 0.1154 0.6178
1 0.1162 0.6172
1 0.1171 0.6167
1 0.1180 0.6162
1 0.1190 0.6158
1 0.1199 0.6154
1 0.1210 0.6150
1 0.1219 0.6147
1 0.1230 0.6145
1 0.1240 0.6142
1 0.1250 0.6141
1 0.1261 0.6140
1 0.1271 0.6140
1 0.1282 0.6140
1 0.1292 0.6140
1 0.1302 0.6142
1 0.1313 0.6143
1 0.1323 0.6145
1 0.1334 0.6147
1 0.1343 0.6150
1 0.1353 0.6154
1 0.1362 0.6158
1 0.1372 0.6162
1 0.1382 0.6168
1 0.1390 0.6173
1 0.1399 0.6179
1 0.1407 0.6186
1 0.1415 0.6192
1 0.1423 0.6199
1 0.1430 0.6206
1 0.1438 0.6214
1 0.1444 0.6222
1 0.1450 0.6231
1 0.1456 0.6239
1 0.1462 0.6249
1 0.1466 0.6258
1 0.1471 0.6267
1 0.1475 0.6277
1 0.1478 0.6287
1 0.1482 0.6297
1 0.1484 0.6307
1 0.1486 0.6318
1 0.1487 0.6328
1 0.1488 0.6338
1 0.1489 0.6349
1 0.1489 0.6359
1 0.1488 0.6370
1 0.1487 0.6380
1 0.1486 0.6390
1 0.1483 0.6401
1 0.1481 0.6410
1 0.1478 0.6421
1 0.1474 0.6430
1 0.1470 0.6440
1 0.1466 0.6450
1 0.1461 0.6459
1 0.1455 0.6468
1 0.1450 0.6477
1 0.1443 0.6485
1 0.1437 0.6493
1 0.1430 0.6501
1 0.1422 0.6508
1 0.1414 0.6515
1 0.1406 0.6522
112 1253 5
0 0.0550 0.6838
1 -0.0166 0.6857
1 -0.1262 0.6344
1 -0.1416 0.5918
1 0.0550 0.6838
