SEcl_PG-10
3269 4 1 1 0 0 0 0 0 0 1 1
1.000
112 1253 229
0 -0.0434 1.0623
1 -0.5223 0.5834
1 -0.5235 0.5822
1 -0.5246 0.5809
1 -0.5258 0.5796
1 -0.5269 0.5782
1 -0.5279 0.5769
1 -0.5290 0.5755
1 -0.5299 0.5741
1 -0.5309 0.5726
1 -0.5318 0.5712
1 -0.5326 0.5697
1 -0.5334 0.5682
1 -0.5342 0.5666
1 -0.5349 0.5650
1 -0.5356 0.5635
1 -0.5362 0.5619
1 -0.5368 0.5602
1 -0.5374 0.5586
1 -0.5378 0.5570
1 -0.5383 0.5554
1 -0.5387 0.5537
1 -0.5391 0.5520
1 -0.5394 0.5502
1 -0.5397 0.5486
1 -0.5399 0.5469
1 -0.5401 0.5451
1 -0.5402 0.5434
1 -0.5402 0.5418
1 -0.5402 0.5400
1 -0.5402 0.5382
1 -0.5402 0.5366
1 -0.5401 0.5349
1 -0.5399 0.5331
1 -0.5397 0.5314
1 -0.5394 0.5298
1 -0.5391 0.5280
1 -0.5387 0.5263
1 -0.5383 0.5246
1 -0.5378 0.5230
1 -0.5374 0.5214
1 -0.5368 0.5198
1 -0.5362 0.5181
1 -0.5356 0.5165
1 -0.5349 0.5150
1 -0.5342 0.5134
1 -0.5334 0.5118
1 -0.5326 0.5103
1 -0.5318 0.5088
1 -0.5309 0.5074
1 -0.5299 0.5059
1 -0.5290 0.5045
1 -0.5279 0.5031
1 -0.5269 0.5018
1 -0.5258 0.5004
1 -0.5246 0.4991
1 -0.5235 0.4978
1 -0.5223 0.4966
1 -0.0434 0.0177
1 -0.0422 0.0165
1 -0.0409 0.0154
1 -0.0396 0.0142
1 -0.0382 0.0131
1 -0.0369 0.0121
1 -0.0355 0.0110
1 -0.0341 0.0101
1 -0.0326 0.0091
1 -0.0312 0.0082
1 -0.0297 0.0074
1 -0.0282 0.0066
1 -0.0266 0.0058
1 -0.0250 0.0051
1 -0.0235 0.0044
1 -0.0219 0.0038
1 -0.0202 0.0032
1 -0.0186 0.0026
1 -0.0170 0.0022
1 -0.0154 0.0017
1 -0.0137 0.0013
1 -0.0120 0.0009
1 -0.0102 0.0006
1 -0.0086 0.0003
1 -0.0069 0.0001
1 -0.0051 -0.0001
1 -0.0034 -0.0002
1 -0.0018 -0.0002
1 0.0000 -0.0002
1 0.0018 -0.0002
1 0.0034 -0.0002
1 0.0051 -0.0001
1 0.0069 0.0001
1 0.0086 0.0003
1 0.0102 0.0006
1 0.0120 0.0009
1 0.0137 0.0013
1 0.0154 0.0017
1 0.0170 0.0022
1 0.0186 0.0026
1 0.0202 0.0032
1 0.0219 0.0038
1 0.0235 0.0044
1 0.0250 0.0051
1 0.0266 0.0058
1 0.0282 0.0066
1 0.0297 0.0074
1 0.0312 0.0082
1 0.0326 0.0091
1 0.0341 0.0101
1 0.0355 0.0110
1 0.0369 0.0121
1 0.0382 0.0131
1 0.0396 0.0142
1 0.0409 0.0154
1 0.0422 0.0165
1 0.0434 0.0177
1 0.5223 0.4966
1 0.5235 0.4978
1 0.5246 0.4991
1 0.5258 0.5004
1 0.5269 0.5018
1 0.5279 0.5031
1 0.5290 0.5045
1 0.5299 0.5059
1 0.5309 0.5074
1 0.5318 0.5088
1 0.5326 0.5103
1 0.5334 0.5118
1 0.5342 0.5134
1 0.5349 0.5150
1 0.5356 0.5165
1 0.5362 0.5181
1 0.5368 0.5198
1 0.5374 0.5214
1 0.5378 0.5230
1 0.5383 0.5246
1 0.5387 0.5263
1 0.5391 0.5280
1 0.5394 0.5298
1 0.5397 0.5314
1 0.5399 0.5331
1 0.5401 0.5349
1 0.5402 0.5366
1 0.5402 0.5382
1 0.5402 0.5400
1 0.5402 0.5418
1 0.5402 0.5434
1 0.5401 0.5451
1 0.5399 0.5469
1 0.5397 0.5486
1 0.5394 0.5502
1 0.5391 0.5520
1 0.5387 0.5537
1 0.5383 0.5554
1 0.5378 0.5570
1 0.5374 0.5586
1 0.5368 0.5602
1 0.5362 0.5619
1 0.5356 0.5635
1 0.5349 0.5650
1 0.5342 0.5666
1 0.5334 0.5682
1 0.5326 0.5697
1 0.5318 0.5712
1 0.5309 0.5726
1 0.5299 0.5741
1 0.5290 0.5755
1 0.5279 0.5769
1 0.5269 0.5782
1 0.5258 0.5796
1 0.5246 0.5809
1 0.5235 0.5822
1 0.5223 0.5834
1 0.0434 1.0623
1 0.0422 1.0635
1 0.0409 1.0646
1 0.0396 1.0658
1 0.0382 1.0669
1 0.0369 1.0679
1 0.0355 1.0690
1 0.0341 1.0699
1 0.0326 1.0709
1 0.0312 1.0718
1 0.0297 1.0726
1 0.0282 1.0734
1 0.0266 1.0742
1 0.0250 1.0749
1 0.0235 1.0756
1 0.0219 1.0762
1 0.0202 1.0768
1 0.0186 1.0774
1 0.0170 1.0778
1 0.0154 1.0783
1 0.0137 1.0787
1 0.0120 1.0791
1 0.0102 1.0794
1 0.0086 1.0797
1 0.0069 1.0799
1 0.0051 1.0801
1 0.0034 1.0802
1 0.0018 1.0802
1 0.0000 1.0802
1 -0.0018 1.0802
1 -0.0034 1.0802
1 -0.0051 1.0801
1 -0.0069 1.0799
1 -0.0086 1.0797
1 -0.0102 1.0794
1 -0.0120 1.0791
1 -0.0137 1.0787
1 -0.0154 1.0783
1 -0.0170 1.0778
1 -0.0186 1.0774
1 -0.0202 1.0768
1 -0.0219 1.0762
1 -0.0235 1.0756
1 -0.0250 1.0749
1 -0.0266 1.0742
1 -0.0282 1.0734
1 -0.0297 1.0726
1 -0.0312 1.0718
1 -0.0326 1.0709
1 -0.0341 1.0699
1 -0.0355 1.0690
1 -0.0369 1.0679
1 -0.0382 1.0669
1 -0.0396 1.0658
1 -0.0409 1.0646
1 -0.0422 1.0635
1 -0.0434 1.0623
112 1250 197
0 -0.0340 1.0529
1 -0.5129 0.5740
1 -0.5139 0.5728
1 -0.5150 0.5717
1 -0.5160 0.5705
1 -0.5170 0.5692
1 -0.5179 0.5680
1 -0.5188 0.5667
1 -0.5197 0.5654
1 -0.5205 0.5640
1 -0.5213 0.5626
1 -0.5220 0.5613
1 -0.5226 0.5598
1 -0.5233 0.5584
1 -0.5238 0.5569
1 -0.5244 0.5554
1 -0.5249 0.5539
1 -0.5253 0.5524
1 -0.5257 0.5509
1 -0.5260 0.5494
1 -0.5263 0.5478
1 -0.5266 0.5462
1 -0.5267 0.5447
1 -0.5268 0.5431
1 -0.5269 0.5416
1 -0.5270 0.5400
1 -0.5269 0.5384
1 -0.5268 0.5369
1 -0.5267 0.5353
1 -0.5266 0.5338
1 -0.5263 0.5322
1 -0.5260 0.5306
1 -0.5257 0.5291
1 -0.5253 0.5276
1 -0.5249 0.5261
1 -0.5244 0.5246
1 -0.5238 0.5231
1 -0.5233 0.5216
1 -0.5226 0.5202
1 -0.5220 0.5187
1 -0.5213 0.5174
1 -0.5205 0.5160
1 -0.5197 0.5146
1 -0.5188 0.5133
1 -0.5179 0.5120
1 -0.5170 0.5108
1 -0.5160 0.5095
1 -0.5150 0.5083
1 -0.5139 0.5072
1 -0.5129 0.5060
1 -0.0340 0.0271
1 -0.0328 0.0261
1 -0.0317 0.0250
1 -0.0305 0.0240
1 -0.0292 0.0230
1 -0.0280 0.0221
1 -0.0267 0.0212
1 -0.0254 0.0203
1 -0.0240 0.0195
1 -0.0226 0.0187
1 -0.0213 0.0180
1 -0.0198 0.0174
1 -0.0184 0.0167
1 -0.0169 0.0162
1 -0.0154 0.0156
1 -0.0139 0.0151
1 -0.0124 0.0147
1 -0.0109 0.0143
1 -0.0094 0.0140
1 -0.0078 0.0137
1 -0.0062 0.0134
1 -0.0047 0.0133
1 -0.0031 0.0132
1 -0.0016 0.0131
1 0.0000 0.0130
1 0.0016 0.0131
1 0.0031 0.0132
1 0.0047 0.0133
1 0.0062 0.0134
1 0.0078 0.0137
1 0.0094 0.0140
1 0.0109 0.0143
1 0.0124 0.0147
1 0.0139 0.0151
1 0.0154 0.0156
1 0.0169 0.0162
1 0.0184 0.0167
1 0.0198 0.0174
1 0.0213 0.0180
1 0.0226 0.0187
1 0.0240 0.0195
1 0.0254 0.0203
1 0.0267 0.0212
1 0.0280 0.0221
1 0.0292 0.0230
1 0.0305 0.0240
1 0.0317 0.0250
1 0.0328 0.0261
1 0.0340 0.0271
1 0.5129 0.5060
1 0.5139 0.5072
1 0.5150 0.5083
1 0.5160 0.5095
1 0.5170 0.5108
1 0.5179 0.5120
1 0.5188 0.5133
1 0.5197 0.5146
1 0.5205 0.5160
1 0.5213 0.5174
1 0.5220 0.5187
1 0.5226 0.5202
1 0.5233 0.5216
1 0.5238 0.5231
1 0.5244 0.5246
1 0.5249 0.5261
1 0.5253 0.5276
1 0.5257 0.5291
1 0.5260 0.5306
1 0.5263 0.5322
1 0.5266 0.5338
1 0.5267 0.5353
1 0.5268 0.5369
1 0.5269 0.5384
1 0.5270 0.5400
1 0.5269 0.5416
1 0.5268 0.5431
1 0.5267 0.5447
1 0.5266 0.5462
1 0.5263 0.5478
1 0.5260 0.5494
1 0.5257 0.5509
1 0.5253 0.5524
1 0.5249 0.5539
1 0.5244 0.5554
1 0.5238 0.5569
1 0.5233 0.5584
1 0.5226 0.5598
1 0.5220 0.5613
1 0.5213 0.5626
1 0.5205 0.5640
1 0.5197 0.5654
1 0.5188 0.5667
1 0.5179 0.5680
1 0.5170 0.5692
1 0.5160 0.5705
1 0.5150 0.5717
1 0.5139 0.5728
1 0.5129 0.5740
1 0.0340 1.0529
1 0.0328 1.0539
1 0.0317 1.0550
1 0.0305 1.0560
1 0.0292 1.0570
1 0.0280 1.0579
1 0.0267 1.0588
1 0.0254 1.0597
1 0.0240 1.0605
1 0.0226 1.0613
1 0.0213 1.0620
1 0.0198 1.0626
1 0.0184 1.0633
1 0.0169 1.0638
1 0.0154 1.0644
1 0.0139 1.0649
1 0.0124 1.0653
1 0.0109 1.0657
1 0.0094 1.0660
1 0.0078 1.0663
1 0.0062 1.0666
1 0.0047 1.0667
1 0.0031 1.0668
1 0.0016 1.0669
1 0.0000 1.0670
1 -0.0016 1.0669
1 -0.0031 1.0668
1 -0.0047 1.0667
1 -0.0062 1.0666
1 -0.0078 1.0663
1 -0.0094 1.0660
1 -0.0109 1.0657
1 -0.0124 1.0653
1 -0.0139 1.0649
1 -0.0154 1.0644
1 -0.0169 1.0638
1 -0.0184 1.0633
1 -0.0198 1.0626
1 -0.0213 1.0620
1 -0.0226 1.0613
1 -0.0240 1.0605
1 -0.0254 1.0597
1 -0.0267 1.0588
1 -0.0280 1.0579
1 -0.0292 1.0570
1 -0.0305 1.0560
1 -0.0317 1.0550
1 -0.0328 1.0539
1 -0.0340 1.0529
112 1253 133
0 -0.4940 0.5551
1 -0.0151 1.0340
1 -0.0143 1.0347
1 -0.0135 1.0354
1 -0.0127 1.0361
1 -0.0118 1.0366
1 -0.0110 1.0372
1 -0.0101 1.0378
1 -0.0091 1.0382
1 -0.0082 1.0386
1 -0.0072 1.0390
1 -0.0062 1.0394
1 -0.0052 1.0396
1 -0.0042 1.0398
1 -0.0031 1.0400
1 -0.0021 1.0402
1 -0.0010 1.0402
1 0.0000 1.0402
1 0.0010 1.0402
1 0.0021 1.0402
1 0.0031 1.0400
1 0.0042 1.0398
1 0.0052 1.0396
1 0.0062 1.0394
1 0.0072 1.0390
1 0.0082 1.0386
1 0.0091 1.0382
1 0.0101 1.0378
1 0.0110 1.0372
1 0.0118 1.0366
1 0.0127 1.0361
1 0.0135 1.0354
1 0.0143 1.0347
1 0.0151 1.0340
1 0.4940 0.5551
1 0.4947 0.5543
1 0.4954 0.5535
1 0.4961 0.5527
1 0.4966 0.5518
1 0.4972 0.5510
1 0.4978 0.5501
1 0.4982 0.5491
1 0.4986 0.5482
1 0.4990 0.5472
1 0.4994 0.5462
1 0.4996 0.5452
1 0.4998 0.5442
1 0.5000 0.5431
1 0.5002 0.5421
1 0.5002 0.5410
1 0.5002 0.5400
1 0.5002 0.5390
1 0.5002 0.5379
1 0.5000 0.5369
1 0.4998 0.5358
1 0.4996 0.5348
1 0.4994 0.5338
1 0.4990 0.5328
1 0.4986 0.5318
1 0.4982 0.5309
1 0.4978 0.5299
1 0.4972 0.5290
1 0.4966 0.5282
1 0.4961 0.5273
1 0.4954 0.5265
1 0.4947 0.5257
1 0.4940 0.5249
1 0.0151 0.0460
1 0.0143 0.0453
1 0.0135 0.0446
1 0.0127 0.0439
1 0.0118 0.0434
1 0.0110 0.0428
1 0.0101 0.0422
1 0.0091 0.0418
1 0.0082 0.0414
1 0.0072 0.0410
1 0.0062 0.0406
1 0.0052 0.0404
1 0.0042 0.0402
1 0.0031 0.0400
1 0.0021 0.0398
1 0.0010 0.0398
1 0.0000 0.0398
1 -0.0010 0.0398
1 -0.0021 0.0398
1 -0.0031 0.0400
1 -0.0042 0.0402
1 -0.0052 0.0404
1 -0.0062 0.0406
1 -0.0072 0.0410
1 -0.0082 0.0414
1 -0.0091 0.0418
1 -0.0101 0.0422
1 -0.0110 0.0428
1 -0.0118 0.0434
1 -0.0127 0.0439
1 -0.0135 0.0446
1 -0.0143 0.0453
1 -0.0151 0.0460
1 -0.4940 0.5249
1 -0.4947 0.5257
1 -0.4954 0.5265
1 -0.4961 0.5273
1 -0.4966 0.5282
1 -0.4972 0.5290
1 -0.4978 0.5299
1 -0.4982 0.5309
1 -0.4986 0.5318
1 -0.4990 0.5328
1 -0.4994 0.5338
1 -0.4996 0.5348
1 -0.4998 0.5358
1 -0.5000 0.5369
1 -0.5002 0.5379
1 -0.5002 0.5390
1 -0.5002 0.5400
1 -0.5002 0.5410
1 -0.5002 0.5421
1 -0.5000 0.5431
1 -0.4998 0.5442
1 -0.4996 0.5452
1 -0.4994 0.5462
1 -0.4990 0.5472
1 -0.4986 0.5482
1 -0.4982 0.5491
1 -0.4978 0.5501
1 -0.4972 0.5510
1 -0.4966 0.5518
1 -0.4961 0.5527
1 -0.4954 0.5535
1 -0.4947 0.5543
1 -0.4940 0.5551
112 1250 152
0 -0.0960 0.5560
1 -0.0960 0.5560
1 -0.0983 0.5577
1 -0.1006 0.5594
1 -0.1030 0.5610
1 -0.1054 0.5626
1 -0.1078 0.5641
1 -0.1102 0.5655
1 -0.1127 0.5670
1 -0.1152 0.5684
1 -0.1178 0.5698
1 -0.1203 0.5710
1 -0.1229 0.5723
1 -0.1254 0.5735
1 -0.1281 0.5746
1 -0.1307 0.5758
1 -0.1334 0.5769
1 -0.1360 0.5779
1 -0.1387 0.5789
1 -0.1414 0.5798
1 -0.1442 0.5806
1 -0.1469 0.5815
1 -0.1496 0.5823
1 -0.1524 0.5830
1 -0.1551 0.5837
1 -0.1579 0.5843
1 -0.1607 0.5849
1 -0.1635 0.5854
1 -0.1664 0.5859
1 -0.1692 0.5864
1 -0.1720 0.5867
1 -0.1749 0.5871
1 -0.1777 0.5874
1 -0.1806 0.5876
1 -0.1834 0.5878
1 -0.1863 0.5879
1 -0.1891 0.5880
1 -0.1920 0.5880
1 -0.1920 0.5880
1 -0.3040 0.5880
1 -0.3040 0.4920
1 0.3040 0.4920
1 0.3040 0.5880
1 0.1920 0.5880
1 0.1920 0.5880
1 0.1891 0.5880
1 0.1863 0.5879
1 0.1834 0.5878
1 0.1806 0.5876
1 0.1777 0.5874
1 0.1749 0.5871
1 0.1720 0.5867
1 0.1692 0.5864
1 0.1664 0.5859
1 0.1635 0.5854
1 0.1607 0.5849
1 0.1579 0.5843
1 0.1551 0.5837
1 0.1524 0.5830
1 0.1496 0.5823
1 0.1469 0.5815
1 0.1442 0.5806
1 0.1414 0.5798
1 0.1387 0.5789
1 0.1360 0.5779
1 0.1334 0.5769
1 0.1307 0.5758
1 0.1281 0.5746
1 0.1254 0.5735
1 0.1229 0.5723
1 0.1203 0.5710
1 0.1178 0.5698
1 0.1152 0.5684
1 0.1127 0.5670
1 0.1102 0.5655
1 0.1078 0.5641
1 0.1054 0.5626
1 0.1030 0.5610
1 0.1006 0.5594
1 0.0983 0.5577
1 0.0960 0.5560
1 0.0937 0.5543
1 0.0913 0.5526
1 0.0889 0.5510
1 0.0865 0.5494
1 0.0840 0.5478
1 0.0815 0.5463
1 0.0790 0.5449
1 0.0765 0.5434
1 0.0739 0.5421
1 0.0714 0.5408
1 0.0687 0.5395
1 0.0661 0.5383
1 0.0634 0.5371
1 0.0608 0.5360
1 0.0581 0.5349
1 0.0554 0.5339
1 0.0526 0.5329
1 0.0499 0.5320
1 0.0471 0.5311
1 0.0444 0.5302
1 0.0416 0.5295
1 0.0388 0.5288
1 0.0359 0.5281
1 0.0331 0.5274
1 0.0302 0.5269
1 0.0274 0.5264
1 0.0246 0.5259
1 0.0217 0.5254
1 0.0188 0.5251
1 0.0159 0.5248
1 0.0130 0.5246
1 0.0102 0.5243
1 0.0073 0.5242
1 0.0043 0.5241
1 0.0014 0.5240
1 -0.0014 0.5240
1 -0.0043 0.5241
1 -0.0073 0.5242
1 -0.0102 0.5243
1 -0.0130 0.5246
1 -0.0159 0.5248
1 -0.0188 0.5251
1 -0.0217 0.5254
1 -0.0246 0.5259
1 -0.0274 0.5264
1 -0.0302 0.5269
1 -0.0331 0.5274
1 -0.0359 0.5281
1 -0.0388 0.5288
1 -0.0416 0.5295
1 -0.0444 0.5302
1 -0.0471 0.5311
1 -0.0499 0.5320
1 -0.0526 0.5329
1 -0.0554 0.5339
1 -0.0581 0.5349
1 -0.0608 0.5360
1 -0.0634 0.5371
1 -0.0661 0.5383
1 -0.0687 0.5395
1 -0.0714 0.5408
1 -0.0739 0.5421
1 -0.0765 0.5434
1 -0.0790 0.5449
1 -0.0815 0.5463
1 -0.0840 0.5478
1 -0.0865 0.5494
1 -0.0889 0.5510
1 -0.0913 0.5526
1 -0.0937 0.5543
1 -0.0960 0.5560
