SEcl_PG-9
3268 4 1 1 0 0 0 0 0 0 1 1
1.000
112 1253 229
0 -0.0434 1.0623
1 -0.5223 0.5834
1 -0.5235 0.5822
1 -0.5246 0.5809
1 -0.5258 0.5796
1 -0.5269 0.5782
1 -0.5279 0.5769
1 -0.5290 0.5755
1 -0.5299 0.5741
1 -0.5309 0.5726
1 -0.5318 0.5712
1 -0.5326 0.5697
1 -0.5334 0.5682
1 -0.5342 0.5666
1 -0.5349 0.5650
1 -0.5356 0.5635
1 -0.5362 0.5619
1 -0.5368 0.5602
1 -0.5374 0.5586
1 -0.5378 0.5570
1 -0.5383 0.5554
1 -0.5387 0.5537
1 -0.5391 0.5520
1 -0.5394 0.5502
1 -0.5397 0.5486
1 -0.5399 0.5469
1 -0.5401 0.5451
1 -0.5402 0.5434
1 -0.5402 0.5418
1 -0.5402 0.5400
1 -0.5402 0.5382
1 -0.5402 0.5366
1 -0.5401 0.5349
1 -0.5399 0.5331
1 -0.5397 0.5314
1 -0.5394 0.5298
1 -0.5391 0.5280
1 -0.5387 0.5263
1 -0.5383 0.5246
1 -0.5378 0.5230
1 -0.5374 0.5214
1 -0.5368 0.5198
1 -0.5362 0.5181
1 -0.5356 0.5165
1 -0.5349 0.5150
1 -0.5342 0.5134
1 -0.5334 0.5118
1 -0.5326 0.5103
1 -0.5318 0.5088
1 -0.5309 0.5074
1 -0.5299 0.5059
1 -0.5290 0.5045
1 -0.5279 0.5031
1 -0.5269 0.5018
1 -0.5258 0.5004
1 -0.5246 0.4991
1 -0.5235 0.4978
1 -0.5223 0.4966
1 -0.0434 0.0177
1 -0.0422 0.0165
1 -0.0409 0.0154
1 -0.0396 0.0142
1 -0.0382 0.0131
1 -0.0369 0.0121
1 -0.0355 0.0110
1 -0.0341 0.0101
1 -0.0326 0.0091
1 -0.0312 0.0082
1 -0.0297 0.0074
1 -0.0282 0.0066
1 -0.0266 0.0058
1 -0.0250 0.0051
1 -0.0235 0.0044
1 -0.0219 0.0038
1 -0.0202 0.0032
1 -0.0186 0.0026
1 -0.0170 0.0022
1 -0.0154 0.0017
1 -0.0137 0.0013
1 -0.0120 0.0009
1 -0.0102 0.0006
1 -0.0086 0.0003
1 -0.0069 0.0001
1 -0.0051 -0.0001
1 -0.0034 -0.0002
1 -0.0018 -0.0002
1 0.0000 -0.0002
1 0.0018 -0.0002
1 0.0034 -0.0002
1 0.0051 -0.0001
1 0.0069 0.0001
1 0.0086 0.0003
1 0.0102 0.0006
1 0.0120 0.0009
1 0.0137 0.0013
1 0.0154 0.0017
1 0.0170 0.0022
1 0.0186 0.0026
1 0.0202 0.0032
1 0.0219 0.0038
1 0.0235 0.0044
1 0.0250 0.0051
1 0.0266 0.0058
1 0.0282 0.0066
1 0.0297 0.0074
1 0.0312 0.0082
1 0.0326 0.0091
1 0.0341 0.0101
1 0.0355 0.0110
1 0.0369 0.0121
1 0.0382 0.0131
1 0.0396 0.0142
1 0.0409 0.0154
1 0.0422 0.0165
1 0.0434 0.0177
1 0.5223 0.4966
1 0.5235 0.4978
1 0.5246 0.4991
1 0.5258 0.5004
1 0.5269 0.5018
1 0.5279 0.5031
1 0.5290 0.5045
1 0.5299 0.5059
1 0.5309 0.5074
1 0.5318 0.5088
1 0.5326 0.5103
1 0.5334 0.5118
1 0.5342 0.5134
1 0.5349 0.5150
1 0.5356 0.5165
1 0.5362 0.5181
1 0.5368 0.5198
1 0.5374 0.5214
1 0.5378 0.5230
1 0.5383 0.5246
1 0.5387 0.5263
1 0.5391 0.5280
1 0.5394 0.5298
1 0.5397 0.5314
1 0.5399 0.5331
1 0.5401 0.5349
1 0.5402 0.5366
1 0.5402 0.5382
1 0.5402 0.5400
1 0.5402 0.5418
1 0.5402 0.5434
1 0.5401 0.5451
1 0.5399 0.5469
1 0.5397 0.5486
1 0.5394 0.5502
1 0.5391 0.5520
1 0.5387 0.5537
1 0.5383 0.5554
1 0.5378 0.5570
1 0.5374 0.5586
1 0.5368 0.5602
1 0.5362 0.5619
1 0.5356 0.5635
1 0.5349 0.5650
1 0.5342 0.5666
1 0.5334 0.5682
1 0.5326 0.5697
1 0.5318 0.5712
1 0.5309 0.5726
1 0.5299 0.5741
1 0.5290 0.5755
1 0.5279 0.5769
1 0.5269 0.5782
1 0.5258 0.5796
1 0.5246 0.5809
1 0.5235 0.5822
1 0.5223 0.5834
1 0.0434 1.0623
1 0.0422 1.0635
1 0.0409 1.0646
1 0.0396 1.0658
1 0.0382 1.0669
1 0.0369 1.0679
1 0.0355 1.0690
1 0.0341 1.0699
1 0.0326 1.0709
1 0.0312 1.0718
1 0.0297 1.0726
1 0.0282 1.0734
1 0.0266 1.0742
1 0.0250 1.0749
1 0.0235 1.0756
1 0.0219 1.0762
1 0.0202 1.0768
1 0.0186 1.0774
1 0.0170 1.0778
1 0.0154 1.0783
1 0.0137 1.0787
1 0.0120 1.0791
1 0.0102 1.0794
1 0.0086 1.0797
1 0.0069 1.0799
1 0.0051 1.0801
1 0.0034 1.0802
1 0.0018 1.0802
1 0.0000 1.0802
1 -0.0018 1.0802
1 -0.0034 1.0802
1 -0.0051 1.0801
1 -0.0069 1.0799
1 -0.0086 1.0797
1 -0.0102 1.0794
1 -0.0120 1.0791
1 -0.0137 1.0787
1 -0.0154 1.0783
1 -0.0170 1.0778
1 -0.0186 1.0774
1 -0.0202 1.0768
1 -0.0219 1.0762
1 -0.0235 1.0756
1 -0.0250 1.0749
1 -0.0266 1.0742
1 -0.0282 1.0734
1 -0.0297 1.0726
1 -0.0312 1.0718
1 -0.0326 1.0709
1 -0.0341 1.0699
1 -0.0355 1.0690
1 -0.0369 1.0679
1 -0.0382 1.0669
1 -0.0396 1.0658
1 -0.0409 1.0646
1 -0.0422 1.0635
1 -0.0434 1.0623
112 1250 197
0 -0.0340 1.0529
1 -0.5129 0.5740
1 -0.5139 0.5728
1 -0.5150 0.5717
1 -0.5160 0.5705
1 -0.5170 0.5692
1 -0.5179 0.5680
1 -0.5188 0.5667
1 -0.5197 0.5654
1 -0.5205 0.5640
1 -0.5213 0.5626
1 -0.5220 0.5613
1 -0.5226 0.5598
1 -0.5233 0.5584
1 -0.5238 0.5569
1 -0.5244 0.5554
1 -0.5249 0.5539
1 -0.5253 0.5524
1 -0.5257 0.5509
1 -0.5260 0.5494
1 -0.5263 0.5478
1 -0.5266 0.5462
1 -0.5267 0.5447
1 -0.5268 0.5431
1 -0.5269 0.5416
1 -0.5270 0.5400
1 -0.5269 0.5384
1 -0.5268 0.5369
1 -0.5267 0.5353
1 -0.5266 0.5338
1 -0.5263 0.5322
1 -0.5260 0.5306
1 -0.5257 0.5291
1 -0.5253 0.5276
1 -0.5249 0.5261
1 -0.5244 0.5246
1 -0.5238 0.5231
1 -0.5233 0.5216
1 -0.5226 0.5202
1 -0.5220 0.5187
1 -0.5213 0.5174
1 -0.5205 0.5160
1 -0.5197 0.5146
1 -0.5188 0.5133
1 -0.5179 0.5120
1 -0.5170 0.5108
1 -0.5160 0.5095
1 -0.5150 0.5083
1 -0.5139 0.5072
1 -0.5129 0.5060
1 -0.0340 0.0271
1 -0.0328 0.0261
1 -0.0317 0.0250
1 -0.0305 0.0240
1 -0.0292 0.0230
1 -0.0280 0.0221
1 -0.0267 0.0212
1 -0.0254 0.0203
1 -0.0240 0.0195
1 -0.0226 0.0187
1 -0.0213 0.0180
1 -0.0198 0.0174
1 -0.0184 0.0167
1 -0.0169 0.0162
1 -0.0154 0.0156
1 -0.0139 0.0151
1 -0.0124 0.0147
1 -0.0109 0.0143
1 -0.0094 0.0140
1 -0.0078 0.0137
1 -0.0062 0.0134
1 -0.0047 0.0133
1 -0.0031 0.0132
1 -0.0016 0.0131
1 0.0000 0.0130
1 0.0016 0.0131
1 0.0031 0.0132
1 0.0047 0.0133
1 0.0062 0.0134
1 0.0078 0.0137
1 0.0094 0.0140
1 0.0109 0.0143
1 0.0124 0.0147
1 0.0139 0.0151
1 0.0154 0.0156
1 0.0169 0.0162
1 0.0184 0.0167
1 0.0198 0.0174
1 0.0213 0.0180
1 0.0226 0.0187
1 0.0240 0.0195
1 0.0254 0.0203
1 0.0267 0.0212
1 0.0280 0.0221
1 0.0292 0.0230
1 0.0305 0.0240
1 0.0317 0.0250
1 0.0328 0.0261
1 0.0340 0.0271
1 0.5129 0.5060
1 0.5139 0.5072
1 0.5150 0.5083
1 0.5160 0.5095
1 0.5170 0.5108
1 0.5179 0.5120
1 0.5188 0.5133
1 0.5197 0.5146
1 0.5205 0.5160
1 0.5213 0.5174
1 0.5220 0.5187
1 0.5226 0.5202
1 0.5233 0.5216
1 0.5238 0.5231
1 0.5244 0.5246
1 0.5249 0.5261
1 0.5253 0.5276
1 0.5257 0.5291
1 0.5260 0.5306
1 0.5263 0.5322
1 0.5266 0.5338
1 0.5267 0.5353
1 0.5268 0.5369
1 0.5269 0.5384
1 0.5270 0.5400
1 0.5269 0.5416
1 0.5268 0.5431
1 0.5267 0.5447
1 0.5266 0.5462
1 0.5263 0.5478
1 0.5260 0.5494
1 0.5257 0.5509
1 0.5253 0.5524
1 0.5249 0.5539
1 0.5244 0.5554
1 0.5238 0.5569
1 0.5233 0.5584
1 0.5226 0.5598
1 0.5220 0.5613
1 0.5213 0.5626
1 0.5205 0.5640
1 0.5197 0.5654
1 0.5188 0.5667
1 0.5179 0.5680
1 0.5170 0.5692
1 0.5160 0.5705
1 0.5150 0.5717
1 0.5139 0.5728
1 0.5129 0.5740
1 0.0340 1.0529
1 0.0328 1.0539
1 0.0317 1.0550
1 0.0305 1.0560
1 0.0292 1.0570
1 0.0280 1.0579
1 0.0267 1.0588
1 0.0254 1.0597
1 0.0240 1.0605
1 0.0226 1.0613
1 0.0213 1.0620
1 0.0198 1.0626
1 0.0184 1.0633
1 0.0169 1.0638
1 0.0154 1.0644
1 0.0139 1.0649
1 0.0124 1.0653
1 0.0109 1.0657
1 0.0094 1.0660
1 0.0078 1.0663
1 0.0062 1.0666
1 0.0047 1.0667
1 0.0031 1.0668
1 0.0016 1.0669
1 0.0000 1.0670
1 -0.0016 1.0669
1 -0.0031 1.0668
1 -0.0047 1.0667
1 -0.0062 1.0666
1 -0.0078 1.0663
1 -0.0094 1.0660
1 -0.0109 1.0657
1 -0.0124 1.0653
1 -0.0139 1.0649
1 -0.0154 1.0644
1 -0.0169 1.0638
1 -0.0184 1.0633
1 -0.0198 1.0626
1 -0.0213 1.0620
1 -0.0226 1.0613
1 -0.0240 1.0605
1 -0.0254 1.0597
1 -0.0267 1.0588
1 -0.0280 1.0579
1 -0.0292 1.0570
1 -0.0305 1.0560
1 -0.0317 1.0550
1 -0.0328 1.0539
1 -0.0340 1.0529
112 1253 133
0 -0.4940 0.5551
1 -0.0151 1.0340
1 -0.0143 1.0347
1 -0.0135 1.0354
1 -0.0127 1.0361
1 -0.0118 1.0366
1 -0.0110 1.0372
1 -0.0101 1.0378
1 -0.0091 1.0382
1 -0.0082 1.0386
1 -0.0072 1.0390
1 -0.0062 1.0394
1 -0.0052 1.0396
1 -0.0042 1.0398
1 -0.0031 1.0400
1 -0.0021 1.0402
1 -0.0010 1.0402
1 0.0000 1.0402
1 0.0010 1.0402
1 0.0021 1.0402
1 0.0031 1.0400
1 0.0042 1.0398
1 0.0052 1.0396
1 0.0062 1.0394
1 0.0072 1.0390
1 0.0082 1.0386
1 0.0091 1.0382
1 0.0101 1.0378
1 0.0110 1.0372
1 0.0118 1.0366
1 0.0127 1.0361
1 0.0135 1.0354
1 0.0143 1.0347
1 0.0151 1.0340
1 0.4940 0.5551
1 0.4947 0.5543
1 0.4954 0.5535
1 0.4961 0.5527
1 0.4966 0.5518
1 0.4972 0.5510
1 0.4978 0.5501
1 0.4982 0.5491
1 0.4986 0.5482
1 0.4990 0.5472
1 0.4994 0.5462
1 0.4996 0.5452
1 0.4998 0.5442
1 0.5000 0.5431
1 0.5002 0.5421
1 0.5002 0.5410
1 0.5002 0.5400
1 0.5002 0.5390
1 0.5002 0.5379
1 0.5000 0.5369
1 0.4998 0.5358
1 0.4996 0.5348
1 0.4994 0.5338
1 0.4990 0.5328
1 0.4986 0.5318
1 0.4982 0.5309
1 0.4978 0.5299
1 0.4972 0.5290
1 0.4966 0.5282
1 0.4961 0.5273
1 0.4954 0.5265
1 0.4947 0.5257
1 0.4940 0.5249
1 0.0151 0.0460
1 0.0143 0.0453
1 0.0135 0.0446
1 0.0127 0.0439
1 0.0118 0.0434
1 0.0110 0.0428
1 0.0101 0.0422
1 0.0091 0.0418
1 0.0082 0.0414
1 0.0072 0.0410
1 0.0062 0.0406
1 0.0052 0.0404
1 0.0042 0.0402
1 0.0031 0.0400
1 0.0021 0.0398
1 0.0010 0.0398
1 0.0000 0.0398
1 -0.0010 0.0398
1 -0.0021 0.0398
1 -0.0031 0.0400
1 -0.0042 0.0402
1 -0.0052 0.0404
1 -0.0062 0.0406
1 -0.0072 0.0410
1 -0.0082 0.0414
1 -0.0091 0.0418
1 -0.0101 0.0422
1 -0.0110 0.0428
1 -0.0118 0.0434
1 -0.0127 0.0439
1 -0.0135 0.0446
1 -0.0143 0.0453
1 -0.0151 0.0460
1 -0.4940 0.5249
1 -0.4947 0.5257
1 -0.4954 0.5265
1 -0.4961 0.5273
1 -0.4966 0.5282
1 -0.4972 0.5290
1 -0.4978 0.5299
1 -0.4982 0.5309
1 -0.4986 0.5318
1 -0.4990 0.5328
1 -0.4994 0.5338
1 -0.4996 0.5348
1 -0.4998 0.5358
1 -0.5000 0.5369
1 -0.5002 0.5379
1 -0.5002 0.5390
1 -0.5002 0.5400
1 -0.5002 0.5410
1 -0.5002 0.5421
1 -0.5000 0.5431
1 -0.4998 0.5442
1 -0.4996 0.5452
1 -0.4994 0.5462
1 -0.4990 0.5472
1 -0.4986 0.5482
1 -0.4982 0.5491
1 -0.4978 0.5501
1 -0.4972 0.5510
1 -0.4966 0.5518
1 -0.4961 0.5527
1 -0.4954 0.5535
1 -0.4947 0.5543
1 -0.4940 0.5551
112 1250 522
0 0.3003 0.6221
1 0.3003 0.6221
1 0.2997 0.6238
1 0.2990 0.6255
1 0.2984 0.6272
1 0.2976 0.6289
1 0.2969 0.6306
1 0.2960 0.6322
1 0.2951 0.6338
1 0.2942 0.6354
1 0.2932 0.6369
1 0.2922 0.6384
1 0.2911 0.6399
1 0.2900 0.6414
1 0.2889 0.6428
1 0.2877 0.6442
1 0.2865 0.6455
1 0.2852 0.6469
1 0.2839 0.6482
1 0.2826 0.6494
1 0.2812 0.6506
1 0.2798 0.6518
1 0.2783 0.6529
1 0.2769 0.6540
1 0.2754 0.6550
1 0.2738 0.6560
1 0.2722 0.6570
1 0.2706 0.6579
1 0.2690 0.6587
1 0.2674 0.6596
1 0.2658 0.6603
1 0.2641 0.6610
1 0.2624 0.6618
1 0.2606 0.6623
1 0.2589 0.6629
1 0.2572 0.6634
1 0.2554 0.6639
1 0.2536 0.6643
1 0.2518 0.6647
1 0.2500 0.6650
1 0.2482 0.6653
1 0.2464 0.6654
1 0.2446 0.6656
1 0.2427 0.6658
1 0.2409 0.6658
1 0.2391 0.6658
1 0.2373 0.6658
1 0.2354 0.6656
1 0.2336 0.6654
1 0.2318 0.6653
1 0.2300 0.6650
1 0.2282 0.6647
1 0.2264 0.6643
1 0.2246 0.6639
1 0.2228 0.6634
1 0.2211 0.6629
1 0.2194 0.6623
1 0.2176 0.6618
1 0.2159 0.6610
1 0.2142 0.6603
1 0.2126 0.6596
1 0.2110 0.6587
1 0.2094 0.6579
1 0.2078 0.6570
1 0.2062 0.6560
1 0.2046 0.6550
1 0.2031 0.6540
1 0.2017 0.6529
1 0.2002 0.6518
1 0.1988 0.6506
1 0.1974 0.6494
1 0.1961 0.6482
1 0.1948 0.6469
1 0.1935 0.6455
1 0.1923 0.6442
1 0.1911 0.6428
1 0.1900 0.6414
1 0.1889 0.6399
1 0.1878 0.6384
1 0.1868 0.6369
1 0.1858 0.6354
1 0.1849 0.6338
1 0.1840 0.6322
1 0.1831 0.6306
1 0.1824 0.6289
1 0.1816 0.6272
1 0.1810 0.6255
1 0.1803 0.6238
1 0.1797 0.6221
1 0.1790 0.6204
1 0.1783 0.6187
1 0.1776 0.6170
1 0.1768 0.6154
1 0.1760 0.6138
1 0.1751 0.6122
1 0.1742 0.6106
1 0.1732 0.6090
1 0.1722 0.6075
1 0.1711 0.6060
1 0.1700 0.6046
1 0.1689 0.6031
1 0.1677 0.6018
1 0.1664 0.6004
1 0.1652 0.5990
1 0.1638 0.5978
1 0.1626 0.5966
1 0.1611 0.5954
1 0.1598 0.5942
1 0.1583 0.5930
1 0.1568 0.5920
1 0.1553 0.5910
1 0.1538 0.5899
1 0.1522 0.5890
1 0.1506 0.5881
1 0.1490 0.5872
1 0.1474 0.5864
1 0.1457 0.5857
1 0.1440 0.5850
1 0.1423 0.5842
1 0.1406 0.5837
1 0.1389 0.5830
1 0.1371 0.5826
1 0.1354 0.5821
1 0.1336 0.5817
1 0.1318 0.5813
1 0.1300 0.5810
1 0.1282 0.5807
1 0.1263 0.5805
1 0.1246 0.5804
1 0.1227 0.5802
1 0.1209 0.5802
1 0.1190 0.5802
1 0.1172 0.5802
1 0.1154 0.5804
1 0.1136 0.5806
1 0.1118 0.5807
1 0.1099 0.5810
1 0.1082 0.5813
1 0.1063 0.5817
1 0.1046 0.5821
1 0.1028 0.5826
1 0.1010 0.5831
1 0.0993 0.5837
1 0.0976 0.5843
1 0.0959 0.5850
1 0.0942 0.5857
1 0.0926 0.5865
1 0.0909 0.5873
1 0.0893 0.5881
1 0.0877 0.5890
1 0.0862 0.5900
1 0.0846 0.5910
1 0.0831 0.5920
1 0.0817 0.5931
1 0.0802 0.5942
1 0.0788 0.5954
1 0.0774 0.5966
1 0.0761 0.5978
1 0.0748 0.5991
1 0.0735 0.6005
1 0.0723 0.6018
1 0.0711 0.6032
1 0.0699 0.6046
1 0.0689 0.6061
1 0.0678 0.6076
1 0.0668 0.6091
1 0.0658 0.6106
1 0.0649 0.6122
1 0.0640 0.6138
1 0.0631 0.6154
1 0.0624 0.6171
1 0.0616 0.6188
1 0.0610 0.6205
1 0.0603 0.6222
1 0.0597 0.6239
1 0.0590 0.6256
1 0.0583 0.6273
1 0.0576 0.6290
1 0.0568 0.6306
1 0.0560 0.6322
1 0.0551 0.6338
1 0.0542 0.6354
1 0.0532 0.6370
1 0.0522 0.6385
1 0.0511 0.6400
1 0.0500 0.6414
1 0.0489 0.6429
1 0.0477 0.6442
1 0.0464 0.6456
1 0.0452 0.6470
1 0.0438 0.6482
1 0.0426 0.6494
1 0.0411 0.6506
1 0.0398 0.6518
1 0.0383 0.6530
1 0.0368 0.6540
1 0.0353 0.6550
1 0.0338 0.6561
1 0.0322 0.6570
1 0.0306 0.6579
1 0.0290 0.6588
1 0.0274 0.6596
1 0.0257 0.6603
1 0.0240 0.6610
1 0.0223 0.6618
1 0.0206 0.6623
1 0.0189 0.6630
1 0.0171 0.6634
1 0.0154 0.6639
1 0.0136 0.6643
1 0.0118 0.6647
1 0.0100 0.6650
1 0.0082 0.6653
1 0.0063 0.6655
1 0.0046 0.6656
1 0.0027 0.6658
1 0.0009 0.6658
1 -0.0010 0.6658
1 -0.0028 0.6658
1 -0.0046 0.6656
1 -0.0064 0.6654
1 -0.0082 0.6653
1 -0.0101 0.6650
1 -0.0118 0.6647
1 -0.0137 0.6643
1 -0.0154 0.6639
1 -0.0172 0.6634
1 -0.0190 0.6629
1 -0.0207 0.6623
1 -0.0224 0.6617
1 -0.0241 0.6610
1 -0.0258 0.6603
1 -0.0274 0.6595
1 -0.0291 0.6587
1 -0.0307 0.6579
1 -0.0323 0.6570
1 -0.0338 0.6560
1 -0.0354 0.6550
1 -0.0369 0.6540
1 -0.0383 0.6529
1 -0.0398 0.6518
1 -0.0412 0.6506
1 -0.0426 0.6494
1 -0.0439 0.6482
1 -0.0452 0.6469
1 -0.0465 0.6455
1 -0.0477 0.6442
1 -0.0489 0.6428
1 -0.0501 0.6414
1 -0.0511 0.6399
1 -0.0522 0.6384
1 -0.0532 0.6369
1 -0.0542 0.6354
1 -0.0551 0.6338
1 -0.0560 0.6322
1 -0.0569 0.6306
1 -0.0576 0.6289
1 -0.0584 0.6272
1 -0.0590 0.6255
1 -0.0597 0.6238
1 -0.0603 0.6221
1 -0.0610 0.6204
1 -0.0617 0.6187
1 -0.0624 0.6170
1 -0.0632 0.6154
1 -0.0640 0.6138
1 -0.0649 0.6122
1 -0.0658 0.6106
1 -0.0668 0.6090
1 -0.0678 0.6075
1 -0.0689 0.6060
1 -0.0700 0.6046
1 -0.0711 0.6031
1 -0.0723 0.6018
1 -0.0736 0.6004
1 -0.0748 0.5990
1 -0.0762 0.5978
1 -0.0774 0.5966
1 -0.0789 0.5954
1 -0.0802 0.5942
1 -0.0817 0.5930
1 -0.0832 0.5920
1 -0.0847 0.5910
1 -0.0862 0.5899
1 -0.0878 0.5890
1 -0.0894 0.5881
1 -0.0910 0.5872
1 -0.0926 0.5864
1 -0.0943 0.5857
1 -0.0960 0.5850
1 -0.0977 0.5842
1 -0.0994 0.5837
1 -0.1011 0.5830
1 -0.1029 0.5826
1 -0.1046 0.5821
1 -0.1064 0.5817
1 -0.1082 0.5813
1 -0.1100 0.5810
1 -0.1118 0.5807
1 -0.1137 0.5805
1 -0.1154 0.5804
1 -0.1173 0.5802
1 -0.1191 0.5802
1 -0.1210 0.5802
1 -0.1228 0.5802
1 -0.1246 0.5804
1 -0.1264 0.5806
1 -0.1282 0.5807
1 -0.1301 0.5810
1 -0.1318 0.5813
1 -0.1337 0.5817
1 -0.1354 0.5821
1 -0.1372 0.5826
1 -0.1390 0.5831
1 -0.1407 0.5837
1 -0.1424 0.5843
1 -0.1441 0.5850
1 -0.1458 0.5857
1 -0.1474 0.5865
1 -0.1491 0.5873
1 -0.1507 0.5881
1 -0.1523 0.5890
1 -0.1538 0.5900
1 -0.1554 0.5910
1 -0.1569 0.5920
1 -0.1583 0.5931
1 -0.1598 0.5942
1 -0.1612 0.5954
1 -0.1626 0.5966
1 -0.1639 0.5978
1 -0.1652 0.5991
1 -0.1665 0.6005
1 -0.1677 0.6018
1 -0.1689 0.6032
1 -0.1701 0.6046
1 -0.1711 0.6061
1 -0.1722 0.6076
1 -0.1732 0.6091
1 -0.1742 0.6106
1 -0.1751 0.6122
1 -0.1760 0.6138
1 -0.1769 0.6154
1 -0.1776 0.6171
1 -0.1784 0.6188
1 -0.1790 0.6205
1 -0.1797 0.6222
1 -0.1803 0.6239
1 -0.1810 0.6256
1 -0.1817 0.6273
1 -0.1824 0.6290
1 -0.1832 0.6306
1 -0.1840 0.6322
1 -0.1849 0.6338
1 -0.1858 0.6354
1 -0.1868 0.6370
1 -0.1878 0.6385
1 -0.1889 0.6400
1 -0.1900 0.6414
1 -0.1911 0.6429
1 -0.1923 0.6442
1 -0.1936 0.6456
1 -0.1948 0.6470
1 -0.1962 0.6482
1 -0.1974 0.6494
1 -0.1989 0.6506
1 -0.2002 0.6518
1 -0.2017 0.6530
1 -0.2032 0.6540
1 -0.2047 0.6550
1 -0.2062 0.6561
1 -0.2078 0.6570
1 -0.2094 0.6579
1 -0.2110 0.6588
1 -0.2126 0.6596
1 -0.2143 0.6603
1 -0.2160 0.6610
1 -0.2177 0.6618
1 -0.2194 0.6623
1 -0.2211 0.6630
1 -0.2229 0.6634
1 -0.2246 0.6639
1 -0.2264 0.6643
1 -0.2282 0.6647
1 -0.2300 0.6650
1 -0.2318 0.6653
1 -0.2337 0.6655
1 -0.2354 0.6656
1 -0.2373 0.6658
1 -0.2391 0.6658
1 -0.2410 0.6658
1 -0.2428 0.6658
1 -0.2446 0.6656
1 -0.2464 0.6654
1 -0.2482 0.6653
1 -0.2501 0.6650
1 -0.2518 0.6647
1 -0.2537 0.6643
1 -0.2554 0.6639
1 -0.2572 0.6634
1 -0.2590 0.6629
1 -0.2607 0.6623
1 -0.2624 0.6617
1 -0.2641 0.6610
1 -0.2658 0.6603
1 -0.2674 0.6595
1 -0.2691 0.6587
1 -0.2707 0.6579
1 -0.2723 0.6570
1 -0.2738 0.6560
1 -0.2754 0.6550
1 -0.2769 0.6540
1 -0.2783 0.6529
1 -0.2798 0.6518
1 -0.2812 0.6506
1 -0.2826 0.6494
1 -0.2839 0.6482
1 -0.2852 0.6469
1 -0.2865 0.6455
1 -0.2877 0.6442
1 -0.2889 0.6428
1 -0.2901 0.6414
1 -0.2911 0.6399
1 -0.2922 0.6384
1 -0.2932 0.6369
1 -0.2942 0.6354
1 -0.2951 0.6338
1 -0.2960 0.6322
1 -0.2969 0.6306
1 -0.2976 0.6289
1 -0.2984 0.6272
1 -0.2990 0.6255
1 -0.2997 0.6238
1 -0.3003 0.6221
1 -0.3010 0.6204
1 -0.3016 0.6187
1 -0.3024 0.6171
1 -0.3031 0.6154
1 -0.3040 0.6138
1 -0.3049 0.6122
1 -0.3058 0.6107
1 -0.3067 0.6092
1 -0.3078 0.6077
1 -0.3088 0.6062
1 -0.3098 0.6048
1 -0.3110 0.6034
1 -0.3122 0.6020
1 -0.3134 0.6006
1 -0.3146 0.5993
1 -0.3159 0.5981
1 -0.3172 0.5968
1 -0.3186 0.5956
1 -0.3199 0.5945
1 -0.3214 0.5934
1 -0.3228 0.5922
1 -0.3242 0.5912
1 -0.3258 0.5902
1 -0.3274 0.5893
1 -0.3289 0.5883
1 -0.3305 0.5875
1 -0.3321 0.5866
1 -0.3337 0.5859
1 -0.3354 0.5852
1 -0.3370 0.5845
1 -0.3387 0.5838
1 -0.3405 0.5833
1 -0.3422 0.5827
1 -0.3439 0.5822
1 -0.3457 0.5818
1 -0.3474 0.5814
1 -0.3492 0.5811
1 -0.3510 0.5809
1 -0.3528 0.5806
1 -0.3546 0.5804
1 -0.3564 0.5803
1 -0.3582 0.5802
1 -0.3600 0.5802
1 -0.3600 0.4930
1 0.3600 0.4930
1 0.3600 0.5802
1 0.3582 0.5802
1 0.3564 0.5803
1 0.3546 0.5804
1 0.3528 0.5806
1 0.3510 0.5809
1 0.3492 0.5811
1 0.3474 0.5814
1 0.3457 0.5818
1 0.3439 0.5822
1 0.3422 0.5827
1 0.3405 0.5833
1 0.3387 0.5838
1 0.3370 0.5845
1 0.3354 0.5852
1 0.3337 0.5859
1 0.3321 0.5866
1 0.3305 0.5875
1 0.3289 0.5883
1 0.3274 0.5893
1 0.3258 0.5902
1 0.3242 0.5912
1 0.3228 0.5922
1 0.3214 0.5934
1 0.3199 0.5945
1 0.3186 0.5956
1 0.3172 0.5968
1 0.3159 0.5981
1 0.3146 0.5993
1 0.3134 0.6006
1 0.3122 0.6020
1 0.3110 0.6034
1 0.3098 0.6048
1 0.3088 0.6062
1 0.3078 0.6077
1 0.3067 0.6092
1 0.3058 0.6107
1 0.3049 0.6122
1 0.3040 0.6138
1 0.3031 0.6154
1 0.3024 0.6171
1 0.3016 0.6187
1 0.3010 0.6204
1 0.3003 0.6221
