SEcl_PG-6a
3260 4 1 1 0 0 0 0 0 0 1 1
1.000
112 1253 229
0 -0.0434 1.0626
1 -0.5223 0.5836
1 -0.5235 0.5824
1 -0.5246 0.5811
1 -0.5258 0.5798
1 -0.5269 0.5785
1 -0.5279 0.5771
1 -0.5290 0.5758
1 -0.5299 0.5743
1 -0.5309 0.5729
1 -0.5318 0.5714
1 -0.5326 0.5699
1 -0.5334 0.5684
1 -0.5342 0.5669
1 -0.5349 0.5653
1 -0.5356 0.5638
1 -0.5362 0.5622
1 -0.5368 0.5605
1 -0.5374 0.5589
1 -0.5378 0.5572
1 -0.5383 0.5556
1 -0.5387 0.5539
1 -0.5391 0.5522
1 -0.5394 0.5505
1 -0.5397 0.5488
1 -0.5399 0.5471
1 -0.5401 0.5454
1 -0.5402 0.5437
1 -0.5402 0.5420
1 -0.5402 0.5402
1 -0.5402 0.5385
1 -0.5402 0.5368
1 -0.5401 0.5351
1 -0.5399 0.5334
1 -0.5397 0.5317
1 -0.5394 0.5300
1 -0.5391 0.5282
1 -0.5387 0.5266
1 -0.5383 0.5249
1 -0.5378 0.5233
1 -0.5374 0.5216
1 -0.5368 0.5200
1 -0.5362 0.5183
1 -0.5356 0.5167
1 -0.5349 0.5152
1 -0.5342 0.5136
1 -0.5334 0.5121
1 -0.5326 0.5106
1 -0.5318 0.5090
1 -0.5309 0.5076
1 -0.5299 0.5062
1 -0.5290 0.5047
1 -0.5279 0.5034
1 -0.5269 0.5020
1 -0.5258 0.5006
1 -0.5246 0.4994
1 -0.5235 0.4981
1 -0.5223 0.4969
1 -0.0434 0.0179
1 -0.0422 0.0167
1 -0.0409 0.0156
1 -0.0396 0.0145
1 -0.0382 0.0134
1 -0.0369 0.0123
1 -0.0355 0.0113
1 -0.0341 0.0103
1 -0.0326 0.0094
1 -0.0312 0.0085
1 -0.0297 0.0076
1 -0.0282 0.0068
1 -0.0266 0.0061
1 -0.0250 0.0054
1 -0.0235 0.0046
1 -0.0219 0.0040
1 -0.0202 0.0034
1 -0.0186 0.0029
1 -0.0170 0.0024
1 -0.0154 0.0019
1 -0.0137 0.0015
1 -0.0120 0.0011
1 -0.0102 0.0008
1 -0.0086 0.0006
1 -0.0069 0.0003
1 -0.0051 0.0002
1 -0.0034 0.0001
1 -0.0018 0.0000
1 0.0000 0.0000
1 0.0018 0.0000
1 0.0034 0.0001
1 0.0051 0.0002
1 0.0069 0.0003
1 0.0086 0.0006
1 0.0102 0.0008
1 0.0120 0.0011
1 0.0137 0.0015
1 0.0154 0.0019
1 0.0170 0.0024
1 0.0186 0.0029
1 0.0202 0.0034
1 0.0219 0.0040
1 0.0235 0.0046
1 0.0250 0.0054
1 0.0266 0.0061
1 0.0282 0.0068
1 0.0297 0.0076
1 0.0312 0.0085
1 0.0326 0.0094
1 0.0341 0.0103
1 0.0355 0.0113
1 0.0369 0.0123
1 0.0382 0.0134
1 0.0396 0.0145
1 0.0409 0.0156
1 0.0422 0.0167
1 0.0434 0.0179
1 0.5223 0.4969
1 0.5235 0.4981
1 0.5246 0.4994
1 0.5258 0.5006
1 0.5269 0.5020
1 0.5279 0.5034
1 0.5290 0.5047
1 0.5299 0.5062
1 0.5309 0.5076
1 0.5318 0.5090
1 0.5326 0.5106
1 0.5334 0.5121
1 0.5342 0.5136
1 0.5349 0.5152
1 0.5356 0.5167
1 0.5362 0.5183
1 0.5368 0.5200
1 0.5374 0.5216
1 0.5378 0.5233
1 0.5383 0.5249
1 0.5387 0.5266
1 0.5391 0.5282
1 0.5394 0.5300
1 0.5397 0.5317
1 0.5399 0.5334
1 0.5401 0.5351
1 0.5402 0.5368
1 0.5402 0.5385
1 0.5402 0.5402
1 0.5402 0.5420
1 0.5402 0.5437
1 0.5401 0.5454
1 0.5399 0.5471
1 0.5397 0.5488
1 0.5394 0.5505
1 0.5391 0.5522
1 0.5387 0.5539
1 0.5383 0.5556
1 0.5378 0.5572
1 0.5374 0.5589
1 0.5368 0.5605
1 0.5362 0.5622
1 0.5356 0.5638
1 0.5349 0.5653
1 0.5342 0.5669
1 0.5334 0.5684
1 0.5326 0.5699
1 0.5318 0.5714
1 0.5309 0.5729
1 0.5299 0.5743
1 0.5290 0.5758
1 0.5279 0.5771
1 0.5269 0.5785
1 0.5258 0.5798
1 0.5246 0.5811
1 0.5235 0.5824
1 0.5223 0.5836
1 0.0434 1.0626
1 0.0422 1.0638
1 0.0409 1.0649
1 0.0396 1.0660
1 0.0382 1.0671
1 0.0369 1.0682
1 0.0355 1.0692
1 0.0341 1.0702
1 0.0326 1.0711
1 0.0312 1.0720
1 0.0297 1.0729
1 0.0282 1.0737
1 0.0266 1.0744
1 0.0250 1.0751
1 0.0235 1.0758
1 0.0219 1.0765
1 0.0202 1.0770
1 0.0186 1.0776
1 0.0170 1.0781
1 0.0154 1.0786
1 0.0137 1.0790
1 0.0120 1.0794
1 0.0102 1.0797
1 0.0086 1.0799
1 0.0069 1.0802
1 0.0051 1.0803
1 0.0034 1.0804
1 0.0018 1.0805
1 0.0000 1.0805
1 -0.0018 1.0805
1 -0.0034 1.0804
1 -0.0051 1.0803
1 -0.0069 1.0802
1 -0.0086 1.0799
1 -0.0102 1.0797
1 -0.0120 1.0794
1 -0.0137 1.0790
1 -0.0154 1.0786
1 -0.0170 1.0781
1 -0.0186 1.0776
1 -0.0202 1.0770
1 -0.0219 1.0765
1 -0.0235 1.0758
1 -0.0250 1.0751
1 -0.0266 1.0744
1 -0.0282 1.0737
1 -0.0297 1.0729
1 -0.0312 1.0720
1 -0.0326 1.0711
1 -0.0341 1.0702
1 -0.0355 1.0692
1 -0.0369 1.0682
1 -0.0382 1.0671
1 -0.0396 1.0660
1 -0.0409 1.0649
1 -0.0422 1.0638
1 -0.0434 1.0626
112 1250 197
0 -0.0340 1.0531
1 -0.5129 0.5742
1 -0.5139 0.5730
1 -0.5150 0.5719
1 -0.5160 0.5707
1 -0.5170 0.5694
1 -0.5179 0.5682
1 -0.5188 0.5670
1 -0.5197 0.5656
1 -0.5205 0.5642
1 -0.5213 0.5629
1 -0.5220 0.5615
1 -0.5226 0.5601
1 -0.5233 0.5586
1 -0.5238 0.5571
1 -0.5244 0.5557
1 -0.5249 0.5542
1 -0.5253 0.5526
1 -0.5257 0.5511
1 -0.5260 0.5496
1 -0.5263 0.5481
1 -0.5266 0.5465
1 -0.5267 0.5450
1 -0.5268 0.5434
1 -0.5269 0.5418
1 -0.5270 0.5402
1 -0.5269 0.5386
1 -0.5268 0.5371
1 -0.5267 0.5355
1 -0.5266 0.5340
1 -0.5263 0.5324
1 -0.5260 0.5309
1 -0.5257 0.5294
1 -0.5253 0.5278
1 -0.5249 0.5263
1 -0.5244 0.5248
1 -0.5238 0.5234
1 -0.5233 0.5218
1 -0.5226 0.5204
1 -0.5220 0.5190
1 -0.5213 0.5176
1 -0.5205 0.5162
1 -0.5197 0.5149
1 -0.5188 0.5135
1 -0.5179 0.5122
1 -0.5170 0.5110
1 -0.5160 0.5098
1 -0.5150 0.5086
1 -0.5139 0.5074
1 -0.5129 0.5062
1 -0.0340 0.0274
1 -0.0328 0.0263
1 -0.0317 0.0252
1 -0.0305 0.0242
1 -0.0292 0.0232
1 -0.0280 0.0223
1 -0.0267 0.0214
1 -0.0254 0.0206
1 -0.0240 0.0198
1 -0.0226 0.0190
1 -0.0213 0.0182
1 -0.0198 0.0176
1 -0.0184 0.0170
1 -0.0169 0.0164
1 -0.0154 0.0158
1 -0.0139 0.0154
1 -0.0124 0.0150
1 -0.0109 0.0146
1 -0.0094 0.0142
1 -0.0078 0.0139
1 -0.0062 0.0137
1 -0.0047 0.0135
1 -0.0031 0.0134
1 -0.0016 0.0134
1 0.0000 0.0133
1 0.0016 0.0134
1 0.0031 0.0134
1 0.0047 0.0135
1 0.0062 0.0137
1 0.0078 0.0139
1 0.0094 0.0142
1 0.0109 0.0146
1 0.0124 0.0150
1 0.0139 0.0154
1 0.0154 0.0158
1 0.0169 0.0164
1 0.0184 0.0170
1 0.0198 0.0176
1 0.0213 0.0182
1 0.0226 0.0190
1 0.0240 0.0198
1 0.0254 0.0206
1 0.0267 0.0214
1 0.0280 0.0223
1 0.0292 0.0232
1 0.0305 0.0242
1 0.0317 0.0252
1 0.0328 0.0263
1 0.0340 0.0274
1 0.5129 0.5062
1 0.5139 0.5074
1 0.5150 0.5086
1 0.5160 0.5098
1 0.5170 0.5110
1 0.5179 0.5122
1 0.5188 0.5135
1 0.5197 0.5149
1 0.5205 0.5162
1 0.5213 0.5176
1 0.5220 0.5190
1 0.5226 0.5204
1 0.5233 0.5218
1 0.5238 0.5234
1 0.5244 0.5248
1 0.5249 0.5263
1 0.5253 0.5278
1 0.5257 0.5294
1 0.5260 0.5309
1 0.5263 0.5324
1 0.5266 0.5340
1 0.5267 0.5355
1 0.5268 0.5371
1 0.5269 0.5386
1 0.5270 0.5402
1 0.5269 0.5418
1 0.5268 0.5434
1 0.5267 0.5450
1 0.5266 0.5465
1 0.5263 0.5481
1 0.5260 0.5496
1 0.5257 0.5511
1 0.5253 0.5526
1 0.5249 0.5542
1 0.5244 0.5557
1 0.5238 0.5571
1 0.5233 0.5586
1 0.5226 0.5601
1 0.5220 0.5615
1 0.5213 0.5629
1 0.5205 0.5642
1 0.5197 0.5656
1 0.5188 0.5670
1 0.5179 0.5682
1 0.5170 0.5694
1 0.5160 0.5707
1 0.5150 0.5719
1 0.5139 0.5730
1 0.5129 0.5742
1 0.0340 1.0531
1 0.0328 1.0542
1 0.0317 1.0553
1 0.0305 1.0562
1 0.0292 1.0573
1 0.0280 1.0582
1 0.0267 1.0590
1 0.0254 1.0599
1 0.0240 1.0607
1 0.0226 1.0615
1 0.0213 1.0622
1 0.0198 1.0629
1 0.0184 1.0635
1 0.0169 1.0641
1 0.0154 1.0646
1 0.0139 1.0651
1 0.0124 1.0655
1 0.0109 1.0659
1 0.0094 1.0662
1 0.0078 1.0666
1 0.0062 1.0668
1 0.0047 1.0670
1 0.0031 1.0670
1 0.0016 1.0671
1 0.0000 1.0672
1 -0.0016 1.0671
1 -0.0031 1.0670
1 -0.0047 1.0670
1 -0.0062 1.0668
1 -0.0078 1.0666
1 -0.0094 1.0662
1 -0.0109 1.0659
1 -0.0124 1.0655
1 -0.0139 1.0651
1 -0.0154 1.0646
1 -0.0169 1.0641
1 -0.0184 1.0635
1 -0.0198 1.0629
1 -0.0213 1.0622
1 -0.0226 1.0615
1 -0.0240 1.0607
1 -0.0254 1.0599
1 -0.0267 1.0590
1 -0.0280 1.0582
1 -0.0292 1.0573
1 -0.0305 1.0562
1 -0.0317 1.0553
1 -0.0328 1.0542
1 -0.0340 1.0531
112 1253 133
0 -0.4940 0.5554
1 -0.0151 1.0342
1 -0.0143 1.0350
1 -0.0135 1.0357
1 -0.0127 1.0363
1 -0.0118 1.0369
1 -0.0110 1.0374
1 -0.0101 1.0380
1 -0.0091 1.0385
1 -0.0082 1.0389
1 -0.0072 1.0393
1 -0.0062 1.0396
1 -0.0052 1.0398
1 -0.0042 1.0401
1 -0.0031 1.0402
1 -0.0021 1.0404
1 -0.0010 1.0405
1 0.0000 1.0405
1 0.0010 1.0405
1 0.0021 1.0404
1 0.0031 1.0402
1 0.0042 1.0401
1 0.0052 1.0398
1 0.0062 1.0396
1 0.0072 1.0393
1 0.0082 1.0389
1 0.0091 1.0385
1 0.0101 1.0380
1 0.0110 1.0374
1 0.0118 1.0369
1 0.0127 1.0363
1 0.0135 1.0357
1 0.0143 1.0350
1 0.0151 1.0342
1 0.4940 0.5554
1 0.4947 0.5546
1 0.4954 0.5538
1 0.4961 0.5530
1 0.4966 0.5521
1 0.4972 0.5512
1 0.4978 0.5503
1 0.4982 0.5494
1 0.4986 0.5484
1 0.4990 0.5474
1 0.4994 0.5465
1 0.4996 0.5454
1 0.4998 0.5444
1 0.5000 0.5434
1 0.5002 0.5423
1 0.5002 0.5413
1 0.5002 0.5402
1 0.5002 0.5392
1 0.5002 0.5382
1 0.5000 0.5371
1 0.4998 0.5361
1 0.4996 0.5350
1 0.4994 0.5340
1 0.4990 0.5330
1 0.4986 0.5321
1 0.4982 0.5311
1 0.4978 0.5302
1 0.4972 0.5293
1 0.4966 0.5284
1 0.4961 0.5275
1 0.4954 0.5267
1 0.4947 0.5259
1 0.4940 0.5251
1 0.0151 0.0462
1 0.0143 0.0455
1 0.0135 0.0448
1 0.0127 0.0442
1 0.0118 0.0436
1 0.0110 0.0430
1 0.0101 0.0425
1 0.0091 0.0420
1 0.0082 0.0416
1 0.0072 0.0412
1 0.0062 0.0409
1 0.0052 0.0406
1 0.0042 0.0404
1 0.0031 0.0402
1 0.0021 0.0401
1 0.0010 0.0400
1 0.0000 0.0400
1 -0.0010 0.0400
1 -0.0021 0.0401
1 -0.0031 0.0402
1 -0.0042 0.0404
1 -0.0052 0.0406
1 -0.0062 0.0409
1 -0.0072 0.0412
1 -0.0082 0.0416
1 -0.0091 0.0420
1 -0.0101 0.0425
1 -0.0110 0.0430
1 -0.0118 0.0436
1 -0.0127 0.0442
1 -0.0135 0.0448
1 -0.0143 0.0455
1 -0.0151 0.0462
1 -0.4940 0.5251
1 -0.4947 0.5259
1 -0.4954 0.5267
1 -0.4961 0.5275
1 -0.4966 0.5284
1 -0.4972 0.5293
1 -0.4978 0.5302
1 -0.4982 0.5311
1 -0.4986 0.5321
1 -0.4990 0.5330
1 -0.4994 0.5340
1 -0.4996 0.5350
1 -0.4998 0.5361
1 -0.5000 0.5371
1 -0.5002 0.5382
1 -0.5002 0.5392
1 -0.5002 0.5402
1 -0.5002 0.5413
1 -0.5002 0.5423
1 -0.5000 0.5434
1 -0.4998 0.5444
1 -0.4996 0.5454
1 -0.4994 0.5465
1 -0.4990 0.5474
1 -0.4986 0.5484
1 -0.4982 0.5494
1 -0.4978 0.5503
1 -0.4972 0.5512
1 -0.4966 0.5521
1 -0.4961 0.5530
1 -0.4954 0.5538
1 -0.4947 0.5546
1 -0.4940 0.5554
112 1250 438
0 -0.1520 0.6002
1 -0.1520 0.2962
1 -0.0510 0.2962
1 -0.0510 0.6002
1 -0.0510 0.6002
1 -0.0510 0.6026
1 -0.0509 0.6048
1 -0.0508 0.6071
1 -0.0506 0.6094
1 -0.0503 0.6117
1 -0.0501 0.6139
1 -0.0497 0.6162
1 -0.0494 0.6185
1 -0.0489 0.6207
1 -0.0484 0.6230
1 -0.0478 0.6252
1 -0.0472 0.6274
1 -0.0466 0.6296
1 -0.0459 0.6318
1 -0.0451 0.6340
1 -0.0443 0.6361
1 -0.0435 0.6382
1 -0.0426 0.6403
1 -0.0417 0.6425
1 -0.0406 0.6445
1 -0.0396 0.6466
1 -0.0386 0.6486
1 -0.0374 0.6506
1 -0.0362 0.6526
1 -0.0350 0.6545
1 -0.0338 0.6564
1 -0.0324 0.6582
1 -0.0311 0.6602
1 -0.0297 0.6619
1 -0.0282 0.6638
1 -0.0268 0.6655
1 -0.0253 0.6672
1 -0.0237 0.6689
1 -0.0221 0.6706
1 -0.0205 0.6722
1 -0.0188 0.6738
1 -0.0171 0.6753
1 -0.0154 0.6768
1 -0.0136 0.6782
1 -0.0118 0.6796
1 -0.0100 0.6810
1 -0.0081 0.6823
1 -0.0062 0.6836
1 -0.0042 0.6849
1 -0.0023 0.6861
1 -0.0003 0.6872
1 0.0017 0.6883
1 0.0037 0.6894
1 0.0058 0.6904
1 0.0078 0.6914
1 0.0099 0.6923
1 0.0121 0.6932
1 0.0142 0.6940
1 0.0163 0.6948
1 0.0186 0.6955
1 0.0207 0.6962
1 0.0230 0.6968
1 0.0251 0.6974
1 0.0274 0.6978
1 0.0296 0.6983
1 0.0319 0.6988
1 0.0342 0.6991
1 0.0364 0.6994
1 0.0387 0.6997
1 0.0410 0.6999
1 0.0433 0.7001
1 0.0456 0.7002
1 0.0478 0.7002
1 0.0502 0.7002
1 0.0524 0.7002
1 0.0547 0.7001
1 0.0570 0.6999
1 0.0593 0.6997
1 0.0616 0.6994
1 0.0638 0.6991
1 0.0661 0.6988
1 0.0684 0.6983
1 0.0706 0.6978
1 0.0729 0.6974
1 0.0750 0.6968
1 0.0773 0.6962
1 0.0794 0.6955
1 0.0817 0.6948
1 0.0838 0.6940
1 0.0859 0.6932
1 0.0881 0.6923
1 0.0902 0.6914
1 0.0922 0.6904
1 0.0943 0.6894
1 0.0963 0.6883
1 0.0983 0.6872
1 0.1003 0.6861
1 0.1022 0.6849
1 0.1042 0.6836
1 0.1061 0.6823
1 0.1080 0.6810
1 0.1098 0.6796
1 0.1116 0.6782
1 0.1134 0.6768
1 0.1151 0.6753
1 0.1168 0.6738
1 0.1185 0.6722
1 0.1201 0.6706
1 0.1217 0.6689
1 0.1233 0.6672
1 0.1248 0.6655
1 0.1262 0.6638
1 0.1277 0.6619
1 0.1291 0.6602
1 0.1304 0.6582
1 0.1318 0.6564
1 0.1330 0.6545
1 0.1342 0.6526
1 0.1354 0.6506
1 0.1366 0.6486
1 0.1376 0.6466
1 0.1386 0.6445
1 0.1397 0.6425
1 0.1406 0.6403
1 0.1415 0.6382
1 0.1423 0.6361
1 0.1431 0.6340
1 0.1439 0.6318
1 0.1446 0.6296
1 0.1452 0.6274
1 0.1458 0.6252
1 0.1464 0.6230
1 0.1469 0.6207
1 0.1474 0.6185
1 0.1477 0.6162
1 0.1481 0.6139
1 0.1483 0.6117
1 0.1486 0.6094
1 0.1488 0.6071
1 0.1489 0.6048
1 0.1490 0.6026
1 0.1490 0.6002
1 0.1490 0.6002
1 0.0746 0.6187
1 0.0746 0.6187
1 0.0736 0.6189
1 0.0726 0.6190
1 0.0716 0.6192
1 0.0706 0.6192
1 0.0697 0.6192
1 0.0686 0.6192
1 0.0677 0.6191
1 0.0667 0.6190
1 0.0658 0.6187
1 0.0648 0.6185
1 0.0638 0.6182
1 0.0629 0.6178
1 0.0620 0.6174
1 0.0611 0.6170
1 0.0602 0.6166
1 0.0594 0.6160
1 0.0586 0.6154
1 0.0578 0.6148
1 0.0570 0.6142
1 0.0564 0.6134
1 0.0557 0.6127
1 0.0550 0.6120
1 0.0545 0.6112
1 0.0539 0.6103
1 0.0534 0.6095
1 0.0530 0.6086
1 0.0526 0.6078
1 0.0522 0.6068
1 0.0518 0.6058
1 0.0516 0.6049
1 0.0514 0.6039
1 0.0512 0.6030
1 0.0511 0.6020
1 0.0510 0.6010
1 0.0510 0.6000
1 0.0510 0.5990
1 0.0511 0.5980
1 0.0513 0.5970
1 0.0514 0.5961
1 0.0517 0.5951
1 0.0520 0.5942
1 0.0523 0.5932
1 0.0527 0.5923
1 0.0532 0.5914
1 0.0537 0.5906
1 0.0542 0.5898
1 0.0547 0.5889
1 0.0547 0.5889
1 0.2000 0.3933
1 0.3453 0.5889
1 0.3453 0.5889
1 0.3458 0.5898
1 0.3463 0.5906
1 0.3468 0.5914
1 0.3473 0.5923
1 0.3477 0.5932
1 0.3480 0.5942
1 0.3483 0.5951
1 0.3486 0.5961
1 0.3487 0.5970
1 0.3489 0.5980
1 0.3490 0.5990
1 0.3490 0.6000
1 0.3490 0.6010
1 0.3489 0.6020
1 0.3488 0.6030
1 0.3486 0.6039
1 0.3484 0.6049
1 0.3482 0.6058
1 0.3478 0.6068
1 0.3474 0.6078
1 0.3470 0.6086
1 0.3466 0.6095
1 0.3461 0.6103
1 0.3455 0.6112
1 0.3450 0.6120
1 0.3443 0.6127
1 0.3436 0.6134
1 0.3430 0.6142
1 0.3422 0.6148
1 0.3414 0.6154
1 0.3406 0.6160
1 0.3398 0.6166
1 0.3389 0.6170
1 0.3380 0.6174
1 0.3371 0.6178
1 0.3362 0.6182
1 0.3352 0.6185
1 0.3342 0.6187
1 0.3333 0.6190
1 0.3323 0.6191
1 0.3314 0.6192
1 0.3303 0.6192
1 0.3294 0.6192
1 0.3284 0.6192
1 0.3274 0.6190
1 0.3264 0.6189
1 0.3254 0.6187
1 0.3254 0.6187
1 0.2500 0.6000
1 0.2500 0.6000
1 0.2500 0.6033
1 0.2499 0.6066
1 0.2498 0.6098
1 0.2496 0.6130
1 0.2494 0.6163
1 0.2490 0.6196
1 0.2487 0.6229
1 0.2483 0.6261
1 0.2479 0.6294
1 0.2474 0.6326
1 0.2468 0.6358
1 0.2462 0.6390
1 0.2456 0.6422
1 0.2449 0.6454
1 0.2441 0.6486
1 0.2433 0.6518
1 0.2424 0.6550
1 0.2415 0.6581
1 0.2406 0.6612
1 0.2395 0.6643
1 0.2385 0.6674
1 0.2374 0.6705
1 0.2362 0.6735
1 0.2350 0.6766
1 0.2337 0.6796
1 0.2323 0.6826
1 0.2310 0.6856
1 0.2296 0.6886
1 0.2281 0.6914
1 0.2266 0.6943
1 0.2250 0.6972
1 0.2234 0.7001
1 0.2218 0.7029
1 0.2201 0.7057
1 0.2184 0.7085
1 0.2166 0.7112
1 0.2147 0.7139
1 0.2129 0.7166
1 0.2110 0.7193
1 0.2090 0.7219
1 0.2070 0.7245
1 0.2050 0.7270
1 0.2029 0.7296
1 0.2007 0.7321
1 0.1986 0.7345
1 0.1964 0.7370
1 0.1942 0.7393
1 0.1918 0.7417
1 0.1895 0.7440
1 0.1871 0.7462
1 0.1848 0.7485
1 0.1823 0.7506
1 0.1798 0.7528
1 0.1774 0.7549
1 0.1748 0.7570
1 0.1722 0.7590
1 0.1697 0.7610
1 0.1670 0.7630
1 0.1643 0.7649
1 0.1617 0.7667
1 0.1590 0.7685
1 0.1562 0.7702
1 0.1534 0.7720
1 0.1506 0.7737
1 0.1478 0.7753
1 0.1449 0.7769
1 0.1420 0.7784
1 0.1391 0.7799
1 0.1362 0.7814
1 0.1332 0.7828
1 0.1302 0.7841
1 0.1272 0.7854
1 0.1242 0.7866
1 0.1211 0.7878
1 0.1181 0.7890
1 0.1150 0.7901
1 0.1118 0.7911
1 0.1087 0.7922
1 0.1056 0.7931
1 0.1025 0.7940
1 0.0993 0.7949
1 0.0962 0.7956
1 0.0930 0.7964
1 0.0898 0.7970
1 0.0866 0.7977
1 0.0834 0.7983
1 0.0801 0.7988
1 0.0769 0.7993
1 0.0736 0.7998
1 0.0703 0.8001
1 0.0671 0.8004
1 0.0638 0.8007
1 0.0606 0.8009
1 0.0573 0.8010
1 0.0540 0.8012
1 0.0508 0.8012
1 0.0475 0.8012
1 0.0442 0.8012
1 0.0410 0.8010
1 0.0377 0.8010
1 0.0344 0.8007
1 0.0311 0.8005
1 0.0279 0.8002
1 0.0246 0.7998
1 0.0214 0.7994
1 0.0182 0.7989
1 0.0150 0.7983
1 0.0117 0.7978
1 0.0085 0.7971
1 0.0053 0.7964
1 0.0021 0.7957
1 -0.0010 0.7949
1 -0.0042 0.7941
1 -0.0074 0.7932
1 -0.0106 0.7922
1 -0.0137 0.7912
1 -0.0167 0.7902
1 -0.0198 0.7891
1 -0.0229 0.7879
1 -0.0259 0.7867
1 -0.0290 0.7855
1 -0.0320 0.7842
1 -0.0350 0.7829
1 -0.0379 0.7814
1 -0.0409 0.7800
1 -0.0438 0.7786
1 -0.0466 0.7770
1 -0.0495 0.7754
1 -0.0524 0.7738
1 -0.0552 0.7722
1 -0.0580 0.7704
1 -0.0607 0.7686
1 -0.0634 0.7668
1 -0.0662 0.7650
1 -0.0688 0.7631
1 -0.0714 0.7611
1 -0.0741 0.7592
1 -0.0766 0.7571
1 -0.0792 0.7550
1 -0.0817 0.7530
1 -0.0842 0.7508
1 -0.0866 0.7486
1 -0.0890 0.7464
1 -0.0914 0.7442
1 -0.0937 0.7418
1 -0.0959 0.7395
1 -0.0982 0.7371
1 -0.1004 0.7347
1 -0.1026 0.7322
1 -0.1047 0.7298
1 -0.1068 0.7273
1 -0.1089 0.7247
1 -0.1109 0.7221
1 -0.1128 0.7195
1 -0.1147 0.7168
1 -0.1166 0.7142
1 -0.1184 0.7114
1 -0.1202 0.7087
1 -0.1220 0.7059
1 -0.1237 0.7031
1 -0.1254 0.7003
1 -0.1270 0.6974
1 -0.1285 0.6946
1 -0.1300 0.6917
1 -0.1314 0.6887
1 -0.1329 0.6858
1 -0.1342 0.6828
1 -0.1356 0.6798
1 -0.1369 0.6768
1 -0.1381 0.6738
1 -0.1392 0.6707
1 -0.1404 0.6677
1 -0.1414 0.6646
1 -0.1425 0.6614
1 -0.1434 0.6583
1 -0.1443 0.6552
1 -0.1452 0.6520
1 -0.1460 0.6489
1 -0.1468 0.6457
1 -0.1475 0.6425
1 -0.1482 0.6393
1 -0.1488 0.6361
1 -0.1494 0.6328
1 -0.1498 0.6296
1 -0.1503 0.6263
1 -0.1507 0.6231
1 -0.1510 0.6198
1 -0.1514 0.6166
1 -0.1516 0.6134
1 -0.1518 0.6101
1 -0.1519 0.6068
1 -0.1520 0.6035
