SEcl_PG-7a
3262 10 1 1 0 0 0 0 0 0 1 1
1.000
112 1253 229
0 -0.0434 1.0623
1 -0.5223 0.5834
1 -0.5235 0.5822
1 -0.5246 0.5809
1 -0.5258 0.5796
1 -0.5269 0.5782
1 -0.5279 0.5769
1 -0.5290 0.5755
1 -0.5299 0.5741
1 -0.5309 0.5726
1 -0.5318 0.5712
1 -0.5326 0.5697
1 -0.5334 0.5682
1 -0.5342 0.5666
1 -0.5349 0.5650
1 -0.5356 0.5635
1 -0.5362 0.5619
1 -0.5368 0.5602
1 -0.5374 0.5586
1 -0.5378 0.5570
1 -0.5383 0.5554
1 -0.5387 0.5537
1 -0.5391 0.5520
1 -0.5394 0.5502
1 -0.5397 0.5486
1 -0.5399 0.5469
1 -0.5401 0.5451
1 -0.5402 0.5434
1 -0.5402 0.5418
1 -0.5402 0.5400
1 -0.5402 0.5382
1 -0.5402 0.5366
1 -0.5401 0.5349
1 -0.5399 0.5331
1 -0.5397 0.5314
1 -0.5394 0.5298
1 -0.5391 0.5280
1 -0.5387 0.5263
1 -0.5383 0.5246
1 -0.5378 0.5230
1 -0.5374 0.5214
1 -0.5368 0.5198
1 -0.5362 0.5181
1 -0.5356 0.5165
1 -0.5349 0.5150
1 -0.5342 0.5134
1 -0.5334 0.5118
1 -0.5326 0.5103
1 -0.5318 0.5088
1 -0.5309 0.5074
1 -0.5299 0.5059
1 -0.5290 0.5045
1 -0.5279 0.5031
1 -0.5269 0.5018
1 -0.5258 0.5004
1 -0.5246 0.4991
1 -0.5235 0.4978
1 -0.5223 0.4966
1 -0.0434 0.0177
1 -0.0422 0.0165
1 -0.0409 0.0154
1 -0.0396 0.0142
1 -0.0382 0.0131
1 -0.0369 0.0121
1 -0.0355 0.0110
1 -0.0341 0.0101
1 -0.0326 0.0091
1 -0.0312 0.0082
1 -0.0297 0.0074
1 -0.0282 0.0066
1 -0.0266 0.0058
1 -0.0250 0.0051
1 -0.0235 0.0044
1 -0.0219 0.0038
1 -0.0202 0.0032
1 -0.0186 0.0026
1 -0.0170 0.0022
1 -0.0154 0.0017
1 -0.0137 0.0013
1 -0.0120 0.0009
1 -0.0102 0.0006
1 -0.0086 0.0003
1 -0.0069 0.0001
1 -0.0051 -0.0001
1 -0.0034 -0.0002
1 -0.0018 -0.0002
1 0.0000 -0.0002
1 0.0018 -0.0002
1 0.0034 -0.0002
1 0.0051 -0.0001
1 0.0069 0.0001
1 0.0086 0.0003
1 0.0102 0.0006
1 0.0120 0.0009
1 0.0137 0.0013
1 0.0154 0.0017
1 0.0170 0.0022
1 0.0186 0.0026
1 0.0202 0.0032
1 0.0219 0.0038
1 0.0235 0.0044
1 0.0250 0.0051
1 0.0266 0.0058
1 0.0282 0.0066
1 0.0297 0.0074
1 0.0312 0.0082
1 0.0326 0.0091
1 0.0341 0.0101
1 0.0355 0.0110
1 0.0369 0.0121
1 0.0382 0.0131
1 0.0396 0.0142
1 0.0409 0.0154
1 0.0422 0.0165
1 0.0434 0.0177
1 0.5223 0.4966
1 0.5235 0.4978
1 0.5246 0.4991
1 0.5258 0.5004
1 0.5269 0.5018
1 0.5279 0.5031
1 0.5290 0.5045
1 0.5299 0.5059
1 0.5309 0.5074
1 0.5318 0.5088
1 0.5326 0.5103
1 0.5334 0.5118
1 0.5342 0.5134
1 0.5349 0.5150
1 0.5356 0.5165
1 0.5362 0.5181
1 0.5368 0.5198
1 0.5374 0.5214
1 0.5378 0.5230
1 0.5383 0.5246
1 0.5387 0.5263
1 0.5391 0.5280
1 0.5394 0.5298
1 0.5397 0.5314
1 0.5399 0.5331
1 0.5401 0.5349
1 0.5402 0.5366
1 0.5402 0.5382
1 0.5402 0.5400
1 0.5402 0.5418
1 0.5402 0.5434
1 0.5401 0.5451
1 0.5399 0.5469
1 0.5397 0.5486
1 0.5394 0.5502
1 0.5391 0.5520
1 0.5387 0.5537
1 0.5383 0.5554
1 0.5378 0.5570
1 0.5374 0.5586
1 0.5368 0.5602
1 0.5362 0.5619
1 0.5356 0.5635
1 0.5349 0.5650
1 0.5342 0.5666
1 0.5334 0.5682
1 0.5326 0.5697
1 0.5318 0.5712
1 0.5309 0.5726
1 0.5299 0.5741
1 0.5290 0.5755
1 0.5279 0.5769
1 0.5269 0.5782
1 0.5258 0.5796
1 0.5246 0.5809
1 0.5235 0.5822
1 0.5223 0.5834
1 0.0434 1.0623
1 0.0422 1.0635
1 0.0409 1.0646
1 0.0396 1.0658
1 0.0382 1.0669
1 0.0369 1.0679
1 0.0355 1.0690
1 0.0341 1.0699
1 0.0326 1.0709
1 0.0312 1.0718
1 0.0297 1.0726
1 0.0282 1.0734
1 0.0266 1.0742
1 0.0250 1.0749
1 0.0235 1.0756
1 0.0219 1.0762
1 0.0202 1.0768
1 0.0186 1.0774
1 0.0170 1.0778
1 0.0154 1.0783
1 0.0137 1.0787
1 0.0120 1.0791
1 0.0102 1.0794
1 0.0086 1.0797
1 0.0069 1.0799
1 0.0051 1.0801
1 0.0034 1.0802
1 0.0018 1.0802
1 0.0000 1.0802
1 -0.0018 1.0802
1 -0.0034 1.0802
1 -0.0051 1.0801
1 -0.0069 1.0799
1 -0.0086 1.0797
1 -0.0102 1.0794
1 -0.0120 1.0791
1 -0.0137 1.0787
1 -0.0154 1.0783
1 -0.0170 1.0778
1 -0.0186 1.0774
1 -0.0202 1.0768
1 -0.0219 1.0762
1 -0.0235 1.0756
1 -0.0250 1.0749
1 -0.0266 1.0742
1 -0.0282 1.0734
1 -0.0297 1.0726
1 -0.0312 1.0718
1 -0.0326 1.0709
1 -0.0341 1.0699
1 -0.0355 1.0690
1 -0.0369 1.0679
1 -0.0382 1.0669
1 -0.0396 1.0658
1 -0.0409 1.0646
1 -0.0422 1.0635
1 -0.0434 1.0623
112 1250 197
0 -0.0340 1.0529
1 -0.5129 0.5740
1 -0.5139 0.5728
1 -0.5150 0.5717
1 -0.5160 0.5705
1 -0.5170 0.5692
1 -0.5179 0.5680
1 -0.5188 0.5667
1 -0.5197 0.5654
1 -0.5205 0.5640
1 -0.5213 0.5626
1 -0.5220 0.5613
1 -0.5226 0.5598
1 -0.5233 0.5584
1 -0.5238 0.5569
1 -0.5244 0.5554
1 -0.5249 0.5539
1 -0.5253 0.5524
1 -0.5257 0.5509
1 -0.5260 0.5494
1 -0.5263 0.5478
1 -0.5266 0.5462
1 -0.5267 0.5447
1 -0.5268 0.5431
1 -0.5269 0.5416
1 -0.5270 0.5400
1 -0.5269 0.5384
1 -0.5268 0.5369
1 -0.5267 0.5353
1 -0.5266 0.5338
1 -0.5263 0.5322
1 -0.5260 0.5306
1 -0.5257 0.5291
1 -0.5253 0.5276
1 -0.5249 0.5261
1 -0.5244 0.5246
1 -0.5238 0.5231
1 -0.5233 0.5216
1 -0.5226 0.5202
1 -0.5220 0.5187
1 -0.5213 0.5174
1 -0.5205 0.5160
1 -0.5197 0.5146
1 -0.5188 0.5133
1 -0.5179 0.5120
1 -0.5170 0.5108
1 -0.5160 0.5095
1 -0.5150 0.5083
1 -0.5139 0.5072
1 -0.5129 0.5060
1 -0.0340 0.0271
1 -0.0328 0.0261
1 -0.0317 0.0250
1 -0.0305 0.0240
1 -0.0292 0.0230
1 -0.0280 0.0221
1 -0.0267 0.0212
1 -0.0254 0.0203
1 -0.0240 0.0195
1 -0.0226 0.0187
1 -0.0213 0.0180
1 -0.0198 0.0174
1 -0.0184 0.0167
1 -0.0169 0.0162
1 -0.0154 0.0156
1 -0.0139 0.0151
1 -0.0124 0.0147
1 -0.0109 0.0143
1 -0.0094 0.0140
1 -0.0078 0.0137
1 -0.0062 0.0134
1 -0.0047 0.0133
1 -0.0031 0.0132
1 -0.0016 0.0131
1 0.0000 0.0130
1 0.0016 0.0131
1 0.0031 0.0132
1 0.0047 0.0133
1 0.0062 0.0134
1 0.0078 0.0137
1 0.0094 0.0140
1 0.0109 0.0143
1 0.0124 0.0147
1 0.0139 0.0151
1 0.0154 0.0156
1 0.0169 0.0162
1 0.0184 0.0167
1 0.0198 0.0174
1 0.0213 0.0180
1 0.0226 0.0187
1 0.0240 0.0195
1 0.0254 0.0203
1 0.0267 0.0212
1 0.0280 0.0221
1 0.0292 0.0230
1 0.0305 0.0240
1 0.0317 0.0250
1 0.0328 0.0261
1 0.0340 0.0271
1 0.5129 0.5060
1 0.5139 0.5072
1 0.5150 0.5083
1 0.5160 0.5095
1 0.5170 0.5108
1 0.5179 0.5120
1 0.5188 0.5133
1 0.5197 0.5146
1 0.5205 0.5160
1 0.5213 0.5174
1 0.5220 0.5187
1 0.5226 0.5202
1 0.5233 0.5216
1 0.5238 0.5231
1 0.5244 0.5246
1 0.5249 0.5261
1 0.5253 0.5276
1 0.5257 0.5291
1 0.5260 0.5306
1 0.5263 0.5322
1 0.5266 0.5338
1 0.5267 0.5353
1 0.5268 0.5369
1 0.5269 0.5384
1 0.5270 0.5400
1 0.5269 0.5416
1 0.5268 0.5431
1 0.5267 0.5447
1 0.5266 0.5462
1 0.5263 0.5478
1 0.5260 0.5494
1 0.5257 0.5509
1 0.5253 0.5524
1 0.5249 0.5539
1 0.5244 0.5554
1 0.5238 0.5569
1 0.5233 0.5584
1 0.5226 0.5598
1 0.5220 0.5613
1 0.5213 0.5626
1 0.5205 0.5640
1 0.5197 0.5654
1 0.5188 0.5667
1 0.5179 0.5680
1 0.5170 0.5692
1 0.5160 0.5705
1 0.5150 0.5717
1 0.5139 0.5728
1 0.5129 0.5740
1 0.0340 1.0529
1 0.0328 1.0539
1 0.0317 1.0550
1 0.0305 1.0560
1 0.0292 1.0570
1 0.0280 1.0579
1 0.0267 1.0588
1 0.0254 1.0597
1 0.0240 1.0605
1 0.0226 1.0613
1 0.0213 1.0620
1 0.0198 1.0626
1 0.0184 1.0633
1 0.0169 1.0638
1 0.0154 1.0644
1 0.0139 1.0649
1 0.0124 1.0653
1 0.0109 1.0657
1 0.0094 1.0660
1 0.0078 1.0663
1 0.0062 1.0666
1 0.0047 1.0667
1 0.0031 1.0668
1 0.0016 1.0669
1 0.0000 1.0670
1 -0.0016 1.0669
1 -0.0031 1.0668
1 -0.0047 1.0667
1 -0.0062 1.0666
1 -0.0078 1.0663
1 -0.0094 1.0660
1 -0.0109 1.0657
1 -0.0124 1.0653
1 -0.0139 1.0649
1 -0.0154 1.0644
1 -0.0169 1.0638
1 -0.0184 1.0633
1 -0.0198 1.0626
1 -0.0213 1.0620
1 -0.0226 1.0613
1 -0.0240 1.0605
1 -0.0254 1.0597
1 -0.0267 1.0588
1 -0.0280 1.0579
1 -0.0292 1.0570
1 -0.0305 1.0560
1 -0.0317 1.0550
1 -0.0328 1.0539
1 -0.0340 1.0529
112 1253 133
0 -0.4940 0.5551
1 -0.0151 1.0340
1 -0.0143 1.0347
1 -0.0135 1.0354
1 -0.0127 1.0361
1 -0.0118 1.0366
1 -0.0110 1.0372
1 -0.0101 1.0378
1 -0.0091 1.0382
1 -0.0082 1.0386
1 -0.0072 1.0390
1 -0.0062 1.0394
1 -0.0052 1.0396
1 -0.0042 1.0398
1 -0.0031 1.0400
1 -0.0021 1.0402
1 -0.0010 1.0402
1 0.0000 1.0402
1 0.0010 1.0402
1 0.0021 1.0402
1 0.0031 1.0400
1 0.0042 1.0398
1 0.0052 1.0396
1 0.0062 1.0394
1 0.0072 1.0390
1 0.0082 1.0386
1 0.0091 1.0382
1 0.0101 1.0378
1 0.0110 1.0372
1 0.0118 1.0366
1 0.0127 1.0361
1 0.0135 1.0354
1 0.0143 1.0347
1 0.0151 1.0340
1 0.4940 0.5551
1 0.4947 0.5543
1 0.4954 0.5535
1 0.4961 0.5527
1 0.4966 0.5518
1 0.4972 0.5510
1 0.4978 0.5501
1 0.4982 0.5491
1 0.4986 0.5482
1 0.4990 0.5472
1 0.4994 0.5462
1 0.4996 0.5452
1 0.4998 0.5442
1 0.5000 0.5431
1 0.5002 0.5421
1 0.5002 0.5410
1 0.5002 0.5400
1 0.5002 0.5390
1 0.5002 0.5379
1 0.5000 0.5369
1 0.4998 0.5358
1 0.4996 0.5348
1 0.4994 0.5338
1 0.4990 0.5328
1 0.4986 0.5318
1 0.4982 0.5309
1 0.4978 0.5299
1 0.4972 0.5290
1 0.4966 0.5282
1 0.4961 0.5273
1 0.4954 0.5265
1 0.4947 0.5257
1 0.4940 0.5249
1 0.0151 0.0460
1 0.0143 0.0453
1 0.0135 0.0446
1 0.0127 0.0439
1 0.0118 0.0434
1 0.0110 0.0428
1 0.0101 0.0422
1 0.0091 0.0418
1 0.0082 0.0414
1 0.0072 0.0410
1 0.0062 0.0406
1 0.0052 0.0404
1 0.0042 0.0402
1 0.0031 0.0400
1 0.0021 0.0398
1 0.0010 0.0398
1 0.0000 0.0398
1 -0.0010 0.0398
1 -0.0021 0.0398
1 -0.0031 0.0400
1 -0.0042 0.0402
1 -0.0052 0.0404
1 -0.0062 0.0406
1 -0.0072 0.0410
1 -0.0082 0.0414
1 -0.0091 0.0418
1 -0.0101 0.0422
1 -0.0110 0.0428
1 -0.0118 0.0434
1 -0.0127 0.0439
1 -0.0135 0.0446
1 -0.0143 0.0453
1 -0.0151 0.0460
1 -0.4940 0.5249
1 -0.4947 0.5257
1 -0.4954 0.5265
1 -0.4961 0.5273
1 -0.4966 0.5282
1 -0.4972 0.5290
1 -0.4978 0.5299
1 -0.4982 0.5309
1 -0.4986 0.5318
1 -0.4990 0.5328
1 -0.4994 0.5338
1 -0.4996 0.5348
1 -0.4998 0.5358
1 -0.5000 0.5369
1 -0.5002 0.5379
1 -0.5002 0.5390
1 -0.5002 0.5400
1 -0.5002 0.5410
1 -0.5002 0.5421
1 -0.5000 0.5431
1 -0.4998 0.5442
1 -0.4996 0.5452
1 -0.4994 0.5462
1 -0.4990 0.5472
1 -0.4986 0.5482
1 -0.4982 0.5491
1 -0.4978 0.5501
1 -0.4972 0.5510
1 -0.4966 0.5518
1 -0.4961 0.5527
1 -0.4954 0.5535
1 -0.4947 0.5543
1 -0.4940 0.5551
112 1250 4
0 0.2666 0.4154
1 -0.2666 0.4154
1 -0.2666 0.6646
1 0.2666 0.4154
112 1250 157
0 -0.0622 0.6205
1 -0.0623 0.6218
1 -0.0625 0.6230
1 -0.0626 0.6243
1 -0.0629 0.6256
1 -0.0631 0.6269
1 -0.0634 0.6281
1 -0.0638 0.6294
1 -0.0643 0.6306
1 -0.0647 0.6318
1 -0.0653 0.6330
1 -0.0658 0.6341
1 -0.0665 0.6352
1 -0.0671 0.6363
1 -0.0678 0.6374
1 -0.0686 0.6385
1 -0.0694 0.6394
1 -0.0702 0.6405
1 -0.0711 0.6414
1 -0.0720 0.6423
1 -0.0730 0.6432
1 -0.0739 0.6440
1 -0.0750 0.6448
1 -0.0760 0.6456
1 -0.0770 0.6463
1 -0.0782 0.6470
1 -0.0793 0.6476
1 -0.0804 0.6482
1 -0.0816 0.6487
1 -0.0828 0.6492
1 -0.0840 0.6496
1 -0.0853 0.6500
1 -0.0865 0.6503
1 -0.0878 0.6506
1 -0.0890 0.6509
1 -0.0903 0.6510
1 -0.0916 0.6512
1 -0.0929 0.6513
1 -0.0942 0.6513
1 -0.0954 0.6513
1 -0.0967 0.6512
1 -0.0980 0.6510
1 -0.0993 0.6509
1 -0.1006 0.6506
1 -0.1018 0.6504
1 -0.1030 0.6501
1 -0.1043 0.6497
1 -0.1055 0.6493
1 -0.1067 0.6488
1 -0.1078 0.6482
1 -0.1090 0.6477
1 -0.1102 0.6470
1 -0.1113 0.6464
1 -0.1123 0.6457
1 -0.1134 0.6450
1 -0.1144 0.6442
1 -0.1154 0.6433
1 -0.1163 0.6424
1 -0.1173 0.6415
1 -0.1182 0.6406
1 -0.1190 0.6396
1 -0.1198 0.6386
1 -0.1205 0.6375
1 -0.1212 0.6365
1 -0.1219 0.6354
1 -0.1226 0.6342
1 -0.1231 0.6331
1 -0.1236 0.6319
1 -0.1242 0.6307
1 -0.1246 0.6295
1 -0.1250 0.6283
1 -0.1253 0.6270
1 -0.1256 0.6258
1 -0.1258 0.6245
1 -0.1260 0.6233
1 -0.1262 0.6220
1 -0.1262 0.6206
1 -0.1262 0.6194
1 -0.1262 0.6181
1 -0.1262 0.6168
1 -0.1260 0.6155
1 -0.1258 0.6142
1 -0.1256 0.6130
1 -0.1254 0.6118
1 -0.1250 0.6105
1 -0.1246 0.6093
1 -0.1242 0.6080
1 -0.1237 0.6068
1 -0.1232 0.6057
1 -0.1226 0.6045
1 -0.1220 0.6034
1 -0.1214 0.6022
1 -0.1206 0.6012
1 -0.1198 0.6002
1 -0.1191 0.5991
1 -0.1182 0.5982
1 -0.1174 0.5972
1 -0.1165 0.5962
1 -0.1155 0.5954
1 -0.1146 0.5946
1 -0.1135 0.5938
1 -0.1125 0.5930
1 -0.1114 0.5923
1 -0.1103 0.5916
1 -0.1092 0.5910
1 -0.1080 0.5904
1 -0.1069 0.5899
1 -0.1057 0.5894
1 -0.1045 0.5890
1 -0.1032 0.5886
1 -0.1020 0.5882
1 -0.1007 0.5879
1 -0.0994 0.5878
1 -0.0982 0.5875
1 -0.0969 0.5874
1 -0.0956 0.5874
1 -0.0943 0.5873
1 -0.0930 0.5873
1 -0.0918 0.5874
1 -0.0905 0.5875
1 -0.0892 0.5877
1 -0.0879 0.5879
1 -0.0866 0.5882
1 -0.0854 0.5886
1 -0.0842 0.5889
1 -0.0830 0.5894
1 -0.0818 0.5898
1 -0.0806 0.5903
1 -0.0794 0.5909
1 -0.0783 0.5915
1 -0.0772 0.5922
1 -0.0762 0.5929
1 -0.0751 0.5937
1 -0.0741 0.5945
1 -0.0731 0.5953
1 -0.0722 0.5962
1 -0.0712 0.5970
1 -0.0703 0.5980
1 -0.0695 0.5990
1 -0.0687 0.6000
1 -0.0679 0.6010
1 -0.0672 0.6021
1 -0.0666 0.6032
1 -0.0659 0.6043
1 -0.0654 0.6055
1 -0.0648 0.6066
1 -0.0643 0.6078
1 -0.0639 0.6090
1 -0.0635 0.6103
1 -0.0632 0.6115
1 -0.0629 0.6128
1 -0.0626 0.6141
1 -0.0625 0.6154
1 -0.0623 0.6166
1 -0.0622 0.6179
1 -0.0622 0.6192
1 -0.0622 0.6205
112 1253 129
0 -0.0729 0.6201
1 -0.0730 0.6211
1 -0.0731 0.6222
1 -0.0733 0.6232
1 -0.0735 0.6242
1 -0.0738 0.6253
1 -0.0741 0.6262
1 -0.0744 0.6272
1 -0.0749 0.6282
1 -0.0753 0.6291
1 -0.0758 0.6301
1 -0.0763 0.6310
1 -0.0770 0.6318
1 -0.0776 0.6326
1 -0.0782 0.6334
1 -0.0790 0.6342
1 -0.0798 0.6350
1 -0.0805 0.6356
1 -0.0814 0.6362
1 -0.0822 0.6369
1 -0.0830 0.6374
1 -0.0839 0.6380
1 -0.0849 0.6385
1 -0.0858 0.6389
1 -0.0868 0.6393
1 -0.0878 0.6396
1 -0.0888 0.6399
1 -0.0898 0.6402
1 -0.0909 0.6403
1 -0.0919 0.6405
1 -0.0930 0.6406
1 -0.0940 0.6406
1 -0.0950 0.6406
1 -0.0961 0.6406
1 -0.0971 0.6404
1 -0.0982 0.6402
1 -0.0992 0.6401
1 -0.1002 0.6398
1 -0.1012 0.6394
1 -0.1022 0.6391
1 -0.1031 0.6387
1 -0.1041 0.6382
1 -0.1050 0.6377
1 -0.1058 0.6372
1 -0.1067 0.6366
1 -0.1076 0.6359
1 -0.1084 0.6353
1 -0.1091 0.6346
1 -0.1098 0.6338
1 -0.1106 0.6330
1 -0.1112 0.6322
1 -0.1118 0.6314
1 -0.1124 0.6305
1 -0.1130 0.6296
1 -0.1134 0.6286
1 -0.1138 0.6277
1 -0.1142 0.6267
1 -0.1146 0.6258
1 -0.1149 0.6247
1 -0.1151 0.6237
1 -0.1153 0.6226
1 -0.1154 0.6216
1 -0.1155 0.6206
1 -0.1156 0.6195
1 -0.1155 0.6185
1 -0.1155 0.6174
1 -0.1154 0.6164
1 -0.1152 0.6154
1 -0.1150 0.6143
1 -0.1147 0.6134
1 -0.1144 0.6123
1 -0.1140 0.6114
1 -0.1136 0.6104
1 -0.1132 0.6094
1 -0.1126 0.6086
1 -0.1121 0.6077
1 -0.1115 0.6068
1 -0.1109 0.6059
1 -0.1102 0.6051
1 -0.1095 0.6044
1 -0.1087 0.6037
1 -0.1080 0.6030
1 -0.1071 0.6023
1 -0.1063 0.6017
1 -0.1054 0.6011
1 -0.1045 0.6006
1 -0.1036 0.6001
1 -0.1026 0.5997
1 -0.1017 0.5993
1 -0.1006 0.5990
1 -0.0997 0.5986
1 -0.0986 0.5984
1 -0.0976 0.5982
1 -0.0966 0.5981
1 -0.0955 0.5980
1 -0.0945 0.5980
1 -0.0934 0.5980
1 -0.0924 0.5981
1 -0.0914 0.5982
1 -0.0903 0.5983
1 -0.0893 0.5986
1 -0.0883 0.5988
1 -0.0873 0.5991
1 -0.0863 0.5995
1 -0.0854 0.5999
1 -0.0844 0.6004
1 -0.0835 0.6009
1 -0.0826 0.6014
1 -0.0818 0.6020
1 -0.0809 0.6026
1 -0.0801 0.6034
1 -0.0794 0.6040
1 -0.0786 0.6048
1 -0.0779 0.6056
1 -0.0773 0.6064
1 -0.0766 0.6072
1 -0.0761 0.6081
1 -0.0755 0.6090
1 -0.0750 0.6099
1 -0.0746 0.6109
1 -0.0742 0.6118
1 -0.0739 0.6129
1 -0.0736 0.6138
1 -0.0734 0.6149
1 -0.0732 0.6159
1 -0.0730 0.6170
1 -0.0730 0.6180
1 -0.0729 0.6190
1 -0.0729 0.6201
112 1250 180
0 0.1048 0.5262
1 -0.0614 0.6039
1 -0.0608 0.6052
1 -0.0603 0.6064
1 -0.0598 0.6077
1 -0.0594 0.6090
1 -0.0591 0.6103
1 -0.0588 0.6116
1 -0.0586 0.6130
1 -0.0583 0.6143
1 -0.0582 0.6157
1 -0.0581 0.6170
1 -0.0580 0.6183
1 -0.0580 0.6197
1 -0.0580 0.6210
1 -0.0581 0.6224
1 -0.0582 0.6238
1 -0.0584 0.6251
1 -0.0587 0.6265
1 -0.0590 0.6278
1 -0.0593 0.6291
1 -0.0597 0.6304
1 -0.0602 0.6317
1 -0.0606 0.6330
1 -0.0612 0.6342
1 -0.0618 0.6354
1 -0.0624 0.6366
1 -0.0630 0.6378
1 -0.0638 0.6390
1 -0.0645 0.6401
1 -0.0653 0.6412
1 -0.0662 0.6422
1 -0.0670 0.6433
1 -0.0679 0.6442
1 -0.0689 0.6452
1 -0.0698 0.6462
1 -0.0709 0.6470
1 -0.0719 0.6479
1 -0.0730 0.6487
1 -0.0742 0.6495
1 -0.0753 0.6502
1 -0.0765 0.6509
1 -0.0777 0.6515
1 -0.0789 0.6522
1 -0.0802 0.6527
1 -0.0814 0.6532
1 -0.0826 0.6537
1 -0.0839 0.6541
1 -0.0853 0.6544
1 -0.0866 0.6547
1 -0.0879 0.6550
1 -0.0893 0.6552
1 -0.0906 0.6554
1 -0.0919 0.6555
1 -0.0933 0.6555
1 -0.0946 0.6555
1 -0.0960 0.6555
1 -0.0974 0.6554
1 -0.0987 0.6553
1 -0.1001 0.6551
1 -0.1014 0.6549
1 -0.1027 0.6546
1 -0.1040 0.6542
1 -0.1054 0.6538
1 -0.1066 0.6534
1 -0.1078 0.6529
1 -0.1091 0.6524
1 -0.1103 0.6518
1 -0.1115 0.6511
1 -0.1127 0.6505
1 -0.1139 0.6498
1 -0.1150 0.6490
1 -0.1161 0.6482
1 -0.1172 0.6474
1 -0.1182 0.6465
1 -0.1192 0.6456
1 -0.1202 0.6446
1 -0.1211 0.6437
1 -0.1220 0.6426
1 -0.1229 0.6416
1 -0.1237 0.6405
1 -0.1244 0.6394
1 -0.1252 0.6382
1 -0.1258 0.6370
1 -0.1265 0.6358
1 -0.1271 0.6346
1 -0.1715 0.6554
1 -0.1399 0.7230
1 -0.0819 0.6960
1 -0.0252 0.7166
1 0.0907 0.6624
1 0.1500 0.5876
1 0.2182 0.5322
1 0.2242 0.4940
1 0.2152 0.4746
1 0.1706 0.4955
1 0.1711 0.4968
1 0.1716 0.4981
1 0.1721 0.4994
1 0.1725 0.5006
1 0.1728 0.5019
1 0.1731 0.5033
1 0.1734 0.5046
1 0.1736 0.5059
1 0.1738 0.5073
1 0.1739 0.5086
1 0.1739 0.5100
1 0.1739 0.5114
1 0.1739 0.5127
1 0.1738 0.5141
1 0.1737 0.5154
1 0.1735 0.5167
1 0.1733 0.5181
1 0.1730 0.5194
1 0.1726 0.5207
1 0.1722 0.5220
1 0.1718 0.5233
1 0.1713 0.5246
1 0.1707 0.5258
1 0.1702 0.5270
1 0.1695 0.5282
1 0.1689 0.5294
1 0.1682 0.5306
1 0.1674 0.5317
1 0.1666 0.5328
1 0.1658 0.5338
1 0.1649 0.5349
1 0.1640 0.5359
1 0.1630 0.5369
1 0.1621 0.5378
1 0.1610 0.5386
1 0.1600 0.5395
1 0.1589 0.5403
1 0.1578 0.5411
1 0.1566 0.5418
1 0.1554 0.5426
1 0.1542 0.5432
1 0.1530 0.5438
1 0.1518 0.5443
1 0.1506 0.5448
1 0.1493 0.5453
1 0.1480 0.5457
1 0.1466 0.5461
1 0.1454 0.5463
1 0.1440 0.5466
1 0.1426 0.5468
1 0.1414 0.5470
1 0.1400 0.5471
1 0.1386 0.5472
1 0.1373 0.5472
1 0.1359 0.5471
1 0.1346 0.5470
1 0.1332 0.5469
1 0.1318 0.5467
1 0.1306 0.5465
1 0.1292 0.5462
1 0.1279 0.5458
1 0.1266 0.5454
1 0.1253 0.5450
1 0.1241 0.5445
1 0.1228 0.5440
1 0.1216 0.5434
1 0.1204 0.5428
1 0.1192 0.5421
1 0.1180 0.5414
1 0.1169 0.5406
1 0.1158 0.5398
1 0.1147 0.5390
1 0.1137 0.5382
1 0.1127 0.5372
1 0.1118 0.5362
1 0.1108 0.5353
1 0.1099 0.5342
1 0.1090 0.5332
1 0.1082 0.5321
1 0.1075 0.5310
1 0.1067 0.5298
1 0.1061 0.5286
1 0.1054 0.5275
1 0.1048 0.5262
112 1250 157
0 0.1697 0.5121
1 0.1696 0.5134
1 0.1694 0.5146
1 0.1693 0.5159
1 0.1690 0.5172
1 0.1688 0.5185
1 0.1685 0.5198
1 0.1681 0.5210
1 0.1677 0.5222
1 0.1672 0.5234
1 0.1666 0.5246
1 0.1661 0.5257
1 0.1654 0.5268
1 0.1648 0.5279
1 0.1641 0.5290
1 0.1634 0.5301
1 0.1626 0.5310
1 0.1617 0.5321
1 0.1608 0.5330
1 0.1599 0.5339
1 0.1590 0.5348
1 0.1580 0.5356
1 0.1570 0.5364
1 0.1559 0.5372
1 0.1549 0.5379
1 0.1538 0.5386
1 0.1526 0.5392
1 0.1515 0.5398
1 0.1503 0.5403
1 0.1491 0.5408
1 0.1479 0.5412
1 0.1467 0.5416
1 0.1454 0.5419
1 0.1442 0.5422
1 0.1429 0.5425
1 0.1416 0.5426
1 0.1403 0.5428
1 0.1390 0.5429
1 0.1378 0.5429
1 0.1365 0.5429
1 0.1352 0.5428
1 0.1339 0.5427
1 0.1326 0.5425
1 0.1314 0.5423
1 0.1302 0.5420
1 0.1289 0.5417
1 0.1277 0.5413
1 0.1264 0.5409
1 0.1252 0.5404
1 0.1241 0.5398
1 0.1229 0.5393
1 0.1218 0.5386
1 0.1206 0.5380
1 0.1196 0.5373
1 0.1186 0.5366
1 0.1175 0.5358
1 0.1166 0.5350
1 0.1156 0.5341
1 0.1146 0.5331
1 0.1138 0.5322
1 0.1130 0.5312
1 0.1122 0.5302
1 0.1114 0.5292
1 0.1107 0.5281
1 0.1100 0.5270
1 0.1094 0.5258
1 0.1088 0.5247
1 0.1083 0.5235
1 0.1078 0.5223
1 0.1074 0.5211
1 0.1070 0.5199
1 0.1066 0.5186
1 0.1063 0.5174
1 0.1061 0.5162
1 0.1059 0.5149
1 0.1058 0.5136
1 0.1057 0.5123
1 0.1057 0.5110
1 0.1057 0.5097
1 0.1058 0.5084
1 0.1059 0.5071
1 0.1061 0.5058
1 0.1063 0.5046
1 0.1066 0.5034
1 0.1070 0.5021
1 0.1073 0.5009
1 0.1078 0.4997
1 0.1082 0.4985
1 0.1087 0.4973
1 0.1093 0.4962
1 0.1099 0.4950
1 0.1106 0.4939
1 0.1113 0.4928
1 0.1121 0.4918
1 0.1129 0.4907
1 0.1137 0.4898
1 0.1146 0.4888
1 0.1154 0.4879
1 0.1164 0.4870
1 0.1174 0.4862
1 0.1184 0.4854
1 0.1194 0.4846
1 0.1205 0.4839
1 0.1216 0.4833
1 0.1227 0.4826
1 0.1239 0.4820
1 0.1250 0.4815
1 0.1262 0.4810
1 0.1274 0.4806
1 0.1287 0.4802
1 0.1299 0.4798
1 0.1312 0.4796
1 0.1325 0.4794
1 0.1338 0.4791
1 0.1350 0.4790
1 0.1363 0.4790
1 0.1376 0.4789
1 0.1389 0.4790
1 0.1402 0.4790
1 0.1414 0.4791
1 0.1427 0.4793
1 0.1440 0.4795
1 0.1453 0.4798
1 0.1465 0.4802
1 0.1478 0.4806
1 0.1490 0.4810
1 0.1502 0.4814
1 0.1514 0.4819
1 0.1525 0.4826
1 0.1536 0.4831
1 0.1547 0.4838
1 0.1558 0.4846
1 0.1568 0.4853
1 0.1578 0.4861
1 0.1588 0.4869
1 0.1598 0.4878
1 0.1607 0.4886
1 0.1616 0.4896
1 0.1624 0.4906
1 0.1632 0.4916
1 0.1640 0.4926
1 0.1647 0.4938
1 0.1654 0.4948
1 0.1660 0.4959
1 0.1666 0.4971
1 0.1671 0.4983
1 0.1676 0.4994
1 0.1680 0.5007
1 0.1684 0.5019
1 0.1687 0.5032
1 0.1690 0.5044
1 0.1693 0.5057
1 0.1694 0.5070
1 0.1696 0.5082
1 0.1697 0.5095
1 0.1697 0.5108
1 0.1697 0.5121
112 1253 129
0 0.1590 0.5117
1 0.1590 0.5127
1 0.1588 0.5138
1 0.1586 0.5148
1 0.1585 0.5158
1 0.1582 0.5169
1 0.1578 0.5178
1 0.1575 0.5189
1 0.1571 0.5198
1 0.1566 0.5207
1 0.1561 0.5217
1 0.1556 0.5226
1 0.1550 0.5234
1 0.1543 0.5242
1 0.1537 0.5250
1 0.1530 0.5258
1 0.1522 0.5266
1 0.1514 0.5273
1 0.1506 0.5279
1 0.1498 0.5285
1 0.1489 0.5290
1 0.1480 0.5296
1 0.1470 0.5301
1 0.1461 0.5306
1 0.1451 0.5309
1 0.1441 0.5313
1 0.1431 0.5315
1 0.1421 0.5318
1 0.1410 0.5320
1 0.1400 0.5321
1 0.1390 0.5322
1 0.1379 0.5322
1 0.1369 0.5322
1 0.1358 0.5322
1 0.1348 0.5321
1 0.1338 0.5319
1 0.1327 0.5317
1 0.1318 0.5314
1 0.1307 0.5310
1 0.1298 0.5307
1 0.1288 0.5303
1 0.1278 0.5298
1 0.1270 0.5294
1 0.1261 0.5288
1 0.1252 0.5282
1 0.1243 0.5275
1 0.1235 0.5269
1 0.1228 0.5262
1 0.1221 0.5254
1 0.1214 0.5246
1 0.1207 0.5238
1 0.1201 0.5230
1 0.1195 0.5221
1 0.1190 0.5212
1 0.1185 0.5202
1 0.1181 0.5193
1 0.1177 0.5183
1 0.1174 0.5174
1 0.1170 0.5163
1 0.1168 0.5153
1 0.1166 0.5143
1 0.1165 0.5133
1 0.1164 0.5122
1 0.1163 0.5111
1 0.1164 0.5101
1 0.1164 0.5090
1 0.1166 0.5080
1 0.1167 0.5070
1 0.1170 0.5060
1 0.1172 0.5050
1 0.1175 0.5039
1 0.1179 0.5030
1 0.1183 0.5020
1 0.1187 0.5010
1 0.1193 0.5002
1 0.1198 0.4993
1 0.1204 0.4984
1 0.1210 0.4976
1 0.1217 0.4968
1 0.1224 0.4960
1 0.1232 0.4953
1 0.1240 0.4946
1 0.1248 0.4939
1 0.1256 0.4933
1 0.1265 0.4927
1 0.1274 0.4922
1 0.1283 0.4918
1 0.1293 0.4913
1 0.1302 0.4909
1 0.1313 0.4906
1 0.1322 0.4902
1 0.1333 0.4900
1 0.1343 0.4898
1 0.1354 0.4897
1 0.1364 0.4896
1 0.1374 0.4896
1 0.1385 0.4896
1 0.1395 0.4897
1 0.1406 0.4898
1 0.1416 0.4899
1 0.1426 0.4902
1 0.1437 0.4904
1 0.1446 0.4907
1 0.1456 0.4911
1 0.1466 0.4915
1 0.1475 0.4920
1 0.1485 0.4925
1 0.1494 0.4930
1 0.1502 0.4936
1 0.1510 0.4942
1 0.1518 0.4950
1 0.1526 0.4957
1 0.1534 0.4964
1 0.1540 0.4972
1 0.1546 0.4980
1 0.1553 0.4989
1 0.1558 0.4998
1 0.1564 0.5006
1 0.1569 0.5016
1 0.1573 0.5025
1 0.1577 0.5035
1 0.1580 0.5045
1 0.1583 0.5055
1 0.1586 0.5065
1 0.1587 0.5075
1 0.1589 0.5086
1 0.1590 0.5096
1 0.1590 0.5106
1 0.1590 0.5117
112 1253 5
0 0.1284 0.5977
1 0.0839 0.6538
1 -0.0258 0.7050
1 -0.0683 0.6896
1 0.1284 0.5977
