SEcl_PG-7b
3263 8 1 1 0 0 0 0 0 0 1 1
1.000
112 1253 229
0 -0.0434 1.0623
1 -0.5223 0.5834
1 -0.5235 0.5822
1 -0.5246 0.5809
1 -0.5258 0.5796
1 -0.5269 0.5782
1 -0.5279 0.5769
1 -0.5290 0.5755
1 -0.5299 0.5741
1 -0.5309 0.5726
1 -0.5318 0.5712
1 -0.5326 0.5697
1 -0.5334 0.5682
1 -0.5342 0.5666
1 -0.5349 0.5650
1 -0.5356 0.5635
1 -0.5362 0.5619
1 -0.5368 0.5602
1 -0.5374 0.5586
1 -0.5378 0.5570
1 -0.5383 0.5554
1 -0.5387 0.5537
1 -0.5391 0.5520
1 -0.5394 0.5502
1 -0.5397 0.5486
1 -0.5399 0.5469
1 -0.5401 0.5451
1 -0.5402 0.5434
1 -0.5402 0.5418
1 -0.5402 0.5400
1 -0.5402 0.5382
1 -0.5402 0.5366
1 -0.5401 0.5349
1 -0.5399 0.5331
1 -0.5397 0.5314
1 -0.5394 0.5298
1 -0.5391 0.5280
1 -0.5387 0.5263
1 -0.5383 0.5246
1 -0.5378 0.5230
1 -0.5374 0.5214
1 -0.5368 0.5198
1 -0.5362 0.5181
1 -0.5356 0.5165
1 -0.5349 0.5150
1 -0.5342 0.5134
1 -0.5334 0.5118
1 -0.5326 0.5103
1 -0.5318 0.5088
1 -0.5309 0.5074
1 -0.5299 0.5059
1 -0.5290 0.5045
1 -0.5279 0.5031
1 -0.5269 0.5018
1 -0.5258 0.5004
1 -0.5246 0.4991
1 -0.5235 0.4978
1 -0.5223 0.4966
1 -0.0434 0.0177
1 -0.0422 0.0165
1 -0.0409 0.0154
1 -0.0396 0.0142
1 -0.0382 0.0131
1 -0.0369 0.0121
1 -0.0355 0.0110
1 -0.0341 0.0101
1 -0.0326 0.0091
1 -0.0312 0.0082
1 -0.0297 0.0074
1 -0.0282 0.0066
1 -0.0266 0.0058
1 -0.0250 0.0051
1 -0.0235 0.0044
1 -0.0219 0.0038
1 -0.0202 0.0032
1 -0.0186 0.0026
1 -0.0170 0.0022
1 -0.0154 0.0017
1 -0.0137 0.0013
1 -0.0120 0.0009
1 -0.0102 0.0006
1 -0.0086 0.0003
1 -0.0069 0.0001
1 -0.0051 -0.0001
1 -0.0034 -0.0002
1 -0.0018 -0.0002
1 0.0000 -0.0002
1 0.0018 -0.0002
1 0.0034 -0.0002
1 0.0051 -0.0001
1 0.0069 0.0001
1 0.0086 0.0003
1 0.0102 0.0006
1 0.0120 0.0009
1 0.0137 0.0013
1 0.0154 0.0017
1 0.0170 0.0022
1 0.0186 0.0026
1 0.0202 0.0032
1 0.0219 0.0038
1 0.0235 0.0044
1 0.0250 0.0051
1 0.0266 0.0058
1 0.0282 0.0066
1 0.0297 0.0074
1 0.0312 0.0082
1 0.0326 0.0091
1 0.0341 0.0101
1 0.0355 0.0110
1 0.0369 0.0121
1 0.0382 0.0131
1 0.0396 0.0142
1 0.0409 0.0154
1 0.0422 0.0165
1 0.0434 0.0177
1 0.5223 0.4966
1 0.5235 0.4978
1 0.5246 0.4991
1 0.5258 0.5004
1 0.5269 0.5018
1 0.5279 0.5031
1 0.5290 0.5045
1 0.5299 0.5059
1 0.5309 0.5074
1 0.5318 0.5088
1 0.5326 0.5103
1 0.5334 0.5118
1 0.5342 0.5134
1 0.5349 0.5150
1 0.5356 0.5165
1 0.5362 0.5181
1 0.5368 0.5198
1 0.5374 0.5214
1 0.5378 0.5230
1 0.5383 0.5246
1 0.5387 0.5263
1 0.5391 0.5280
1 0.5394 0.5298
1 0.5397 0.5314
1 0.5399 0.5331
1 0.5401 0.5349
1 0.5402 0.5366
1 0.5402 0.5382
1 0.5402 0.5400
1 0.5402 0.5418
1 0.5402 0.5434
1 0.5401 0.5451
1 0.5399 0.5469
1 0.5397 0.5486
1 0.5394 0.5502
1 0.5391 0.5520
1 0.5387 0.5537
1 0.5383 0.5554
1 0.5378 0.5570
1 0.5374 0.5586
1 0.5368 0.5602
1 0.5362 0.5619
1 0.5356 0.5635
1 0.5349 0.5650
1 0.5342 0.5666
1 0.5334 0.5682
1 0.5326 0.5697
1 0.5318 0.5712
1 0.5309 0.5726
1 0.5299 0.5741
1 0.5290 0.5755
1 0.5279 0.5769
1 0.5269 0.5782
1 0.5258 0.5796
1 0.5246 0.5809
1 0.5235 0.5822
1 0.5223 0.5834
1 0.0434 1.0623
1 0.0422 1.0635
1 0.0409 1.0646
1 0.0396 1.0658
1 0.0382 1.0669
1 0.0369 1.0679
1 0.0355 1.0690
1 0.0341 1.0699
1 0.0326 1.0709
1 0.0312 1.0718
1 0.0297 1.0726
1 0.0282 1.0734
1 0.0266 1.0742
1 0.0250 1.0749
1 0.0235 1.0756
1 0.0219 1.0762
1 0.0202 1.0768
1 0.0186 1.0774
1 0.0170 1.0778
1 0.0154 1.0783
1 0.0137 1.0787
1 0.0120 1.0791
1 0.0102 1.0794
1 0.0086 1.0797
1 0.0069 1.0799
1 0.0051 1.0801
1 0.0034 1.0802
1 0.0018 1.0802
1 0.0000 1.0802
1 -0.0018 1.0802
1 -0.0034 1.0802
1 -0.0051 1.0801
1 -0.0069 1.0799
1 -0.0086 1.0797
1 -0.0102 1.0794
1 -0.0120 1.0791
1 -0.0137 1.0787
1 -0.0154 1.0783
1 -0.0170 1.0778
1 -0.0186 1.0774
1 -0.0202 1.0768
1 -0.0219 1.0762
1 -0.0235 1.0756
1 -0.0250 1.0749
1 -0.0266 1.0742
1 -0.0282 1.0734
1 -0.0297 1.0726
1 -0.0312 1.0718
1 -0.0326 1.0709
1 -0.0341 1.0699
1 -0.0355 1.0690
1 -0.0369 1.0679
1 -0.0382 1.0669
1 -0.0396 1.0658
1 -0.0409 1.0646
1 -0.0422 1.0635
1 -0.0434 1.0623
112 1250 197
0 -0.0340 1.0529
1 -0.5129 0.5740
1 -0.5139 0.5728
1 -0.5150 0.5717
1 -0.5160 0.5705
1 -0.5170 0.5692
1 -0.5179 0.5680
1 -0.5188 0.5667
1 -0.5197 0.5654
1 -0.5205 0.5640
1 -0.5213 0.5626
1 -0.5220 0.5613
1 -0.5226 0.5598
1 -0.5233 0.5584
1 -0.5238 0.5569
1 -0.5244 0.5554
1 -0.5249 0.5539
1 -0.5253 0.5524
1 -0.5257 0.5509
1 -0.5260 0.5494
1 -0.5263 0.5478
1 -0.5266 0.5462
1 -0.5267 0.5447
1 -0.5268 0.5431
1 -0.5269 0.5416
1 -0.5270 0.5400
1 -0.5269 0.5384
1 -0.5268 0.5369
1 -0.5267 0.5353
1 -0.5266 0.5338
1 -0.5263 0.5322
1 -0.5260 0.5306
1 -0.5257 0.5291
1 -0.5253 0.5276
1 -0.5249 0.5261
1 -0.5244 0.5246
1 -0.5238 0.5231
1 -0.5233 0.5216
1 -0.5226 0.5202
1 -0.5220 0.5187
1 -0.5213 0.5174
1 -0.5205 0.5160
1 -0.5197 0.5146
1 -0.5188 0.5133
1 -0.5179 0.5120
1 -0.5170 0.5108
1 -0.5160 0.5095
1 -0.5150 0.5083
1 -0.5139 0.5072
1 -0.5129 0.5060
1 -0.0340 0.0271
1 -0.0328 0.0261
1 -0.0317 0.0250
1 -0.0305 0.0240
1 -0.0292 0.0230
1 -0.0280 0.0221
1 -0.0267 0.0212
1 -0.0254 0.0203
1 -0.0240 0.0195
1 -0.0226 0.0187
1 -0.0213 0.0180
1 -0.0198 0.0174
1 -0.0184 0.0167
1 -0.0169 0.0162
1 -0.0154 0.0156
1 -0.0139 0.0151
1 -0.0124 0.0147
1 -0.0109 0.0143
1 -0.0094 0.0140
1 -0.0078 0.0137
1 -0.0062 0.0134
1 -0.0047 0.0133
1 -0.0031 0.0132
1 -0.0016 0.0131
1 0.0000 0.0130
1 0.0016 0.0131
1 0.0031 0.0132
1 0.0047 0.0133
1 0.0062 0.0134
1 0.0078 0.0137
1 0.0094 0.0140
1 0.0109 0.0143
1 0.0124 0.0147
1 0.0139 0.0151
1 0.0154 0.0156
1 0.0169 0.0162
1 0.0184 0.0167
1 0.0198 0.0174
1 0.0213 0.0180
1 0.0226 0.0187
1 0.0240 0.0195
1 0.0254 0.0203
1 0.0267 0.0212
1 0.0280 0.0221
1 0.0292 0.0230
1 0.0305 0.0240
1 0.0317 0.0250
1 0.0328 0.0261
1 0.0340 0.0271
1 0.5129 0.5060
1 0.5139 0.5072
1 0.5150 0.5083
1 0.5160 0.5095
1 0.5170 0.5108
1 0.5179 0.5120
1 0.5188 0.5133
1 0.5197 0.5146
1 0.5205 0.5160
1 0.5213 0.5174
1 0.5220 0.5187
1 0.5226 0.5202
1 0.5233 0.5216
1 0.5238 0.5231
1 0.5244 0.5246
1 0.5249 0.5261
1 0.5253 0.5276
1 0.5257 0.5291
1 0.5260 0.5306
1 0.5263 0.5322
1 0.5266 0.5338
1 0.5267 0.5353
1 0.5268 0.5369
1 0.5269 0.5384
1 0.5270 0.5400
1 0.5269 0.5416
1 0.5268 0.5431
1 0.5267 0.5447
1 0.5266 0.5462
1 0.5263 0.5478
1 0.5260 0.5494
1 0.5257 0.5509
1 0.5253 0.5524
1 0.5249 0.5539
1 0.5244 0.5554
1 0.5238 0.5569
1 0.5233 0.5584
1 0.5226 0.5598
1 0.5220 0.5613
1 0.5213 0.5626
1 0.5205 0.5640
1 0.5197 0.5654
1 0.5188 0.5667
1 0.5179 0.5680
1 0.5170 0.5692
1 0.5160 0.5705
1 0.5150 0.5717
1 0.5139 0.5728
1 0.5129 0.5740
1 0.0340 1.0529
1 0.0328 1.0539
1 0.0317 1.0550
1 0.0305 1.0560
1 0.0292 1.0570
1 0.0280 1.0579
1 0.0267 1.0588
1 0.0254 1.0597
1 0.0240 1.0605
1 0.0226 1.0613
1 0.0213 1.0620
1 0.0198 1.0626
1 0.0184 1.0633
1 0.0169 1.0638
1 0.0154 1.0644
1 0.0139 1.0649
1 0.0124 1.0653
1 0.0109 1.0657
1 0.0094 1.0660
1 0.0078 1.0663
1 0.0062 1.0666
1 0.0047 1.0667
1 0.0031 1.0668
1 0.0016 1.0669
1 0.0000 1.0670
1 -0.0016 1.0669
1 -0.0031 1.0668
1 -0.0047 1.0667
1 -0.0062 1.0666
1 -0.0078 1.0663
1 -0.0094 1.0660
1 -0.0109 1.0657
1 -0.0124 1.0653
1 -0.0139 1.0649
1 -0.0154 1.0644
1 -0.0169 1.0638
1 -0.0184 1.0633
1 -0.0198 1.0626
1 -0.0213 1.0620
1 -0.0226 1.0613
1 -0.0240 1.0605
1 -0.0254 1.0597
1 -0.0267 1.0588
1 -0.0280 1.0579
1 -0.0292 1.0570
1 -0.0305 1.0560
1 -0.0317 1.0550
1 -0.0328 1.0539
1 -0.0340 1.0529
112 1253 133
0 -0.4940 0.5551
1 -0.0151 1.0340
1 -0.0143 1.0347
1 -0.0135 1.0354
1 -0.0127 1.0361
1 -0.0118 1.0366
1 -0.0110 1.0372
1 -0.0101 1.0378
1 -0.0091 1.0382
1 -0.0082 1.0386
1 -0.0072 1.0390
1 -0.0062 1.0394
1 -0.0052 1.0396
1 -0.0042 1.0398
1 -0.0031 1.0400
1 -0.0021 1.0402
1 -0.0010 1.0402
1 0.0000 1.0402
1 0.0010 1.0402
1 0.0021 1.0402
1 0.0031 1.0400
1 0.0042 1.0398
1 0.0052 1.0396
1 0.0062 1.0394
1 0.0072 1.0390
1 0.0082 1.0386
1 0.0091 1.0382
1 0.0101 1.0378
1 0.0110 1.0372
1 0.0118 1.0366
1 0.0127 1.0361
1 0.0135 1.0354
1 0.0143 1.0347
1 0.0151 1.0340
1 0.4940 0.5551
1 0.4947 0.5543
1 0.4954 0.5535
1 0.4961 0.5527
1 0.4966 0.5518
1 0.4972 0.5510
1 0.4978 0.5501
1 0.4982 0.5491
1 0.4986 0.5482
1 0.4990 0.5472
1 0.4994 0.5462
1 0.4996 0.5452
1 0.4998 0.5442
1 0.5000 0.5431
1 0.5002 0.5421
1 0.5002 0.5410
1 0.5002 0.5400
1 0.5002 0.5390
1 0.5002 0.5379
1 0.5000 0.5369
1 0.4998 0.5358
1 0.4996 0.5348
1 0.4994 0.5338
1 0.4990 0.5328
1 0.4986 0.5318
1 0.4982 0.5309
1 0.4978 0.5299
1 0.4972 0.5290
1 0.4966 0.5282
1 0.4961 0.5273
1 0.4954 0.5265
1 0.4947 0.5257
1 0.4940 0.5249
1 0.0151 0.0460
1 0.0143 0.0453
1 0.0135 0.0446
1 0.0127 0.0439
1 0.0118 0.0434
1 0.0110 0.0428
1 0.0101 0.0422
1 0.0091 0.0418
1 0.0082 0.0414
1 0.0072 0.0410
1 0.0062 0.0406
1 0.0052 0.0404
1 0.0042 0.0402
1 0.0031 0.0400
1 0.0021 0.0398
1 0.0010 0.0398
1 0.0000 0.0398
1 -0.0010 0.0398
1 -0.0021 0.0398
1 -0.0031 0.0400
1 -0.0042 0.0402
1 -0.0052 0.0404
1 -0.0062 0.0406
1 -0.0072 0.0410
1 -0.0082 0.0414
1 -0.0091 0.0418
1 -0.0101 0.0422
1 -0.0110 0.0428
1 -0.0118 0.0434
1 -0.0127 0.0439
1 -0.0135 0.0446
1 -0.0143 0.0453
1 -0.0151 0.0460
1 -0.4940 0.5249
1 -0.4947 0.5257
1 -0.4954 0.5265
1 -0.4961 0.5273
1 -0.4966 0.5282
1 -0.4972 0.5290
1 -0.4978 0.5299
1 -0.4982 0.5309
1 -0.4986 0.5318
1 -0.4990 0.5328
1 -0.4994 0.5338
1 -0.4996 0.5348
1 -0.4998 0.5358
1 -0.5000 0.5369
1 -0.5002 0.5379
1 -0.5002 0.5390
1 -0.5002 0.5400
1 -0.5002 0.5410
1 -0.5002 0.5421
1 -0.5000 0.5431
1 -0.4998 0.5442
1 -0.4996 0.5452
1 -0.4994 0.5462
1 -0.4990 0.5472
1 -0.4986 0.5482
1 -0.4982 0.5491
1 -0.4978 0.5501
1 -0.4972 0.5510
1 -0.4966 0.5518
1 -0.4961 0.5527
1 -0.4954 0.5535
1 -0.4947 0.5543
1 -0.4940 0.5551
112 1250 202
0 0.2428 0.4699
1 0.2513 0.4880
1 0.2295 0.4982
1 0.2566 0.5562
1 0.1921 0.5864
1 0.2011 0.6609
1 0.1365 0.6910
1 0.1568 0.7346
1 -0.1228 0.8653
1 -0.2089 0.6811
1 -0.1751 0.6653
1 -0.1751 0.6653
1 -0.1744 0.6667
1 -0.1737 0.6681
1 -0.1729 0.6694
1 -0.1721 0.6707
1 -0.1712 0.6721
1 -0.1703 0.6734
1 -0.1694 0.6746
1 -0.1683 0.6758
1 -0.1673 0.6770
1 -0.1662 0.6781
1 -0.1651 0.6792
1 -0.1639 0.6802
1 -0.1628 0.6813
1 -0.1615 0.6822
1 -0.1603 0.6832
1 -0.1590 0.6841
1 -0.1577 0.6850
1 -0.1563 0.6858
1 -0.1550 0.6865
1 -0.1536 0.6872
1 -0.1522 0.6879
1 -0.1507 0.6885
1 -0.1493 0.6890
1 -0.1478 0.6896
1 -0.1463 0.6901
1 -0.1448 0.6905
1 -0.1433 0.6909
1 -0.1418 0.6912
1 -0.1402 0.6914
1 -0.1386 0.6917
1 -0.1371 0.6918
1 -0.1355 0.6919
1 -0.1340 0.6920
1 -0.1324 0.6920
1 -0.1309 0.6919
1 -0.1293 0.6918
1 -0.1278 0.6917
1 -0.1262 0.6914
1 -0.1246 0.6912
1 -0.1231 0.6909
1 -0.1216 0.6906
1 -0.1201 0.6901
1 -0.1186 0.6897
1 -0.1171 0.6891
1 -0.1157 0.6886
1 -0.1142 0.6879
1 -0.1128 0.6873
1 -0.1114 0.6866
1 -0.1100 0.6858
1 -0.1087 0.6850
1 -0.1074 0.6842
1 -0.1061 0.6833
1 -0.1048 0.6823
1 -0.1036 0.6814
1 -0.1024 0.6803
1 -0.1013 0.6793
1 -0.1002 0.6782
1 -0.0990 0.6770
1 -0.0980 0.6759
1 -0.0970 0.6747
1 -0.0961 0.6734
1 -0.0951 0.6722
1 -0.0942 0.6709
1 -0.0934 0.6696
1 -0.0926 0.6682
1 -0.0919 0.6668
1 -0.0912 0.6654
1 -0.0906 0.6640
1 -0.0900 0.6626
1 -0.0894 0.6611
1 -0.0890 0.6596
1 -0.0885 0.6581
1 -0.0881 0.6566
1 -0.0878 0.6550
1 -0.0874 0.6535
1 -0.0872 0.6520
1 -0.0870 0.6504
1 -0.0869 0.6489
1 -0.0868 0.6473
1 -0.0868 0.6458
1 -0.0868 0.6442
1 -0.0869 0.6426
1 -0.0870 0.6410
1 -0.0872 0.6395
1 -0.0874 0.6379
1 -0.0877 0.6364
1 -0.0881 0.6349
1 -0.0885 0.6334
1 -0.0889 0.6318
1 -0.0894 0.6304
1 -0.0899 0.6289
1 -0.0905 0.6274
1 -0.0911 0.6260
1 -0.0911 0.6260
1 0.1245 0.5252
1 0.1245 0.5252
1 0.1251 0.5266
1 0.1258 0.5280
1 0.1266 0.5294
1 0.1275 0.5307
1 0.1283 0.5320
1 0.1293 0.5333
1 0.1302 0.5346
1 0.1312 0.5358
1 0.1322 0.5369
1 0.1334 0.5380
1 0.1345 0.5391
1 0.1356 0.5402
1 0.1368 0.5412
1 0.1380 0.5422
1 0.1393 0.5431
1 0.1406 0.5440
1 0.1418 0.5449
1 0.1432 0.5457
1 0.1446 0.5465
1 0.1459 0.5472
1 0.1474 0.5478
1 0.1488 0.5485
1 0.1502 0.5490
1 0.1518 0.5495
1 0.1532 0.5500
1 0.1547 0.5505
1 0.1562 0.5508
1 0.1578 0.5511
1 0.1594 0.5514
1 0.1609 0.5516
1 0.1624 0.5518
1 0.1640 0.5519
1 0.1656 0.5519
1 0.1671 0.5519
1 0.1687 0.5519
1 0.1702 0.5518
1 0.1718 0.5516
1 0.1734 0.5514
1 0.1749 0.5512
1 0.1765 0.5509
1 0.1780 0.5505
1 0.1794 0.5501
1 0.1810 0.5496
1 0.1825 0.5491
1 0.1839 0.5486
1 0.1854 0.5479
1 0.1868 0.5473
1 0.1882 0.5466
1 0.1895 0.5458
1 0.1909 0.5450
1 0.1922 0.5442
1 0.1934 0.5432
1 0.1947 0.5423
1 0.1959 0.5414
1 0.1971 0.5403
1 0.1983 0.5393
1 0.1994 0.5382
1 0.2005 0.5370
1 0.2015 0.5358
1 0.2026 0.5346
1 0.2035 0.5334
1 0.2044 0.5322
1 0.2053 0.5309
1 0.2061 0.5295
1 0.2069 0.5282
1 0.2077 0.5268
1 0.2083 0.5254
1 0.2090 0.5240
1 0.2096 0.5225
1 0.2101 0.5210
1 0.2106 0.5196
1 0.2110 0.5181
1 0.2114 0.5166
1 0.2118 0.5150
1 0.2121 0.5135
1 0.2123 0.5119
1 0.2125 0.5104
1 0.2126 0.5088
1 0.2127 0.5073
1 0.2128 0.5057
1 0.2127 0.5042
1 0.2126 0.5026
1 0.2126 0.5010
1 0.2123 0.4994
1 0.2122 0.4979
1 0.2118 0.4964
1 0.2115 0.4949
1 0.2111 0.4934
1 0.2106 0.4918
1 0.2102 0.4903
1 0.2096 0.4889
1 0.2090 0.4874
1 0.2084 0.4860
1 0.2084 0.4860
112 1250 173
0 0.2014 0.5236
1 0.2021 0.5223
1 0.2026 0.5210
1 0.2032 0.5197
1 0.2037 0.5183
1 0.2041 0.5170
1 0.2045 0.5156
1 0.2048 0.5142
1 0.2051 0.5127
1 0.2054 0.5114
1 0.2055 0.5099
1 0.2057 0.5085
1 0.2058 0.5070
1 0.2058 0.5056
1 0.2058 0.5042
1 0.2057 0.5027
1 0.2055 0.5013
1 0.2054 0.4999
1 0.2051 0.4985
1 0.2048 0.4970
1 0.2045 0.4957
1 0.2041 0.4943
1 0.2037 0.4929
1 0.2032 0.4916
1 0.2026 0.4902
1 0.2021 0.4889
1 0.2014 0.4876
1 0.2007 0.4864
1 0.2000 0.4851
1 0.1992 0.4839
1 0.1984 0.4827
1 0.1976 0.4816
1 0.1966 0.4805
1 0.1958 0.4794
1 0.1947 0.4783
1 0.1938 0.4773
1 0.1927 0.4763
1 0.1916 0.4754
1 0.1905 0.4745
1 0.1893 0.4736
1 0.1882 0.4728
1 0.1870 0.4720
1 0.1857 0.4713
1 0.1844 0.4706
1 0.1831 0.4700
1 0.1818 0.4694
1 0.1805 0.4689
1 0.1791 0.4684
1 0.1778 0.4679
1 0.1764 0.4675
1 0.1750 0.4672
1 0.1736 0.4670
1 0.1722 0.4667
1 0.1707 0.4665
1 0.1693 0.4664
1 0.1678 0.4663
1 0.1664 0.4662
1 0.1650 0.4663
1 0.1636 0.4664
1 0.1622 0.4665
1 0.1607 0.4667
1 0.1593 0.4670
1 0.1579 0.4672
1 0.1565 0.4675
1 0.1551 0.4679
1 0.1538 0.4684
1 0.1524 0.4689
1 0.1510 0.4694
1 0.1498 0.4700
1 0.1485 0.4706
1 0.1472 0.4713
1 0.1459 0.4720
1 0.1447 0.4728
1 0.1435 0.4736
1 0.1424 0.4745
1 0.1413 0.4754
1 0.1402 0.4763
1 0.1391 0.4773
1 0.1381 0.4783
1 0.1371 0.4794
1 0.1362 0.4805
1 0.1353 0.4816
1 0.1345 0.4827
1 0.1336 0.4839
1 0.1329 0.4851
1 0.1322 0.4864
1 0.1314 0.4876
1 0.1308 0.4889
1 0.1302 0.4902
1 0.1297 0.4916
1 0.1292 0.4929
1 0.1288 0.4943
1 0.1284 0.4957
1 0.1280 0.4970
1 0.1278 0.4985
1 0.1275 0.4999
1 0.1274 0.5013
1 0.1272 0.5027
1 0.1271 0.5042
1 0.1271 0.5056
1 0.1271 0.5070
1 0.1272 0.5085
1 0.1274 0.5099
1 0.1275 0.5114
1 0.1278 0.5127
1 0.1280 0.5142
1 0.1284 0.5156
1 0.1288 0.5170
1 0.1292 0.5183
1 0.1297 0.5197
1 0.1302 0.5210
1 0.1308 0.5223
1 0.1314 0.5236
1 0.1322 0.5249
1 0.1329 0.5261
1 0.1336 0.5273
1 0.1345 0.5285
1 0.1353 0.5297
1 0.1362 0.5308
1 0.1371 0.5318
1 0.1381 0.5329
1 0.1391 0.5339
1 0.1402 0.5349
1 0.1413 0.5358
1 0.1424 0.5367
1 0.1435 0.5376
1 0.1447 0.5384
1 0.1459 0.5392
1 0.1472 0.5399
1 0.1485 0.5406
1 0.1498 0.5412
1 0.1510 0.5418
1 0.1524 0.5423
1 0.1538 0.5428
1 0.1551 0.5433
1 0.1565 0.5437
1 0.1579 0.5440
1 0.1593 0.5443
1 0.1607 0.5446
1 0.1622 0.5447
1 0.1636 0.5449
1 0.1650 0.5449
1 0.1664 0.5450
1 0.1678 0.5449
1 0.1693 0.5449
1 0.1707 0.5447
1 0.1722 0.5446
1 0.1736 0.5443
1 0.1750 0.5440
1 0.1764 0.5437
1 0.1778 0.5433
1 0.1791 0.5428
1 0.1805 0.5423
1 0.1818 0.5418
1 0.1831 0.5412
1 0.1844 0.5406
1 0.1857 0.5399
1 0.1870 0.5392
1 0.1882 0.5384
1 0.1893 0.5376
1 0.1905 0.5367
1 0.1916 0.5358
1 0.1927 0.5349
1 0.1938 0.5339
1 0.1947 0.5329
1 0.1958 0.5318
1 0.1966 0.5308
1 0.1976 0.5297
1 0.1984 0.5285
1 0.1992 0.5273
1 0.2000 0.5261
1 0.2007 0.5249
1 0.2014 0.5236
112 1253 5
0 0.1882 0.6537
1 0.1806 0.5917
1 0.1063 0.6265
1 0.1314 0.6802
1 0.1882 0.6537
112 1250 173
0 -0.0982 0.6636
1 -0.0975 0.6623
1 -0.0969 0.6610
1 -0.0964 0.6597
1 -0.0959 0.6583
1 -0.0954 0.6570
1 -0.0950 0.6556
1 -0.0947 0.6542
1 -0.0944 0.6528
1 -0.0942 0.6514
1 -0.0940 0.6499
1 -0.0939 0.6486
1 -0.0938 0.6471
1 -0.0938 0.6457
1 -0.0938 0.6442
1 -0.0939 0.6428
1 -0.0940 0.6414
1 -0.0942 0.6399
1 -0.0944 0.6385
1 -0.0947 0.6371
1 -0.0950 0.6357
1 -0.0954 0.6343
1 -0.0959 0.6330
1 -0.0964 0.6316
1 -0.0969 0.6302
1 -0.0975 0.6290
1 -0.0982 0.6277
1 -0.0988 0.6264
1 -0.0995 0.6252
1 -0.1003 0.6239
1 -0.1011 0.6228
1 -0.1020 0.6216
1 -0.1029 0.6205
1 -0.1038 0.6194
1 -0.1048 0.6183
1 -0.1058 0.6174
1 -0.1069 0.6163
1 -0.1079 0.6154
1 -0.1090 0.6145
1 -0.1102 0.6137
1 -0.1114 0.6129
1 -0.1126 0.6121
1 -0.1138 0.6114
1 -0.1151 0.6106
1 -0.1164 0.6100
1 -0.1178 0.6094
1 -0.1190 0.6089
1 -0.1204 0.6084
1 -0.1218 0.6080
1 -0.1232 0.6076
1 -0.1246 0.6073
1 -0.1260 0.6070
1 -0.1274 0.6067
1 -0.1288 0.6066
1 -0.1302 0.6064
1 -0.1317 0.6063
1 -0.1331 0.6063
1 -0.1346 0.6063
1 -0.1360 0.6064
1 -0.1374 0.6066
1 -0.1389 0.6067
1 -0.1402 0.6070
1 -0.1417 0.6073
1 -0.1430 0.6076
1 -0.1445 0.6080
1 -0.1458 0.6084
1 -0.1472 0.6089
1 -0.1485 0.6094
1 -0.1498 0.6100
1 -0.1511 0.6106
1 -0.1524 0.6114
1 -0.1536 0.6121
1 -0.1548 0.6129
1 -0.1560 0.6137
1 -0.1571 0.6145
1 -0.1582 0.6154
1 -0.1594 0.6163
1 -0.1604 0.6174
1 -0.1614 0.6183
1 -0.1624 0.6194
1 -0.1634 0.6205
1 -0.1642 0.6216
1 -0.1651 0.6228
1 -0.1659 0.6239
1 -0.1667 0.6252
1 -0.1674 0.6264
1 -0.1681 0.6277
1 -0.1687 0.6290
1 -0.1693 0.6302
1 -0.1698 0.6316
1 -0.1703 0.6330
1 -0.1708 0.6343
1 -0.1712 0.6357
1 -0.1715 0.6371
1 -0.1718 0.6385
1 -0.1720 0.6399
1 -0.1722 0.6414
1 -0.1723 0.6428
1 -0.1724 0.6442
1 -0.1725 0.6457
1 -0.1724 0.6471
1 -0.1723 0.6486
1 -0.1722 0.6499
1 -0.1720 0.6514
1 -0.1718 0.6528
1 -0.1715 0.6542
1 -0.1712 0.6556
1 -0.1708 0.6570
1 -0.1703 0.6583
1 -0.1698 0.6597
1 -0.1693 0.6610
1 -0.1687 0.6623
1 -0.1681 0.6636
1 -0.1674 0.6649
1 -0.1667 0.6662
1 -0.1659 0.6674
1 -0.1651 0.6686
1 -0.1642 0.6697
1 -0.1634 0.6708
1 -0.1624 0.6719
1 -0.1614 0.6730
1 -0.1604 0.6740
1 -0.1594 0.6750
1 -0.1582 0.6759
1 -0.1571 0.6768
1 -0.1560 0.6777
1 -0.1548 0.6785
1 -0.1536 0.6792
1 -0.1524 0.6799
1 -0.1511 0.6806
1 -0.1498 0.6813
1 -0.1485 0.6818
1 -0.1472 0.6824
1 -0.1458 0.6829
1 -0.1445 0.6833
1 -0.1430 0.6837
1 -0.1417 0.6841
1 -0.1402 0.6843
1 -0.1389 0.6846
1 -0.1374 0.6847
1 -0.1360 0.6849
1 -0.1346 0.6850
1 -0.1331 0.6850
1 -0.1317 0.6850
1 -0.1302 0.6849
1 -0.1288 0.6847
1 -0.1274 0.6846
1 -0.1260 0.6843
1 -0.1246 0.6841
1 -0.1232 0.6837
1 -0.1218 0.6833
1 -0.1204 0.6829
1 -0.1190 0.6824
1 -0.1178 0.6818
1 -0.1164 0.6813
1 -0.1151 0.6806
1 -0.1138 0.6799
1 -0.1126 0.6792
1 -0.1114 0.6785
1 -0.1102 0.6777
1 -0.1090 0.6768
1 -0.1079 0.6759
1 -0.1069 0.6750
1 -0.1058 0.6740
1 -0.1048 0.6730
1 -0.1038 0.6719
1 -0.1029 0.6708
1 -0.1020 0.6697
1 -0.1011 0.6686
1 -0.1003 0.6674
1 -0.0995 0.6662
1 -0.0988 0.6649
1 -0.0982 0.6636
112 1250 4
0 0.2666 0.4154
1 -0.2666 0.4154
1 -0.2666 0.6646
1 0.2666 0.4154
