SEcl_PF-4
3277 6 1 1 0 0 0 0 0 0 1 1
1.000
112 1253 229
0 -0.0434 1.0623
1 -0.5223 0.5834
1 -0.5235 0.5822
1 -0.5246 0.5809
1 -0.5258 0.5796
1 -0.5269 0.5782
1 -0.5279 0.5769
1 -0.5290 0.5755
1 -0.5299 0.5741
1 -0.5309 0.5726
1 -0.5318 0.5712
1 -0.5326 0.5697
1 -0.5334 0.5682
1 -0.5342 0.5666
1 -0.5349 0.5650
1 -0.5356 0.5635
1 -0.5362 0.5619
1 -0.5368 0.5602
1 -0.5374 0.5586
1 -0.5378 0.5570
1 -0.5383 0.5554
1 -0.5387 0.5537
1 -0.5391 0.5520
1 -0.5394 0.5502
1 -0.5397 0.5486
1 -0.5399 0.5469
1 -0.5401 0.5451
1 -0.5402 0.5434
1 -0.5402 0.5418
1 -0.5402 0.5400
1 -0.5402 0.5382
1 -0.5402 0.5366
1 -0.5401 0.5349
1 -0.5399 0.5331
1 -0.5397 0.5314
1 -0.5394 0.5298
1 -0.5391 0.5280
1 -0.5387 0.5263
1 -0.5383 0.5246
1 -0.5378 0.5230
1 -0.5374 0.5214
1 -0.5368 0.5198
1 -0.5362 0.5181
1 -0.5356 0.5165
1 -0.5349 0.5150
1 -0.5342 0.5134
1 -0.5334 0.5118
1 -0.5326 0.5103
1 -0.5318 0.5088
1 -0.5309 0.5074
1 -0.5299 0.5059
1 -0.5290 0.5045
1 -0.5279 0.5031
1 -0.5269 0.5018
1 -0.5258 0.5004
1 -0.5246 0.4991
1 -0.5235 0.4978
1 -0.5223 0.4966
1 -0.0434 0.0177
1 -0.0422 0.0165
1 -0.0409 0.0154
1 -0.0396 0.0142
1 -0.0382 0.0131
1 -0.0369 0.0121
1 -0.0355 0.0110
1 -0.0341 0.0101
1 -0.0326 0.0091
1 -0.0312 0.0082
1 -0.0297 0.0074
1 -0.0282 0.0066
1 -0.0266 0.0058
1 -0.0250 0.0051
1 -0.0235 0.0044
1 -0.0219 0.0038
1 -0.0202 0.0032
1 -0.0186 0.0026
1 -0.0170 0.0022
1 -0.0154 0.0017
1 -0.0137 0.0013
1 -0.0120 0.0009
1 -0.0102 0.0006
1 -0.0086 0.0003
1 -0.0069 0.0001
1 -0.0051 -0.0001
1 -0.0034 -0.0002
1 -0.0018 -0.0002
1 0.0000 -0.0002
1 0.0018 -0.0002
1 0.0034 -0.0002
1 0.0051 -0.0001
1 0.0069 0.0001
1 0.0086 0.0003
1 0.0102 0.0006
1 0.0120 0.0009
1 0.0137 0.0013
1 0.0154 0.0017
1 0.0170 0.0022
1 0.0186 0.0026
1 0.0202 0.0032
1 0.0219 0.0038
1 0.0235 0.0044
1 0.0250 0.0051
1 0.0266 0.0058
1 0.0282 0.0066
1 0.0297 0.0074
1 0.0312 0.0082
1 0.0326 0.0091
1 0.0341 0.0101
1 0.0355 0.0110
1 0.0369 0.0121
1 0.0382 0.0131
1 0.0396 0.0142
1 0.0409 0.0154
1 0.0422 0.0165
1 0.0434 0.0177
1 0.5223 0.4966
1 0.5235 0.4978
1 0.5246 0.4991
1 0.5258 0.5004
1 0.5269 0.5018
1 0.5279 0.5031
1 0.5290 0.5045
1 0.5299 0.5059
1 0.5309 0.5074
1 0.5318 0.5088
1 0.5326 0.5103
1 0.5334 0.5118
1 0.5342 0.5134
1 0.5349 0.5150
1 0.5356 0.5165
1 0.5362 0.5181
1 0.5368 0.5198
1 0.5374 0.5214
1 0.5378 0.5230
1 0.5383 0.5246
1 0.5387 0.5263
1 0.5391 0.5280
1 0.5394 0.5298
1 0.5397 0.5314
1 0.5399 0.5331
1 0.5401 0.5349
1 0.5402 0.5366
1 0.5402 0.5382
1 0.5402 0.5400
1 0.5402 0.5418
1 0.5402 0.5434
1 0.5401 0.5451
1 0.5399 0.5469
1 0.5397 0.5486
1 0.5394 0.5502
1 0.5391 0.5520
1 0.5387 0.5537
1 0.5383 0.5554
1 0.5378 0.5570
1 0.5374 0.5586
1 0.5368 0.5602
1 0.5362 0.5619
1 0.5356 0.5635
1 0.5349 0.5650
1 0.5342 0.5666
1 0.5334 0.5682
1 0.5326 0.5697
1 0.5318 0.5712
1 0.5309 0.5726
1 0.5299 0.5741
1 0.5290 0.5755
1 0.5279 0.5769
1 0.5269 0.5782
1 0.5258 0.5796
1 0.5246 0.5809
1 0.5235 0.5822
1 0.5223 0.5834
1 0.0434 1.0623
1 0.0422 1.0635
1 0.0409 1.0646
1 0.0396 1.0658
1 0.0382 1.0669
1 0.0369 1.0679
1 0.0355 1.0690
1 0.0341 1.0699
1 0.0326 1.0709
1 0.0312 1.0718
1 0.0297 1.0726
1 0.0282 1.0734
1 0.0266 1.0742
1 0.0250 1.0749
1 0.0235 1.0756
1 0.0219 1.0762
1 0.0202 1.0768
1 0.0186 1.0774
1 0.0170 1.0778
1 0.0154 1.0783
1 0.0137 1.0787
1 0.0120 1.0791
1 0.0102 1.0794
1 0.0086 1.0797
1 0.0069 1.0799
1 0.0051 1.0801
1 0.0034 1.0802
1 0.0018 1.0802
1 0.0000 1.0802
1 -0.0018 1.0802
1 -0.0034 1.0802
1 -0.0051 1.0801
1 -0.0069 1.0799
1 -0.0086 1.0797
1 -0.0102 1.0794
1 -0.0120 1.0791
1 -0.0137 1.0787
1 -0.0154 1.0783
1 -0.0170 1.0778
1 -0.0186 1.0774
1 -0.0202 1.0768
1 -0.0219 1.0762
1 -0.0235 1.0756
1 -0.0250 1.0749
1 -0.0266 1.0742
1 -0.0282 1.0734
1 -0.0297 1.0726
1 -0.0312 1.0718
1 -0.0326 1.0709
1 -0.0341 1.0699
1 -0.0355 1.0690
1 -0.0369 1.0679
1 -0.0382 1.0669
1 -0.0396 1.0658
1 -0.0409 1.0646
1 -0.0422 1.0635
1 -0.0434 1.0623
112 1250 197
0 -0.0340 1.0529
1 -0.5129 0.5740
1 -0.5139 0.5728
1 -0.5150 0.5717
1 -0.5160 0.5705
1 -0.5170 0.5692
1 -0.5179 0.5680
1 -0.5188 0.5667
1 -0.5197 0.5654
1 -0.5205 0.5640
1 -0.5213 0.5626
1 -0.5220 0.5613
1 -0.5226 0.5598
1 -0.5233 0.5584
1 -0.5238 0.5569
1 -0.5244 0.5554
1 -0.5249 0.5539
1 -0.5253 0.5524
1 -0.5257 0.5509
1 -0.5260 0.5494
1 -0.5263 0.5478
1 -0.5266 0.5462
1 -0.5267 0.5447
1 -0.5268 0.5431
1 -0.5269 0.5416
1 -0.5270 0.5400
1 -0.5269 0.5384
1 -0.5268 0.5369
1 -0.5267 0.5353
1 -0.5266 0.5338
1 -0.5263 0.5322
1 -0.5260 0.5306
1 -0.5257 0.5291
1 -0.5253 0.5276
1 -0.5249 0.5261
1 -0.5244 0.5246
1 -0.5238 0.5231
1 -0.5233 0.5216
1 -0.5226 0.5202
1 -0.5220 0.5187
1 -0.5213 0.5174
1 -0.5205 0.5160
1 -0.5197 0.5146
1 -0.5188 0.5133
1 -0.5179 0.5120
1 -0.5170 0.5108
1 -0.5160 0.5095
1 -0.5150 0.5083
1 -0.5139 0.5072
1 -0.5129 0.5060
1 -0.0340 0.0271
1 -0.0328 0.0261
1 -0.0317 0.0250
1 -0.0305 0.0240
1 -0.0292 0.0230
1 -0.0280 0.0221
1 -0.0267 0.0212
1 -0.0254 0.0203
1 -0.0240 0.0195
1 -0.0226 0.0187
1 -0.0213 0.0180
1 -0.0198 0.0174
1 -0.0184 0.0167
1 -0.0169 0.0162
1 -0.0154 0.0156
1 -0.0139 0.0151
1 -0.0124 0.0147
1 -0.0109 0.0143
1 -0.0094 0.0140
1 -0.0078 0.0137
1 -0.0062 0.0134
1 -0.0047 0.0133
1 -0.0031 0.0132
1 -0.0016 0.0131
1 0.0000 0.0130
1 0.0016 0.0131
1 0.0031 0.0132
1 0.0047 0.0133
1 0.0062 0.0134
1 0.0078 0.0137
1 0.0094 0.0140
1 0.0109 0.0143
1 0.0124 0.0147
1 0.0139 0.0151
1 0.0154 0.0156
1 0.0169 0.0162
1 0.0184 0.0167
1 0.0198 0.0174
1 0.0213 0.0180
1 0.0226 0.0187
1 0.0240 0.0195
1 0.0254 0.0203
1 0.0267 0.0212
1 0.0280 0.0221
1 0.0292 0.0230
1 0.0305 0.0240
1 0.0317 0.0250
1 0.0328 0.0261
1 0.0340 0.0271
1 0.5129 0.5060
1 0.5139 0.5072
1 0.5150 0.5083
1 0.5160 0.5095
1 0.5170 0.5108
1 0.5179 0.5120
1 0.5188 0.5133
1 0.5197 0.5146
1 0.5205 0.5160
1 0.5213 0.5174
1 0.5220 0.5187
1 0.5226 0.5202
1 0.5233 0.5216
1 0.5238 0.5231
1 0.5244 0.5246
1 0.5249 0.5261
1 0.5253 0.5276
1 0.5257 0.5291
1 0.5260 0.5306
1 0.5263 0.5322
1 0.5266 0.5338
1 0.5267 0.5353
1 0.5268 0.5369
1 0.5269 0.5384
1 0.5270 0.5400
1 0.5269 0.5416
1 0.5268 0.5431
1 0.5267 0.5447
1 0.5266 0.5462
1 0.5263 0.5478
1 0.5260 0.5494
1 0.5257 0.5509
1 0.5253 0.5524
1 0.5249 0.5539
1 0.5244 0.5554
1 0.5238 0.5569
1 0.5233 0.5584
1 0.5226 0.5598
1 0.5220 0.5613
1 0.5213 0.5626
1 0.5205 0.5640
1 0.5197 0.5654
1 0.5188 0.5667
1 0.5179 0.5680
1 0.5170 0.5692
1 0.5160 0.5705
1 0.5150 0.5717
1 0.5139 0.5728
1 0.5129 0.5740
1 0.0340 1.0529
1 0.0328 1.0539
1 0.0317 1.0550
1 0.0305 1.0560
1 0.0292 1.0570
1 0.0280 1.0579
1 0.0267 1.0588
1 0.0254 1.0597
1 0.0240 1.0605
1 0.0226 1.0613
1 0.0213 1.0620
1 0.0198 1.0626
1 0.0184 1.0633
1 0.0169 1.0638
1 0.0154 1.0644
1 0.0139 1.0649
1 0.0124 1.0653
1 0.0109 1.0657
1 0.0094 1.0660
1 0.0078 1.0663
1 0.0062 1.0666
1 0.0047 1.0667
1 0.0031 1.0668
1 0.0016 1.0669
1 0.0000 1.0670
1 -0.0016 1.0669
1 -0.0031 1.0668
1 -0.0047 1.0667
1 -0.0062 1.0666
1 -0.0078 1.0663
1 -0.0094 1.0660
1 -0.0109 1.0657
1 -0.0124 1.0653
1 -0.0139 1.0649
1 -0.0154 1.0644
1 -0.0169 1.0638
1 -0.0184 1.0633
1 -0.0198 1.0626
1 -0.0213 1.0620
1 -0.0226 1.0613
1 -0.0240 1.0605
1 -0.0254 1.0597
1 -0.0267 1.0588
1 -0.0280 1.0579
1 -0.0292 1.0570
1 -0.0305 1.0560
1 -0.0317 1.0550
1 -0.0328 1.0539
1 -0.0340 1.0529
112 1253 133
0 -0.4940 0.5551
1 -0.0151 1.0340
1 -0.0143 1.0347
1 -0.0135 1.0354
1 -0.0127 1.0361
1 -0.0118 1.0366
1 -0.0110 1.0372
1 -0.0101 1.0378
1 -0.0091 1.0382
1 -0.0082 1.0386
1 -0.0072 1.0390
1 -0.0062 1.0394
1 -0.0052 1.0396
1 -0.0042 1.0398
1 -0.0031 1.0400
1 -0.0021 1.0402
1 -0.0010 1.0402
1 0.0000 1.0402
1 0.0010 1.0402
1 0.0021 1.0402
1 0.0031 1.0400
1 0.0042 1.0398
1 0.0052 1.0396
1 0.0062 1.0394
1 0.0072 1.0390
1 0.0082 1.0386
1 0.0091 1.0382
1 0.0101 1.0378
1 0.0110 1.0372
1 0.0118 1.0366
1 0.0127 1.0361
1 0.0135 1.0354
1 0.0143 1.0347
1 0.0151 1.0340
1 0.4940 0.5551
1 0.4947 0.5543
1 0.4954 0.5535
1 0.4961 0.5527
1 0.4966 0.5518
1 0.4972 0.5510
1 0.4978 0.5501
1 0.4982 0.5491
1 0.4986 0.5482
1 0.4990 0.5472
1 0.4994 0.5462
1 0.4996 0.5452
1 0.4998 0.5442
1 0.5000 0.5431
1 0.5002 0.5421
1 0.5002 0.5410
1 0.5002 0.5400
1 0.5002 0.5390
1 0.5002 0.5379
1 0.5000 0.5369
1 0.4998 0.5358
1 0.4996 0.5348
1 0.4994 0.5338
1 0.4990 0.5328
1 0.4986 0.5318
1 0.4982 0.5309
1 0.4978 0.5299
1 0.4972 0.5290
1 0.4966 0.5282
1 0.4961 0.5273
1 0.4954 0.5265
1 0.4947 0.5257
1 0.4940 0.5249
1 0.0151 0.0460
1 0.0143 0.0453
1 0.0135 0.0446
1 0.0127 0.0439
1 0.0118 0.0434
1 0.0110 0.0428
1 0.0101 0.0422
1 0.0091 0.0418
1 0.0082 0.0414
1 0.0072 0.0410
1 0.0062 0.0406
1 0.0052 0.0404
1 0.0042 0.0402
1 0.0031 0.0400
1 0.0021 0.0398
1 0.0010 0.0398
1 0.0000 0.0398
1 -0.0010 0.0398
1 -0.0021 0.0398
1 -0.0031 0.0400
1 -0.0042 0.0402
1 -0.0052 0.0404
1 -0.0062 0.0406
1 -0.0072 0.0410
1 -0.0082 0.0414
1 -0.0091 0.0418
1 -0.0101 0.0422
1 -0.0110 0.0428
1 -0.0118 0.0434
1 -0.0127 0.0439
1 -0.0135 0.0446
1 -0.0143 0.0453
1 -0.0151 0.0460
1 -0.4940 0.5249
1 -0.4947 0.5257
1 -0.4954 0.5265
1 -0.4961 0.5273
1 -0.4966 0.5282
1 -0.4972 0.5290
1 -0.4978 0.5299
1 -0.4982 0.5309
1 -0.4986 0.5318
1 -0.4990 0.5328
1 -0.4994 0.5338
1 -0.4996 0.5348
1 -0.4998 0.5358
1 -0.5000 0.5369
1 -0.5002 0.5379
1 -0.5002 0.5390
1 -0.5002 0.5400
1 -0.5002 0.5410
1 -0.5002 0.5421
1 -0.5000 0.5431
1 -0.4998 0.5442
1 -0.4996 0.5452
1 -0.4994 0.5462
1 -0.4990 0.5472
1 -0.4986 0.5482
1 -0.4982 0.5491
1 -0.4978 0.5501
1 -0.4972 0.5510
1 -0.4966 0.5518
1 -0.4961 0.5527
1 -0.4954 0.5535
1 -0.4947 0.5543
1 -0.4940 0.5551
112 1250 9
0 -0.0624 0.3126
1 -0.0624 0.2968
1 -0.0859 0.2968
1 -0.0859 0.2126
1 -0.1035 0.2126
1 -0.1035 0.2968
1 -0.1270 0.2968
1 -0.1270 0.3126
1 -0.0624 0.3126
112 1250 225
0 -0.0183 0.2110
1 -0.0183 0.2110
1 -0.0206 0.2110
1 -0.0233 0.2114
1 -0.0261 0.2118
1 -0.0289 0.2124
1 -0.0314 0.2130
1 -0.0335 0.2138
1 -0.0335 0.2138
1 -0.0355 0.2147
1 -0.0378 0.2160
1 -0.0400 0.2175
1 -0.0422 0.2192
1 -0.0442 0.2210
1 -0.0458 0.2226
1 -0.0458 0.2226
1 -0.0473 0.2246
1 -0.0488 0.2270
1 -0.0504 0.2298
1 -0.0518 0.2328
1 -0.0530 0.2358
1 -0.0540 0.2385
1 -0.0540 0.2385
1 -0.0548 0.2415
1 -0.0555 0.2453
1 -0.0561 0.2496
1 -0.0566 0.2540
1 -0.0568 0.2584
1 -0.0570 0.2624
1 -0.0570 0.2624
1 -0.0568 0.2665
1 -0.0565 0.2709
1 -0.0560 0.2754
1 -0.0554 0.2798
1 -0.0546 0.2836
1 -0.0538 0.2866
1 -0.0538 0.2866
1 -0.0528 0.2894
1 -0.0514 0.2925
1 -0.0499 0.2955
1 -0.0483 0.2984
1 -0.0467 0.3009
1 -0.0452 0.3028
1 -0.0452 0.3028
1 -0.0436 0.3045
1 -0.0416 0.3062
1 -0.0394 0.3078
1 -0.0371 0.3094
1 -0.0350 0.3106
1 -0.0330 0.3115
1 -0.0330 0.3115
1 -0.0310 0.3122
1 -0.0285 0.3130
1 -0.0258 0.3135
1 -0.0230 0.3139
1 -0.0205 0.3142
1 -0.0183 0.3143
1 -0.0183 0.3143
1 -0.0161 0.3142
1 -0.0136 0.3139
1 -0.0109 0.3135
1 -0.0082 0.3130
1 -0.0058 0.3122
1 -0.0037 0.3115
1 -0.0037 0.3115
1 -0.0017 0.3106
1 0.0005 0.3094
1 0.0028 0.3078
1 0.0050 0.3062
1 0.0070 0.3045
1 0.0086 0.3028
1 0.0086 0.3028
1 0.0102 0.3009
1 0.0118 0.2984
1 0.0134 0.2955
1 0.0149 0.2925
1 0.0162 0.2894
1 0.0172 0.2866
1 0.0172 0.2866
1 0.0180 0.2836
1 0.0188 0.2798
1 0.0194 0.2754
1 0.0199 0.2709
1 0.0202 0.2665
1 0.0203 0.2624
1 0.0203 0.2624
1 0.0202 0.2584
1 0.0199 0.2540
1 0.0194 0.2496
1 0.0188 0.2453
1 0.0181 0.2415
1 0.0174 0.2385
1 0.0174 0.2385
1 0.0164 0.2358
1 0.0152 0.2328
1 0.0138 0.2298
1 0.0122 0.2270
1 0.0106 0.2246
1 0.0092 0.2226
1 0.0092 0.2226
1 0.0076 0.2210
1 0.0057 0.2192
1 0.0034 0.2175
1 0.0011 0.2160
1 -0.0011 0.2147
1 -0.0032 0.2138
1 -0.0032 0.2138
1 -0.0053 0.2130
1 -0.0078 0.2124
1 -0.0105 0.2118
1 -0.0133 0.2114
1 -0.0159 0.2110
1 -0.0183 0.2110
1 -0.0183 0.2258
1 -0.0183 0.2258
1 -0.0170 0.2259
1 -0.0157 0.2261
1 -0.0142 0.2264
1 -0.0127 0.2267
1 -0.0114 0.2272
1 -0.0103 0.2277
1 -0.0103 0.2277
1 -0.0093 0.2282
1 -0.0081 0.2291
1 -0.0069 0.2302
1 -0.0058 0.2313
1 -0.0047 0.2325
1 -0.0038 0.2336
1 -0.0038 0.2336
1 -0.0031 0.2350
1 -0.0022 0.2367
1 -0.0014 0.2387
1 -0.0007 0.2408
1 -0.0001 0.2430
1 0.0004 0.2449
1 0.0004 0.2449
1 0.0008 0.2470
1 0.0012 0.2498
1 0.0015 0.2530
1 0.0018 0.2562
1 0.0018 0.2594
1 0.0019 0.2624
1 0.0019 0.2624
1 0.0018 0.2654
1 0.0017 0.2687
1 0.0014 0.2721
1 0.0011 0.2753
1 0.0007 0.2781
1 0.0002 0.2803
1 0.0002 0.2803
1 -0.0002 0.2822
1 -0.0010 0.2844
1 -0.0018 0.2865
1 -0.0026 0.2885
1 -0.0034 0.2902
1 -0.0042 0.2915
1 -0.0042 0.2915
1 -0.0051 0.2927
1 -0.0062 0.2939
1 -0.0073 0.2950
1 -0.0085 0.2961
1 -0.0097 0.2970
1 -0.0107 0.2975
1 -0.0107 0.2975
1 -0.0118 0.2980
1 -0.0130 0.2984
1 -0.0144 0.2988
1 -0.0158 0.2990
1 -0.0171 0.2993
1 -0.0183 0.2993
1 -0.0183 0.2993
1 -0.0194 0.2993
1 -0.0208 0.2990
1 -0.0222 0.2988
1 -0.0236 0.2984
1 -0.0249 0.2980
1 -0.0260 0.2975
1 -0.0260 0.2975
1 -0.0270 0.2970
1 -0.0282 0.2961
1 -0.0294 0.2950
1 -0.0306 0.2939
1 -0.0316 0.2927
1 -0.0325 0.2915
1 -0.0325 0.2915
1 -0.0332 0.2902
1 -0.0341 0.2885
1 -0.0349 0.2865
1 -0.0357 0.2844
1 -0.0363 0.2822
1 -0.0369 0.2803
1 -0.0369 0.2803
1 -0.0373 0.2781
1 -0.0377 0.2753
1 -0.0380 0.2721
1 -0.0382 0.2687
1 -0.0385 0.2654
1 -0.0385 0.2624
1 -0.0385 0.2624
1 -0.0385 0.2594
1 -0.0383 0.2562
1 -0.0381 0.2530
1 -0.0378 0.2498
1 -0.0374 0.2470
1 -0.0370 0.2449
1 -0.0370 0.2449
1 -0.0365 0.2430
1 -0.0358 0.2408
1 -0.0351 0.2387
1 -0.0343 0.2367
1 -0.0335 0.2350
1 -0.0327 0.2336
1 -0.0327 0.2336
1 -0.0319 0.2325
1 -0.0309 0.2313
1 -0.0298 0.2302
1 -0.0286 0.2291
1 -0.0274 0.2282
1 -0.0264 0.2277
1 -0.0264 0.2277
1 -0.0253 0.2272
1 -0.0239 0.2267
1 -0.0225 0.2264
1 -0.0210 0.2261
1 -0.0195 0.2259
112 1250 11
0 0.0584 0.2758
1 0.0584 0.2126
1 0.0410 0.2126
1 0.0410 0.3126
1 0.0598 0.3126
1 0.0945 0.2457
1 0.0945 0.3126
1 0.1119 0.3126
1 0.1119 0.2126
1 0.0931 0.2126
1 0.0584 0.2758
