SEcl_PI-3
3286 7 1 1 0 0 0 0 0 0 1 1
1.000
112 1253 229
0 -0.0434 1.0626
1 -0.5223 0.5837
1 -0.5235 0.5824
1 -0.5246 0.5811
1 -0.5258 0.5798
1 -0.5269 0.5786
1 -0.5279 0.5772
1 -0.5290 0.5758
1 -0.5299 0.5744
1 -0.5309 0.5729
1 -0.5318 0.5714
1 -0.5326 0.5699
1 -0.5334 0.5684
1 -0.5342 0.5669
1 -0.5349 0.5654
1 -0.5356 0.5638
1 -0.5362 0.5622
1 -0.5368 0.5606
1 -0.5374 0.5589
1 -0.5378 0.5573
1 -0.5383 0.5556
1 -0.5387 0.5539
1 -0.5391 0.5522
1 -0.5394 0.5506
1 -0.5397 0.5489
1 -0.5399 0.5471
1 -0.5401 0.5454
1 -0.5402 0.5437
1 -0.5402 0.5420
1 -0.5402 0.5402
1 -0.5402 0.5386
1 -0.5402 0.5368
1 -0.5401 0.5351
1 -0.5399 0.5334
1 -0.5397 0.5317
1 -0.5394 0.5300
1 -0.5391 0.5283
1 -0.5387 0.5266
1 -0.5383 0.5250
1 -0.5378 0.5233
1 -0.5374 0.5216
1 -0.5368 0.5200
1 -0.5362 0.5184
1 -0.5356 0.5168
1 -0.5349 0.5152
1 -0.5342 0.5137
1 -0.5334 0.5121
1 -0.5326 0.5106
1 -0.5318 0.5091
1 -0.5309 0.5076
1 -0.5299 0.5062
1 -0.5290 0.5047
1 -0.5279 0.5034
1 -0.5269 0.5020
1 -0.5258 0.5006
1 -0.5246 0.4994
1 -0.5235 0.4981
1 -0.5223 0.4969
1 -0.0434 0.0180
1 -0.0422 0.0168
1 -0.0409 0.0156
1 -0.0396 0.0145
1 -0.0382 0.0134
1 -0.0369 0.0123
1 -0.0355 0.0113
1 -0.0341 0.0103
1 -0.0326 0.0094
1 -0.0312 0.0085
1 -0.0297 0.0077
1 -0.0282 0.0069
1 -0.0266 0.0061
1 -0.0250 0.0054
1 -0.0235 0.0046
1 -0.0219 0.0040
1 -0.0202 0.0034
1 -0.0186 0.0029
1 -0.0170 0.0024
1 -0.0154 0.0019
1 -0.0137 0.0015
1 -0.0120 0.0012
1 -0.0102 0.0009
1 -0.0086 0.0006
1 -0.0069 0.0004
1 -0.0051 0.0002
1 -0.0034 0.0001
1 -0.0018 0.0000
1 0.0000 0.0000
1 0.0018 0.0000
1 0.0034 0.0001
1 0.0051 0.0002
1 0.0069 0.0004
1 0.0086 0.0006
1 0.0102 0.0009
1 0.0120 0.0012
1 0.0137 0.0015
1 0.0154 0.0019
1 0.0170 0.0024
1 0.0186 0.0029
1 0.0202 0.0034
1 0.0219 0.0040
1 0.0235 0.0046
1 0.0250 0.0054
1 0.0266 0.0061
1 0.0282 0.0069
1 0.0297 0.0077
1 0.0312 0.0085
1 0.0326 0.0094
1 0.0341 0.0103
1 0.0355 0.0113
1 0.0369 0.0123
1 0.0382 0.0134
1 0.0396 0.0145
1 0.0409 0.0156
1 0.0422 0.0168
1 0.0434 0.0180
1 0.5223 0.4969
1 0.5235 0.4981
1 0.5246 0.4994
1 0.5258 0.5006
1 0.5269 0.5020
1 0.5279 0.5034
1 0.5290 0.5047
1 0.5299 0.5062
1 0.5309 0.5076
1 0.5318 0.5091
1 0.5326 0.5106
1 0.5334 0.5121
1 0.5342 0.5137
1 0.5349 0.5152
1 0.5356 0.5168
1 0.5362 0.5184
1 0.5368 0.5200
1 0.5374 0.5216
1 0.5378 0.5233
1 0.5383 0.5250
1 0.5387 0.5266
1 0.5391 0.5283
1 0.5394 0.5300
1 0.5397 0.5317
1 0.5399 0.5334
1 0.5401 0.5351
1 0.5402 0.5368
1 0.5402 0.5386
1 0.5402 0.5402
1 0.5402 0.5420
1 0.5402 0.5437
1 0.5401 0.5454
1 0.5399 0.5471
1 0.5397 0.5489
1 0.5394 0.5506
1 0.5391 0.5522
1 0.5387 0.5539
1 0.5383 0.5556
1 0.5378 0.5573
1 0.5374 0.5589
1 0.5368 0.5606
1 0.5362 0.5622
1 0.5356 0.5638
1 0.5349 0.5654
1 0.5342 0.5669
1 0.5334 0.5684
1 0.5326 0.5699
1 0.5318 0.5714
1 0.5309 0.5729
1 0.5299 0.5744
1 0.5290 0.5758
1 0.5279 0.5772
1 0.5269 0.5786
1 0.5258 0.5798
1 0.5246 0.5811
1 0.5235 0.5824
1 0.5223 0.5837
1 0.0434 1.0626
1 0.0422 1.0638
1 0.0409 1.0650
1 0.0396 1.0661
1 0.0382 1.0671
1 0.0369 1.0682
1 0.0355 1.0692
1 0.0341 1.0702
1 0.0326 1.0711
1 0.0312 1.0720
1 0.0297 1.0729
1 0.0282 1.0737
1 0.0266 1.0745
1 0.0250 1.0752
1 0.0235 1.0758
1 0.0219 1.0765
1 0.0202 1.0771
1 0.0186 1.0776
1 0.0170 1.0782
1 0.0154 1.0786
1 0.0137 1.0790
1 0.0120 1.0794
1 0.0102 1.0797
1 0.0086 1.0799
1 0.0069 1.0802
1 0.0051 1.0803
1 0.0034 1.0804
1 0.0018 1.0805
1 0.0000 1.0806
1 -0.0018 1.0805
1 -0.0034 1.0804
1 -0.0051 1.0803
1 -0.0069 1.0802
1 -0.0086 1.0799
1 -0.0102 1.0797
1 -0.0120 1.0794
1 -0.0137 1.0790
1 -0.0154 1.0786
1 -0.0170 1.0782
1 -0.0186 1.0776
1 -0.0202 1.0771
1 -0.0219 1.0765
1 -0.0235 1.0758
1 -0.0250 1.0752
1 -0.0266 1.0745
1 -0.0282 1.0737
1 -0.0297 1.0729
1 -0.0312 1.0720
1 -0.0326 1.0711
1 -0.0341 1.0702
1 -0.0355 1.0692
1 -0.0369 1.0682
1 -0.0382 1.0671
1 -0.0396 1.0661
1 -0.0409 1.0650
1 -0.0422 1.0638
1 -0.0434 1.0626
112 1250 197
0 -0.0340 1.0531
1 -0.5129 0.5742
1 -0.5139 0.5731
1 -0.5150 0.5719
1 -0.5160 0.5707
1 -0.5170 0.5695
1 -0.5179 0.5682
1 -0.5188 0.5670
1 -0.5197 0.5656
1 -0.5205 0.5643
1 -0.5213 0.5629
1 -0.5220 0.5615
1 -0.5226 0.5601
1 -0.5233 0.5586
1 -0.5238 0.5572
1 -0.5244 0.5557
1 -0.5249 0.5542
1 -0.5253 0.5527
1 -0.5257 0.5512
1 -0.5260 0.5496
1 -0.5263 0.5481
1 -0.5266 0.5466
1 -0.5267 0.5450
1 -0.5268 0.5434
1 -0.5269 0.5418
1 -0.5270 0.5402
1 -0.5269 0.5387
1 -0.5268 0.5371
1 -0.5267 0.5356
1 -0.5266 0.5340
1 -0.5263 0.5325
1 -0.5260 0.5309
1 -0.5257 0.5294
1 -0.5253 0.5278
1 -0.5249 0.5263
1 -0.5244 0.5248
1 -0.5238 0.5234
1 -0.5233 0.5219
1 -0.5226 0.5205
1 -0.5220 0.5190
1 -0.5213 0.5176
1 -0.5205 0.5162
1 -0.5197 0.5149
1 -0.5188 0.5136
1 -0.5179 0.5123
1 -0.5170 0.5110
1 -0.5160 0.5098
1 -0.5150 0.5086
1 -0.5139 0.5074
1 -0.5129 0.5063
1 -0.0340 0.0274
1 -0.0328 0.0263
1 -0.0317 0.0253
1 -0.0305 0.0242
1 -0.0293 0.0233
1 -0.0280 0.0223
1 -0.0267 0.0214
1 -0.0254 0.0206
1 -0.0240 0.0198
1 -0.0226 0.0190
1 -0.0213 0.0183
1 -0.0198 0.0176
1 -0.0184 0.0170
1 -0.0169 0.0164
1 -0.0154 0.0159
1 -0.0139 0.0154
1 -0.0124 0.0150
1 -0.0109 0.0146
1 -0.0094 0.0142
1 -0.0078 0.0140
1 -0.0062 0.0138
1 -0.0047 0.0136
1 -0.0031 0.0134
1 -0.0016 0.0134
1 0.0000 0.0134
1 0.0016 0.0134
1 0.0031 0.0134
1 0.0047 0.0136
1 0.0062 0.0138
1 0.0078 0.0140
1 0.0094 0.0142
1 0.0109 0.0146
1 0.0124 0.0150
1 0.0139 0.0154
1 0.0154 0.0159
1 0.0169 0.0164
1 0.0184 0.0170
1 0.0198 0.0176
1 0.0213 0.0183
1 0.0226 0.0190
1 0.0240 0.0198
1 0.0254 0.0206
1 0.0267 0.0214
1 0.0280 0.0223
1 0.0292 0.0233
1 0.0305 0.0242
1 0.0317 0.0253
1 0.0328 0.0263
1 0.0340 0.0274
1 0.5129 0.5063
1 0.5139 0.5074
1 0.5150 0.5086
1 0.5160 0.5098
1 0.5170 0.5110
1 0.5179 0.5123
1 0.5188 0.5136
1 0.5197 0.5149
1 0.5205 0.5162
1 0.5213 0.5176
1 0.5220 0.5190
1 0.5226 0.5205
1 0.5233 0.5219
1 0.5238 0.5234
1 0.5244 0.5248
1 0.5249 0.5263
1 0.5253 0.5278
1 0.5257 0.5294
1 0.5260 0.5309
1 0.5263 0.5325
1 0.5266 0.5340
1 0.5267 0.5356
1 0.5268 0.5371
1 0.5269 0.5387
1 0.5270 0.5402
1 0.5269 0.5418
1 0.5268 0.5434
1 0.5267 0.5450
1 0.5266 0.5466
1 0.5263 0.5481
1 0.5260 0.5496
1 0.5257 0.5512
1 0.5253 0.5527
1 0.5249 0.5542
1 0.5244 0.5557
1 0.5238 0.5572
1 0.5233 0.5586
1 0.5226 0.5601
1 0.5220 0.5615
1 0.5213 0.5629
1 0.5205 0.5643
1 0.5197 0.5656
1 0.5188 0.5670
1 0.5179 0.5682
1 0.5170 0.5695
1 0.5160 0.5707
1 0.5150 0.5719
1 0.5139 0.5731
1 0.5129 0.5742
1 0.0340 1.0531
1 0.0328 1.0542
1 0.0317 1.0553
1 0.0305 1.0563
1 0.0292 1.0573
1 0.0280 1.0582
1 0.0267 1.0591
1 0.0254 1.0599
1 0.0240 1.0608
1 0.0226 1.0615
1 0.0213 1.0622
1 0.0198 1.0630
1 0.0184 1.0635
1 0.0169 1.0642
1 0.0154 1.0646
1 0.0139 1.0651
1 0.0124 1.0656
1 0.0109 1.0659
1 0.0094 1.0662
1 0.0078 1.0666
1 0.0062 1.0668
1 0.0047 1.0670
1 0.0031 1.0671
1 0.0016 1.0672
1 0.0000 1.0672
1 -0.0016 1.0672
1 -0.0031 1.0671
1 -0.0047 1.0670
1 -0.0062 1.0668
1 -0.0078 1.0666
1 -0.0094 1.0662
1 -0.0109 1.0659
1 -0.0124 1.0656
1 -0.0139 1.0651
1 -0.0154 1.0646
1 -0.0169 1.0642
1 -0.0184 1.0635
1 -0.0198 1.0630
1 -0.0213 1.0622
1 -0.0226 1.0615
1 -0.0240 1.0608
1 -0.0254 1.0599
1 -0.0267 1.0591
1 -0.0280 1.0582
1 -0.0293 1.0573
1 -0.0305 1.0563
1 -0.0317 1.0553
1 -0.0328 1.0542
1 -0.0340 1.0531
112 1253 133
0 -0.4940 0.5554
1 -0.0151 1.0342
1 -0.0143 1.0350
1 -0.0135 1.0357
1 -0.0127 1.0363
1 -0.0118 1.0370
1 -0.0110 1.0375
1 -0.0101 1.0380
1 -0.0091 1.0385
1 -0.0082 1.0389
1 -0.0072 1.0393
1 -0.0062 1.0396
1 -0.0052 1.0399
1 -0.0042 1.0402
1 -0.0031 1.0403
1 -0.0021 1.0404
1 -0.0010 1.0405
1 0.0000 1.0406
1 0.0010 1.0405
1 0.0021 1.0404
1 0.0031 1.0403
1 0.0042 1.0402
1 0.0052 1.0399
1 0.0062 1.0396
1 0.0072 1.0393
1 0.0082 1.0389
1 0.0091 1.0385
1 0.0101 1.0380
1 0.0110 1.0375
1 0.0118 1.0370
1 0.0127 1.0363
1 0.0135 1.0357
1 0.0143 1.0350
1 0.0151 1.0342
1 0.4940 0.5554
1 0.4947 0.5546
1 0.4954 0.5538
1 0.4961 0.5530
1 0.4966 0.5522
1 0.4972 0.5513
1 0.4978 0.5503
1 0.4982 0.5494
1 0.4986 0.5485
1 0.4990 0.5474
1 0.4994 0.5465
1 0.4996 0.5454
1 0.4998 0.5444
1 0.5000 0.5434
1 0.5002 0.5424
1 0.5002 0.5413
1 0.5002 0.5402
1 0.5002 0.5392
1 0.5002 0.5382
1 0.5000 0.5371
1 0.4998 0.5361
1 0.4996 0.5350
1 0.4994 0.5341
1 0.4990 0.5330
1 0.4986 0.5321
1 0.4982 0.5311
1 0.4978 0.5302
1 0.4972 0.5293
1 0.4966 0.5284
1 0.4961 0.5275
1 0.4954 0.5267
1 0.4947 0.5259
1 0.4940 0.5251
1 0.0151 0.0462
1 0.0143 0.0455
1 0.0135 0.0449
1 0.0127 0.0442
1 0.0118 0.0436
1 0.0110 0.0430
1 0.0101 0.0426
1 0.0091 0.0421
1 0.0082 0.0416
1 0.0072 0.0413
1 0.0062 0.0409
1 0.0052 0.0406
1 0.0042 0.0404
1 0.0031 0.0402
1 0.0021 0.0401
1 0.0010 0.0400
1 0.0000 0.0400
1 -0.0010 0.0400
1 -0.0021 0.0401
1 -0.0031 0.0402
1 -0.0042 0.0404
1 -0.0052 0.0406
1 -0.0062 0.0409
1 -0.0072 0.0413
1 -0.0082 0.0416
1 -0.0091 0.0421
1 -0.0101 0.0426
1 -0.0110 0.0430
1 -0.0118 0.0436
1 -0.0127 0.0442
1 -0.0135 0.0449
1 -0.0143 0.0455
1 -0.0151 0.0462
1 -0.4940 0.5251
1 -0.4947 0.5259
1 -0.4954 0.5267
1 -0.4961 0.5275
1 -0.4966 0.5284
1 -0.4972 0.5293
1 -0.4978 0.5302
1 -0.4982 0.5311
1 -0.4986 0.5321
1 -0.4990 0.5330
1 -0.4994 0.5341
1 -0.4996 0.5350
1 -0.4998 0.5361
1 -0.5000 0.5371
1 -0.5002 0.5382
1 -0.5002 0.5392
1 -0.5002 0.5402
1 -0.5002 0.5413
1 -0.5002 0.5424
1 -0.5000 0.5434
1 -0.4998 0.5444
1 -0.4996 0.5454
1 -0.4994 0.5465
1 -0.4990 0.5474
1 -0.4986 0.5485
1 -0.4982 0.5494
1 -0.4978 0.5503
1 -0.4972 0.5513
1 -0.4966 0.5522
1 -0.4961 0.5530
1 -0.4954 0.5538
1 -0.4947 0.5546
1 -0.4940 0.5554
112 1250 313
0 -0.1906 0.6324
1 -0.2506 0.6610
1 -0.2522 0.6575
1 -0.2538 0.6541
1 -0.2553 0.6506
1 -0.2568 0.6470
1 -0.2582 0.6434
1 -0.2596 0.6399
1 -0.2609 0.6363
1 -0.2622 0.6327
1 -0.2634 0.6290
1 -0.2646 0.6254
1 -0.2657 0.6218
1 -0.2668 0.6181
1 -0.2678 0.6144
1 -0.2688 0.6107
1 -0.2697 0.6070
1 -0.2706 0.6033
1 -0.2714 0.5995
1 -0.2722 0.5958
1 -0.2728 0.5920
1 -0.2735 0.5882
1 -0.2741 0.5845
1 -0.2746 0.5807
1 -0.2751 0.5769
1 -0.2756 0.5731
1 -0.2760 0.5693
1 -0.2763 0.5655
1 -0.2766 0.5617
1 -0.2768 0.5578
1 -0.2770 0.5540
1 -0.2771 0.5502
1 -0.2772 0.5464
1 -0.2772 0.5426
1 -0.2772 0.5387
1 -0.2771 0.5349
1 -0.2770 0.5311
1 -0.2768 0.5273
1 -0.2766 0.5234
1 -0.2762 0.5196
1 -0.2758 0.5158
1 -0.2754 0.5120
1 -0.2750 0.5082
1 -0.2745 0.5044
1 -0.2739 0.5006
1 -0.2733 0.4969
1 -0.2726 0.4931
1 -0.2719 0.4894
1 -0.2711 0.4856
1 -0.2703 0.4818
1 -0.2694 0.4782
1 -0.2685 0.4745
1 -0.2675 0.4707
1 -0.2665 0.4670
1 -0.2654 0.4634
1 -0.2642 0.4598
1 -0.2630 0.4561
1 -0.2618 0.4525
1 -0.2606 0.4489
1 -0.2592 0.4453
1 -0.2578 0.4418
1 -0.2564 0.4382
1 -0.2549 0.4346
1 -0.2534 0.4312
1 -0.2518 0.4277
1 -0.2502 0.4242
1 -0.2485 0.4208
1 -0.2467 0.4174
1 -0.2450 0.4140
1 -0.2431 0.4106
1 -0.2413 0.4073
1 -0.2394 0.4040
1 -0.2374 0.4007
1 -0.2354 0.3974
1 -0.2334 0.3942
1 -0.2312 0.3910
1 -0.2291 0.3878
1 -0.2269 0.3847
1 -0.2246 0.3816
1 -0.2224 0.3785
1 -0.2201 0.3754
1 -0.2178 0.3725
1 -0.2154 0.3694
1 -0.2129 0.3666
1 -0.2104 0.3636
1 -0.2078 0.3607
1 -0.2053 0.3579
1 -0.2027 0.3551
1 -0.2001 0.3523
1 -0.1974 0.3496
1 -0.1946 0.3469
1 -0.1919 0.3442
1 -0.1891 0.3416
1 -0.1863 0.3390
1 -0.1834 0.3366
1 -0.1806 0.3340
1 -0.1776 0.3316
1 -0.1746 0.3291
1 -0.1717 0.3268
1 -0.1686 0.3245
1 -0.1655 0.3222
1 -0.1625 0.3199
1 -0.1594 0.3177
1 -0.1562 0.3155
1 -0.1530 0.3134
1 -0.1498 0.3114
1 -0.1466 0.3094
1 -0.1433 0.3074
1 -0.1399 0.3054
1 -0.1408 0.3055
1 -0.1416 0.3056
1 -0.1425 0.3056
1 -0.1433 0.3056
1 -0.1442 0.3055
1 -0.1450 0.3054
1 -0.1458 0.3051
1 -0.1466 0.3049
1 -0.1474 0.3046
1 -0.1482 0.3043
1 -0.1489 0.3039
1 -0.1496 0.3034
1 -0.1503 0.3030
1 -0.1510 0.3025
1 -0.1516 0.3019
1 -0.1522 0.3014
1 -0.1527 0.3007
1 -0.1533 0.3000
1 -0.1538 0.2994
1 -0.1542 0.2986
1 -0.1546 0.2978
1 -0.1549 0.2971
1 -0.1552 0.2963
1 -0.1554 0.2955
1 -0.1556 0.2947
1 -0.1558 0.2938
1 -0.1558 0.2930
1 -0.1558 0.2922
1 -0.1558 0.2914
1 -0.1558 0.2905
1 -0.1557 0.2897
1 -0.1555 0.2889
1 -0.1553 0.2881
1 -0.1550 0.2873
1 -0.1547 0.2865
1 -0.1543 0.2858
1 -0.1539 0.2850
1 -0.1534 0.2843
1 -0.1530 0.2836
1 -0.1524 0.2830
1 -0.1518 0.2823
1 -0.1512 0.2818
1 -0.1506 0.2813
1 -0.1499 0.2807
1 -0.1492 0.2803
1 -0.1485 0.2799
1 -0.1477 0.2795
1 -0.1469 0.2792
1 -0.1462 0.2790
1 -0.1453 0.2787
1 -0.1445 0.2786
1 -0.1437 0.2785
1 -0.1428 0.2784
1 -0.1420 0.2784
1 -0.1411 0.2785
1 -0.1403 0.2786
1 -0.1394 0.2787
1 -0.0222 0.3033
1 -0.0919 0.3847
1 -0.0925 0.3854
1 -0.0931 0.3859
1 -0.0938 0.3865
1 -0.0944 0.3870
1 -0.0951 0.3874
1 -0.0959 0.3878
1 -0.0966 0.3882
1 -0.0974 0.3886
1 -0.0982 0.3888
1 -0.0990 0.3890
1 -0.0998 0.3893
1 -0.1007 0.3894
1 -0.1015 0.3894
1 -0.1024 0.3894
1 -0.1033 0.3894
1 -0.1041 0.3894
1 -0.1050 0.3892
1 -0.1058 0.3890
1 -0.1066 0.3887
1 -0.1074 0.3885
1 -0.1082 0.3882
1 -0.1089 0.3878
1 -0.1096 0.3873
1 -0.1103 0.3868
1 -0.1110 0.3863
1 -0.1116 0.3858
1 -0.1122 0.3851
1 -0.1128 0.3845
1 -0.1133 0.3838
1 -0.1138 0.3831
1 -0.1142 0.3824
1 -0.1146 0.3816
1 -0.1149 0.3809
1 -0.1152 0.3801
1 -0.1154 0.3793
1 -0.1156 0.3784
1 -0.1158 0.3776
1 -0.1158 0.3767
1 -0.1158 0.3759
1 -0.1158 0.3750
1 -0.1158 0.3742
1 -0.1156 0.3734
1 -0.1154 0.3726
1 -0.1152 0.3717
1 -0.1150 0.3709
1 -0.1146 0.3702
1 -0.1142 0.3694
1 -0.1138 0.3686
1 -0.1134 0.3679
1 -0.1128 0.3673
1 -0.1122 0.3666
1 -0.1117 0.3660
1 -0.1110 0.3654
1 -0.1138 0.3672
1 -0.1166 0.3690
1 -0.1194 0.3708
1 -0.1222 0.3727
1 -0.1249 0.3746
1 -0.1275 0.3766
1 -0.1302 0.3786
1 -0.1328 0.3806
1 -0.1354 0.3828
1 -0.1378 0.3849
1 -0.1404 0.3870
1 -0.1429 0.3893
1 -0.1453 0.3915
1 -0.1477 0.3938
1 -0.1501 0.3962
1 -0.1524 0.3986
1 -0.1546 0.4010
1 -0.1569 0.4034
1 -0.1591 0.4058
1 -0.1613 0.4083
1 -0.1634 0.4109
1 -0.1655 0.4135
1 -0.1675 0.4161
1 -0.1696 0.4187
1 -0.1715 0.4214
1 -0.1734 0.4241
1 -0.1753 0.4269
1 -0.1771 0.4296
1 -0.1790 0.4324
1 -0.1807 0.4353
1 -0.1824 0.4381
1 -0.1840 0.4410
1 -0.1856 0.4438
1 -0.1872 0.4468
1 -0.1887 0.4498
1 -0.1902 0.4527
1 -0.1916 0.4558
1 -0.1930 0.4587
1 -0.1943 0.4618
1 -0.1955 0.4649
1 -0.1968 0.4679
1 -0.1979 0.4710
1 -0.1990 0.4742
1 -0.2002 0.4773
1 -0.2012 0.4805
1 -0.2022 0.4836
1 -0.2030 0.4868
1 -0.2039 0.4900
1 -0.2048 0.4933
1 -0.2055 0.4965
1 -0.2062 0.4997
1 -0.2069 0.5030
1 -0.2075 0.5062
1 -0.2081 0.5095
1 -0.2086 0.5128
1 -0.2090 0.5161
1 -0.2094 0.5194
1 -0.2098 0.5226
1 -0.2102 0.5259
1 -0.2104 0.5293
1 -0.2106 0.5326
1 -0.2107 0.5359
1 -0.2108 0.5392
1 -0.2108 0.5426
1 -0.2108 0.5458
1 -0.2107 0.5491
1 -0.2106 0.5525
1 -0.2105 0.5558
1 -0.2102 0.5591
1 -0.2099 0.5624
1 -0.2096 0.5657
1 -0.2092 0.5690
1 -0.2088 0.5723
1 -0.2082 0.5756
1 -0.2078 0.5788
1 -0.2071 0.5821
1 -0.2065 0.5854
1 -0.2058 0.5886
1 -0.2050 0.5918
1 -0.2042 0.5950
1 -0.2034 0.5982
1 -0.2025 0.6014
1 -0.2015 0.6046
1 -0.2005 0.6078
1 -0.1994 0.6110
1 -0.1983 0.6141
1 -0.1972 0.6172
1 -0.1960 0.6202
1 -0.1947 0.6234
1 -0.1934 0.6264
1 -0.1921 0.6294
1 -0.1906 0.6324
112 1250 314
0 0.2138 0.6462
1 0.2138 0.6462
1 0.1785 0.5458
1 0.1785 0.5458
1 0.1782 0.5450
1 0.1780 0.5442
1 0.1778 0.5434
1 0.1777 0.5426
1 0.1776 0.5418
1 0.1776 0.5409
1 0.1776 0.5400
1 0.1777 0.5392
1 0.1778 0.5383
1 0.1780 0.5375
1 0.1782 0.5366
1 0.1785 0.5358
1 0.1788 0.5350
1 0.1792 0.5343
1 0.1797 0.5336
1 0.1801 0.5329
1 0.1806 0.5322
1 0.1812 0.5315
1 0.1818 0.5309
1 0.1824 0.5303
1 0.1830 0.5298
1 0.1838 0.5293
1 0.1845 0.5289
1 0.1852 0.5285
1 0.1860 0.5281
1 0.1868 0.5278
1 0.1876 0.5275
1 0.1885 0.5273
1 0.1893 0.5271
1 0.1902 0.5270
1 0.1910 0.5270
1 0.1918 0.5270
1 0.1927 0.5270
1 0.1935 0.5271
1 0.1944 0.5273
1 0.1952 0.5274
1 0.1960 0.5278
1 0.1968 0.5280
1 0.1976 0.5284
1 0.1983 0.5288
1 0.1990 0.5292
1 0.1998 0.5297
1 0.2004 0.5302
1 0.2010 0.5308
1 0.2017 0.5314
1 0.2022 0.5321
1 0.2027 0.5327
1 0.2032 0.5334
1 0.2037 0.5342
1 0.2041 0.5350
1 0.2044 0.5358
1 0.2047 0.5366
1 0.2050 0.5374
1 0.2051 0.5382
1 0.2050 0.5349
1 0.2049 0.5315
1 0.2046 0.5282
1 0.2044 0.5249
1 0.2041 0.5216
1 0.2037 0.5183
1 0.2033 0.5150
1 0.2028 0.5117
1 0.2022 0.5084
1 0.2017 0.5051
1 0.2010 0.5019
1 0.2004 0.4986
1 0.1996 0.4954
1 0.1988 0.4922
1 0.1980 0.4890
1 0.1971 0.4858
1 0.1962 0.4826
1 0.1952 0.4794
1 0.1942 0.4762
1 0.1930 0.4731
1 0.1919 0.4700
1 0.1907 0.4669
1 0.1894 0.4638
1 0.1882 0.4607
1 0.1868 0.4577
1 0.1854 0.4546
1 0.1840 0.4517
1 0.1825 0.4487
1 0.1810 0.4458
1 0.1794 0.4428
1 0.1778 0.4399
1 0.1761 0.4370
1 0.1744 0.4342
1 0.1726 0.4314
1 0.1708 0.4286
1 0.1690 0.4258
1 0.1670 0.4231
1 0.1651 0.4204
1 0.1631 0.4177
1 0.1611 0.4151
1 0.1590 0.4125
1 0.1570 0.4099
1 0.1548 0.4074
1 0.1526 0.4049
1 0.1504 0.4024
1 0.1481 0.4000
1 0.1458 0.3976
1 0.1434 0.3952
1 0.1410 0.3929
1 0.1386 0.3906
1 0.1362 0.3884
1 0.1337 0.3862
1 0.1312 0.3840
1 0.1286 0.3819
1 0.1260 0.3798
1 0.1234 0.3778
1 0.1207 0.3758
1 0.1181 0.3738
1 0.1154 0.3719
1 0.1126 0.3701
1 0.1098 0.3682
1 0.1070 0.3665
1 0.1042 0.3647
1 0.1013 0.3630
1 0.0984 0.3614
1 0.0954 0.3598
1 0.0926 0.3582
1 0.0896 0.3567
1 0.0866 0.3553
1 0.0836 0.3539
1 0.0806 0.3526
1 0.0774 0.3512
1 0.0744 0.3500
1 0.0713 0.3487
1 0.0682 0.3476
1 0.0650 0.3465
1 0.0619 0.3454
1 0.0587 0.3444
1 0.0555 0.3434
1 0.0523 0.3426
1 0.0491 0.3417
1 0.0459 0.3409
1 0.0426 0.3402
1 0.0394 0.3394
1 0.0362 0.3388
1 0.0329 0.3382
1 0.0296 0.3377
1 0.0263 0.3371
1 0.0230 0.3367
1 0.0198 0.3363
1 0.0164 0.3360
1 0.0131 0.3357
1 0.0183 0.2695
1 0.0222 0.2698
1 0.0259 0.2702
1 0.0298 0.2706
1 0.0335 0.2711
1 0.0373 0.2717
1 0.0410 0.2722
1 0.0448 0.2729
1 0.0486 0.2735
1 0.0523 0.2743
1 0.0561 0.2751
1 0.0598 0.2759
1 0.0635 0.2768
1 0.0672 0.2778
1 0.0709 0.2788
1 0.0746 0.2798
1 0.0782 0.2810
1 0.0818 0.2821
1 0.0854 0.2833
1 0.0890 0.2846
1 0.0926 0.2858
1 0.0962 0.2872
1 0.0998 0.2886
1 0.1033 0.2901
1 0.1068 0.2915
1 0.1103 0.2931
1 0.1138 0.2947
1 0.1172 0.2963
1 0.1206 0.2981
1 0.1240 0.2998
1 0.1274 0.3016
1 0.1307 0.3034
1 0.1341 0.3053
1 0.1374 0.3072
1 0.1406 0.3092
1 0.1438 0.3112
1 0.1471 0.3133
1 0.1502 0.3154
1 0.1534 0.3175
1 0.1566 0.3198
1 0.1596 0.3220
1 0.1627 0.3242
1 0.1658 0.3266
1 0.1687 0.3290
1 0.1717 0.3314
1 0.1746 0.3338
1 0.1775 0.3362
1 0.1804 0.3388
1 0.1832 0.3414
1 0.1860 0.3440
1 0.1887 0.3466
1 0.1914 0.3493
1 0.1942 0.3520
1 0.1967 0.3548
1 0.1994 0.3576
1 0.2019 0.3604
1 0.2045 0.3633
1 0.2070 0.3662
1 0.2094 0.3691
1 0.2118 0.3721
1 0.2142 0.3751
1 0.2164 0.3781
1 0.2187 0.3812
1 0.2210 0.3843
1 0.2231 0.3874
1 0.2253 0.3906
1 0.2274 0.3938
1 0.2294 0.3970
1 0.2314 0.4002
1 0.2334 0.4035
1 0.2354 0.4068
1 0.2372 0.4101
1 0.2390 0.4134
1 0.2408 0.4169
1 0.2426 0.4202
1 0.2442 0.4237
1 0.2458 0.4271
1 0.2474 0.4306
1 0.2490 0.4341
1 0.2505 0.4376
1 0.2519 0.4411
1 0.2533 0.4446
1 0.2546 0.4482
1 0.2559 0.4518
1 0.2572 0.4554
1 0.2584 0.4590
1 0.2595 0.4627
1 0.2606 0.4664
1 0.2617 0.4701
1 0.2626 0.4738
1 0.2636 0.4774
1 0.2645 0.4811
1 0.2654 0.4849
1 0.2661 0.4886
1 0.2668 0.4923
1 0.2675 0.4961
1 0.2682 0.4998
1 0.2687 0.5037
1 0.2693 0.5074
1 0.2697 0.5112
1 0.2702 0.5150
1 0.2705 0.5188
1 0.2708 0.5226
1 0.2710 0.5264
1 0.2713 0.5302
1 0.2714 0.5341
1 0.2715 0.5378
1 0.2716 0.5417
1 0.2720 0.5410
1 0.2724 0.5402
1 0.2729 0.5395
1 0.2734 0.5389
1 0.2740 0.5383
1 0.2746 0.5377
1 0.2753 0.5372
1 0.2760 0.5367
1 0.2766 0.5362
1 0.2774 0.5358
1 0.2782 0.5354
1 0.2790 0.5351
1 0.2798 0.5349
1 0.2806 0.5346
1 0.2814 0.5345
1 0.2822 0.5344
1 0.2830 0.5343
1 0.2838 0.5343
1 0.2847 0.5343
1 0.2855 0.5344
1 0.2864 0.5346
1 0.2872 0.5347
1 0.2880 0.5350
1 0.2888 0.5353
1 0.2895 0.5356
1 0.2903 0.5360
1 0.2910 0.5365
1 0.2917 0.5370
1 0.2924 0.5374
1 0.2930 0.5380
1 0.2936 0.5386
1 0.2942 0.5392
1 0.2946 0.5399
1 0.2951 0.5406
1 0.2956 0.5413
1 0.2959 0.5421
1 0.2963 0.5428
1 0.2966 0.5436
1 0.2968 0.5444
1 0.2970 0.5452
1 0.2971 0.5461
1 0.2972 0.5469
1 0.2973 0.5478
1 0.2973 0.5486
1 0.2972 0.5494
1 0.2970 0.5502
1 0.2969 0.5510
1 0.2966 0.5519
1 0.2964 0.5526
1 0.2961 0.5534
1 0.2957 0.5542
1 0.2953 0.5550
1 0.2948 0.5557
1 0.2943 0.5563
1 0.2938 0.5570
1 0.2138 0.6462
112 1250 317
0 -0.2018 0.6792
1 -0.1646 0.7930
1 -0.1646 0.7930
1 -0.1642 0.7938
1 -0.1639 0.7946
1 -0.1635 0.7953
1 -0.1631 0.7960
1 -0.1626 0.7967
1 -0.1621 0.7974
1 -0.1616 0.7980
1 -0.1610 0.7986
1 -0.1603 0.7992
1 -0.1597 0.7997
1 -0.1590 0.8002
1 -0.1583 0.8006
1 -0.1575 0.8010
1 -0.1568 0.8014
1 -0.1560 0.8017
1 -0.1552 0.8019
1 -0.1544 0.8021
1 -0.1535 0.8022
1 -0.1527 0.8023
1 -0.1518 0.8024
1 -0.1510 0.8023
1 -0.1502 0.8023
1 -0.1494 0.8022
1 -0.1486 0.8020
1 -0.1478 0.8018
1 -0.1470 0.8015
1 -0.1462 0.8012
1 -0.1454 0.8009
1 -0.1446 0.8005
1 -0.1439 0.8000
1 -0.1433 0.7995
1 -0.1426 0.7990
1 -0.1420 0.7984
1 -0.1414 0.7978
1 -0.1409 0.7972
1 -0.1404 0.7965
1 -0.1399 0.7958
1 -0.1395 0.7950
1 -0.1392 0.7943
1 -0.1389 0.7935
1 -0.1386 0.7927
1 -0.1384 0.7919
1 -0.1382 0.7911
1 -0.1381 0.7902
1 -0.1380 0.7894
1 -0.1380 0.7886
1 -0.1380 0.7878
1 -0.1382 0.7870
1 -0.1382 0.7861
1 -0.1385 0.7853
1 -0.1387 0.7845
1 -0.1390 0.7837
1 -0.1394 0.7830
1 -0.1397 0.7822
1 -0.1402 0.7814
1 -0.1406 0.7808
1 -0.1411 0.7801
1 -0.1378 0.7820
1 -0.1345 0.7838
1 -0.1311 0.7856
1 -0.1278 0.7874
1 -0.1244 0.7891
1 -0.1210 0.7907
1 -0.1175 0.7924
1 -0.1141 0.7939
1 -0.1106 0.7954
1 -0.1071 0.7970
1 -0.1035 0.7983
1 -0.1000 0.7997
1 -0.0965 0.8010
1 -0.0929 0.8023
1 -0.0893 0.8035
1 -0.0857 0.8047
1 -0.0820 0.8058
1 -0.0784 0.8069
1 -0.0747 0.8079
1 -0.0710 0.8089
1 -0.0674 0.8098
1 -0.0637 0.8106
1 -0.0599 0.8115
1 -0.0562 0.8122
1 -0.0525 0.8130
1 -0.0487 0.8136
1 -0.0450 0.8142
1 -0.0412 0.8148
1 -0.0374 0.8153
1 -0.0337 0.8158
1 -0.0299 0.8162
1 -0.0262 0.8165
1 -0.0223 0.8168
1 -0.0186 0.8170
1 -0.0147 0.8172
1 -0.0110 0.8174
1 -0.0072 0.8174
1 -0.0034 0.8175
1 0.0004 0.8174
1 0.0042 0.8174
1 0.0080 0.8173
1 0.0118 0.8171
1 0.0156 0.8169
1 0.0194 0.8166
1 0.0232 0.8162
1 0.0270 0.8158
1 0.0307 0.8154
1 0.0346 0.8150
1 0.0383 0.8144
1 0.0420 0.8138
1 0.0458 0.8131
1 0.0495 0.8125
1 0.0533 0.8117
1 0.0570 0.8109
1 0.0606 0.8101
1 0.0643 0.8091
1 0.0680 0.8082
1 0.0717 0.8072
1 0.0754 0.8062
1 0.0790 0.8050
1 0.0826 0.8038
1 0.0862 0.8026
1 0.0898 0.8014
1 0.0934 0.8001
1 0.0969 0.7987
1 0.1004 0.7974
1 0.1039 0.7958
1 0.1074 0.7944
1 0.1109 0.7928
1 0.1143 0.7912
1 0.1178 0.7896
1 0.1212 0.7878
1 0.1246 0.7862
1 0.1279 0.7843
1 0.1312 0.7825
1 0.1346 0.7806
1 0.1378 0.7787
1 0.1410 0.7767
1 0.1443 0.7747
1 0.1475 0.7726
1 0.1506 0.7706
1 0.1538 0.7684
1 0.1569 0.7662
1 0.1600 0.7640
1 0.1630 0.7617
1 0.1660 0.7594
1 0.1690 0.7570
1 0.1719 0.7546
1 0.1749 0.7522
1 0.1778 0.7497
1 0.1806 0.7472
1 0.1834 0.7446
1 0.1862 0.7420
1 0.1889 0.7394
1 0.1916 0.7367
1 0.1942 0.7340
1 0.1969 0.7313
1 0.1994 0.7285
1 0.2020 0.7257
1 0.2046 0.7228
1 0.2070 0.7199
1 0.2094 0.7170
1 0.2118 0.7141
1 0.2142 0.7110
1 0.2165 0.7080
1 0.2187 0.7050
1 0.2210 0.7019
1 0.2231 0.6988
1 0.1684 0.6612
1 0.1665 0.6638
1 0.1646 0.6666
1 0.1626 0.6692
1 0.1606 0.6718
1 0.1585 0.6744
1 0.1564 0.6769
1 0.1542 0.6794
1 0.1521 0.6819
1 0.1498 0.6843
1 0.1476 0.6867
1 0.1454 0.6891
1 0.1430 0.6914
1 0.1406 0.6937
1 0.1382 0.6960
1 0.1358 0.6982
1 0.1333 0.7004
1 0.1308 0.7025
1 0.1282 0.7046
1 0.1257 0.7066
1 0.1230 0.7086
1 0.1204 0.7106
1 0.1178 0.7126
1 0.1150 0.7145
1 0.1123 0.7163
1 0.1095 0.7182
1 0.1067 0.7199
1 0.1039 0.7216
1 0.1011 0.7233
1 0.0982 0.7249
1 0.0954 0.7265
1 0.0924 0.7280
1 0.0894 0.7295
1 0.0865 0.7310
1 0.0835 0.7323
1 0.0805 0.7337
1 0.0774 0.7350
1 0.0744 0.7362
1 0.0714 0.7374
1 0.0682 0.7386
1 0.0651 0.7397
1 0.0620 0.7407
1 0.0589 0.7418
1 0.0558 0.7427
1 0.0526 0.7436
1 0.0494 0.7444
1 0.0462 0.7453
1 0.0430 0.7460
1 0.0398 0.7467
1 0.0365 0.7474
1 0.0333 0.7479
1 0.0300 0.7485
1 0.0267 0.7490
1 0.0235 0.7494
1 0.0202 0.7498
1 0.0170 0.7502
1 0.0137 0.7505
1 0.0103 0.7506
1 0.0070 0.7509
1 0.0038 0.7510
1 0.0005 0.7510
1 -0.0028 0.7511
1 -0.0062 0.7510
1 -0.0094 0.7510
1 -0.0127 0.7509
1 -0.0160 0.7506
1 -0.0193 0.7505
1 -0.0226 0.7502
1 -0.0258 0.7498
1 -0.0291 0.7494
1 -0.0324 0.7490
1 -0.0357 0.7485
1 -0.0390 0.7479
1 -0.0422 0.7474
1 -0.0454 0.7467
1 -0.0486 0.7460
1 -0.0518 0.7453
1 -0.0550 0.7444
1 -0.0582 0.7436
1 -0.0614 0.7427
1 -0.0646 0.7418
1 -0.0677 0.7407
1 -0.0708 0.7397
1 -0.0739 0.7386
1 -0.0770 0.7374
1 -0.0801 0.7362
1 -0.0831 0.7350
1 -0.0862 0.7337
1 -0.0892 0.7323
1 -0.0922 0.7310
1 -0.0951 0.7295
1 -0.0981 0.7280
1 -0.1010 0.7265
1 -0.1039 0.7249
1 -0.1031 0.7252
1 -0.1023 0.7254
1 -0.1014 0.7256
1 -0.1006 0.7257
1 -0.0998 0.7258
1 -0.0990 0.7258
1 -0.0982 0.7258
1 -0.0973 0.7257
1 -0.0965 0.7256
1 -0.0957 0.7254
1 -0.0949 0.7252
1 -0.0941 0.7249
1 -0.0933 0.7246
1 -0.0926 0.7242
1 -0.0918 0.7238
1 -0.0911 0.7233
1 -0.0905 0.7228
1 -0.0898 0.7222
1 -0.0892 0.7217
1 -0.0886 0.7210
1 -0.0882 0.7204
1 -0.0877 0.7197
1 -0.0872 0.7190
1 -0.0868 0.7182
1 -0.0865 0.7175
1 -0.0862 0.7167
1 -0.0859 0.7159
1 -0.0857 0.7151
1 -0.0855 0.7143
1 -0.0854 0.7134
1 -0.0854 0.7126
1 -0.0854 0.7118
1 -0.0854 0.7110
1 -0.0855 0.7101
1 -0.0857 0.7093
1 -0.0859 0.7085
1 -0.0862 0.7077
1 -0.0865 0.7069
1 -0.0868 0.7062
1 -0.0872 0.7054
1 -0.0877 0.7047
1 -0.0882 0.7040
1 -0.0886 0.7034
1 -0.0892 0.7027
1 -0.0898 0.7022
1 -0.0905 0.7016
1 -0.0911 0.7011
1 -0.0918 0.7006
1 -0.0926 0.7002
1 -0.0933 0.6998
1 -0.0941 0.6995
1 -0.0949 0.6993
1 -0.0957 0.6990
1 -0.0965 0.6988
1 -0.2018 0.6792
31 0 2
 0 0.0434 0.0180
 1 0.0434 0.0180
