SEcl_PI-2
3285 32 1 1 0 0 0 0 0 0 1 1
1.000
112 1250 6
0 0.2955 0.9088
1 0.7089 0.7159
1 0.7693 0.5499
1 0.6034 0.4894
1 0.0000 0.7711
1 0.2955 0.9088
112 1253 9
0 0.0237 0.7820
1 0.2718 0.8978
1 0.6930 0.7013
1 0.6998 0.6825
1 0.7436 0.5618
1 0.7248 0.5550
1 0.6044 0.5110
1 0.5862 0.5196
1 0.0237 0.7820
112 1250 8
0 -0.6034 0.4894
1 0.7089 1.1018
1 0.7693 1.2679
1 0.6034 1.3283
1 -0.7089 0.7159
1 -0.7158 0.6971
1 -0.7693 0.5499
1 -0.6034 0.4894
112 1250 6
0 0.0000 1.0467
1 -0.6034 1.3283
1 -0.7693 1.2679
1 -0.7089 1.1018
1 -0.2955 0.9088
1 0.0000 1.0467
112 1253 7
0 -0.7436 0.5618
1 -0.6044 0.5110
1 0.6930 1.1164
1 0.7436 1.2560
1 0.6044 1.3066
1 -0.6930 0.7013
1 -0.7436 0.5618
112 1250 13
0 -0.3983 0.6667
1 -0.4607 0.6375
1 -0.4785 0.6756
1 -0.4391 0.6941
1 -0.4492 0.7157
1 -0.4886 0.6974
1 -0.5039 0.7300
1 -0.4414 0.7592
1 -0.4515 0.7808
1 -0.5357 0.7415
1 -0.4725 0.6058
1 -0.3883 0.6451
1 -0.3983 0.6667
112 1250 61
0 -0.3230 0.7536
1 -0.3216 0.7553
1 -0.3205 0.7571
1 -0.3195 0.7590
1 -0.3185 0.7608
1 -0.3174 0.7627
1 -0.3168 0.7647
1 -0.3159 0.7667
1 -0.3154 0.7687
1 -0.3149 0.7709
1 -0.3146 0.7729
1 -0.3143 0.7751
1 -0.3141 0.7771
1 -0.3141 0.7793
1 -0.3141 0.7815
1 -0.3143 0.7837
1 -0.3144 0.7857
1 -0.3149 0.7879
1 -0.3153 0.7899
1 -0.3159 0.7919
1 -0.3166 0.7939
1 -0.3174 0.7959
1 -0.3183 0.7979
1 -0.3193 0.7998
1 -0.3203 0.8016
1 -0.3215 0.8033
1 -0.3228 0.8051
1 -0.3242 0.8068
1 -0.3255 0.8083
1 -0.3270 0.8098
1 -0.3287 0.8112
1 -0.3304 0.8125
1 -0.3320 0.8139
1 -0.3339 0.8150
1 -0.3357 0.8160
1 -0.3376 0.8170
1 -0.3396 0.8179
1 -0.3414 0.8187
1 -0.3435 0.8194
1 -0.3456 0.8199
1 -0.3477 0.8204
1 -0.3498 0.8207
1 -0.3518 0.8211
1 -0.3540 0.8212
1 -0.3562 0.8212
1 -0.3582 0.8211
1 -0.3604 0.8209
1 -0.3626 0.8207
1 -0.3646 0.8202
1 -0.3666 0.8197
1 -0.3688 0.8192
1 -0.3708 0.8184
1 -0.3727 0.8177
1 -0.3727 0.8177
1 -0.4257 0.7929
1 -0.3624 0.6571
1 -0.3408 0.6672
1 -0.3685 0.7266
1 -0.3431 0.7384
1 -0.2928 0.6897
1 -0.2695 0.7004
112 1250 11
0 -0.5616 0.7295
1 -0.5513 0.7078
1 -0.6138 0.6786
1 -0.5987 0.6461
1 -0.5592 0.6645
1 -0.5490 0.6427
1 -0.5886 0.6243
1 -0.5607 0.5645
1 -0.5824 0.5545
1 -0.6456 0.6902
1 -0.5616 0.7295
112 1253 43
0 -0.3418 0.7674
1 -0.3409 0.7686
1 -0.3403 0.7697
1 -0.3396 0.7709
1 -0.3391 0.7722
1 -0.3386 0.7736
1 -0.3383 0.7749
1 -0.3379 0.7763
1 -0.3378 0.7776
1 -0.3378 0.7791
1 -0.3379 0.7805
1 -0.3381 0.7818
1 -0.3383 0.7833
1 -0.3388 0.7847
1 -0.3393 0.7860
1 -0.3398 0.7872
1 -0.3404 0.7884
1 -0.3413 0.7895
1 -0.3421 0.7907
1 -0.3431 0.7917
1 -0.3441 0.7927
1 -0.3453 0.7936
1 -0.3463 0.7944
1 -0.3477 0.7951
1 -0.3488 0.7956
1 -0.3502 0.7961
1 -0.3515 0.7966
1 -0.3529 0.7969
1 -0.3544 0.7971
1 -0.3557 0.7971
1 -0.3570 0.7971
1 -0.3586 0.7969
1 -0.3599 0.7967
1 -0.3612 0.7964
1 -0.3626 0.7959
1 -0.3626 0.7959
1 -0.3938 0.7813
1 -0.3785 0.7483
1 -0.3471 0.7629
1 -0.3460 0.7637
1 -0.3448 0.7645
1 -0.3438 0.7654
1 -0.3428 0.7664
112 1250 222
0 -0.0035 0.8630
1 -0.0060 0.8655
1 -0.0084 0.8682
1 -0.0107 0.8709
1 -0.0129 0.8736
1 -0.0151 0.8764
1 -0.0171 0.8793
1 -0.0191 0.8823
1 -0.0210 0.8853
1 -0.0228 0.8884
1 -0.0245 0.8915
1 -0.0260 0.8947
1 -0.0275 0.8979
1 -0.0289 0.9011
1 -0.0302 0.9045
1 -0.0314 0.9078
1 -0.0317 0.9090
1 -0.0327 0.9122
1 -0.0337 0.9155
1 -0.0346 0.9189
1 -0.0352 0.9222
1 -0.0357 0.9256
1 -0.0362 0.9290
1 -0.0367 0.9323
1 -0.0371 0.9357
1 -0.0372 0.9392
1 -0.0374 0.9426
1 -0.0374 0.9449
1 -0.0372 0.9472
1 -0.0371 0.9496
1 -0.0367 0.9519
1 -0.0362 0.9541
1 -0.0357 0.9565
1 -0.0351 0.9587
1 -0.0342 0.9608
1 -0.0334 0.9630
1 -0.0324 0.9652
1 -0.0314 0.9672
1 -0.0300 0.9692
1 -0.0289 0.9712
1 -0.0275 0.9731
1 -0.0260 0.9749
1 -0.0243 0.9766
1 -0.0228 0.9783
1 -0.0210 0.9800
1 -0.0193 0.9815
1 -0.0174 0.9828
1 -0.0154 0.9842
1 -0.0134 0.9853
1 -0.0114 0.9865
1 -0.0092 0.9875
1 -0.0070 0.9884
1 -0.0049 0.9892
1 -0.0027 0.9899
1 -0.0005 0.9905
1 0.0018 0.9909
1 0.0042 0.9914
1 0.0065 0.9915
1 0.0089 0.9917
1 0.0112 0.9917
1 0.0136 0.9915
1 0.0158 0.9914
1 0.0181 0.9910
1 0.0205 0.9905
1 0.0227 0.9900
1 0.0250 0.9894
1 0.0272 0.9887
1 0.0294 0.9877
1 0.0315 0.9868
1 0.0336 0.9857
1 0.0356 0.9845
1 0.0376 0.9832
1 0.0394 0.9818
1 0.0413 0.9803
1 0.0430 0.9788
1 0.0275 0.9623
1 0.0263 0.9634
1 0.0250 0.9644
1 0.0237 0.9654
1 0.0221 0.9660
1 0.0206 0.9669
1 0.0191 0.9676
1 0.0176 0.9681
1 0.0161 0.9684
1 0.0144 0.9687
1 0.0128 0.9689
1 0.0112 0.9691
1 0.0096 0.9691
1 0.0079 0.9689
1 0.0062 0.9687
1 0.0047 0.9684
1 0.0030 0.9681
1 0.0015 0.9676
1 0.0000 0.9669
1 -0.0015 0.9662
1 -0.0029 0.9654
1 -0.0042 0.9644
1 -0.0055 0.9634
1 -0.0067 0.9623
1 -0.0079 0.9612
1 -0.0091 0.9600
1 -0.0101 0.9587
1 -0.0109 0.9573
1 -0.0117 0.9558
1 -0.0124 0.9545
1 -0.0131 0.9530
1 -0.0136 0.9513
1 -0.0141 0.9498
1 -0.0144 0.9481
1 -0.0146 0.9466
1 -0.0148 0.9449
1 -0.0148 0.9432
1 -0.0146 0.9400
1 -0.0144 0.9368
1 -0.0141 0.9337
1 -0.0138 0.9305
1 -0.0131 0.9273
1 -0.0126 0.9241
1 -0.0117 0.9211
1 -0.0109 0.9179
1 -0.0099 0.9149
1 -0.0089 0.9118
1 -0.0077 0.9088
1 -0.0064 0.9060
1 -0.0050 0.9030
1 -0.0035 0.9001
1 -0.0018 0.8974
1 -0.0002 0.8946
1 0.0015 0.8919
1 0.0035 0.8894
1 0.0054 0.8868
1 0.0076 0.8843
1 0.0096 0.8820
1 0.0119 0.8796
1 0.0141 0.8774
1 0.0164 0.8753
1 0.0178 0.8741
1 0.0191 0.8733
1 0.0205 0.8724
1 0.0218 0.8716
1 0.0233 0.8709
1 0.0248 0.8704
1 0.0263 0.8699
1 0.0280 0.8696
1 0.0295 0.8694
1 0.0312 0.8692
1 0.0329 0.8691
1 0.0344 0.8692
1 0.0361 0.8694
1 0.0376 0.8697
1 0.0393 0.8701
1 0.0408 0.8706
1 0.0423 0.8711
1 0.0438 0.8717
1 0.0451 0.8726
1 0.0465 0.8734
1 0.0478 0.8744
1 0.0490 0.8754
1 0.0502 0.8766
1 0.0513 0.8778
1 0.0523 0.8791
1 0.0532 0.8805
1 0.0540 0.8818
1 0.0547 0.8833
1 0.0554 0.8848
1 0.0559 0.8863
1 0.0564 0.8879
1 0.0567 0.8895
1 0.0569 0.8910
1 0.0569 0.8927
1 0.0569 0.8942
1 0.0569 0.8959
1 0.0794 0.8981
1 0.0795 0.8957
1 0.0795 0.8934
1 0.0795 0.8912
1 0.0794 0.8889
1 0.0790 0.8865
1 0.0787 0.8842
1 0.0782 0.8818
1 0.0775 0.8796
1 0.0767 0.8774
1 0.0758 0.8753
1 0.0750 0.8731
1 0.0738 0.8711
1 0.0727 0.8691
1 0.0715 0.8670
1 0.0700 0.8652
1 0.0686 0.8634
1 0.0671 0.8615
1 0.0654 0.8598
1 0.0638 0.8583
1 0.0619 0.8568
1 0.0601 0.8553
1 0.0581 0.8541
1 0.0560 0.8528
1 0.0540 0.8518
1 0.0520 0.8508
1 0.0498 0.8498
1 0.0477 0.8489
1 0.0453 0.8483
1 0.0431 0.8478
1 0.0408 0.8472
1 0.0384 0.8469
1 0.0361 0.8467
1 0.0339 0.8466
1 0.0315 0.8466
1 0.0292 0.8466
1 0.0268 0.8469
1 0.0245 0.8472
1 0.0221 0.8478
1 0.0200 0.8483
1 0.0178 0.8489
1 0.0154 0.8498
1 0.0134 0.8506
1 0.0112 0.8516
1 0.0092 0.8528
1 0.0072 0.8540
1 0.0052 0.8553
1 0.0034 0.8566
1 0.0015 0.8582
1 -0.0035 0.8630
112 1250 61
0 0.3490 0.9890
1 0.2955 1.0422
1 0.2966 1.0439
1 0.2980 1.0457
1 0.2990 1.0476
1 0.3000 1.0494
1 0.3008 1.0513
1 0.3017 1.0533
1 0.3023 1.0553
1 0.3030 1.0573
1 0.3035 1.0595
1 0.3039 1.0615
1 0.3042 1.0637
1 0.3044 1.0657
1 0.3044 1.0679
1 0.3044 1.0701
1 0.3042 1.0722
1 0.3040 1.0743
1 0.3035 1.0764
1 0.3030 1.0785
1 0.3025 1.0805
1 0.3018 1.0825
1 0.3010 1.0845
1 0.3002 1.0865
1 0.2992 1.0884
1 0.2982 1.0902
1 0.2970 1.0919
1 0.2956 1.0937
1 0.2943 1.0954
1 0.2928 1.0969
1 0.2913 1.0984
1 0.2898 1.0998
1 0.2881 1.1011
1 0.2864 1.1024
1 0.2846 1.1036
1 0.2827 1.1046
1 0.2809 1.1056
1 0.2789 1.1065
1 0.2770 1.1073
1 0.2748 1.1080
1 0.2728 1.1085
1 0.2708 1.1090
1 0.2686 1.1093
1 0.2666 1.1097
1 0.2644 1.1098
1 0.2622 1.1098
1 0.2602 1.1097
1 0.2581 1.1095
1 0.2559 1.1093
1 0.2539 1.1088
1 0.2518 1.1083
1 0.2497 1.1078
1 0.2477 1.1070
1 0.2458 1.1063
1 0.1928 1.0815
1 0.2560 0.9457
1 0.2777 0.9558
1 0.2500 1.0152
1 0.2753 1.0269
1 0.3257 0.9783
1 0.3490 0.9890
112 1250 7
0 0.5614 1.0882
1 0.4982 1.2241
1 0.5200 1.2342
1 0.5732 1.1201
1 0.6356 1.1493
1 0.6456 1.1274
1 0.5614 1.0882
112 1250 5
0 0.5289 1.0731
1 0.4656 1.2088
1 0.4440 1.1988
1 0.5072 1.0629
1 0.5289 1.0731
112 1250 9
0 0.1148 0.8798
1 0.1378 0.8905
1 0.1331 0.9337
1 0.1772 0.9543
1 0.2072 0.9229
1 0.2302 0.9337
1 0.1208 1.0479
1 0.0977 1.0372
1 0.1148 0.8798
112 1250 61
0 -0.1918 0.8545
1 -0.1926 0.8565
1 -0.1936 0.8583
1 -0.1948 0.8602
1 -0.1960 0.8620
1 -0.1971 0.8637
1 -0.1985 0.8654
1 -0.2000 0.8669
1 -0.2015 0.8684
1 -0.2030 0.8699
1 -0.2047 0.8712
1 -0.2065 0.8724
1 -0.2082 0.8736
1 -0.2101 0.8746
1 -0.2119 0.8756
1 -0.2139 0.8766
1 -0.2159 0.8773
1 -0.2180 0.8780
1 -0.2200 0.8786
1 -0.2221 0.8790
1 -0.2242 0.8795
1 -0.2263 0.8796
1 -0.2284 0.8798
1 -0.2305 0.8798
1 -0.2327 0.8798
1 -0.2347 0.8796
1 -0.2369 0.8793
1 -0.2391 0.8790
1 -0.2411 0.8785
1 -0.2431 0.8778
1 -0.2451 0.8771
1 -0.2471 0.8763
1 -0.3002 0.8514
1 -0.2369 0.7157
1 -0.2151 0.7258
1 -0.2428 0.7852
1 -0.2174 0.7969
1 -0.1671 0.7483
1 -0.1440 0.7592
1 -0.1975 0.8122
1 -0.1975 0.8122
1 -0.1961 0.8139
1 -0.1950 0.8157
1 -0.1938 0.8176
1 -0.1928 0.8194
1 -0.1919 0.8214
1 -0.1911 0.8233
1 -0.1904 0.8253
1 -0.1898 0.8274
1 -0.1893 0.8295
1 -0.1889 0.8315
1 -0.1886 0.8337
1 -0.1884 0.8358
1 -0.1884 0.8379
1 -0.1884 0.8400
1 -0.1886 0.8422
1 -0.1889 0.8442
1 -0.1893 0.8464
1 -0.1898 0.8484
1 -0.1903 0.8506
1 -0.1909 0.8526
112 1250 61
0 0.4745 1.0478
1 0.4210 1.1008
1 0.4223 1.1024
1 0.4235 1.1043
1 0.4247 1.1061
1 0.4257 1.1080
1 0.4265 1.1100
1 0.4273 1.1118
1 0.4280 1.1139
1 0.4287 1.1160
1 0.4290 1.1181
1 0.4295 1.1201
1 0.4297 1.1222
1 0.4299 1.1244
1 0.4300 1.1264
1 0.4300 1.1286
1 0.4299 1.1308
1 0.4295 1.1328
1 0.4292 1.1350
1 0.4287 1.1370
1 0.4282 1.1392
1 0.4273 1.1412
1 0.4267 1.1431
1 0.4257 1.1451
1 0.4248 1.1469
1 0.4237 1.1488
1 0.4225 1.1506
1 0.4213 1.1523
1 0.4200 1.1540
1 0.4185 1.1555
1 0.4169 1.1570
1 0.4154 1.1585
1 0.4138 1.1598
1 0.4119 1.1610
1 0.4102 1.1622
1 0.4084 1.1632
1 0.4064 1.1642
1 0.4045 1.1652
1 0.4025 1.1659
1 0.4005 1.1665
1 0.3985 1.1672
1 0.3963 1.1676
1 0.3943 1.1681
1 0.3921 1.1682
1 0.3901 1.1684
1 0.3879 1.1684
1 0.3857 1.1684
1 0.3836 1.1682
1 0.3815 1.1679
1 0.3794 1.1676
1 0.3773 1.1670
1 0.3753 1.1664
1 0.3733 1.1657
1 0.3713 1.1649
1 0.3183 1.1400
1 0.3815 1.0043
1 0.4034 1.0144
1 0.3757 1.0738
1 0.4010 1.0855
1 0.4513 1.0368
1 0.4745 1.0478
112 1253 6
0 -0.0237 1.0357
1 -0.6044 1.3066
1 -0.7436 1.2560
1 -0.6930 1.1164
1 -0.2718 0.9199
1 -0.0237 1.0357
112 1253 43
0 -0.2163 0.8259
1 -0.2171 0.8249
1 -0.2181 0.8239
1 -0.2193 0.8231
1 -0.2205 0.8222
1 -0.2216 0.8216
1 -0.2529 0.8070
1 -0.2683 0.8399
1 -0.2369 0.8545
1 -0.2369 0.8545
1 -0.2356 0.8550
1 -0.2342 0.8553
1 -0.2329 0.8555
1 -0.2315 0.8556
1 -0.2300 0.8556
1 -0.2287 0.8556
1 -0.2273 0.8555
1 -0.2260 0.8551
1 -0.2247 0.8548
1 -0.2233 0.8543
1 -0.2220 0.8536
1 -0.2208 0.8530
1 -0.2196 0.8521
1 -0.2185 0.8513
1 -0.2174 0.8503
1 -0.2166 0.8493
1 -0.2158 0.8483
1 -0.2149 0.8471
1 -0.2143 0.8457
1 -0.2136 0.8446
1 -0.2131 0.8432
1 -0.2128 0.8419
1 -0.2124 0.8405
1 -0.2122 0.8390
1 -0.2122 0.8377
1 -0.2122 0.8363
1 -0.2124 0.8348
1 -0.2126 0.8335
1 -0.2129 0.8321
1 -0.2134 0.8308
1 -0.2141 0.8296
1 -0.2146 0.8283
1 -0.2154 0.8271
112 1250 203
0 -0.0399 0.8392
1 -0.0399 0.8368
1 -0.0399 0.8347
1 -0.0399 0.8325
1 -0.0403 0.8301
1 -0.0404 0.8280
1 -0.0409 0.8258
1 -0.0414 0.8236
1 -0.0421 0.8214
1 -0.0428 0.8194
1 -0.0438 0.8172
1 -0.0446 0.8152
1 -0.0456 0.8132
1 -0.0468 0.8113
1 -0.0480 0.8093
1 -0.0493 0.8077
1 -0.0508 0.8058
1 -0.0523 0.8041
1 -0.0539 0.8026
1 -0.0555 0.8009
1 -0.0572 0.7996
1 -0.0589 0.7983
1 -0.0607 0.7969
1 -0.0628 0.7957
1 -0.0646 0.7946
1 -0.0666 0.7936
1 -0.0688 0.7927
1 -0.0708 0.7919
1 -0.0730 0.7912
1 -0.0752 0.7907
1 -0.0773 0.7902
1 -0.0795 0.7897
1 -0.0817 0.7895
1 -0.0841 0.7894
1 -0.0862 0.7892
1 -0.0884 0.7894
1 -0.0908 0.7895
1 -0.0930 0.7897
1 -0.0951 0.7902
1 -0.0973 0.7905
1 -0.0995 0.7912
1 -0.1017 0.7919
1 -0.1037 0.7927
1 -0.1059 0.7936
1 -0.1079 0.7946
1 -0.1097 0.7956
1 -0.1117 0.7967
1 -0.1136 0.7981
1 -0.1154 0.7994
1 -0.1171 0.8009
1 -0.1188 0.8024
1 -0.1203 0.8040
1 -0.1215 0.8055
1 -0.1225 0.8068
1 -0.1237 0.8082
1 -0.1248 0.8097
1 -0.1258 0.8110
1 -0.1270 0.8125
1 -0.1280 0.8139
1 -0.1292 0.8154
1 -0.1302 0.8167
1 -0.1312 0.8182
1 -0.1324 0.8196
1 -0.1334 0.8211
1 -0.1344 0.8226
1 -0.1354 0.8239
1 -0.1364 0.8254
1 -0.1372 0.8269
1 -0.1383 0.8285
1 -0.1393 0.8300
1 -0.1401 0.8315
1 -0.1409 0.8330
1 -0.1418 0.8345
1 -0.1426 0.8360
1 -0.1435 0.8375
1 -0.1443 0.8392
1 -0.1450 0.8407
1 -0.1456 0.8424
1 -0.1463 0.8439
1 -0.1470 0.8456
1 -0.1477 0.8472
1 -0.1482 0.8489
1 -0.1488 0.8506
1 -0.1493 0.8521
1 -0.1498 0.8538
1 -0.1503 0.8556
1 -0.1508 0.8573
1 -0.1513 0.8590
1 -0.1518 0.8607
1 -0.1523 0.8623
1 -0.1527 0.8642
1 -0.1532 0.8659
1 -0.1535 0.8676
1 -0.1539 0.8694
1 -0.1544 0.8711
1 -0.1547 0.8729
1 -0.1550 0.8746
1 -0.1554 0.8764
1 -0.1559 0.8781
1 -0.1562 0.8800
1 -0.1565 0.8816
1 -0.1567 0.8838
1 -0.1569 0.8862
1 -0.1569 0.8884
1 -0.1567 0.8905
1 -0.1565 0.8929
1 -0.1562 0.8951
1 -0.1557 0.8972
1 -0.1552 0.8994
1 -0.1545 0.9016
1 -0.1539 0.9038
1 -0.1530 0.9058
1 -0.1520 0.9078
1 -0.1510 0.9098
1 -0.1498 0.9117
1 -0.1487 0.9137
1 -0.1473 0.9154
1 -0.1460 0.9172
1 -0.1445 0.9189
1 -0.1430 0.9206
1 -0.1413 0.9221
1 -0.1396 0.9234
1 -0.1378 0.9248
1 -0.1359 0.9261
1 -0.1341 0.9273
1 -0.1320 0.9285
1 -0.1300 0.9295
1 -0.1280 0.9303
1 -0.1258 0.9311
1 -0.1238 0.9318
1 -0.1216 0.9323
1 -0.1195 0.9328
1 -0.1171 0.9333
1 -0.1149 0.9335
1 -0.1128 0.9337
1 -0.1104 0.9338
1 -0.1082 0.9337
1 -0.1060 0.9335
1 -0.1037 0.9333
1 -0.1015 0.9330
1 -0.0993 0.9325
1 -0.0971 0.9318
1 -0.0951 0.9311
1 -0.0930 0.9303
1 -0.0909 0.9295
1 -0.0889 0.9285
1 -0.0869 0.9274
1 -0.0851 0.9263
1 -0.0832 0.9249
1 -0.0814 0.9236
1 -0.0797 0.9221
1 -0.0780 0.9206
1 -0.0765 0.9191
1 -0.0753 0.9176
1 -0.0742 0.9162
1 -0.0732 0.9149
1 -0.0720 0.9134
1 -0.0708 0.9120
1 -0.0698 0.9105
1 -0.0686 0.9092
1 -0.0676 0.9077
1 -0.0664 0.9063
1 -0.0654 0.9048
1 -0.0644 0.9035
1 -0.0634 0.9019
1 -0.0624 0.9004
1 -0.0614 0.8991
1 -0.0604 0.8976
1 -0.0594 0.8961
1 -0.0584 0.8946
1 -0.0576 0.8931
1 -0.0567 0.8915
1 -0.0557 0.8900
1 -0.0549 0.8885
1 -0.0540 0.8870
1 -0.0534 0.8855
1 -0.0525 0.8838
1 -0.0518 0.8823
1 -0.0510 0.8806
1 -0.0503 0.8791
1 -0.0497 0.8774
1 -0.0492 0.8758
1 -0.0485 0.8741
1 -0.0480 0.8726
1 -0.0473 0.8709
1 -0.0468 0.8692
1 -0.0463 0.8676
1 -0.0458 0.8657
1 -0.0453 0.8640
1 -0.0450 0.8623
1 -0.0445 0.8607
1 -0.0440 0.8588
1 -0.0436 0.8571
1 -0.0431 0.8555
1 -0.0428 0.8536
1 -0.0424 0.8519
1 -0.0421 0.8501
1 -0.0416 0.8484
1 -0.0413 0.8467
1 -0.0409 0.8449
1 -0.0406 0.8432
1 -0.0403 0.8414
1 -0.0399 0.8392
112 1253 435
0 -0.0629 0.8379
1 -0.0631 0.8384
1 -0.0631 0.8387
1 -0.0633 0.8392
1 -0.0633 0.8397
1 -0.0634 0.8402
1 -0.0634 0.8405
1 -0.0636 0.8410
1 -0.0638 0.8415
1 -0.0638 0.8420
1 -0.0639 0.8424
1 -0.0639 0.8429
1 -0.0641 0.8434
1 -0.0641 0.8437
1 -0.0643 0.8442
1 -0.0644 0.8447
1 -0.0644 0.8451
1 -0.0646 0.8456
1 -0.0646 0.8461
1 -0.0648 0.8464
1 -0.0648 0.8469
1 -0.0649 0.8474
1 -0.0651 0.8478
1 -0.0651 0.8483
1 -0.0653 0.8486
1 -0.0653 0.8491
1 -0.0654 0.8496
1 -0.0654 0.8499
1 -0.0656 0.8504
1 -0.0658 0.8508
1 -0.0658 0.8513
1 -0.0659 0.8516
1 -0.0659 0.8521
1 -0.0661 0.8524
1 -0.0663 0.8530
1 -0.0663 0.8533
1 -0.0664 0.8538
1 -0.0664 0.8541
1 -0.0666 0.8546
1 -0.0668 0.8550
1 -0.0668 0.8555
1 -0.0669 0.8558
1 -0.0671 0.8563
1 -0.0671 0.8566
1 -0.0673 0.8570
1 -0.0673 0.8575
1 -0.0674 0.8578
1 -0.0676 0.8582
1 -0.0676 0.8587
1 -0.0678 0.8590
1 -0.0680 0.8595
1 -0.0680 0.8598
1 -0.0681 0.8602
1 -0.0683 0.8605
1 -0.0683 0.8610
1 -0.0685 0.8613
1 -0.0686 0.8617
1 -0.0686 0.8622
1 -0.0688 0.8625
1 -0.0690 0.8629
1 -0.0691 0.8632
1 -0.0691 0.8635
1 -0.0693 0.8640
1 -0.0695 0.8644
1 -0.0695 0.8647
1 -0.0696 0.8650
1 -0.0698 0.8654
1 -0.0700 0.8659
1 -0.0700 0.8662
1 -0.0701 0.8665
1 -0.0703 0.8669
1 -0.0705 0.8672
1 -0.0705 0.8676
1 -0.0706 0.8679
1 -0.0708 0.8682
1 -0.0710 0.8686
1 -0.0711 0.8689
1 -0.0711 0.8692
1 -0.0713 0.8696
1 -0.0715 0.8699
1 -0.0716 0.8702
1 -0.0718 0.8706
1 -0.0718 0.8709
1 -0.0720 0.8712
1 -0.0721 0.8716
1 -0.0723 0.8719
1 -0.0725 0.8722
1 -0.0727 0.8726
1 -0.0727 0.8729
1 -0.0728 0.8733
1 -0.0730 0.8736
1 -0.0732 0.8739
1 -0.0733 0.8741
1 -0.0735 0.8744
1 -0.0737 0.8748
1 -0.0738 0.8751
1 -0.0740 0.8754
1 -0.0742 0.8758
1 -0.0743 0.8761
1 -0.0745 0.8764
1 -0.0747 0.8768
1 -0.0748 0.8769
1 -0.0750 0.8773
1 -0.0752 0.8776
1 -0.0753 0.8780
1 -0.0755 0.8783
1 -0.0757 0.8786
1 -0.0758 0.8790
1 -0.0760 0.8793
1 -0.0762 0.8796
1 -0.0763 0.8800
1 -0.0767 0.8803
1 -0.0768 0.8806
1 -0.0770 0.8810
1 -0.0772 0.8813
1 -0.0773 0.8815
1 -0.0777 0.8818
1 -0.0779 0.8821
1 -0.0780 0.8825
1 -0.0782 0.8828
1 -0.0784 0.8832
1 -0.0787 0.8835
1 -0.0789 0.8838
1 -0.0790 0.8842
1 -0.0794 0.8845
1 -0.0795 0.8848
1 -0.0797 0.8852
1 -0.0800 0.8855
1 -0.0802 0.8858
1 -0.0804 0.8862
1 -0.0807 0.8865
1 -0.0809 0.8868
1 -0.0810 0.8872
1 -0.0814 0.8875
1 -0.0815 0.8879
1 -0.0819 0.8882
1 -0.0820 0.8885
1 -0.0822 0.8889
1 -0.0826 0.8892
1 -0.0827 0.8895
1 -0.0831 0.8899
1 -0.0832 0.8904
1 -0.0836 0.8907
1 -0.0837 0.8910
1 -0.0841 0.8914
1 -0.0842 0.8917
1 -0.0846 0.8920
1 -0.0847 0.8924
1 -0.0851 0.8927
1 -0.0854 0.8931
1 -0.0856 0.8934
1 -0.0859 0.8937
1 -0.0861 0.8941
1 -0.0864 0.8944
1 -0.0866 0.8949
1 -0.0869 0.8952
1 -0.0872 0.8956
1 -0.0874 0.8959
1 -0.0878 0.8962
1 -0.0881 0.8966
1 -0.0883 0.8969
1 -0.0886 0.8972
1 -0.0888 0.8976
1 -0.0891 0.8981
1 -0.0894 0.8984
1 -0.0898 0.8988
1 -0.0899 0.8991
1 -0.0903 0.8994
1 -0.0906 0.8998
1 -0.0908 0.9003
1 -0.0911 0.9006
1 -0.0914 0.9009
1 -0.0916 0.9013
1 -0.0919 0.9016
1 -0.0923 0.9021
1 -0.0926 0.9024
1 -0.0928 0.9028
1 -0.0931 0.9031
1 -0.0935 0.9035
1 -0.0938 0.9040
1 -0.0931 0.9033
1 -0.0943 0.9045
1 -0.0956 0.9056
1 -0.0970 0.9065
1 -0.0983 0.9075
1 -0.0997 0.9082
1 -0.1012 0.9090
1 -0.1027 0.9095
1 -0.1044 0.9100
1 -0.1059 0.9103
1 -0.1076 0.9107
1 -0.1092 0.9107
1 -0.1107 0.9108
1 -0.1124 0.9107
1 -0.1141 0.9105
1 -0.1156 0.9102
1 -0.1173 0.9098
1 -0.1188 0.9092
1 -0.1203 0.9087
1 -0.1218 0.9078
1 -0.1232 0.9070
1 -0.1245 0.9060
1 -0.1258 0.9050
1 -0.1270 0.9040
1 -0.1282 0.9026
1 -0.1292 0.9014
1 -0.1300 0.9001
1 -0.1309 0.8986
1 -0.1317 0.8972
1 -0.1324 0.8957
1 -0.1329 0.8942
1 -0.1332 0.8926
1 -0.1336 0.8910
1 -0.1339 0.8894
1 -0.1339 0.8877
1 -0.1339 0.8860
1 -0.1337 0.8845
1 -0.1339 0.8852
1 -0.1337 0.8847
1 -0.1336 0.8843
1 -0.1336 0.8838
1 -0.1334 0.8833
1 -0.1334 0.8828
1 -0.1332 0.8825
1 -0.1332 0.8820
1 -0.1331 0.8815
1 -0.1329 0.8810
1 -0.1329 0.8806
1 -0.1327 0.8801
1 -0.1327 0.8796
1 -0.1326 0.8793
1 -0.1326 0.8788
1 -0.1324 0.8783
1 -0.1322 0.8780
1 -0.1322 0.8774
1 -0.1320 0.8769
1 -0.1320 0.8766
1 -0.1319 0.8761
1 -0.1319 0.8756
1 -0.1317 0.8753
1 -0.1315 0.8748
1 -0.1315 0.8744
1 -0.1314 0.8739
1 -0.1314 0.8734
1 -0.1312 0.8731
1 -0.1310 0.8726
1 -0.1310 0.8722
1 -0.1309 0.8717
1 -0.1309 0.8714
1 -0.1307 0.8709
1 -0.1305 0.8706
1 -0.1305 0.8701
1 -0.1304 0.8697
1 -0.1304 0.8692
1 -0.1302 0.8689
1 -0.1300 0.8684
1 -0.1300 0.8681
1 -0.1299 0.8676
1 -0.1299 0.8672
1 -0.1297 0.8669
1 -0.1295 0.8664
1 -0.1295 0.8660
1 -0.1294 0.8655
1 -0.1292 0.8652
1 -0.1292 0.8649
1 -0.1290 0.8644
1 -0.1289 0.8640
1 -0.1289 0.8637
1 -0.1287 0.8632
1 -0.1285 0.8629
1 -0.1285 0.8625
1 -0.1284 0.8620
1 -0.1282 0.8617
1 -0.1282 0.8613
1 -0.1280 0.8608
1 -0.1279 0.8605
1 -0.1279 0.8602
1 -0.1277 0.8598
1 -0.1275 0.8595
1 -0.1275 0.8590
1 -0.1273 0.8587
1 -0.1272 0.8583
1 -0.1270 0.8580
1 -0.1270 0.8577
1 -0.1268 0.8573
1 -0.1267 0.8568
1 -0.1265 0.8565
1 -0.1265 0.8561
1 -0.1263 0.8558
1 -0.1262 0.8555
1 -0.1260 0.8551
1 -0.1260 0.8548
1 -0.1258 0.8545
1 -0.1257 0.8541
1 -0.1255 0.8538
1 -0.1253 0.8535
1 -0.1253 0.8531
1 -0.1252 0.8528
1 -0.1250 0.8524
1 -0.1248 0.8521
1 -0.1247 0.8518
1 -0.1245 0.8514
1 -0.1245 0.8511
1 -0.1243 0.8508
1 -0.1242 0.8504
1 -0.1240 0.8501
1 -0.1238 0.8498
1 -0.1237 0.8494
1 -0.1235 0.8493
1 -0.1233 0.8489
1 -0.1233 0.8486
1 -0.1232 0.8483
1 -0.1230 0.8479
1 -0.1228 0.8476
1 -0.1227 0.8472
1 -0.1225 0.8469
1 -0.1223 0.8466
1 -0.1221 0.8464
1 -0.1220 0.8461
1 -0.1218 0.8457
1 -0.1216 0.8454
1 -0.1215 0.8451
1 -0.1213 0.8447
1 -0.1210 0.8444
1 -0.1208 0.8441
1 -0.1206 0.8437
1 -0.1205 0.8434
1 -0.1203 0.8431
1 -0.1201 0.8427
1 -0.1200 0.8424
1 -0.1198 0.8420
1 -0.1195 0.8419
1 -0.1193 0.8415
1 -0.1191 0.8412
1 -0.1190 0.8409
1 -0.1188 0.8405
1 -0.1185 0.8402
1 -0.1183 0.8399
1 -0.1181 0.8395
1 -0.1180 0.8392
1 -0.1176 0.8389
1 -0.1174 0.8385
1 -0.1173 0.8382
1 -0.1169 0.8379
1 -0.1168 0.8375
1 -0.1166 0.8372
1 -0.1163 0.8368
1 -0.1161 0.8365
1 -0.1159 0.8362
1 -0.1156 0.8358
1 -0.1154 0.8355
1 -0.1151 0.8352
1 -0.1149 0.8348
1 -0.1146 0.8345
1 -0.1144 0.8342
1 -0.1143 0.8338
1 -0.1139 0.8335
1 -0.1138 0.8332
1 -0.1134 0.8328
1 -0.1133 0.8323
1 -0.1129 0.8320
1 -0.1128 0.8316
1 -0.1124 0.8313
1 -0.1122 0.8310
1 -0.1119 0.8306
1 -0.1117 0.8303
1 -0.1114 0.8300
1 -0.1111 0.8296
1 -0.1109 0.8293
1 -0.1106 0.8290
1 -0.1104 0.8286
1 -0.1101 0.8283
1 -0.1097 0.8278
1 -0.1096 0.8274
1 -0.1092 0.8271
1 -0.1091 0.8268
1 -0.1087 0.8264
1 -0.1084 0.8261
1 -0.1082 0.8258
1 -0.1079 0.8254
1 -0.1076 0.8249
1 -0.1074 0.8246
1 -0.1070 0.8243
1 -0.1067 0.8239
1 -0.1065 0.8236
1 -0.1062 0.8233
1 -0.1059 0.8228
1 -0.1055 0.8224
1 -0.1054 0.8221
1 -0.1050 0.8217
1 -0.1047 0.8214
1 -0.1045 0.8211
1 -0.1042 0.8206
1 -0.1039 0.8202
1 -0.1035 0.8199
1 -0.1034 0.8196
1 -0.1030 0.8191
1 -0.1035 0.8197
1 -0.1023 0.8186
1 -0.1012 0.8174
1 -0.0998 0.8165
1 -0.0985 0.8155
1 -0.0970 0.8149
1 -0.0955 0.8140
1 -0.0940 0.8135
1 -0.0924 0.8130
1 -0.0908 0.8127
1 -0.0893 0.8123
1 -0.0876 0.8123
1 -0.0859 0.8122
1 -0.0842 0.8123
1 -0.0827 0.8125
1 -0.0810 0.8129
1 -0.0795 0.8134
1 -0.0779 0.8139
1 -0.0763 0.8145
1 -0.0750 0.8152
1 -0.0735 0.8160
1 -0.0721 0.8170
1 -0.0710 0.8181
1 -0.0698 0.8191
1 -0.0686 0.8204
1 -0.0676 0.8216
1 -0.0666 0.8229
1 -0.0658 0.8244
1 -0.0651 0.8258
1 -0.0644 0.8273
1 -0.0639 0.8290
1 -0.0634 0.8305
1 -0.0631 0.8321
1 -0.0629 0.8337
1 -0.0628 0.8353
1 -0.0629 0.8370
1 -0.0629 0.8387
1 -0.0629 0.8379
112 1253 44
0 0.2765 1.0560
1 0.2773 1.0571
1 0.2782 1.0583
1 0.2789 1.0595
1 0.2794 1.0608
1 0.2799 1.0622
1 0.2802 1.0635
1 0.2805 1.0649
1 0.2805 1.0662
1 0.2807 1.0677
1 0.2805 1.0691
1 0.2804 1.0704
1 0.2800 1.0719
1 0.2797 1.0733
1 0.2792 1.0746
1 0.2787 1.0758
1 0.2780 1.0769
1 0.2772 1.0781
1 0.2763 1.0793
1 0.2753 1.0803
1 0.2743 1.0813
1 0.2732 1.0821
1 0.2720 1.0830
1 0.2708 1.0837
1 0.2696 1.0842
1 0.2683 1.0847
1 0.2669 1.0852
1 0.2656 1.0855
1 0.2641 1.0857
1 0.2628 1.0857
1 0.2614 1.0857
1 0.2599 1.0855
1 0.2586 1.0853
1 0.2572 1.0850
1 0.2559 1.0845
1 0.2559 1.0845
1 0.2245 1.0699
1 0.2399 1.0368
1 0.2713 1.0514
1 0.2713 1.0514
1 0.2725 1.0523
1 0.2737 1.0531
1 0.2747 1.0540
1 0.2757 1.0550
112 1253 44
0 0.3656 1.0956
1 0.3968 1.1102
1 0.3968 1.1102
1 0.3980 1.1108
1 0.3992 1.1117
1 0.4003 1.1125
1 0.4012 1.1135
1 0.4022 1.1145
1 0.4030 1.1157
1 0.4037 1.1169
1 0.4044 1.1182
1 0.4050 1.1194
1 0.4054 1.1207
1 0.4059 1.1221
1 0.4060 1.1234
1 0.4062 1.1249
1 0.4062 1.1263
1 0.4062 1.1276
1 0.4060 1.1291
1 0.4057 1.1305
1 0.4054 1.1318
1 0.4049 1.1332
1 0.4042 1.1343
1 0.4035 1.1357
1 0.4027 1.1368
1 0.4018 1.1379
1 0.4010 1.1389
1 0.3998 1.1399
1 0.3988 1.1407
1 0.3977 1.1415
1 0.3965 1.1422
1 0.3951 1.1429
1 0.3938 1.1434
1 0.3924 1.1437
1 0.3911 1.1441
1 0.3898 1.1442
1 0.3883 1.1442
1 0.3869 1.1442
1 0.3856 1.1441
1 0.3842 1.1439
1 0.3827 1.1436
1 0.3815 1.1431
1 0.3815 1.1431
1 0.3502 1.1285
112 1253 4
0 0.1597 0.9726
1 0.1248 1.0090
1 0.1304 0.9588
1 0.1597 0.9726
112 1250 9
0 0.2597 0.0000
1 -0.2597 0.0000
1 -0.2597 0.2697
1 -0.1098 0.2697
1 -0.1098 0.4695
1 0.1098 0.4695
1 0.1098 0.2697
1 0.2597 0.2697
1 0.2597 0.0000
112 1253 9
0 0.2397 0.0200
1 -0.2397 0.0200
1 -0.2397 0.2497
1 -0.0898 0.2497
1 -0.0898 0.4495
1 0.0898 0.4495
1 0.0898 0.2497
1 0.2397 0.2497
1 0.2397 0.0200
112 1250 8
0 -0.1107 0.2098
1 -0.1359 0.2098
1 -0.1678 0.1088
1 -0.1995 0.2098
1 -0.2247 0.2098
1 -0.1775 0.0600
1 -0.1581 0.0600
1 -0.1107 0.2098
112 1250 402
0 0.1273 0.0952
1 0.1280 0.0939
1 0.1289 0.0926
1 0.1295 0.0914
1 0.1302 0.0900
1 0.1310 0.0887
1 0.1317 0.0875
1 0.1324 0.0862
1 0.1332 0.0850
1 0.1341 0.0837
1 0.1347 0.0825
1 0.1356 0.0813
1 0.1364 0.0801
1 0.1372 0.0790
1 0.1381 0.0780
1 0.1389 0.0768
1 0.1399 0.0758
1 0.1408 0.0748
1 0.1418 0.0738
1 0.1428 0.0728
1 0.1438 0.0719
1 0.1448 0.0711
1 0.1460 0.0702
1 0.1470 0.0694
1 0.1482 0.0687
1 0.1493 0.0679
1 0.1505 0.0672
1 0.1517 0.0667
1 0.1529 0.0660
1 0.1542 0.0654
1 0.1555 0.0649
1 0.1567 0.0644
1 0.1581 0.0639
1 0.1594 0.0635
1 0.1607 0.0630
1 0.1622 0.0625
1 0.1636 0.0622
1 0.1649 0.0618
1 0.1664 0.0615
1 0.1678 0.0612
1 0.1693 0.0608
1 0.1708 0.0605
1 0.1721 0.0602
1 0.1737 0.0598
1 0.1752 0.0595
1 0.1766 0.0592
1 0.1780 0.0589
1 0.1795 0.0587
1 0.1795 0.0587
1 0.1819 0.0587
1 0.1841 0.0588
1 0.1864 0.0592
1 0.1886 0.0595
1 0.1908 0.0600
1 0.1930 0.0607
1 0.1951 0.0613
1 0.1973 0.0622
1 0.1993 0.0632
1 0.2013 0.0642
1 0.2032 0.0654
1 0.2052 0.0665
1 0.2070 0.0679
1 0.2087 0.0692
1 0.2104 0.0707
1 0.2121 0.0724
1 0.2136 0.0741
1 0.2151 0.0758
1 0.2164 0.0776
1 0.2176 0.0795
1 0.2188 0.0815
1 0.2200 0.0835
1 0.2208 0.0855
1 0.2218 0.0875
1 0.2225 0.0897
1 0.2232 0.0919
1 0.2237 0.0941
1 0.2242 0.0962
1 0.2245 0.0986
1 0.2247 0.1008
1 0.2247 0.1030
1 0.2247 0.1053
1 0.2245 0.1075
1 0.2243 0.1098
1 0.2240 0.1120
1 0.2235 0.1142
1 0.2228 0.1164
1 0.2221 0.1186
1 0.2213 0.1207
1 0.2205 0.1228
1 0.2195 0.1248
1 0.2183 0.1268
1 0.2171 0.1286
1 0.2158 0.1305
1 0.2144 0.1323
1 0.2129 0.1340
1 0.2114 0.1357
1 0.2097 0.1372
1 0.2081 0.1387
1 0.2062 0.1400
1 0.2044 0.1414
1 0.2023 0.1426
1 0.2003 0.1436
1 0.1983 0.1446
1 0.1963 0.1454
1 0.1941 0.1462
1 0.1919 0.1469
1 0.1898 0.1474
1 0.1876 0.1479
1 0.1871 0.1481
1 0.1864 0.1483
1 0.1859 0.1483
1 0.1854 0.1484
1 0.1847 0.1486
1 0.1842 0.1486
1 0.1837 0.1488
1 0.1831 0.1489
1 0.1826 0.1489
1 0.1820 0.1491
1 0.1814 0.1493
1 0.1809 0.1493
1 0.1804 0.1494
1 0.1797 0.1494
1 0.1792 0.1496
1 0.1787 0.1496
1 0.1780 0.1498
1 0.1775 0.1498
1 0.1770 0.1499
1 0.1763 0.1499
1 0.1758 0.1501
1 0.1753 0.1501
1 0.1747 0.1503
1 0.1742 0.1504
1 0.1737 0.1504
1 0.1730 0.1506
1 0.1725 0.1506
1 0.1720 0.1508
1 0.1713 0.1509
1 0.1708 0.1509
1 0.1703 0.1511
1 0.1696 0.1513
1 0.1691 0.1514
1 0.1686 0.1516
1 0.1680 0.1518
1 0.1674 0.1519
1 0.1669 0.1521
1 0.1663 0.1524
1 0.1658 0.1526
1 0.1653 0.1530
1 0.1648 0.1531
1 0.1643 0.1535
1 0.1638 0.1538
1 0.1633 0.1541
1 0.1628 0.1543
1 0.1622 0.1548
1 0.1619 0.1551
1 0.1614 0.1555
1 0.1611 0.1558
1 0.1607 0.1563
1 0.1604 0.1566
1 0.1601 0.1571
1 0.1597 0.1577
1 0.1594 0.1582
1 0.1592 0.1587
1 0.1591 0.1592
1 0.1587 0.1597
1 0.1586 0.1602
1 0.1584 0.1607
1 0.1582 0.1613
1 0.1582 0.1618
1 0.1581 0.1623
1 0.1579 0.1630
1 0.1577 0.1635
1 0.1577 0.1642
1 0.1576 0.1647
1 0.1576 0.1654
1 0.1574 0.1659
1 0.1576 0.1676
1 0.1577 0.1691
1 0.1581 0.1706
1 0.1586 0.1721
1 0.1591 0.1734
1 0.1597 0.1749
1 0.1604 0.1763
1 0.1612 0.1776
1 0.1622 0.1788
1 0.1633 0.1800
1 0.1643 0.1811
1 0.1654 0.1821
1 0.1666 0.1830
1 0.1680 0.1838
1 0.1693 0.1847
1 0.1708 0.1853
1 0.1721 0.1858
1 0.1737 0.1863
1 0.1752 0.1867
1 0.1767 0.1870
1 0.1782 0.1872
1 0.1799 0.1872
1 0.1814 0.1870
1 0.1829 0.1868
1 0.1844 0.1867
1 0.1859 0.1862
1 0.1874 0.1857
1 0.1888 0.1852
1 0.1903 0.1845
1 0.1916 0.1837
1 0.1928 0.1828
1 0.1940 0.1818
1 0.1951 0.1808
1 0.1963 0.1796
1 0.1971 0.1785
1 0.1982 0.1771
1 0.1990 0.1759
1 0.1997 0.1744
1 0.2002 0.1731
1 0.2008 0.1716
1 0.2225 0.1785
1 0.2218 0.1805
1 0.2210 0.1827
1 0.2200 0.1847
1 0.2190 0.1867
1 0.2180 0.1887
1 0.2166 0.1905
1 0.2153 0.1924
1 0.2139 0.1941
1 0.2124 0.1957
1 0.2109 0.1974
1 0.2092 0.1989
1 0.2076 0.2003
1 0.2057 0.2016
1 0.2039 0.2030
1 0.2018 0.2041
1 0.2000 0.2051
1 0.1978 0.2061
1 0.1958 0.2070
1 0.1936 0.2077
1 0.1916 0.2083
1 0.1894 0.2088
1 0.1872 0.2093
1 0.1849 0.2097
1 0.1827 0.2098
1 0.1805 0.2100
1 0.1782 0.2100
1 0.1760 0.2098
1 0.1738 0.2097
1 0.1715 0.2093
1 0.1693 0.2088
1 0.1671 0.2082
1 0.1649 0.2075
1 0.1629 0.2068
1 0.1609 0.2060
1 0.1589 0.2050
1 0.1569 0.2038
1 0.1549 0.2026
1 0.1530 0.2014
1 0.1513 0.1999
1 0.1497 0.1986
1 0.1480 0.1971
1 0.1465 0.1954
1 0.1450 0.1937
1 0.1435 0.1919
1 0.1423 0.1902
1 0.1411 0.1882
1 0.1399 0.1863
1 0.1389 0.1843
1 0.1379 0.1821
1 0.1372 0.1801
1 0.1364 0.1780
1 0.1359 0.1758
1 0.1354 0.1736
1 0.1351 0.1714
1 0.1347 0.1692
1 0.1346 0.1669
1 0.1347 0.1657
1 0.1351 0.1644
1 0.1352 0.1632
1 0.1354 0.1618
1 0.1357 0.1607
1 0.1359 0.1593
1 0.1361 0.1582
1 0.1364 0.1570
1 0.1367 0.1558
1 0.1371 0.1545
1 0.1374 0.1533
1 0.1378 0.1521
1 0.1381 0.1511
1 0.1384 0.1499
1 0.1389 0.1488
1 0.1394 0.1478
1 0.1399 0.1466
1 0.1404 0.1456
1 0.1411 0.1446
1 0.1416 0.1436
1 0.1423 0.1427
1 0.1431 0.1417
1 0.1438 0.1409
1 0.1446 0.1400
1 0.1455 0.1392
1 0.1465 0.1384
1 0.1473 0.1375
1 0.1483 0.1368
1 0.1493 0.1362
1 0.1503 0.1355
1 0.1513 0.1348
1 0.1523 0.1342
1 0.1535 0.1335
1 0.1547 0.1330
1 0.1557 0.1325
1 0.1569 0.1318
1 0.1581 0.1313
1 0.1592 0.1310
1 0.1604 0.1305
1 0.1616 0.1300
1 0.1629 0.1296
1 0.1641 0.1293
1 0.1653 0.1290
1 0.1664 0.1286
1 0.1676 0.1283
1 0.1688 0.1280
1 0.1700 0.1278
1 0.1711 0.1274
1 0.1725 0.1273
1 0.1737 0.1269
1 0.1748 0.1268
1 0.1760 0.1266
1 0.1772 0.1264
1 0.1784 0.1261
1 0.1795 0.1259
1 0.1807 0.1258
1 0.1819 0.1256
1 0.1831 0.1254
1 0.1844 0.1253
1 0.1857 0.1249
1 0.1872 0.1246
1 0.1886 0.1239
1 0.1899 0.1233
1 0.1913 0.1226
1 0.1924 0.1217
1 0.1938 0.1209
1 0.1948 0.1199
1 0.1960 0.1187
1 0.1970 0.1177
1 0.1978 0.1165
1 0.1987 0.1152
1 0.1993 0.1139
1 0.2000 0.1125
1 0.2007 0.1112
1 0.2010 0.1097
1 0.2013 0.1083
1 0.2017 0.1068
1 0.2018 0.1053
1 0.2018 0.1038
1 0.2018 0.1023
1 0.2017 0.1008
1 0.2015 0.0993
1 0.2012 0.0978
1 0.2007 0.0964
1 0.2002 0.0949
1 0.1995 0.0936
1 0.1988 0.0922
1 0.1980 0.0910
1 0.1970 0.0899
1 0.1961 0.0887
1 0.1950 0.0877
1 0.1940 0.0867
1 0.1928 0.0857
1 0.1914 0.0848
1 0.1901 0.0842
1 0.1888 0.0835
1 0.1874 0.0828
1 0.1861 0.0823
1 0.1846 0.0820
1 0.1831 0.0818
1 0.1815 0.0816
1 0.1800 0.0815
1 0.1785 0.0815
1 0.1768 0.0816
1 0.1752 0.0818
1 0.1735 0.0821
1 0.1718 0.0827
1 0.1701 0.0830
1 0.1685 0.0837
1 0.1669 0.0842
1 0.1653 0.0850
1 0.1638 0.0857
1 0.1622 0.0867
1 0.1609 0.0875
1 0.1594 0.0885
1 0.1581 0.0897
1 0.1569 0.0907
1 0.1555 0.0920
1 0.1544 0.0932
1 0.1534 0.0946
1 0.1523 0.0959
1 0.1513 0.0974
1 0.1505 0.0988
1 0.1497 0.1003
1 0.1488 0.1019
1 0.1482 0.1035
1 0.1477 0.1051
1 0.1260 0.0979
1 0.1273 0.0952
112 1250 9
0 0.0210 0.2098
1 -0.0299 0.0600
1 -0.0045 0.0600
1 0.0094 0.1011
1 0.0581 0.1011
1 0.0721 0.0600
1 0.0975 0.0600
1 0.0465 0.2098
1 0.0210 0.2098
112 1250 254
0 -0.0210 0.3066
1 -0.0201 0.3090
1 -0.0190 0.3113
1 -0.0180 0.3137
1 -0.0168 0.3159
1 -0.0154 0.3182
1 -0.0141 0.3204
1 -0.0126 0.3224
1 -0.0111 0.3246
1 -0.0096 0.3266
1 -0.0079 0.3285
1 -0.0062 0.3303
1 -0.0044 0.3321
1 -0.0025 0.3340
1 -0.0005 0.3357
1 0.0015 0.3372
1 0.0035 0.3387
1 0.0057 0.3402
1 0.0079 0.3415
1 0.0101 0.3429
1 0.0124 0.3441
1 0.0148 0.3452
1 0.0171 0.3462
1 0.0195 0.3471
1 0.0218 0.3479
1 0.0240 0.3488
1 0.0260 0.3496
1 0.0280 0.3504
1 0.0300 0.3516
1 0.0319 0.3528
1 0.0337 0.3540
1 0.0354 0.3553
1 0.0372 0.3566
1 0.0388 0.3582
1 0.0404 0.3597
1 0.0418 0.3613
1 0.0433 0.3630
1 0.0445 0.3649
1 0.0458 0.3667
1 0.0468 0.3687
1 0.0480 0.3706
1 0.0488 0.3726
1 0.0497 0.3746
1 0.0503 0.3768
1 0.0510 0.3790
1 0.0515 0.3810
1 0.0518 0.3832
1 0.0522 0.3853
1 0.0523 0.3877
1 0.0525 0.3899
1 0.0523 0.3920
1 0.0523 0.3942
1 0.0520 0.3964
1 0.0517 0.3986
1 0.0512 0.4008
1 0.0507 0.4030
1 0.0500 0.4050
1 0.0492 0.4071
1 0.0483 0.4092
1 0.0473 0.4112
1 0.0461 0.4130
1 0.0450 0.4149
1 0.0436 0.4167
1 0.0423 0.4184
1 0.0409 0.4201
1 0.0394 0.4217
1 0.0378 0.4233
1 0.0361 0.4248
1 0.0344 0.4261
1 0.0326 0.4273
1 0.0307 0.4285
1 0.0287 0.4296
1 0.0267 0.4305
1 0.0245 0.4316
1 0.0223 0.4325
1 0.0201 0.4333
1 0.0180 0.4342
1 0.0156 0.4348
1 0.0133 0.4353
1 0.0109 0.4357
1 0.0086 0.4360
1 0.0062 0.4362
1 0.0039 0.4363
1 0.0013 0.4363
1 -0.0010 0.4362
1 -0.0034 0.4360
1 -0.0057 0.4357
1 -0.0081 0.4353
1 -0.0104 0.4347
1 -0.0128 0.4342
1 -0.0149 0.4333
1 -0.0171 0.4325
1 -0.0195 0.4315
1 -0.0215 0.4305
1 -0.0237 0.4293
1 -0.0257 0.4281
1 -0.0277 0.4268
1 -0.0295 0.4254
1 -0.0314 0.4239
1 -0.0332 0.4222
1 -0.0349 0.4206
1 -0.0366 0.4189
1 -0.0381 0.4170
1 -0.0396 0.4152
1 -0.0409 0.4132
1 -0.0423 0.4112
1 -0.0435 0.4092
1 -0.0445 0.4070
1 -0.0455 0.4048
1 -0.0465 0.4026
1 -0.0473 0.4004
1 -0.0480 0.3981
1 -0.0485 0.3957
1 -0.0255 0.3914
1 -0.0253 0.3922
1 -0.0250 0.3929
1 -0.0247 0.3936
1 -0.0245 0.3944
1 -0.0242 0.3951
1 -0.0238 0.3957
1 -0.0235 0.3966
1 -0.0233 0.3972
1 -0.0230 0.3979
1 -0.0227 0.3986
1 -0.0223 0.3993
1 -0.0218 0.3999
1 -0.0215 0.4006
1 -0.0211 0.4013
1 -0.0208 0.4019
1 -0.0203 0.4026
1 -0.0198 0.4031
1 -0.0195 0.4038
1 -0.0190 0.4043
1 -0.0185 0.4048
1 -0.0178 0.4055
1 -0.0173 0.4060
1 -0.0168 0.4065
1 -0.0161 0.4068
1 -0.0154 0.4073
1 -0.0149 0.4078
1 -0.0143 0.4082
1 -0.0136 0.4087
1 -0.0129 0.4090
1 -0.0122 0.4093
1 -0.0116 0.4097
1 -0.0107 0.4100
1 -0.0101 0.4103
1 -0.0094 0.4107
1 -0.0086 0.4108
1 -0.0079 0.4112
1 -0.0070 0.4113
1 -0.0064 0.4115
1 -0.0055 0.4118
1 -0.0049 0.4120
1 -0.0040 0.4122
1 -0.0034 0.4122
1 -0.0025 0.4123
1 -0.0018 0.4125
1 -0.0010 0.4125
1 -0.0003 0.4125
1 0.0005 0.4127
1 0.0013 0.4127
1 0.0020 0.4127
1 0.0029 0.4127
1 0.0035 0.4125
1 0.0044 0.4125
1 0.0050 0.4125
1 0.0059 0.4123
1 0.0065 0.4122
1 0.0074 0.4122
1 0.0081 0.4120
1 0.0089 0.4118
1 0.0096 0.4117
1 0.0102 0.4113
1 0.0111 0.4112
1 0.0117 0.4110
1 0.0124 0.4108
1 0.0133 0.4105
1 0.0139 0.4103
1 0.0148 0.4100
1 0.0154 0.4098
1 0.0161 0.4095
1 0.0169 0.4093
1 0.0183 0.4087
1 0.0196 0.4078
1 0.0208 0.4068
1 0.0221 0.4058
1 0.0232 0.4048
1 0.0243 0.4036
1 0.0252 0.4023
1 0.0260 0.4009
1 0.0268 0.3996
1 0.0275 0.3983
1 0.0280 0.3967
1 0.0285 0.3952
1 0.0287 0.3937
1 0.0290 0.3920
1 0.0290 0.3905
1 0.0290 0.3890
1 0.0289 0.3873
1 0.0285 0.3858
1 0.0282 0.3843
1 0.0277 0.3828
1 0.0272 0.3815
1 0.0263 0.3800
1 0.0257 0.3786
1 0.0247 0.3774
1 0.0237 0.3761
1 0.0227 0.3751
1 0.0215 0.3739
1 0.0201 0.3731
1 0.0188 0.3722
1 0.0174 0.3714
1 0.0161 0.3707
1 0.0146 0.3702
1 0.0116 0.3692
1 0.0086 0.3681
1 0.0057 0.3667
1 0.0027 0.3654
1 -0.0002 0.3640
1 -0.0029 0.3623
1 -0.0055 0.3608
1 -0.0082 0.3590
1 -0.0109 0.3571
1 -0.0134 0.3553
1 -0.0159 0.3533
1 -0.0183 0.3511
1 -0.0206 0.3489
1 -0.0230 0.3467
1 -0.0250 0.3444
1 -0.0272 0.3419
1 -0.0292 0.3395
1 -0.0310 0.3368
1 -0.0329 0.3343
1 -0.0347 0.3316
1 -0.0362 0.3290
1 -0.0379 0.3261
1 -0.0393 0.3233
1 -0.0406 0.3204
1 -0.0419 0.3174
1 -0.0430 0.3144
1 -0.0441 0.3113
1 -0.0450 0.3083
1 -0.0458 0.3053
1 -0.0465 0.3021
1 -0.0471 0.2991
1 -0.0477 0.2959
1 -0.0480 0.2927
1 -0.0483 0.2895
1 -0.0485 0.2863
1 -0.0485 0.2832
1 0.0525 0.2832
1 0.0525 0.3066
1 -0.0210 0.3066
112 1253 4
0 0.0500 0.1251
1 0.0337 0.1728
1 0.0176 0.1251
1 0.0500 0.1251
112 1250 5
0 -0.0824 0.2098
1 -0.0584 0.2098
1 -0.0584 0.0600
1 -0.0824 0.0600
1 -0.0824 0.2098
31 0 2
 0 -0.2497 0.2597
 1 -0.2497 0.2597
