SEcl_PF-8b
3282 6 1 1 0 0 0 0 0 0 1 1
1.000
112 1253 229
0 -0.0434 1.0626
1 -0.5223 0.5837
1 -0.5235 0.5824
1 -0.5246 0.5811
1 -0.5258 0.5798
1 -0.5269 0.5786
1 -0.5279 0.5772
1 -0.5290 0.5758
1 -0.5299 0.5744
1 -0.5309 0.5729
1 -0.5318 0.5714
1 -0.5326 0.5699
1 -0.5334 0.5684
1 -0.5342 0.5669
1 -0.5349 0.5654
1 -0.5356 0.5638
1 -0.5362 0.5622
1 -0.5368 0.5606
1 -0.5374 0.5589
1 -0.5378 0.5573
1 -0.5383 0.5556
1 -0.5387 0.5539
1 -0.5391 0.5522
1 -0.5394 0.5506
1 -0.5397 0.5489
1 -0.5399 0.5471
1 -0.5401 0.5454
1 -0.5402 0.5437
1 -0.5402 0.5420
1 -0.5402 0.5402
1 -0.5402 0.5386
1 -0.5402 0.5368
1 -0.5401 0.5351
1 -0.5399 0.5334
1 -0.5397 0.5317
1 -0.5394 0.5300
1 -0.5391 0.5283
1 -0.5387 0.5266
1 -0.5383 0.5250
1 -0.5378 0.5233
1 -0.5374 0.5216
1 -0.5368 0.5200
1 -0.5362 0.5184
1 -0.5356 0.5168
1 -0.5349 0.5152
1 -0.5342 0.5137
1 -0.5334 0.5121
1 -0.5326 0.5106
1 -0.5318 0.5091
1 -0.5309 0.5076
1 -0.5299 0.5062
1 -0.5290 0.5047
1 -0.5279 0.5034
1 -0.5269 0.5020
1 -0.5258 0.5006
1 -0.5246 0.4994
1 -0.5235 0.4981
1 -0.5223 0.4969
1 -0.0434 0.0180
1 -0.0422 0.0168
1 -0.0409 0.0156
1 -0.0396 0.0145
1 -0.0382 0.0134
1 -0.0369 0.0123
1 -0.0355 0.0113
1 -0.0341 0.0103
1 -0.0326 0.0094
1 -0.0312 0.0085
1 -0.0297 0.0077
1 -0.0282 0.0069
1 -0.0266 0.0061
1 -0.0250 0.0054
1 -0.0235 0.0046
1 -0.0219 0.0040
1 -0.0202 0.0034
1 -0.0186 0.0029
1 -0.0170 0.0024
1 -0.0154 0.0019
1 -0.0137 0.0015
1 -0.0120 0.0012
1 -0.0102 0.0009
1 -0.0086 0.0006
1 -0.0069 0.0004
1 -0.0051 0.0002
1 -0.0034 0.0001
1 -0.0018 0.0000
1 0.0000 0.0000
1 0.0018 0.0000
1 0.0034 0.0001
1 0.0051 0.0002
1 0.0069 0.0004
1 0.0086 0.0006
1 0.0102 0.0009
1 0.0120 0.0012
1 0.0137 0.0015
1 0.0154 0.0019
1 0.0170 0.0024
1 0.0186 0.0029
1 0.0202 0.0034
1 0.0219 0.0040
1 0.0235 0.0046
1 0.0250 0.0054
1 0.0266 0.0061
1 0.0282 0.0069
1 0.0297 0.0077
1 0.0312 0.0085
1 0.0326 0.0094
1 0.0341 0.0103
1 0.0355 0.0113
1 0.0369 0.0123
1 0.0382 0.0134
1 0.0396 0.0145
1 0.0409 0.0156
1 0.0422 0.0168
1 0.0434 0.0180
1 0.5223 0.4969
1 0.5235 0.4981
1 0.5246 0.4994
1 0.5258 0.5006
1 0.5269 0.5020
1 0.5279 0.5034
1 0.5290 0.5047
1 0.5299 0.5062
1 0.5309 0.5076
1 0.5318 0.5091
1 0.5326 0.5106
1 0.5334 0.5121
1 0.5342 0.5137
1 0.5349 0.5152
1 0.5356 0.5168
1 0.5362 0.5184
1 0.5368 0.5200
1 0.5374 0.5216
1 0.5378 0.5233
1 0.5383 0.5250
1 0.5387 0.5266
1 0.5391 0.5283
1 0.5394 0.5300
1 0.5397 0.5317
1 0.5399 0.5334
1 0.5401 0.5351
1 0.5402 0.5368
1 0.5402 0.5386
1 0.5402 0.5402
1 0.5402 0.5420
1 0.5402 0.5437
1 0.5401 0.5454
1 0.5399 0.5471
1 0.5397 0.5489
1 0.5394 0.5506
1 0.5391 0.5522
1 0.5387 0.5539
1 0.5383 0.5556
1 0.5378 0.5573
1 0.5374 0.5589
1 0.5368 0.5606
1 0.5362 0.5622
1 0.5356 0.5638
1 0.5349 0.5654
1 0.5342 0.5669
1 0.5334 0.5684
1 0.5326 0.5699
1 0.5318 0.5714
1 0.5309 0.5729
1 0.5299 0.5744
1 0.5290 0.5758
1 0.5279 0.5772
1 0.5269 0.5786
1 0.5258 0.5798
1 0.5246 0.5811
1 0.5235 0.5824
1 0.5223 0.5837
1 0.0434 1.0626
1 0.0422 1.0638
1 0.0409 1.0650
1 0.0396 1.0661
1 0.0382 1.0671
1 0.0369 1.0682
1 0.0355 1.0692
1 0.0341 1.0702
1 0.0326 1.0711
1 0.0312 1.0720
1 0.0297 1.0729
1 0.0282 1.0737
1 0.0266 1.0745
1 0.0250 1.0752
1 0.0235 1.0758
1 0.0219 1.0765
1 0.0202 1.0771
1 0.0186 1.0776
1 0.0170 1.0782
1 0.0154 1.0786
1 0.0137 1.0790
1 0.0120 1.0794
1 0.0102 1.0797
1 0.0086 1.0799
1 0.0069 1.0802
1 0.0051 1.0803
1 0.0034 1.0804
1 0.0018 1.0805
1 0.0000 1.0806
1 -0.0018 1.0805
1 -0.0034 1.0804
1 -0.0051 1.0803
1 -0.0069 1.0802
1 -0.0086 1.0799
1 -0.0102 1.0797
1 -0.0120 1.0794
1 -0.0137 1.0790
1 -0.0154 1.0786
1 -0.0170 1.0782
1 -0.0186 1.0776
1 -0.0202 1.0771
1 -0.0219 1.0765
1 -0.0235 1.0758
1 -0.0250 1.0752
1 -0.0266 1.0745
1 -0.0282 1.0737
1 -0.0297 1.0729
1 -0.0312 1.0720
1 -0.0326 1.0711
1 -0.0341 1.0702
1 -0.0355 1.0692
1 -0.0369 1.0682
1 -0.0382 1.0671
1 -0.0396 1.0661
1 -0.0409 1.0650
1 -0.0422 1.0638
1 -0.0434 1.0626
112 1250 197
0 -0.0340 1.0531
1 -0.5129 0.5742
1 -0.5139 0.5731
1 -0.5150 0.5719
1 -0.5160 0.5707
1 -0.5170 0.5695
1 -0.5179 0.5682
1 -0.5188 0.5670
1 -0.5197 0.5656
1 -0.5205 0.5643
1 -0.5213 0.5629
1 -0.5220 0.5615
1 -0.5226 0.5601
1 -0.5233 0.5586
1 -0.5238 0.5572
1 -0.5244 0.5557
1 -0.5249 0.5542
1 -0.5253 0.5527
1 -0.5257 0.5512
1 -0.5260 0.5496
1 -0.5263 0.5481
1 -0.5266 0.5466
1 -0.5267 0.5450
1 -0.5268 0.5434
1 -0.5269 0.5418
1 -0.5270 0.5402
1 -0.5269 0.5387
1 -0.5268 0.5371
1 -0.5267 0.5356
1 -0.5266 0.5340
1 -0.5263 0.5325
1 -0.5260 0.5309
1 -0.5257 0.5294
1 -0.5253 0.5278
1 -0.5249 0.5263
1 -0.5244 0.5248
1 -0.5238 0.5234
1 -0.5233 0.5219
1 -0.5226 0.5205
1 -0.5220 0.5190
1 -0.5213 0.5176
1 -0.5205 0.5162
1 -0.5197 0.5149
1 -0.5188 0.5136
1 -0.5179 0.5123
1 -0.5170 0.5110
1 -0.5160 0.5098
1 -0.5150 0.5086
1 -0.5139 0.5074
1 -0.5129 0.5063
1 -0.0340 0.0274
1 -0.0328 0.0263
1 -0.0317 0.0253
1 -0.0305 0.0242
1 -0.0293 0.0233
1 -0.0280 0.0223
1 -0.0267 0.0214
1 -0.0254 0.0206
1 -0.0240 0.0198
1 -0.0226 0.0190
1 -0.0213 0.0183
1 -0.0198 0.0176
1 -0.0184 0.0170
1 -0.0169 0.0164
1 -0.0154 0.0159
1 -0.0139 0.0154
1 -0.0124 0.0150
1 -0.0109 0.0146
1 -0.0094 0.0142
1 -0.0078 0.0140
1 -0.0062 0.0138
1 -0.0047 0.0136
1 -0.0031 0.0134
1 -0.0016 0.0134
1 0.0000 0.0134
1 0.0016 0.0134
1 0.0031 0.0134
1 0.0047 0.0136
1 0.0062 0.0138
1 0.0078 0.0140
1 0.0094 0.0142
1 0.0109 0.0146
1 0.0124 0.0150
1 0.0139 0.0154
1 0.0154 0.0159
1 0.0169 0.0164
1 0.0184 0.0170
1 0.0198 0.0176
1 0.0213 0.0183
1 0.0226 0.0190
1 0.0240 0.0198
1 0.0254 0.0206
1 0.0267 0.0214
1 0.0280 0.0223
1 0.0292 0.0233
1 0.0305 0.0242
1 0.0317 0.0253
1 0.0328 0.0263
1 0.0340 0.0274
1 0.5129 0.5063
1 0.5139 0.5074
1 0.5150 0.5086
1 0.5160 0.5098
1 0.5170 0.5110
1 0.5179 0.5123
1 0.5188 0.5136
1 0.5197 0.5149
1 0.5205 0.5162
1 0.5213 0.5176
1 0.5220 0.5190
1 0.5226 0.5205
1 0.5233 0.5219
1 0.5238 0.5234
1 0.5244 0.5248
1 0.5249 0.5263
1 0.5253 0.5278
1 0.5257 0.5294
1 0.5260 0.5309
1 0.5263 0.5325
1 0.5266 0.5340
1 0.5267 0.5356
1 0.5268 0.5371
1 0.5269 0.5387
1 0.5270 0.5402
1 0.5269 0.5418
1 0.5268 0.5434
1 0.5267 0.5450
1 0.5266 0.5466
1 0.5263 0.5481
1 0.5260 0.5496
1 0.5257 0.5512
1 0.5253 0.5527
1 0.5249 0.5542
1 0.5244 0.5557
1 0.5238 0.5572
1 0.5233 0.5586
1 0.5226 0.5601
1 0.5220 0.5615
1 0.5213 0.5629
1 0.5205 0.5643
1 0.5197 0.5656
1 0.5188 0.5670
1 0.5179 0.5682
1 0.5170 0.5695
1 0.5160 0.5707
1 0.5150 0.5719
1 0.5139 0.5731
1 0.5129 0.5742
1 0.0340 1.0531
1 0.0328 1.0542
1 0.0317 1.0553
1 0.0305 1.0563
1 0.0292 1.0573
1 0.0280 1.0582
1 0.0267 1.0591
1 0.0254 1.0599
1 0.0240 1.0608
1 0.0226 1.0615
1 0.0213 1.0622
1 0.0198 1.0630
1 0.0184 1.0635
1 0.0169 1.0642
1 0.0154 1.0646
1 0.0139 1.0651
1 0.0124 1.0656
1 0.0109 1.0659
1 0.0094 1.0662
1 0.0078 1.0666
1 0.0062 1.0668
1 0.0047 1.0670
1 0.0031 1.0671
1 0.0016 1.0672
1 0.0000 1.0672
1 -0.0016 1.0672
1 -0.0031 1.0671
1 -0.0047 1.0670
1 -0.0062 1.0668
1 -0.0078 1.0666
1 -0.0094 1.0662
1 -0.0109 1.0659
1 -0.0124 1.0656
1 -0.0139 1.0651
1 -0.0154 1.0646
1 -0.0169 1.0642
1 -0.0184 1.0635
1 -0.0198 1.0630
1 -0.0213 1.0622
1 -0.0226 1.0615
1 -0.0240 1.0608
1 -0.0254 1.0599
1 -0.0267 1.0591
1 -0.0280 1.0582
1 -0.0293 1.0573
1 -0.0305 1.0563
1 -0.0317 1.0553
1 -0.0328 1.0542
1 -0.0340 1.0531
112 1253 133
0 -0.4940 0.5554
1 -0.0151 1.0342
1 -0.0143 1.0350
1 -0.0135 1.0357
1 -0.0127 1.0363
1 -0.0118 1.0370
1 -0.0110 1.0375
1 -0.0101 1.0380
1 -0.0091 1.0385
1 -0.0082 1.0389
1 -0.0072 1.0393
1 -0.0062 1.0396
1 -0.0052 1.0399
1 -0.0042 1.0402
1 -0.0031 1.0403
1 -0.0021 1.0404
1 -0.0010 1.0405
1 0.0000 1.0406
1 0.0010 1.0405
1 0.0021 1.0404
1 0.0031 1.0403
1 0.0042 1.0402
1 0.0052 1.0399
1 0.0062 1.0396
1 0.0072 1.0393
1 0.0082 1.0389
1 0.0091 1.0385
1 0.0101 1.0380
1 0.0110 1.0375
1 0.0118 1.0370
1 0.0127 1.0363
1 0.0135 1.0357
1 0.0143 1.0350
1 0.0151 1.0342
1 0.4940 0.5554
1 0.4947 0.5546
1 0.4954 0.5538
1 0.4961 0.5530
1 0.4966 0.5522
1 0.4972 0.5513
1 0.4978 0.5503
1 0.4982 0.5494
1 0.4986 0.5485
1 0.4990 0.5474
1 0.4994 0.5465
1 0.4996 0.5454
1 0.4998 0.5444
1 0.5000 0.5434
1 0.5002 0.5424
1 0.5002 0.5413
1 0.5002 0.5402
1 0.5002 0.5392
1 0.5002 0.5382
1 0.5000 0.5371
1 0.4998 0.5361
1 0.4996 0.5350
1 0.4994 0.5341
1 0.4990 0.5330
1 0.4986 0.5321
1 0.4982 0.5311
1 0.4978 0.5302
1 0.4972 0.5293
1 0.4966 0.5284
1 0.4961 0.5275
1 0.4954 0.5267
1 0.4947 0.5259
1 0.4940 0.5251
1 0.0151 0.0462
1 0.0143 0.0455
1 0.0135 0.0449
1 0.0127 0.0442
1 0.0118 0.0436
1 0.0110 0.0430
1 0.0101 0.0426
1 0.0091 0.0421
1 0.0082 0.0416
1 0.0072 0.0413
1 0.0062 0.0409
1 0.0052 0.0406
1 0.0042 0.0404
1 0.0031 0.0402
1 0.0021 0.0401
1 0.0010 0.0400
1 0.0000 0.0400
1 -0.0010 0.0400
1 -0.0021 0.0401
1 -0.0031 0.0402
1 -0.0042 0.0404
1 -0.0052 0.0406
1 -0.0062 0.0409
1 -0.0072 0.0413
1 -0.0082 0.0416
1 -0.0091 0.0421
1 -0.0101 0.0426
1 -0.0110 0.0430
1 -0.0118 0.0436
1 -0.0127 0.0442
1 -0.0135 0.0449
1 -0.0143 0.0455
1 -0.0151 0.0462
1 -0.4940 0.5251
1 -0.4947 0.5259
1 -0.4954 0.5267
1 -0.4961 0.5275
1 -0.4966 0.5284
1 -0.4972 0.5293
1 -0.4978 0.5302
1 -0.4982 0.5311
1 -0.4986 0.5321
1 -0.4990 0.5330
1 -0.4994 0.5341
1 -0.4996 0.5350
1 -0.4998 0.5361
1 -0.5000 0.5371
1 -0.5002 0.5382
1 -0.5002 0.5392
1 -0.5002 0.5402
1 -0.5002 0.5413
1 -0.5002 0.5424
1 -0.5000 0.5434
1 -0.4998 0.5444
1 -0.4996 0.5454
1 -0.4994 0.5465
1 -0.4990 0.5474
1 -0.4986 0.5485
1 -0.4982 0.5494
1 -0.4978 0.5503
1 -0.4972 0.5513
1 -0.4966 0.5522
1 -0.4961 0.5530
1 -0.4954 0.5538
1 -0.4947 0.5546
1 -0.4940 0.5554
112 1250 106
0 0.0562 0.5127
1 0.0562 0.2789
1 -0.0505 0.2789
1 -0.0505 0.5127
1 -0.0505 0.5127
1 -0.0505 0.5144
1 -0.0505 0.5161
1 -0.0503 0.5178
1 -0.0502 0.5194
1 -0.0500 0.5210
1 -0.0498 0.5226
1 -0.0494 0.5243
1 -0.0491 0.5259
1 -0.0486 0.5275
1 -0.0482 0.5291
1 -0.0477 0.5307
1 -0.0472 0.5323
1 -0.0466 0.5338
1 -0.0459 0.5354
1 -0.0452 0.5369
1 -0.0445 0.5383
1 -0.0437 0.5398
1 -0.0428 0.5413
1 -0.0419 0.5426
1 -0.0410 0.5440
1 -0.0401 0.5454
1 -0.0390 0.5467
1 -0.0380 0.5480
1 -0.0369 0.5493
1 -0.0358 0.5505
1 -0.0346 0.5517
1 -0.0334 0.5528
1 -0.0322 0.5539
1 -0.0310 0.5550
1 -0.0296 0.5560
1 -0.0283 0.5570
1 -0.0270 0.5579
1 -0.0255 0.5589
1 -0.0241 0.5597
1 -0.0226 0.5606
1 -0.0212 0.5613
1 -0.0197 0.5620
1 -0.0182 0.5627
1 -0.0166 0.5634
1 -0.0151 0.5639
1 -0.0135 0.5645
1 -0.0119 0.5650
1 -0.0103 0.5654
1 -0.0087 0.5658
1 -0.0071 0.5661
1 -0.0054 0.5664
1 -0.0038 0.5666
1 -0.0022 0.5668
1 -0.0005 0.5669
1 0.0012 0.5670
1 0.0028 0.5670
1 0.0045 0.5670
1 0.0062 0.5669
1 0.0078 0.5668
1 0.0094 0.5666
1 0.0111 0.5664
1 0.0127 0.5661
1 0.0144 0.5658
1 0.0160 0.5654
1 0.0176 0.5650
1 0.0192 0.5645
1 0.0207 0.5639
1 0.0223 0.5634
1 0.0238 0.5627
1 0.0254 0.5620
1 0.0269 0.5613
1 0.0283 0.5606
1 0.0298 0.5597
1 0.0312 0.5589
1 0.0326 0.5579
1 0.0339 0.5570
1 0.0353 0.5560
1 0.0366 0.5550
1 0.0378 0.5539
1 0.0391 0.5528
1 0.0403 0.5517
1 0.0414 0.5505
1 0.0426 0.5493
1 0.0437 0.5480
1 0.0447 0.5467
1 0.0458 0.5454
1 0.0467 0.5440
1 0.0476 0.5426
1 0.0485 0.5413
1 0.0494 0.5398
1 0.0501 0.5383
1 0.0509 0.5369
1 0.0516 0.5354
1 0.0522 0.5338
1 0.0528 0.5323
1 0.0534 0.5307
1 0.0538 0.5291
1 0.0543 0.5275
1 0.0547 0.5259
1 0.0551 0.5243
1 0.0554 0.5226
1 0.0557 0.5210
1 0.0558 0.5194
1 0.0560 0.5178
1 0.0561 0.5161
1 0.0562 0.5144
112 1250 171
0 -0.1236 0.6706
1 -0.1236 0.7877
1 -0.0569 0.7877
1 -0.0569 0.6606
1 -0.0569 0.6606
1 -0.0570 0.6582
1 -0.0570 0.6559
1 -0.0571 0.6536
1 -0.0574 0.6512
1 -0.0575 0.6489
1 -0.0578 0.6466
1 -0.0582 0.6442
1 -0.0586 0.6419
1 -0.0590 0.6396
1 -0.0595 0.6373
1 -0.0600 0.6350
1 -0.0606 0.6327
1 -0.0613 0.6305
1 -0.0619 0.6282
1 -0.0627 0.6260
1 -0.0634 0.6238
1 -0.0643 0.6216
1 -0.0652 0.6194
1 -0.0662 0.6173
1 -0.0671 0.6151
1 -0.0682 0.6130
1 -0.0692 0.6109
1 -0.1013 0.5501
1 -0.1013 0.5501
1 -0.1022 0.5483
1 -0.1030 0.5466
1 -0.1038 0.5448
1 -0.1046 0.5430
1 -0.1053 0.5412
1 -0.1059 0.5394
1 -0.1066 0.5375
1 -0.1071 0.5357
1 -0.1077 0.5338
1 -0.1082 0.5319
1 -0.1086 0.5301
1 -0.1090 0.5282
1 -0.1094 0.5262
1 -0.1097 0.5243
1 -0.1099 0.5224
1 -0.1102 0.5205
1 -0.1103 0.5186
1 -0.1104 0.5166
1 -0.1105 0.5147
1 -0.1105 0.5127
1 -0.1105 0.4198
1 -0.0909 0.4198
1 -0.0909 0.4198
1 -0.0901 0.4198
1 -0.0893 0.4197
1 -0.0885 0.4195
1 -0.0877 0.4194
1 -0.0869 0.4191
1 -0.0861 0.4189
1 -0.0854 0.4186
1 -0.0846 0.4182
1 -0.0838 0.4178
1 -0.0832 0.4173
1 -0.0826 0.4168
1 -0.0819 0.4162
1 -0.0813 0.4157
1 -0.0808 0.4150
1 -0.0802 0.4144
1 -0.0798 0.4138
1 -0.0794 0.4130
1 -0.0790 0.4123
1 -0.0786 0.4116
1 -0.0783 0.4108
1 -0.0781 0.4100
1 -0.0778 0.4092
1 -0.0778 0.4084
1 -0.0776 0.4076
1 -0.0776 0.4067
1 -0.0776 0.4059
1 -0.0777 0.4051
1 -0.0778 0.4043
1 -0.0779 0.4035
1 -0.0781 0.4027
1 -0.0784 0.4019
1 -0.0786 0.4011
1 -0.0790 0.4004
1 -0.0794 0.3997
1 -0.0798 0.3990
1 -0.0803 0.3983
1 -0.1438 0.3158
1 -0.2074 0.3983
1 -0.2074 0.3983
1 -0.2078 0.3990
1 -0.2082 0.3997
1 -0.2086 0.4004
1 -0.2090 0.4011
1 -0.2093 0.4019
1 -0.2095 0.4027
1 -0.2098 0.4035
1 -0.2099 0.4043
1 -0.2100 0.4051
1 -0.2101 0.4059
1 -0.2101 0.4067
1 -0.2101 0.4076
1 -0.2099 0.4084
1 -0.2098 0.4092
1 -0.2096 0.4100
1 -0.2094 0.4108
1 -0.2090 0.4116
1 -0.2087 0.4123
1 -0.2083 0.4130
1 -0.2079 0.4138
1 -0.2074 0.4144
1 -0.2069 0.4150
1 -0.2063 0.4157
1 -0.2058 0.4162
1 -0.2051 0.4168
1 -0.2045 0.4173
1 -0.2038 0.4178
1 -0.2031 0.4182
1 -0.2023 0.4186
1 -0.2016 0.4189
1 -0.2008 0.4191
1 -0.2000 0.4194
1 -0.1992 0.4195
1 -0.1984 0.4197
1 -0.1976 0.4198
1 -0.1967 0.4198
1 -0.1772 0.4198
1 -0.1772 0.5292
1 -0.1772 0.5292
1 -0.1771 0.5312
1 -0.1770 0.5331
1 -0.1770 0.5350
1 -0.1768 0.5370
1 -0.1766 0.5389
1 -0.1763 0.5408
1 -0.1760 0.5427
1 -0.1757 0.5446
1 -0.1753 0.5466
1 -0.1748 0.5485
1 -0.1743 0.5503
1 -0.1738 0.5522
1 -0.1732 0.5541
1 -0.1726 0.5558
1 -0.1719 0.5577
1 -0.1712 0.5595
1 -0.1705 0.5613
1 -0.1697 0.5630
1 -0.1688 0.5648
1 -0.1679 0.5666
1 -0.1328 0.6332
1 -0.1328 0.6332
1 -0.1319 0.6350
1 -0.1310 0.6367
1 -0.1302 0.6385
1 -0.1295 0.6402
1 -0.1288 0.6421
1 -0.1282 0.6439
1 -0.1275 0.6457
1 -0.1270 0.6476
1 -0.1264 0.6494
1 -0.1259 0.6513
1 -0.1254 0.6532
1 -0.1250 0.6551
1 -0.1247 0.6570
1 -0.1244 0.6590
1 -0.1242 0.6609
1 -0.1239 0.6628
1 -0.1238 0.6647
1 -0.1237 0.6666
1 -0.1236 0.6686
112 1250 171
0 0.1831 0.3158
1 0.1164 0.3158
1 0.1164 0.5082
1 0.1164 0.5082
1 0.1164 0.5102
1 0.1163 0.5122
1 0.1162 0.5141
1 0.1161 0.5160
1 0.1158 0.5179
1 0.1156 0.5198
1 0.1153 0.5218
1 0.1149 0.5237
1 0.1146 0.5256
1 0.1141 0.5274
1 0.1136 0.5294
1 0.1130 0.5312
1 0.1125 0.5330
1 0.1118 0.5349
1 0.1112 0.5367
1 0.1105 0.5385
1 0.1097 0.5403
1 0.1089 0.5421
1 0.1081 0.5438
1 0.1072 0.5455
1 0.0721 0.6122
1 0.0721 0.6122
1 0.0712 0.6140
1 0.0703 0.6157
1 0.0695 0.6175
1 0.0688 0.6193
1 0.0681 0.6210
1 0.0674 0.6229
1 0.0668 0.6247
1 0.0662 0.6266
1 0.0657 0.6285
1 0.0652 0.6303
1 0.0647 0.6322
1 0.0643 0.6341
1 0.0640 0.6360
1 0.0637 0.6379
1 0.0634 0.6398
1 0.0632 0.6418
1 0.0630 0.6437
1 0.0630 0.6457
1 0.0629 0.6476
1 0.0628 0.6495
1 0.0628 0.6837
1 0.0432 0.6837
1 0.0432 0.6837
1 0.0424 0.6837
1 0.0416 0.6838
1 0.0408 0.6839
1 0.0400 0.6841
1 0.0392 0.6843
1 0.0384 0.6846
1 0.0377 0.6849
1 0.0369 0.6853
1 0.0362 0.6857
1 0.0355 0.6862
1 0.0349 0.6866
1 0.0342 0.6872
1 0.0336 0.6878
1 0.0331 0.6884
1 0.0326 0.6890
1 0.0321 0.6897
1 0.0317 0.6904
1 0.0313 0.6911
1 0.0310 0.6918
1 0.0306 0.6926
1 0.0304 0.6934
1 0.0302 0.6942
1 0.0301 0.6950
1 0.0299 0.6958
1 0.0299 0.6967
1 0.0299 0.6975
1 0.0300 0.6983
1 0.0301 0.6991
1 0.0302 0.6999
1 0.0305 0.7007
1 0.0307 0.7015
1 0.0310 0.7023
1 0.0314 0.7030
1 0.0318 0.7038
1 0.0322 0.7045
1 0.0326 0.7051
1 0.0962 0.7877
1 0.1597 0.7051
1 0.1597 0.7051
1 0.1602 0.7045
1 0.1606 0.7038
1 0.1610 0.7030
1 0.1613 0.7023
1 0.1616 0.7015
1 0.1618 0.7007
1 0.1621 0.6999
1 0.1622 0.6991
1 0.1623 0.6983
1 0.1624 0.6975
1 0.1624 0.6967
1 0.1624 0.6958
1 0.1622 0.6950
1 0.1622 0.6942
1 0.1619 0.6934
1 0.1617 0.6926
1 0.1614 0.6918
1 0.1610 0.6911
1 0.1606 0.6904
1 0.1602 0.6897
1 0.1598 0.6890
1 0.1592 0.6884
1 0.1587 0.6878
1 0.1581 0.6872
1 0.1574 0.6866
1 0.1568 0.6862
1 0.1562 0.6857
1 0.1554 0.6853
1 0.1546 0.6849
1 0.1539 0.6846
1 0.1531 0.6843
1 0.1523 0.6841
1 0.1515 0.6839
1 0.1507 0.6838
1 0.1499 0.6837
1 0.1491 0.6837
1 0.1295 0.6837
1 0.1295 0.6660
1 0.1295 0.6660
1 0.1295 0.6641
1 0.1296 0.6622
1 0.1297 0.6602
1 0.1298 0.6582
1 0.1301 0.6563
1 0.1303 0.6544
1 0.1306 0.6525
1 0.1310 0.6506
1 0.1314 0.6487
1 0.1318 0.6468
1 0.1323 0.6450
1 0.1329 0.6430
1 0.1334 0.6412
1 0.1341 0.6394
1 0.1347 0.6376
1 0.1354 0.6358
1 0.1362 0.6340
1 0.1370 0.6322
1 0.1378 0.6305
1 0.1387 0.6287
1 0.1708 0.5678
1 0.1708 0.5678
1 0.1718 0.5658
1 0.1729 0.5637
1 0.1738 0.5615
1 0.1748 0.5594
1 0.1757 0.5572
1 0.1765 0.5550
1 0.1773 0.5528
1 0.1781 0.5506
1 0.1787 0.5483
1 0.1794 0.5460
1 0.1800 0.5438
1 0.1805 0.5414
1 0.1810 0.5392
1 0.1814 0.5369
1 0.1818 0.5346
1 0.1822 0.5322
1 0.1824 0.5298
1 0.1826 0.5275
1 0.1829 0.5252
1 0.1830 0.5229
1 0.1830 0.5205
1 0.1831 0.5182
