SEcl_PF-8a
3281 6 1 1 0 0 0 0 0 0 1 1
1.000
112 1253 229
0 -0.0434 1.0626
1 -0.5223 0.5837
1 -0.5235 0.5824
1 -0.5246 0.5811
1 -0.5258 0.5798
1 -0.5269 0.5786
1 -0.5279 0.5772
1 -0.5290 0.5758
1 -0.5299 0.5744
1 -0.5309 0.5729
1 -0.5318 0.5714
1 -0.5326 0.5699
1 -0.5334 0.5684
1 -0.5342 0.5669
1 -0.5349 0.5654
1 -0.5356 0.5638
1 -0.5362 0.5622
1 -0.5368 0.5606
1 -0.5374 0.5589
1 -0.5378 0.5573
1 -0.5383 0.5556
1 -0.5387 0.5539
1 -0.5391 0.5522
1 -0.5394 0.5506
1 -0.5397 0.5489
1 -0.5399 0.5471
1 -0.5401 0.5454
1 -0.5402 0.5437
1 -0.5402 0.5420
1 -0.5402 0.5402
1 -0.5402 0.5386
1 -0.5402 0.5368
1 -0.5401 0.5351
1 -0.5399 0.5334
1 -0.5397 0.5317
1 -0.5394 0.5300
1 -0.5391 0.5283
1 -0.5387 0.5266
1 -0.5383 0.5250
1 -0.5378 0.5233
1 -0.5374 0.5216
1 -0.5368 0.5200
1 -0.5362 0.5184
1 -0.5356 0.5168
1 -0.5349 0.5152
1 -0.5342 0.5137
1 -0.5334 0.5121
1 -0.5326 0.5106
1 -0.5318 0.5091
1 -0.5309 0.5076
1 -0.5299 0.5062
1 -0.5290 0.5047
1 -0.5279 0.5034
1 -0.5269 0.5020
1 -0.5258 0.5006
1 -0.5246 0.4994
1 -0.5235 0.4981
1 -0.5223 0.4969
1 -0.0434 0.0180
1 -0.0422 0.0168
1 -0.0409 0.0156
1 -0.0396 0.0145
1 -0.0382 0.0134
1 -0.0369 0.0123
1 -0.0355 0.0113
1 -0.0341 0.0103
1 -0.0326 0.0094
1 -0.0312 0.0085
1 -0.0297 0.0077
1 -0.0282 0.0069
1 -0.0266 0.0061
1 -0.0250 0.0054
1 -0.0235 0.0046
1 -0.0219 0.0040
1 -0.0202 0.0034
1 -0.0186 0.0029
1 -0.0170 0.0024
1 -0.0154 0.0019
1 -0.0137 0.0015
1 -0.0120 0.0012
1 -0.0102 0.0009
1 -0.0086 0.0006
1 -0.0069 0.0004
1 -0.0051 0.0002
1 -0.0034 0.0001
1 -0.0018 0.0000
1 0.0000 0.0000
1 0.0018 0.0000
1 0.0034 0.0001
1 0.0051 0.0002
1 0.0069 0.0004
1 0.0086 0.0006
1 0.0102 0.0009
1 0.0120 0.0012
1 0.0137 0.0015
1 0.0154 0.0019
1 0.0170 0.0024
1 0.0186 0.0029
1 0.0202 0.0034
1 0.0219 0.0040
1 0.0235 0.0046
1 0.0250 0.0054
1 0.0266 0.0061
1 0.0282 0.0069
1 0.0297 0.0077
1 0.0312 0.0085
1 0.0326 0.0094
1 0.0341 0.0103
1 0.0355 0.0113
1 0.0369 0.0123
1 0.0382 0.0134
1 0.0396 0.0145
1 0.0409 0.0156
1 0.0422 0.0168
1 0.0434 0.0180
1 0.5223 0.4969
1 0.5235 0.4981
1 0.5246 0.4994
1 0.5258 0.5006
1 0.5269 0.5020
1 0.5279 0.5034
1 0.5290 0.5047
1 0.5299 0.5062
1 0.5309 0.5076
1 0.5318 0.5091
1 0.5326 0.5106
1 0.5334 0.5121
1 0.5342 0.5137
1 0.5349 0.5152
1 0.5356 0.5168
1 0.5362 0.5184
1 0.5368 0.5200
1 0.5374 0.5216
1 0.5378 0.5233
1 0.5383 0.5250
1 0.5387 0.5266
1 0.5391 0.5283
1 0.5394 0.5300
1 0.5397 0.5317
1 0.5399 0.5334
1 0.5401 0.5351
1 0.5402 0.5368
1 0.5402 0.5386
1 0.5402 0.5402
1 0.5402 0.5420
1 0.5402 0.5437
1 0.5401 0.5454
1 0.5399 0.5471
1 0.5397 0.5489
1 0.5394 0.5506
1 0.5391 0.5522
1 0.5387 0.5539
1 0.5383 0.5556
1 0.5378 0.5573
1 0.5374 0.5589
1 0.5368 0.5606
1 0.5362 0.5622
1 0.5356 0.5638
1 0.5349 0.5654
1 0.5342 0.5669
1 0.5334 0.5684
1 0.5326 0.5699
1 0.5318 0.5714
1 0.5309 0.5729
1 0.5299 0.5744
1 0.5290 0.5758
1 0.5279 0.5772
1 0.5269 0.5786
1 0.5258 0.5798
1 0.5246 0.5811
1 0.5235 0.5824
1 0.5223 0.5837
1 0.0434 1.0626
1 0.0422 1.0638
1 0.0409 1.0650
1 0.0396 1.0661
1 0.0382 1.0671
1 0.0369 1.0682
1 0.0355 1.0692
1 0.0341 1.0702
1 0.0326 1.0711
1 0.0312 1.0720
1 0.0297 1.0729
1 0.0282 1.0737
1 0.0266 1.0745
1 0.0250 1.0752
1 0.0235 1.0758
1 0.0219 1.0765
1 0.0202 1.0771
1 0.0186 1.0776
1 0.0170 1.0782
1 0.0154 1.0786
1 0.0137 1.0790
1 0.0120 1.0794
1 0.0102 1.0797
1 0.0086 1.0799
1 0.0069 1.0802
1 0.0051 1.0803
1 0.0034 1.0804
1 0.0018 1.0805
1 0.0000 1.0806
1 -0.0018 1.0805
1 -0.0034 1.0804
1 -0.0051 1.0803
1 -0.0069 1.0802
1 -0.0086 1.0799
1 -0.0102 1.0797
1 -0.0120 1.0794
1 -0.0137 1.0790
1 -0.0154 1.0786
1 -0.0170 1.0782
1 -0.0186 1.0776
1 -0.0202 1.0771
1 -0.0219 1.0765
1 -0.0235 1.0758
1 -0.0250 1.0752
1 -0.0266 1.0745
1 -0.0282 1.0737
1 -0.0297 1.0729
1 -0.0312 1.0720
1 -0.0326 1.0711
1 -0.0341 1.0702
1 -0.0355 1.0692
1 -0.0369 1.0682
1 -0.0382 1.0671
1 -0.0396 1.0661
1 -0.0409 1.0650
1 -0.0422 1.0638
1 -0.0434 1.0626
112 1250 197
0 -0.0340 1.0531
1 -0.5129 0.5742
1 -0.5139 0.5731
1 -0.5150 0.5719
1 -0.5160 0.5707
1 -0.5170 0.5695
1 -0.5179 0.5682
1 -0.5188 0.5670
1 -0.5197 0.5656
1 -0.5205 0.5643
1 -0.5213 0.5629
1 -0.5220 0.5615
1 -0.5226 0.5601
1 -0.5233 0.5586
1 -0.5238 0.5572
1 -0.5244 0.5557
1 -0.5249 0.5542
1 -0.5253 0.5527
1 -0.5257 0.5512
1 -0.5260 0.5496
1 -0.5263 0.5481
1 -0.5266 0.5466
1 -0.5267 0.5450
1 -0.5268 0.5434
1 -0.5269 0.5418
1 -0.5270 0.5402
1 -0.5269 0.5387
1 -0.5268 0.5371
1 -0.5267 0.5356
1 -0.5266 0.5340
1 -0.5263 0.5325
1 -0.5260 0.5309
1 -0.5257 0.5294
1 -0.5253 0.5278
1 -0.5249 0.5263
1 -0.5244 0.5248
1 -0.5238 0.5234
1 -0.5233 0.5219
1 -0.5226 0.5205
1 -0.5220 0.5190
1 -0.5213 0.5176
1 -0.5205 0.5162
1 -0.5197 0.5149
1 -0.5188 0.5136
1 -0.5179 0.5123
1 -0.5170 0.5110
1 -0.5160 0.5098
1 -0.5150 0.5086
1 -0.5139 0.5074
1 -0.5129 0.5063
1 -0.0340 0.0274
1 -0.0328 0.0263
1 -0.0317 0.0253
1 -0.0305 0.0242
1 -0.0293 0.0233
1 -0.0280 0.0223
1 -0.0267 0.0214
1 -0.0254 0.0206
1 -0.0240 0.0198
1 -0.0226 0.0190
1 -0.0213 0.0183
1 -0.0198 0.0176
1 -0.0184 0.0170
1 -0.0169 0.0164
1 -0.0154 0.0159
1 -0.0139 0.0154
1 -0.0124 0.0150
1 -0.0109 0.0146
1 -0.0094 0.0142
1 -0.0078 0.0140
1 -0.0062 0.0138
1 -0.0047 0.0136
1 -0.0031 0.0134
1 -0.0016 0.0134
1 0.0000 0.0134
1 0.0016 0.0134
1 0.0031 0.0134
1 0.0047 0.0136
1 0.0062 0.0138
1 0.0078 0.0140
1 0.0094 0.0142
1 0.0109 0.0146
1 0.0124 0.0150
1 0.0139 0.0154
1 0.0154 0.0159
1 0.0169 0.0164
1 0.0184 0.0170
1 0.0198 0.0176
1 0.0213 0.0183
1 0.0226 0.0190
1 0.0240 0.0198
1 0.0254 0.0206
1 0.0267 0.0214
1 0.0280 0.0223
1 0.0292 0.0233
1 0.0305 0.0242
1 0.0317 0.0253
1 0.0328 0.0263
1 0.0340 0.0274
1 0.5129 0.5063
1 0.5139 0.5074
1 0.5150 0.5086
1 0.5160 0.5098
1 0.5170 0.5110
1 0.5179 0.5123
1 0.5188 0.5136
1 0.5197 0.5149
1 0.5205 0.5162
1 0.5213 0.5176
1 0.5220 0.5190
1 0.5226 0.5205
1 0.5233 0.5219
1 0.5238 0.5234
1 0.5244 0.5248
1 0.5249 0.5263
1 0.5253 0.5278
1 0.5257 0.5294
1 0.5260 0.5309
1 0.5263 0.5325
1 0.5266 0.5340
1 0.5267 0.5356
1 0.5268 0.5371
1 0.5269 0.5387
1 0.5270 0.5402
1 0.5269 0.5418
1 0.5268 0.5434
1 0.5267 0.5450
1 0.5266 0.5466
1 0.5263 0.5481
1 0.5260 0.5496
1 0.5257 0.5512
1 0.5253 0.5527
1 0.5249 0.5542
1 0.5244 0.5557
1 0.5238 0.5572
1 0.5233 0.5586
1 0.5226 0.5601
1 0.5220 0.5615
1 0.5213 0.5629
1 0.5205 0.5643
1 0.5197 0.5656
1 0.5188 0.5670
1 0.5179 0.5682
1 0.5170 0.5695
1 0.5160 0.5707
1 0.5150 0.5719
1 0.5139 0.5731
1 0.5129 0.5742
1 0.0340 1.0531
1 0.0328 1.0542
1 0.0317 1.0553
1 0.0305 1.0563
1 0.0292 1.0573
1 0.0280 1.0582
1 0.0267 1.0591
1 0.0254 1.0599
1 0.0240 1.0608
1 0.0226 1.0615
1 0.0213 1.0622
1 0.0198 1.0630
1 0.0184 1.0635
1 0.0169 1.0642
1 0.0154 1.0646
1 0.0139 1.0651
1 0.0124 1.0656
1 0.0109 1.0659
1 0.0094 1.0662
1 0.0078 1.0666
1 0.0062 1.0668
1 0.0047 1.0670
1 0.0031 1.0671
1 0.0016 1.0672
1 0.0000 1.0672
1 -0.0016 1.0672
1 -0.0031 1.0671
1 -0.0047 1.0670
1 -0.0062 1.0668
1 -0.0078 1.0666
1 -0.0094 1.0662
1 -0.0109 1.0659
1 -0.0124 1.0656
1 -0.0139 1.0651
1 -0.0154 1.0646
1 -0.0169 1.0642
1 -0.0184 1.0635
1 -0.0198 1.0630
1 -0.0213 1.0622
1 -0.0226 1.0615
1 -0.0240 1.0608
1 -0.0254 1.0599
1 -0.0267 1.0591
1 -0.0280 1.0582
1 -0.0293 1.0573
1 -0.0305 1.0563
1 -0.0317 1.0553
1 -0.0328 1.0542
1 -0.0340 1.0531
112 1253 133
0 -0.4940 0.5554
1 -0.0151 1.0342
1 -0.0143 1.0350
1 -0.0135 1.0357
1 -0.0127 1.0363
1 -0.0118 1.0370
1 -0.0110 1.0375
1 -0.0101 1.0380
1 -0.0091 1.0385
1 -0.0082 1.0389
1 -0.0072 1.0393
1 -0.0062 1.0396
1 -0.0052 1.0399
1 -0.0042 1.0402
1 -0.0031 1.0403
1 -0.0021 1.0404
1 -0.0010 1.0405
1 0.0000 1.0406
1 0.0010 1.0405
1 0.0021 1.0404
1 0.0031 1.0403
1 0.0042 1.0402
1 0.0052 1.0399
1 0.0062 1.0396
1 0.0072 1.0393
1 0.0082 1.0389
1 0.0091 1.0385
1 0.0101 1.0380
1 0.0110 1.0375
1 0.0118 1.0370
1 0.0127 1.0363
1 0.0135 1.0357
1 0.0143 1.0350
1 0.0151 1.0342
1 0.4940 0.5554
1 0.4947 0.5546
1 0.4954 0.5538
1 0.4961 0.5530
1 0.4966 0.5522
1 0.4972 0.5513
1 0.4978 0.5503
1 0.4982 0.5494
1 0.4986 0.5485
1 0.4990 0.5474
1 0.4994 0.5465
1 0.4996 0.5454
1 0.4998 0.5444
1 0.5000 0.5434
1 0.5002 0.5424
1 0.5002 0.5413
1 0.5002 0.5402
1 0.5002 0.5392
1 0.5002 0.5382
1 0.5000 0.5371
1 0.4998 0.5361
1 0.4996 0.5350
1 0.4994 0.5341
1 0.4990 0.5330
1 0.4986 0.5321
1 0.4982 0.5311
1 0.4978 0.5302
1 0.4972 0.5293
1 0.4966 0.5284
1 0.4961 0.5275
1 0.4954 0.5267
1 0.4947 0.5259
1 0.4940 0.5251
1 0.0151 0.0462
1 0.0143 0.0455
1 0.0135 0.0449
1 0.0127 0.0442
1 0.0118 0.0436
1 0.0110 0.0430
1 0.0101 0.0426
1 0.0091 0.0421
1 0.0082 0.0416
1 0.0072 0.0413
1 0.0062 0.0409
1 0.0052 0.0406
1 0.0042 0.0404
1 0.0031 0.0402
1 0.0021 0.0401
1 0.0010 0.0400
1 0.0000 0.0400
1 -0.0010 0.0400
1 -0.0021 0.0401
1 -0.0031 0.0402
1 -0.0042 0.0404
1 -0.0052 0.0406
1 -0.0062 0.0409
1 -0.0072 0.0413
1 -0.0082 0.0416
1 -0.0091 0.0421
1 -0.0101 0.0426
1 -0.0110 0.0430
1 -0.0118 0.0436
1 -0.0127 0.0442
1 -0.0135 0.0449
1 -0.0143 0.0455
1 -0.0151 0.0462
1 -0.4940 0.5251
1 -0.4947 0.5259
1 -0.4954 0.5267
1 -0.4961 0.5275
1 -0.4966 0.5284
1 -0.4972 0.5293
1 -0.4978 0.5302
1 -0.4982 0.5311
1 -0.4986 0.5321
1 -0.4990 0.5330
1 -0.4994 0.5341
1 -0.4996 0.5350
1 -0.4998 0.5361
1 -0.5000 0.5371
1 -0.5002 0.5382
1 -0.5002 0.5392
1 -0.5002 0.5402
1 -0.5002 0.5413
1 -0.5002 0.5424
1 -0.5000 0.5434
1 -0.4998 0.5444
1 -0.4996 0.5454
1 -0.4994 0.5465
1 -0.4990 0.5474
1 -0.4986 0.5485
1 -0.4982 0.5494
1 -0.4978 0.5503
1 -0.4972 0.5513
1 -0.4966 0.5522
1 -0.4961 0.5530
1 -0.4954 0.5538
1 -0.4947 0.5546
1 -0.4940 0.5554
112 1250 171
0 0.1264 0.4072
1 0.1264 0.2900
1 0.0598 0.2900
1 0.0598 0.4171
1 0.0598 0.4171
1 0.0598 0.4194
1 0.0598 0.4218
1 0.0600 0.4242
1 0.0602 0.4265
1 0.0604 0.4288
1 0.0606 0.4311
1 0.0610 0.4334
1 0.0614 0.4358
1 0.0618 0.4381
1 0.0623 0.4404
1 0.0629 0.4427
1 0.0634 0.4450
1 0.0641 0.4472
1 0.0648 0.4494
1 0.0655 0.4517
1 0.0663 0.4539
1 0.0671 0.4562
1 0.0680 0.4583
1 0.0690 0.4605
1 0.0699 0.4626
1 0.0710 0.4647
1 0.0720 0.4668
1 0.1041 0.5277
1 0.1041 0.5277
1 0.1050 0.5294
1 0.1058 0.5311
1 0.1066 0.5329
1 0.1074 0.5347
1 0.1081 0.5365
1 0.1088 0.5383
1 0.1094 0.5402
1 0.1100 0.5420
1 0.1105 0.5438
1 0.1110 0.5458
1 0.1114 0.5476
1 0.1118 0.5495
1 0.1122 0.5514
1 0.1125 0.5534
1 0.1127 0.5553
1 0.1130 0.5572
1 0.1131 0.5591
1 0.1132 0.5610
1 0.1133 0.5630
1 0.1134 0.5650
1 0.1134 0.6579
1 0.0938 0.6579
1 0.0938 0.6579
1 0.0929 0.6580
1 0.0921 0.6581
1 0.0913 0.6582
1 0.0905 0.6583
1 0.0897 0.6586
1 0.0889 0.6589
1 0.0882 0.6592
1 0.0874 0.6595
1 0.0867 0.6599
1 0.0860 0.6604
1 0.0854 0.6609
1 0.0847 0.6614
1 0.0842 0.6620
1 0.0836 0.6626
1 0.0830 0.6633
1 0.0826 0.6639
1 0.0822 0.6646
1 0.0818 0.6654
1 0.0814 0.6662
1 0.0811 0.6669
1 0.0809 0.6677
1 0.0807 0.6685
1 0.0806 0.6693
1 0.0805 0.6702
1 0.0804 0.6710
1 0.0804 0.6718
1 0.0805 0.6726
1 0.0806 0.6734
1 0.0807 0.6742
1 0.0810 0.6750
1 0.0812 0.6758
1 0.0815 0.6766
1 0.0818 0.6773
1 0.0822 0.6780
1 0.0827 0.6787
1 0.0832 0.6794
1 0.1466 0.7619
1 0.2102 0.6794
1 0.2102 0.6794
1 0.2106 0.6787
1 0.2110 0.6780
1 0.2114 0.6773
1 0.2118 0.6766
1 0.2122 0.6758
1 0.2124 0.6750
1 0.2126 0.6742
1 0.2127 0.6734
1 0.2129 0.6726
1 0.2129 0.6718
1 0.2129 0.6710
1 0.2129 0.6702
1 0.2128 0.6693
1 0.2126 0.6685
1 0.2124 0.6677
1 0.2122 0.6669
1 0.2119 0.6662
1 0.2115 0.6654
1 0.2111 0.6646
1 0.2107 0.6639
1 0.2102 0.6633
1 0.2098 0.6626
1 0.2092 0.6620
1 0.2086 0.6614
1 0.2080 0.6609
1 0.2073 0.6604
1 0.2066 0.6599
1 0.2059 0.6595
1 0.2052 0.6592
1 0.2044 0.6589
1 0.2037 0.6586
1 0.2029 0.6583
1 0.2021 0.6582
1 0.2012 0.6581
1 0.2004 0.6580
1 0.1996 0.6579
1 0.1800 0.6579
1 0.1800 0.5485
1 0.1800 0.5485
1 0.1800 0.5466
1 0.1799 0.5446
1 0.1798 0.5426
1 0.1796 0.5407
1 0.1794 0.5388
1 0.1791 0.5369
1 0.1789 0.5350
1 0.1785 0.5330
1 0.1781 0.5311
1 0.1777 0.5293
1 0.1772 0.5274
1 0.1766 0.5255
1 0.1761 0.5237
1 0.1754 0.5218
1 0.1748 0.5200
1 0.1741 0.5182
1 0.1733 0.5164
1 0.1725 0.5146
1 0.1717 0.5129
1 0.1708 0.5112
1 0.1356 0.4445
1 0.1356 0.4445
1 0.1347 0.4427
1 0.1339 0.4410
1 0.1331 0.4392
1 0.1323 0.4374
1 0.1316 0.4357
1 0.1310 0.4338
1 0.1303 0.4320
1 0.1298 0.4302
1 0.1292 0.4282
1 0.1287 0.4264
1 0.1283 0.4245
1 0.1279 0.4226
1 0.1275 0.4207
1 0.1273 0.4188
1 0.1270 0.4169
1 0.1268 0.4150
1 0.1266 0.4130
1 0.1265 0.4110
1 0.1264 0.4091
112 1250 106
0 -0.0534 0.5650
1 -0.0534 0.7988
1 0.0534 0.7988
1 0.0534 0.5650
1 0.0534 0.5650
1 0.0534 0.5633
1 0.0533 0.5616
1 0.0532 0.5600
1 0.0530 0.5583
1 0.0528 0.5566
1 0.0526 0.5550
1 0.0522 0.5534
1 0.0519 0.5518
1 0.0515 0.5502
1 0.0510 0.5486
1 0.0506 0.5470
1 0.0500 0.5454
1 0.0494 0.5438
1 0.0487 0.5423
1 0.0480 0.5409
1 0.0473 0.5394
1 0.0465 0.5379
1 0.0457 0.5365
1 0.0448 0.5350
1 0.0438 0.5337
1 0.0429 0.5323
1 0.0419 0.5310
1 0.0408 0.5297
1 0.0398 0.5285
1 0.0386 0.5273
1 0.0374 0.5261
1 0.0362 0.5249
1 0.0350 0.5238
1 0.0338 0.5227
1 0.0325 0.5217
1 0.0311 0.5207
1 0.0298 0.5198
1 0.0283 0.5189
1 0.0270 0.5180
1 0.0255 0.5172
1 0.0240 0.5164
1 0.0226 0.5157
1 0.0210 0.5150
1 0.0194 0.5144
1 0.0179 0.5138
1 0.0163 0.5133
1 0.0147 0.5128
1 0.0131 0.5123
1 0.0115 0.5119
1 0.0099 0.5116
1 0.0082 0.5114
1 0.0066 0.5111
1 0.0050 0.5110
1 0.0033 0.5108
1 0.0017 0.5107
1 0.0000 0.5107
1 -0.0017 0.5107
1 -0.0034 0.5108
1 -0.0050 0.5110
1 -0.0066 0.5111
1 -0.0082 0.5114
1 -0.0099 0.5116
1 -0.0115 0.5119
1 -0.0131 0.5123
1 -0.0147 0.5128
1 -0.0163 0.5133
1 -0.0179 0.5138
1 -0.0194 0.5144
1 -0.0210 0.5150
1 -0.0226 0.5157
1 -0.0240 0.5164
1 -0.0255 0.5172
1 -0.0270 0.5180
1 -0.0283 0.5189
1 -0.0298 0.5198
1 -0.0311 0.5207
1 -0.0325 0.5217
1 -0.0338 0.5227
1 -0.0350 0.5238
1 -0.0362 0.5249
1 -0.0374 0.5261
1 -0.0386 0.5273
1 -0.0398 0.5285
1 -0.0408 0.5297
1 -0.0419 0.5310
1 -0.0429 0.5323
1 -0.0438 0.5337
1 -0.0448 0.5350
1 -0.0457 0.5365
1 -0.0465 0.5379
1 -0.0473 0.5394
1 -0.0480 0.5409
1 -0.0487 0.5423
1 -0.0494 0.5438
1 -0.0500 0.5454
1 -0.0506 0.5470
1 -0.0510 0.5486
1 -0.0515 0.5502
1 -0.0519 0.5518
1 -0.0522 0.5534
1 -0.0526 0.5550
1 -0.0528 0.5566
1 -0.0530 0.5583
1 -0.0532 0.5600
1 -0.0533 0.5616
1 -0.0534 0.5633
112 1250 171
0 -0.1802 0.7619
1 -0.1136 0.7619
1 -0.1136 0.5694
1 -0.1136 0.5694
1 -0.1136 0.5675
1 -0.1135 0.5656
1 -0.1134 0.5637
1 -0.1132 0.5617
1 -0.1130 0.5598
1 -0.1127 0.5578
1 -0.1125 0.5559
1 -0.1121 0.5540
1 -0.1117 0.5522
1 -0.1113 0.5502
1 -0.1108 0.5484
1 -0.1102 0.5465
1 -0.1097 0.5446
1 -0.1090 0.5428
1 -0.1083 0.5410
1 -0.1077 0.5392
1 -0.1069 0.5374
1 -0.1061 0.5356
1 -0.1053 0.5339
1 -0.1044 0.5322
1 -0.0692 0.4654
1 -0.0692 0.4654
1 -0.0683 0.4638
1 -0.0675 0.4620
1 -0.0667 0.4602
1 -0.0659 0.4584
1 -0.0652 0.4566
1 -0.0646 0.4548
1 -0.0639 0.4530
1 -0.0634 0.4511
1 -0.0628 0.4493
1 -0.0623 0.4474
1 -0.0619 0.4455
1 -0.0615 0.4436
1 -0.0611 0.4417
1 -0.0609 0.4398
1 -0.0606 0.4378
1 -0.0604 0.4359
1 -0.0602 0.4340
1 -0.0601 0.4321
1 -0.0600 0.4301
1 -0.0600 0.4282
1 -0.0600 0.3940
1 -0.0404 0.3940
1 -0.0404 0.3940
1 -0.0396 0.3940
1 -0.0388 0.3939
1 -0.0379 0.3938
1 -0.0371 0.3936
1 -0.0363 0.3934
1 -0.0356 0.3931
1 -0.0348 0.3928
1 -0.0341 0.3924
1 -0.0334 0.3920
1 -0.0327 0.3916
1 -0.0320 0.3910
1 -0.0314 0.3906
1 -0.0308 0.3899
1 -0.0302 0.3894
1 -0.0298 0.3887
1 -0.0293 0.3880
1 -0.0288 0.3873
1 -0.0285 0.3866
1 -0.0281 0.3858
1 -0.0278 0.3850
1 -0.0276 0.3842
1 -0.0274 0.3834
1 -0.0272 0.3826
1 -0.0271 0.3818
1 -0.0271 0.3810
1 -0.0271 0.3802
1 -0.0271 0.3794
1 -0.0273 0.3786
1 -0.0274 0.3778
1 -0.0276 0.3770
1 -0.0278 0.3762
1 -0.0282 0.3754
1 -0.0286 0.3746
1 -0.0290 0.3739
1 -0.0294 0.3732
1 -0.0298 0.3726
1 -0.0934 0.2900
1 -0.1568 0.3726
1 -0.1568 0.3726
1 -0.1573 0.3732
1 -0.1578 0.3739
1 -0.1582 0.3746
1 -0.1585 0.3754
1 -0.1588 0.3762
1 -0.1590 0.3770
1 -0.1593 0.3778
1 -0.1594 0.3786
1 -0.1595 0.3794
1 -0.1596 0.3802
1 -0.1596 0.3810
1 -0.1595 0.3818
1 -0.1594 0.3826
1 -0.1593 0.3834
1 -0.1591 0.3842
1 -0.1589 0.3850
1 -0.1586 0.3858
1 -0.1582 0.3866
1 -0.1578 0.3873
1 -0.1574 0.3880
1 -0.1570 0.3887
1 -0.1564 0.3894
1 -0.1558 0.3899
1 -0.1553 0.3906
1 -0.1546 0.3910
1 -0.1540 0.3916
1 -0.1533 0.3920
1 -0.1526 0.3924
1 -0.1518 0.3928
1 -0.1511 0.3931
1 -0.1503 0.3934
1 -0.1495 0.3936
1 -0.1487 0.3938
1 -0.1479 0.3939
1 -0.1470 0.3940
1 -0.1462 0.3940
1 -0.1266 0.3940
1 -0.1266 0.4117
1 -0.1266 0.4117
1 -0.1267 0.4136
1 -0.1267 0.4156
1 -0.1269 0.4175
1 -0.1270 0.4194
1 -0.1273 0.4214
1 -0.1275 0.4233
1 -0.1278 0.4252
1 -0.1282 0.4271
1 -0.1286 0.4290
1 -0.1290 0.4309
1 -0.1295 0.4328
1 -0.1300 0.4346
1 -0.1306 0.4365
1 -0.1312 0.4383
1 -0.1319 0.4402
1 -0.1326 0.4419
1 -0.1334 0.4438
1 -0.1342 0.4455
1 -0.1350 0.4473
1 -0.1359 0.4490
1 -0.1679 0.5098
1 -0.1679 0.5098
1 -0.1690 0.5119
1 -0.1701 0.5141
1 -0.1710 0.5162
1 -0.1720 0.5183
1 -0.1729 0.5205
1 -0.1737 0.5227
1 -0.1745 0.5250
1 -0.1752 0.5272
1 -0.1759 0.5294
1 -0.1766 0.5317
1 -0.1771 0.5339
1 -0.1777 0.5362
1 -0.1782 0.5386
1 -0.1786 0.5409
1 -0.1790 0.5432
1 -0.1794 0.5455
1 -0.1796 0.5478
1 -0.1798 0.5502
1 -0.1800 0.5525
1 -0.1802 0.5549
1 -0.1802 0.5572
1 -0.1802 0.5596
