SEcl_PF-7
3280 10 1 1 0 0 0 0 0 0 1 1
1.000
112 1253 229
0 -0.0434 1.0623
1 -0.5223 0.5834
1 -0.5235 0.5822
1 -0.5246 0.5809
1 -0.5258 0.5796
1 -0.5269 0.5782
1 -0.5279 0.5769
1 -0.5290 0.5755
1 -0.5299 0.5741
1 -0.5309 0.5726
1 -0.5318 0.5712
1 -0.5326 0.5697
1 -0.5334 0.5682
1 -0.5342 0.5666
1 -0.5349 0.5650
1 -0.5356 0.5635
1 -0.5362 0.5619
1 -0.5368 0.5602
1 -0.5374 0.5586
1 -0.5378 0.5570
1 -0.5383 0.5554
1 -0.5387 0.5537
1 -0.5391 0.5520
1 -0.5394 0.5502
1 -0.5397 0.5486
1 -0.5399 0.5469
1 -0.5401 0.5451
1 -0.5402 0.5434
1 -0.5402 0.5418
1 -0.5402 0.5400
1 -0.5402 0.5382
1 -0.5402 0.5366
1 -0.5401 0.5349
1 -0.5399 0.5331
1 -0.5397 0.5314
1 -0.5394 0.5298
1 -0.5391 0.5280
1 -0.5387 0.5263
1 -0.5383 0.5246
1 -0.5378 0.5230
1 -0.5374 0.5214
1 -0.5368 0.5198
1 -0.5362 0.5181
1 -0.5356 0.5165
1 -0.5349 0.5150
1 -0.5342 0.5134
1 -0.5334 0.5118
1 -0.5326 0.5103
1 -0.5318 0.5088
1 -0.5309 0.5074
1 -0.5299 0.5059
1 -0.5290 0.5045
1 -0.5279 0.5031
1 -0.5269 0.5018
1 -0.5258 0.5004
1 -0.5246 0.4991
1 -0.5235 0.4978
1 -0.5223 0.4966
1 -0.0434 0.0177
1 -0.0422 0.0165
1 -0.0409 0.0154
1 -0.0396 0.0142
1 -0.0382 0.0131
1 -0.0369 0.0121
1 -0.0355 0.0110
1 -0.0341 0.0101
1 -0.0326 0.0091
1 -0.0312 0.0082
1 -0.0297 0.0074
1 -0.0282 0.0066
1 -0.0266 0.0058
1 -0.0250 0.0051
1 -0.0235 0.0044
1 -0.0219 0.0038
1 -0.0202 0.0032
1 -0.0186 0.0026
1 -0.0170 0.0022
1 -0.0154 0.0017
1 -0.0137 0.0013
1 -0.0120 0.0009
1 -0.0102 0.0006
1 -0.0086 0.0003
1 -0.0069 0.0001
1 -0.0051 -0.0001
1 -0.0034 -0.0002
1 -0.0018 -0.0002
1 0.0000 -0.0002
1 0.0018 -0.0002
1 0.0034 -0.0002
1 0.0051 -0.0001
1 0.0069 0.0001
1 0.0086 0.0003
1 0.0102 0.0006
1 0.0120 0.0009
1 0.0137 0.0013
1 0.0154 0.0017
1 0.0170 0.0022
1 0.0186 0.0026
1 0.0202 0.0032
1 0.0219 0.0038
1 0.0235 0.0044
1 0.0250 0.0051
1 0.0266 0.0058
1 0.0282 0.0066
1 0.0297 0.0074
1 0.0312 0.0082
1 0.0326 0.0091
1 0.0341 0.0101
1 0.0355 0.0110
1 0.0369 0.0121
1 0.0382 0.0131
1 0.0396 0.0142
1 0.0409 0.0154
1 0.0422 0.0165
1 0.0434 0.0177
1 0.5223 0.4966
1 0.5235 0.4978
1 0.5246 0.4991
1 0.5258 0.5004
1 0.5269 0.5018
1 0.5279 0.5031
1 0.5290 0.5045
1 0.5299 0.5059
1 0.5309 0.5074
1 0.5318 0.5088
1 0.5326 0.5103
1 0.5334 0.5118
1 0.5342 0.5134
1 0.5349 0.5150
1 0.5356 0.5165
1 0.5362 0.5181
1 0.5368 0.5198
1 0.5374 0.5214
1 0.5378 0.5230
1 0.5383 0.5246
1 0.5387 0.5263
1 0.5391 0.5280
1 0.5394 0.5298
1 0.5397 0.5314
1 0.5399 0.5331
1 0.5401 0.5349
1 0.5402 0.5366
1 0.5402 0.5382
1 0.5402 0.5400
1 0.5402 0.5418
1 0.5402 0.5434
1 0.5401 0.5451
1 0.5399 0.5469
1 0.5397 0.5486
1 0.5394 0.5502
1 0.5391 0.5520
1 0.5387 0.5537
1 0.5383 0.5554
1 0.5378 0.5570
1 0.5374 0.5586
1 0.5368 0.5602
1 0.5362 0.5619
1 0.5356 0.5635
1 0.5349 0.5650
1 0.5342 0.5666
1 0.5334 0.5682
1 0.5326 0.5697
1 0.5318 0.5712
1 0.5309 0.5726
1 0.5299 0.5741
1 0.5290 0.5755
1 0.5279 0.5769
1 0.5269 0.5782
1 0.5258 0.5796
1 0.5246 0.5809
1 0.5235 0.5822
1 0.5223 0.5834
1 0.0434 1.0623
1 0.0422 1.0635
1 0.0409 1.0646
1 0.0396 1.0658
1 0.0382 1.0669
1 0.0369 1.0679
1 0.0355 1.0690
1 0.0341 1.0699
1 0.0326 1.0709
1 0.0312 1.0718
1 0.0297 1.0726
1 0.0282 1.0734
1 0.0266 1.0742
1 0.0250 1.0749
1 0.0235 1.0756
1 0.0219 1.0762
1 0.0202 1.0768
1 0.0186 1.0774
1 0.0170 1.0778
1 0.0154 1.0783
1 0.0137 1.0787
1 0.0120 1.0791
1 0.0102 1.0794
1 0.0086 1.0797
1 0.0069 1.0799
1 0.0051 1.0801
1 0.0034 1.0802
1 0.0018 1.0802
1 0.0000 1.0802
1 -0.0018 1.0802
1 -0.0034 1.0802
1 -0.0051 1.0801
1 -0.0069 1.0799
1 -0.0086 1.0797
1 -0.0102 1.0794
1 -0.0120 1.0791
1 -0.0137 1.0787
1 -0.0154 1.0783
1 -0.0170 1.0778
1 -0.0186 1.0774
1 -0.0202 1.0768
1 -0.0219 1.0762
1 -0.0235 1.0756
1 -0.0250 1.0749
1 -0.0266 1.0742
1 -0.0282 1.0734
1 -0.0297 1.0726
1 -0.0312 1.0718
1 -0.0326 1.0709
1 -0.0341 1.0699
1 -0.0355 1.0690
1 -0.0369 1.0679
1 -0.0382 1.0669
1 -0.0396 1.0658
1 -0.0409 1.0646
1 -0.0422 1.0635
1 -0.0434 1.0623
112 1250 197
0 -0.0340 1.0529
1 -0.5129 0.5740
1 -0.5139 0.5728
1 -0.5150 0.5717
1 -0.5160 0.5705
1 -0.5170 0.5692
1 -0.5179 0.5680
1 -0.5188 0.5667
1 -0.5197 0.5654
1 -0.5205 0.5640
1 -0.5213 0.5626
1 -0.5220 0.5613
1 -0.5226 0.5598
1 -0.5233 0.5584
1 -0.5238 0.5569
1 -0.5244 0.5554
1 -0.5249 0.5539
1 -0.5253 0.5524
1 -0.5257 0.5509
1 -0.5260 0.5494
1 -0.5263 0.5478
1 -0.5266 0.5462
1 -0.5267 0.5447
1 -0.5268 0.5431
1 -0.5269 0.5416
1 -0.5270 0.5400
1 -0.5269 0.5384
1 -0.5268 0.5369
1 -0.5267 0.5353
1 -0.5266 0.5338
1 -0.5263 0.5322
1 -0.5260 0.5306
1 -0.5257 0.5291
1 -0.5253 0.5276
1 -0.5249 0.5261
1 -0.5244 0.5246
1 -0.5238 0.5231
1 -0.5233 0.5216
1 -0.5226 0.5202
1 -0.5220 0.5187
1 -0.5213 0.5174
1 -0.5205 0.5160
1 -0.5197 0.5146
1 -0.5188 0.5133
1 -0.5179 0.5120
1 -0.5170 0.5108
1 -0.5160 0.5095
1 -0.5150 0.5083
1 -0.5139 0.5072
1 -0.5129 0.5060
1 -0.0340 0.0271
1 -0.0328 0.0261
1 -0.0317 0.0250
1 -0.0305 0.0240
1 -0.0292 0.0230
1 -0.0280 0.0221
1 -0.0267 0.0212
1 -0.0254 0.0203
1 -0.0240 0.0195
1 -0.0226 0.0187
1 -0.0213 0.0180
1 -0.0198 0.0174
1 -0.0184 0.0167
1 -0.0169 0.0162
1 -0.0154 0.0156
1 -0.0139 0.0151
1 -0.0124 0.0147
1 -0.0109 0.0143
1 -0.0094 0.0140
1 -0.0078 0.0137
1 -0.0062 0.0134
1 -0.0047 0.0133
1 -0.0031 0.0132
1 -0.0016 0.0131
1 0.0000 0.0130
1 0.0016 0.0131
1 0.0031 0.0132
1 0.0047 0.0133
1 0.0062 0.0134
1 0.0078 0.0137
1 0.0094 0.0140
1 0.0109 0.0143
1 0.0124 0.0147
1 0.0139 0.0151
1 0.0154 0.0156
1 0.0169 0.0162
1 0.0184 0.0167
1 0.0198 0.0174
1 0.0213 0.0180
1 0.0226 0.0187
1 0.0240 0.0195
1 0.0254 0.0203
1 0.0267 0.0212
1 0.0280 0.0221
1 0.0292 0.0230
1 0.0305 0.0240
1 0.0317 0.0250
1 0.0328 0.0261
1 0.0340 0.0271
1 0.5129 0.5060
1 0.5139 0.5072
1 0.5150 0.5083
1 0.5160 0.5095
1 0.5170 0.5108
1 0.5179 0.5120
1 0.5188 0.5133
1 0.5197 0.5146
1 0.5205 0.5160
1 0.5213 0.5174
1 0.5220 0.5187
1 0.5226 0.5202
1 0.5233 0.5216
1 0.5238 0.5231
1 0.5244 0.5246
1 0.5249 0.5261
1 0.5253 0.5276
1 0.5257 0.5291
1 0.5260 0.5306
1 0.5263 0.5322
1 0.5266 0.5338
1 0.5267 0.5353
1 0.5268 0.5369
1 0.5269 0.5384
1 0.5270 0.5400
1 0.5269 0.5416
1 0.5268 0.5431
1 0.5267 0.5447
1 0.5266 0.5462
1 0.5263 0.5478
1 0.5260 0.5494
1 0.5257 0.5509
1 0.5253 0.5524
1 0.5249 0.5539
1 0.5244 0.5554
1 0.5238 0.5569
1 0.5233 0.5584
1 0.5226 0.5598
1 0.5220 0.5613
1 0.5213 0.5626
1 0.5205 0.5640
1 0.5197 0.5654
1 0.5188 0.5667
1 0.5179 0.5680
1 0.5170 0.5692
1 0.5160 0.5705
1 0.5150 0.5717
1 0.5139 0.5728
1 0.5129 0.5740
1 0.0340 1.0529
1 0.0328 1.0539
1 0.0317 1.0550
1 0.0305 1.0560
1 0.0292 1.0570
1 0.0280 1.0579
1 0.0267 1.0588
1 0.0254 1.0597
1 0.0240 1.0605
1 0.0226 1.0613
1 0.0213 1.0620
1 0.0198 1.0626
1 0.0184 1.0633
1 0.0169 1.0638
1 0.0154 1.0644
1 0.0139 1.0649
1 0.0124 1.0653
1 0.0109 1.0657
1 0.0094 1.0660
1 0.0078 1.0663
1 0.0062 1.0666
1 0.0047 1.0667
1 0.0031 1.0668
1 0.0016 1.0669
1 0.0000 1.0670
1 -0.0016 1.0669
1 -0.0031 1.0668
1 -0.0047 1.0667
1 -0.0062 1.0666
1 -0.0078 1.0663
1 -0.0094 1.0660
1 -0.0109 1.0657
1 -0.0124 1.0653
1 -0.0139 1.0649
1 -0.0154 1.0644
1 -0.0169 1.0638
1 -0.0184 1.0633
1 -0.0198 1.0626
1 -0.0213 1.0620
1 -0.0226 1.0613
1 -0.0240 1.0605
1 -0.0254 1.0597
1 -0.0267 1.0588
1 -0.0280 1.0579
1 -0.0292 1.0570
1 -0.0305 1.0560
1 -0.0317 1.0550
1 -0.0328 1.0539
1 -0.0340 1.0529
112 1253 133
0 -0.4940 0.5551
1 -0.0151 1.0340
1 -0.0143 1.0347
1 -0.0135 1.0354
1 -0.0127 1.0361
1 -0.0118 1.0366
1 -0.0110 1.0372
1 -0.0101 1.0378
1 -0.0091 1.0382
1 -0.0082 1.0386
1 -0.0072 1.0390
1 -0.0062 1.0394
1 -0.0052 1.0396
1 -0.0042 1.0398
1 -0.0031 1.0400
1 -0.0021 1.0402
1 -0.0010 1.0402
1 0.0000 1.0402
1 0.0010 1.0402
1 0.0021 1.0402
1 0.0031 1.0400
1 0.0042 1.0398
1 0.0052 1.0396
1 0.0062 1.0394
1 0.0072 1.0390
1 0.0082 1.0386
1 0.0091 1.0382
1 0.0101 1.0378
1 0.0110 1.0372
1 0.0118 1.0366
1 0.0127 1.0361
1 0.0135 1.0354
1 0.0143 1.0347
1 0.0151 1.0340
1 0.4940 0.5551
1 0.4947 0.5543
1 0.4954 0.5535
1 0.4961 0.5527
1 0.4966 0.5518
1 0.4972 0.5510
1 0.4978 0.5501
1 0.4982 0.5491
1 0.4986 0.5482
1 0.4990 0.5472
1 0.4994 0.5462
1 0.4996 0.5452
1 0.4998 0.5442
1 0.5000 0.5431
1 0.5002 0.5421
1 0.5002 0.5410
1 0.5002 0.5400
1 0.5002 0.5390
1 0.5002 0.5379
1 0.5000 0.5369
1 0.4998 0.5358
1 0.4996 0.5348
1 0.4994 0.5338
1 0.4990 0.5328
1 0.4986 0.5318
1 0.4982 0.5309
1 0.4978 0.5299
1 0.4972 0.5290
1 0.4966 0.5282
1 0.4961 0.5273
1 0.4954 0.5265
1 0.4947 0.5257
1 0.4940 0.5249
1 0.0151 0.0460
1 0.0143 0.0453
1 0.0135 0.0446
1 0.0127 0.0439
1 0.0118 0.0434
1 0.0110 0.0428
1 0.0101 0.0422
1 0.0091 0.0418
1 0.0082 0.0414
1 0.0072 0.0410
1 0.0062 0.0406
1 0.0052 0.0404
1 0.0042 0.0402
1 0.0031 0.0400
1 0.0021 0.0398
1 0.0010 0.0398
1 0.0000 0.0398
1 -0.0010 0.0398
1 -0.0021 0.0398
1 -0.0031 0.0400
1 -0.0042 0.0402
1 -0.0052 0.0404
1 -0.0062 0.0406
1 -0.0072 0.0410
1 -0.0082 0.0414
1 -0.0091 0.0418
1 -0.0101 0.0422
1 -0.0110 0.0428
1 -0.0118 0.0434
1 -0.0127 0.0439
1 -0.0135 0.0446
1 -0.0143 0.0453
1 -0.0151 0.0460
1 -0.4940 0.5249
1 -0.4947 0.5257
1 -0.4954 0.5265
1 -0.4961 0.5273
1 -0.4966 0.5282
1 -0.4972 0.5290
1 -0.4978 0.5299
1 -0.4982 0.5309
1 -0.4986 0.5318
1 -0.4990 0.5328
1 -0.4994 0.5338
1 -0.4996 0.5348
1 -0.4998 0.5358
1 -0.5000 0.5369
1 -0.5002 0.5379
1 -0.5002 0.5390
1 -0.5002 0.5400
1 -0.5002 0.5410
1 -0.5002 0.5421
1 -0.5000 0.5431
1 -0.4998 0.5442
1 -0.4996 0.5452
1 -0.4994 0.5462
1 -0.4990 0.5472
1 -0.4986 0.5482
1 -0.4982 0.5491
1 -0.4978 0.5501
1 -0.4972 0.5510
1 -0.4966 0.5518
1 -0.4961 0.5527
1 -0.4954 0.5535
1 -0.4947 0.5543
1 -0.4940 0.5551
112 1250 8
0 0.1617 0.4320
1 0.2217 0.3720
1 0.1617 0.3120
1 0.1617 0.3634
1 0.1417 0.3634
1 0.1417 0.3806
1 0.1617 0.3806
1 0.1617 0.4320
112 1250 8
0 -0.2217 0.3720
1 -0.1617 0.4320
1 -0.1617 0.3806
1 -0.1417 0.3806
1 -0.1417 0.3634
1 -0.1617 0.3634
1 -0.1617 0.3120
1 -0.2217 0.3720
112 1250 197
0 -0.2300 0.7434
1 0.0786 0.7434
1 0.0786 0.6954
1 0.1500 0.6954
1 0.1734 0.6240
1 0.2446 0.6240
1 0.2446 0.5600
1 0.2686 0.5600
1 0.2686 0.5400
1 0.2306 0.5400
1 0.2306 0.5416
1 0.2306 0.5432
1 0.2304 0.5447
1 0.2302 0.5463
1 0.2300 0.5478
1 0.2297 0.5494
1 0.2294 0.5510
1 0.2290 0.5525
1 0.2285 0.5540
1 0.2280 0.5555
1 0.2274 0.5570
1 0.2268 0.5585
1 0.2262 0.5599
1 0.2254 0.5613
1 0.2247 0.5627
1 0.2239 0.5641
1 0.2230 0.5654
1 0.2222 0.5667
1 0.2213 0.5680
1 0.2202 0.5693
1 0.2193 0.5705
1 0.2182 0.5716
1 0.2171 0.5728
1 0.2159 0.5738
1 0.2148 0.5750
1 0.2136 0.5759
1 0.2123 0.5769
1 0.2110 0.5778
1 0.2098 0.5787
1 0.2084 0.5796
1 0.2070 0.5804
1 0.2057 0.5811
1 0.2042 0.5818
1 0.2028 0.5825
1 0.2014 0.5831
1 0.1998 0.5837
1 0.1983 0.5842
1 0.1968 0.5846
1 0.1953 0.5850
1 0.1938 0.5854
1 0.1922 0.5857
1 0.1906 0.5859
1 0.1890 0.5861
1 0.1875 0.5862
1 0.1859 0.5863
1 0.1843 0.5863
1 0.1827 0.5863
1 0.1812 0.5862
1 0.1796 0.5861
1 0.1780 0.5859
1 0.1765 0.5857
1 0.1749 0.5854
1 0.1734 0.5850
1 0.1718 0.5846
1 0.1703 0.5842
1 0.1688 0.5837
1 0.1674 0.5831
1 0.1658 0.5825
1 0.1644 0.5818
1 0.1630 0.5811
1 0.1616 0.5804
1 0.1602 0.5796
1 0.1590 0.5787
1 0.1576 0.5778
1 0.1563 0.5769
1 0.1551 0.5759
1 0.1539 0.5750
1 0.1527 0.5738
1 0.1516 0.5728
1 0.1505 0.5716
1 0.1494 0.5705
1 0.1484 0.5693
1 0.1474 0.5680
1 0.1465 0.5667
1 0.1456 0.5654
1 0.1447 0.5641
1 0.1439 0.5627
1 0.1432 0.5613
1 0.1425 0.5599
1 0.1418 0.5585
1 0.1412 0.5570
1 0.1406 0.5555
1 0.1402 0.5540
1 0.1397 0.5525
1 0.1393 0.5510
1 0.1390 0.5494
1 0.1386 0.5478
1 0.1384 0.5463
1 0.1382 0.5447
1 0.1381 0.5432
1 0.1380 0.5416
1 0.1380 0.5400
1 -0.1000 0.5400
1 -0.1000 0.5416
1 -0.1001 0.5432
1 -0.1002 0.5447
1 -0.1004 0.5463
1 -0.1006 0.5478
1 -0.1010 0.5494
1 -0.1013 0.5510
1 -0.1017 0.5525
1 -0.1022 0.5540
1 -0.1026 0.5555
1 -0.1032 0.5570
1 -0.1038 0.5585
1 -0.1045 0.5599
1 -0.1052 0.5613
1 -0.1059 0.5627
1 -0.1067 0.5641
1 -0.1076 0.5654
1 -0.1085 0.5667
1 -0.1094 0.5680
1 -0.1104 0.5693
1 -0.1114 0.5705
1 -0.1125 0.5716
1 -0.1136 0.5728
1 -0.1147 0.5738
1 -0.1159 0.5750
1 -0.1171 0.5759
1 -0.1183 0.5769
1 -0.1196 0.5778
1 -0.1210 0.5787
1 -0.1222 0.5796
1 -0.1236 0.5804
1 -0.1250 0.5811
1 -0.1264 0.5818
1 -0.1278 0.5825
1 -0.1294 0.5831
1 -0.1308 0.5837
1 -0.1323 0.5842
1 -0.1338 0.5846
1 -0.1354 0.5850
1 -0.1369 0.5854
1 -0.1385 0.5857
1 -0.1400 0.5859
1 -0.1416 0.5861
1 -0.1432 0.5862
1 -0.1447 0.5863
1 -0.1463 0.5863
1 -0.1479 0.5863
1 -0.1495 0.5862
1 -0.1510 0.5861
1 -0.1526 0.5859
1 -0.1542 0.5857
1 -0.1558 0.5854
1 -0.1573 0.5850
1 -0.1588 0.5846
1 -0.1603 0.5842
1 -0.1618 0.5837
1 -0.1634 0.5831
1 -0.1648 0.5825
1 -0.1662 0.5818
1 -0.1677 0.5811
1 -0.1690 0.5804
1 -0.1704 0.5796
1 -0.1718 0.5787
1 -0.1730 0.5778
1 -0.1743 0.5769
1 -0.1756 0.5759
1 -0.1768 0.5750
1 -0.1779 0.5738
1 -0.1791 0.5728
1 -0.1802 0.5716
1 -0.1813 0.5705
1 -0.1822 0.5693
1 -0.1833 0.5680
1 -0.1842 0.5667
1 -0.1850 0.5654
1 -0.1859 0.5641
1 -0.1867 0.5627
1 -0.1874 0.5613
1 -0.1882 0.5599
1 -0.1888 0.5585
1 -0.1894 0.5570
1 -0.1900 0.5555
1 -0.1905 0.5540
1 -0.1910 0.5525
1 -0.1914 0.5510
1 -0.1917 0.5494
1 -0.1920 0.5478
1 -0.1922 0.5463
1 -0.1924 0.5447
1 -0.1926 0.5432
1 -0.1926 0.5416
1 -0.1926 0.5400
1 -0.2300 0.5400
1 -0.2300 0.7434
112 1250 173
0 -0.1070 0.5400
1 -0.1070 0.5414
1 -0.1071 0.5429
1 -0.1072 0.5443
1 -0.1074 0.5458
1 -0.1077 0.5471
1 -0.1079 0.5486
1 -0.1082 0.5499
1 -0.1086 0.5514
1 -0.1091 0.5527
1 -0.1096 0.5541
1 -0.1102 0.5554
1 -0.1107 0.5567
1 -0.1114 0.5580
1 -0.1120 0.5593
1 -0.1127 0.5605
1 -0.1135 0.5617
1 -0.1143 0.5629
1 -0.1152 0.5640
1 -0.1161 0.5652
1 -0.1170 0.5662
1 -0.1180 0.5673
1 -0.1190 0.5683
1 -0.1201 0.5693
1 -0.1212 0.5702
1 -0.1223 0.5711
1 -0.1234 0.5720
1 -0.1246 0.5728
1 -0.1258 0.5736
1 -0.1271 0.5743
1 -0.1283 0.5750
1 -0.1296 0.5756
1 -0.1310 0.5762
1 -0.1323 0.5767
1 -0.1336 0.5772
1 -0.1350 0.5777
1 -0.1364 0.5781
1 -0.1378 0.5784
1 -0.1392 0.5786
1 -0.1406 0.5789
1 -0.1420 0.5791
1 -0.1434 0.5792
1 -0.1449 0.5793
1 -0.1463 0.5794
1 -0.1478 0.5793
1 -0.1492 0.5792
1 -0.1506 0.5791
1 -0.1521 0.5789
1 -0.1534 0.5786
1 -0.1549 0.5784
1 -0.1563 0.5781
1 -0.1577 0.5777
1 -0.1590 0.5772
1 -0.1604 0.5767
1 -0.1617 0.5762
1 -0.1630 0.5756
1 -0.1643 0.5750
1 -0.1656 0.5743
1 -0.1668 0.5736
1 -0.1680 0.5728
1 -0.1692 0.5720
1 -0.1704 0.5711
1 -0.1715 0.5702
1 -0.1726 0.5693
1 -0.1736 0.5683
1 -0.1746 0.5673
1 -0.1756 0.5662
1 -0.1766 0.5652
1 -0.1774 0.5640
1 -0.1783 0.5629
1 -0.1791 0.5617
1 -0.1799 0.5605
1 -0.1806 0.5593
1 -0.1813 0.5580
1 -0.1819 0.5567
1 -0.1826 0.5554
1 -0.1830 0.5541
1 -0.1835 0.5527
1 -0.1840 0.5514
1 -0.1844 0.5499
1 -0.1847 0.5486
1 -0.1850 0.5471
1 -0.1853 0.5458
1 -0.1854 0.5443
1 -0.1856 0.5429
1 -0.1857 0.5414
1 -0.1857 0.5400
1 -0.1857 0.5386
1 -0.1856 0.5371
1 -0.1854 0.5357
1 -0.1853 0.5342
1 -0.1850 0.5329
1 -0.1847 0.5314
1 -0.1844 0.5301
1 -0.1840 0.5286
1 -0.1835 0.5273
1 -0.1830 0.5259
1 -0.1826 0.5246
1 -0.1819 0.5233
1 -0.1813 0.5220
1 -0.1806 0.5207
1 -0.1799 0.5195
1 -0.1791 0.5183
1 -0.1783 0.5171
1 -0.1774 0.5160
1 -0.1766 0.5148
1 -0.1756 0.5138
1 -0.1746 0.5127
1 -0.1736 0.5117
1 -0.1726 0.5107
1 -0.1715 0.5098
1 -0.1704 0.5089
1 -0.1692 0.5080
1 -0.1680 0.5072
1 -0.1668 0.5064
1 -0.1656 0.5057
1 -0.1643 0.5050
1 -0.1630 0.5044
1 -0.1617 0.5038
1 -0.1604 0.5033
1 -0.1590 0.5028
1 -0.1577 0.5023
1 -0.1563 0.5019
1 -0.1549 0.5016
1 -0.1534 0.5014
1 -0.1521 0.5011
1 -0.1506 0.5009
1 -0.1492 0.5008
1 -0.1478 0.5007
1 -0.1463 0.5006
1 -0.1449 0.5007
1 -0.1434 0.5008
1 -0.1420 0.5009
1 -0.1406 0.5011
1 -0.1392 0.5014
1 -0.1378 0.5016
1 -0.1364 0.5019
1 -0.1350 0.5023
1 -0.1336 0.5028
1 -0.1323 0.5033
1 -0.1310 0.5038
1 -0.1296 0.5044
1 -0.1283 0.5050
1 -0.1271 0.5057
1 -0.1258 0.5064
1 -0.1246 0.5072
1 -0.1234 0.5080
1 -0.1223 0.5089
1 -0.1212 0.5098
1 -0.1201 0.5107
1 -0.1190 0.5117
1 -0.1180 0.5127
1 -0.1170 0.5138
1 -0.1161 0.5148
1 -0.1152 0.5160
1 -0.1143 0.5171
1 -0.1135 0.5183
1 -0.1127 0.5195
1 -0.1120 0.5207
1 -0.1114 0.5220
1 -0.1107 0.5233
1 -0.1102 0.5246
1 -0.1096 0.5259
1 -0.1091 0.5273
1 -0.1086 0.5286
1 -0.1082 0.5301
1 -0.1079 0.5314
1 -0.1077 0.5329
1 -0.1074 0.5342
1 -0.1072 0.5357
1 -0.1071 0.5371
1 -0.1070 0.5386
1 -0.1070 0.5400
112 1253 5
0 0.0786 0.6240
1 0.1607 0.6240
1 0.1413 0.6834
1 0.0786 0.6834
1 0.0786 0.6240
112 1250 173
0 0.2237 0.5400
1 0.2237 0.5414
1 0.2236 0.5429
1 0.2234 0.5443
1 0.2233 0.5458
1 0.2230 0.5471
1 0.2227 0.5486
1 0.2224 0.5499
1 0.2220 0.5514
1 0.2215 0.5527
1 0.2210 0.5541
1 0.2206 0.5554
1 0.2199 0.5567
1 0.2193 0.5580
1 0.2186 0.5593
1 0.2179 0.5605
1 0.2171 0.5617
1 0.2163 0.5629
1 0.2154 0.5640
1 0.2146 0.5652
1 0.2136 0.5662
1 0.2126 0.5673
1 0.2116 0.5683
1 0.2106 0.5693
1 0.2095 0.5702
1 0.2084 0.5711
1 0.2072 0.5720
1 0.2060 0.5728
1 0.2048 0.5736
1 0.2036 0.5743
1 0.2023 0.5750
1 0.2010 0.5756
1 0.1997 0.5762
1 0.1984 0.5767
1 0.1970 0.5772
1 0.1957 0.5777
1 0.1943 0.5781
1 0.1929 0.5784
1 0.1914 0.5786
1 0.1901 0.5789
1 0.1886 0.5791
1 0.1872 0.5792
1 0.1858 0.5793
1 0.1843 0.5794
1 0.1829 0.5793
1 0.1814 0.5792
1 0.1800 0.5791
1 0.1786 0.5789
1 0.1772 0.5786
1 0.1758 0.5784
1 0.1744 0.5781
1 0.1730 0.5777
1 0.1716 0.5772
1 0.1703 0.5767
1 0.1690 0.5762
1 0.1676 0.5756
1 0.1663 0.5750
1 0.1651 0.5743
1 0.1638 0.5736
1 0.1626 0.5728
1 0.1614 0.5720
1 0.1603 0.5711
1 0.1592 0.5702
1 0.1581 0.5693
1 0.1570 0.5683
1 0.1560 0.5673
1 0.1550 0.5662
1 0.1541 0.5652
1 0.1532 0.5640
1 0.1523 0.5629
1 0.1515 0.5617
1 0.1507 0.5605
1 0.1500 0.5593
1 0.1494 0.5580
1 0.1487 0.5567
1 0.1482 0.5554
1 0.1476 0.5541
1 0.1471 0.5527
1 0.1466 0.5514
1 0.1462 0.5499
1 0.1459 0.5486
1 0.1457 0.5471
1 0.1454 0.5458
1 0.1452 0.5443
1 0.1451 0.5429
1 0.1450 0.5414
1 0.1450 0.5400
1 0.1450 0.5386
1 0.1451 0.5371
1 0.1452 0.5357
1 0.1454 0.5342
1 0.1457 0.5329
1 0.1459 0.5314
1 0.1462 0.5301
1 0.1466 0.5286
1 0.1471 0.5273
1 0.1476 0.5259
1 0.1482 0.5246
1 0.1487 0.5233
1 0.1494 0.5220
1 0.1500 0.5207
1 0.1507 0.5195
1 0.1515 0.5183
1 0.1523 0.5171
1 0.1532 0.5160
1 0.1541 0.5148
1 0.1550 0.5138
1 0.1560 0.5127
1 0.1570 0.5117
1 0.1581 0.5107
1 0.1592 0.5098
1 0.1603 0.5089
1 0.1614 0.5080
1 0.1626 0.5072
1 0.1638 0.5064
1 0.1651 0.5057
1 0.1663 0.5050
1 0.1676 0.5044
1 0.1690 0.5038
1 0.1703 0.5033
1 0.1716 0.5028
1 0.1730 0.5023
1 0.1744 0.5019
1 0.1758 0.5016
1 0.1772 0.5014
1 0.1786 0.5011
1 0.1800 0.5009
1 0.1814 0.5008
1 0.1829 0.5007
1 0.1843 0.5006
1 0.1858 0.5007
1 0.1872 0.5008
1 0.1886 0.5009
1 0.1901 0.5011
1 0.1914 0.5014
1 0.1929 0.5016
1 0.1943 0.5019
1 0.1957 0.5023
1 0.1970 0.5028
1 0.1984 0.5033
1 0.1997 0.5038
1 0.2010 0.5044
1 0.2023 0.5050
1 0.2036 0.5057
1 0.2048 0.5064
1 0.2060 0.5072
1 0.2072 0.5080
1 0.2084 0.5089
1 0.2095 0.5098
1 0.2106 0.5107
1 0.2116 0.5117
1 0.2126 0.5127
1 0.2136 0.5138
1 0.2146 0.5148
1 0.2154 0.5160
1 0.2163 0.5171
1 0.2171 0.5183
1 0.2179 0.5195
1 0.2186 0.5207
1 0.2193 0.5220
1 0.2199 0.5233
1 0.2206 0.5246
1 0.2210 0.5259
1 0.2215 0.5273
1 0.2220 0.5286
1 0.2224 0.5301
1 0.2227 0.5314
1 0.2230 0.5329
1 0.2233 0.5342
1 0.2234 0.5357
1 0.2236 0.5371
1 0.2237 0.5386
1 0.2237 0.5400
112 1250 193
0 0.0622 0.3818
1 0.0622 0.3818
1 0.0626 0.3822
1 0.0633 0.3826
1 0.0640 0.3832
1 0.0647 0.3837
1 0.0654 0.3841
1 0.0661 0.3845
1 0.0661 0.3845
1 0.0666 0.3847
1 0.0673 0.3850
1 0.0681 0.3854
1 0.0689 0.3857
1 0.0697 0.3860
1 0.0703 0.3862
1 0.0703 0.3862
1 0.0711 0.3865
1 0.0720 0.3866
1 0.0730 0.3869
1 0.0740 0.3870
1 0.0750 0.3871
1 0.0758 0.3871
1 0.0758 0.3871
1 0.0766 0.3871
1 0.0777 0.3870
1 0.0787 0.3868
1 0.0798 0.3866
1 0.0806 0.3863
1 0.0814 0.3860
1 0.0814 0.3860
1 0.0820 0.3857
1 0.0828 0.3853
1 0.0835 0.3849
1 0.0843 0.3844
1 0.0850 0.3840
1 0.0854 0.3837
1 0.0854 0.3837
1 0.0860 0.3832
1 0.0866 0.3826
1 0.0872 0.3820
1 0.0878 0.3814
1 0.0883 0.3808
1 0.0887 0.3802
1 0.0887 0.3802
1 0.0894 0.3808
1 0.0901 0.3814
1 0.0908 0.3820
1 0.0917 0.3826
1 0.0925 0.3832
1 0.0931 0.3837
1 0.0931 0.3837
1 0.0938 0.3840
1 0.0946 0.3844
1 0.0954 0.3849
1 0.0964 0.3853
1 0.0973 0.3857
1 0.0981 0.3860
1 0.0981 0.3860
1 0.0990 0.3863
1 0.1000 0.3866
1 0.1011 0.3868
1 0.1023 0.3870
1 0.1034 0.3871
1 0.1045 0.3871
1 0.1045 0.3871
1 0.1054 0.3870
1 0.1066 0.3870
1 0.1078 0.3867
1 0.1089 0.3865
1 0.1100 0.3862
1 0.1109 0.3858
1 0.1109 0.3858
1 0.1118 0.3854
1 0.1127 0.3848
1 0.1137 0.3841
1 0.1146 0.3834
1 0.1155 0.3826
1 0.1162 0.3819
1 0.1162 0.3819
1 0.1168 0.3811
1 0.1174 0.3802
1 0.1181 0.3791
1 0.1187 0.3779
1 0.1193 0.3768
1 0.1197 0.3758
1 0.1197 0.3758
1 0.1200 0.3747
1 0.1203 0.3734
1 0.1206 0.3718
1 0.1208 0.3703
1 0.1209 0.3689
1 0.1210 0.3676
1 0.1210 0.3291
1 0.1082 0.3291
1 0.1082 0.3646
1 0.1082 0.3646
1 0.1081 0.3662
1 0.1079 0.3676
1 0.1076 0.3690
1 0.1071 0.3703
1 0.1066 0.3714
1 0.1062 0.3721
1 0.1062 0.3721
1 0.1055 0.3727
1 0.1046 0.3732
1 0.1036 0.3737
1 0.1024 0.3741
1 0.1012 0.3742
1 0.1001 0.3743
1 0.1001 0.3743
1 0.0996 0.3743
1 0.0990 0.3743
1 0.0984 0.3742
1 0.0978 0.3741
1 0.0973 0.3740
1 0.0969 0.3739
1 0.0969 0.3739
1 0.0965 0.3738
1 0.0960 0.3737
1 0.0955 0.3735
1 0.0951 0.3734
1 0.0947 0.3732
1 0.0943 0.3730
1 0.0943 0.3730
1 0.0940 0.3728
1 0.0936 0.3726
1 0.0931 0.3724
1 0.0927 0.3722
1 0.0923 0.3719
1 0.0919 0.3717
1 0.0919 0.3717
1 0.0920 0.3715
1 0.0920 0.3713
1 0.0920 0.3711
1 0.0920 0.3709
1 0.0920 0.3706
1 0.0921 0.3705
1 0.0921 0.3705
1 0.0921 0.3703
1 0.0921 0.3701
1 0.0922 0.3698
1 0.0922 0.3696
1 0.0922 0.3694
1 0.0922 0.3691
1 0.0922 0.3691
1 0.0922 0.3689
1 0.0922 0.3686
1 0.0922 0.3683
1 0.0922 0.3681
1 0.0922 0.3678
1 0.0922 0.3676
1 0.0922 0.3291
1 0.0794 0.3291
1 0.0794 0.3646
1 0.0794 0.3646
1 0.0794 0.3662
1 0.0792 0.3676
1 0.0789 0.3690
1 0.0785 0.3703
1 0.0780 0.3714
1 0.0774 0.3721
1 0.0774 0.3721
1 0.0768 0.3727
1 0.0759 0.3732
1 0.0749 0.3737
1 0.0737 0.3741
1 0.0725 0.3742
1 0.0714 0.3743
1 0.0714 0.3743
1 0.0709 0.3743
1 0.0702 0.3743
1 0.0697 0.3742
1 0.0690 0.3741
1 0.0685 0.3740
1 0.0681 0.3739
1 0.0681 0.3739
1 0.0677 0.3738
1 0.0672 0.3737
1 0.0667 0.3735
1 0.0663 0.3734
1 0.0659 0.3732
1 0.0655 0.3730
1 0.0655 0.3730
1 0.0652 0.3729
1 0.0648 0.3726
1 0.0644 0.3724
1 0.0640 0.3722
1 0.0637 0.3720
1 0.0634 0.3718
1 0.0634 0.3291
1 0.0506 0.3291
1 0.0506 0.3846
1 0.0611 0.3871
