SEcl_PO-4
3299 5 1 1 0 0 0 0 0 0 1 1
1.000
112 1253 229
0 -0.0434 1.0626
1 -0.5223 0.5837
1 -0.5235 0.5824
1 -0.5246 0.5811
1 -0.5258 0.5798
1 -0.5269 0.5786
1 -0.5279 0.5772
1 -0.5290 0.5758
1 -0.5299 0.5744
1 -0.5309 0.5729
1 -0.5318 0.5714
1 -0.5326 0.5699
1 -0.5334 0.5684
1 -0.5342 0.5669
1 -0.5349 0.5654
1 -0.5356 0.5638
1 -0.5362 0.5622
1 -0.5368 0.5606
1 -0.5374 0.5589
1 -0.5378 0.5573
1 -0.5383 0.5556
1 -0.5387 0.5539
1 -0.5391 0.5522
1 -0.5394 0.5506
1 -0.5397 0.5489
1 -0.5399 0.5471
1 -0.5401 0.5454
1 -0.5402 0.5437
1 -0.5402 0.5420
1 -0.5402 0.5402
1 -0.5402 0.5386
1 -0.5402 0.5368
1 -0.5401 0.5351
1 -0.5399 0.5334
1 -0.5397 0.5317
1 -0.5394 0.5300
1 -0.5391 0.5283
1 -0.5387 0.5266
1 -0.5383 0.5250
1 -0.5378 0.5233
1 -0.5374 0.5216
1 -0.5368 0.5200
1 -0.5362 0.5184
1 -0.5356 0.5168
1 -0.5349 0.5152
1 -0.5342 0.5137
1 -0.5334 0.5121
1 -0.5326 0.5106
1 -0.5318 0.5091
1 -0.5309 0.5076
1 -0.5299 0.5062
1 -0.5290 0.5047
1 -0.5279 0.5034
1 -0.5269 0.5020
1 -0.5258 0.5006
1 -0.5246 0.4994
1 -0.5235 0.4981
1 -0.5223 0.4969
1 -0.0434 0.0180
1 -0.0422 0.0168
1 -0.0409 0.0156
1 -0.0396 0.0145
1 -0.0382 0.0134
1 -0.0369 0.0123
1 -0.0355 0.0113
1 -0.0341 0.0103
1 -0.0326 0.0094
1 -0.0312 0.0085
1 -0.0297 0.0077
1 -0.0282 0.0069
1 -0.0266 0.0061
1 -0.0250 0.0054
1 -0.0235 0.0046
1 -0.0219 0.0040
1 -0.0202 0.0034
1 -0.0186 0.0029
1 -0.0170 0.0024
1 -0.0154 0.0019
1 -0.0137 0.0015
1 -0.0120 0.0012
1 -0.0102 0.0009
1 -0.0086 0.0006
1 -0.0069 0.0004
1 -0.0051 0.0002
1 -0.0034 0.0001
1 -0.0018 0.0000
1 0.0000 0.0000
1 0.0018 0.0000
1 0.0034 0.0001
1 0.0051 0.0002
1 0.0069 0.0004
1 0.0086 0.0006
1 0.0102 0.0009
1 0.0120 0.0012
1 0.0137 0.0015
1 0.0154 0.0019
1 0.0170 0.0024
1 0.0186 0.0029
1 0.0202 0.0034
1 0.0219 0.0040
1 0.0235 0.0046
1 0.0250 0.0054
1 0.0266 0.0061
1 0.0282 0.0069
1 0.0297 0.0077
1 0.0312 0.0085
1 0.0326 0.0094
1 0.0341 0.0103
1 0.0355 0.0113
1 0.0369 0.0123
1 0.0382 0.0134
1 0.0396 0.0145
1 0.0409 0.0156
1 0.0422 0.0168
1 0.0434 0.0180
1 0.5223 0.4969
1 0.5235 0.4981
1 0.5246 0.4994
1 0.5258 0.5006
1 0.5269 0.5020
1 0.5279 0.5034
1 0.5290 0.5047
1 0.5299 0.5062
1 0.5309 0.5076
1 0.5318 0.5091
1 0.5326 0.5106
1 0.5334 0.5121
1 0.5342 0.5137
1 0.5349 0.5152
1 0.5356 0.5168
1 0.5362 0.5184
1 0.5368 0.5200
1 0.5374 0.5216
1 0.5378 0.5233
1 0.5383 0.5250
1 0.5387 0.5266
1 0.5391 0.5283
1 0.5394 0.5300
1 0.5397 0.5317
1 0.5399 0.5334
1 0.5401 0.5351
1 0.5402 0.5368
1 0.5402 0.5386
1 0.5402 0.5402
1 0.5402 0.5420
1 0.5402 0.5437
1 0.5401 0.5454
1 0.5399 0.5471
1 0.5397 0.5489
1 0.5394 0.5506
1 0.5391 0.5522
1 0.5387 0.5539
1 0.5383 0.5556
1 0.5378 0.5573
1 0.5374 0.5589
1 0.5368 0.5606
1 0.5362 0.5622
1 0.5356 0.5638
1 0.5349 0.5654
1 0.5342 0.5669
1 0.5334 0.5684
1 0.5326 0.5699
1 0.5318 0.5714
1 0.5309 0.5729
1 0.5299 0.5744
1 0.5290 0.5758
1 0.5279 0.5772
1 0.5269 0.5786
1 0.5258 0.5798
1 0.5246 0.5811
1 0.5235 0.5824
1 0.5223 0.5837
1 0.0434 1.0626
1 0.0422 1.0638
1 0.0409 1.0650
1 0.0396 1.0661
1 0.0382 1.0671
1 0.0369 1.0682
1 0.0355 1.0692
1 0.0341 1.0702
1 0.0326 1.0711
1 0.0312 1.0720
1 0.0297 1.0729
1 0.0282 1.0737
1 0.0266 1.0745
1 0.0250 1.0752
1 0.0235 1.0758
1 0.0219 1.0765
1 0.0202 1.0771
1 0.0186 1.0776
1 0.0170 1.0782
1 0.0154 1.0786
1 0.0137 1.0790
1 0.0120 1.0794
1 0.0102 1.0797
1 0.0086 1.0799
1 0.0069 1.0802
1 0.0051 1.0803
1 0.0034 1.0804
1 0.0018 1.0805
1 0.0000 1.0806
1 -0.0018 1.0805
1 -0.0034 1.0804
1 -0.0051 1.0803
1 -0.0069 1.0802
1 -0.0086 1.0799
1 -0.0102 1.0797
1 -0.0120 1.0794
1 -0.0137 1.0790
1 -0.0154 1.0786
1 -0.0170 1.0782
1 -0.0186 1.0776
1 -0.0202 1.0771
1 -0.0219 1.0765
1 -0.0235 1.0758
1 -0.0250 1.0752
1 -0.0266 1.0745
1 -0.0282 1.0737
1 -0.0297 1.0729
1 -0.0312 1.0720
1 -0.0326 1.0711
1 -0.0341 1.0702
1 -0.0355 1.0692
1 -0.0369 1.0682
1 -0.0382 1.0671
1 -0.0396 1.0661
1 -0.0409 1.0650
1 -0.0422 1.0638
1 -0.0434 1.0626
112 1250 197
0 -0.0340 1.0531
1 -0.5129 0.5742
1 -0.5139 0.5731
1 -0.5150 0.5719
1 -0.5160 0.5707
1 -0.5170 0.5695
1 -0.5179 0.5682
1 -0.5188 0.5670
1 -0.5197 0.5656
1 -0.5205 0.5643
1 -0.5213 0.5629
1 -0.5220 0.5615
1 -0.5226 0.5601
1 -0.5233 0.5586
1 -0.5238 0.5572
1 -0.5244 0.5557
1 -0.5249 0.5542
1 -0.5253 0.5527
1 -0.5257 0.5512
1 -0.5260 0.5496
1 -0.5263 0.5481
1 -0.5266 0.5466
1 -0.5267 0.5450
1 -0.5268 0.5434
1 -0.5269 0.5418
1 -0.5270 0.5402
1 -0.5269 0.5387
1 -0.5268 0.5371
1 -0.5267 0.5356
1 -0.5266 0.5340
1 -0.5263 0.5325
1 -0.5260 0.5309
1 -0.5257 0.5294
1 -0.5253 0.5278
1 -0.5249 0.5263
1 -0.5244 0.5248
1 -0.5238 0.5234
1 -0.5233 0.5219
1 -0.5226 0.5205
1 -0.5220 0.5190
1 -0.5213 0.5176
1 -0.5205 0.5162
1 -0.5197 0.5149
1 -0.5188 0.5136
1 -0.5179 0.5123
1 -0.5170 0.5110
1 -0.5160 0.5098
1 -0.5150 0.5086
1 -0.5139 0.5074
1 -0.5129 0.5063
1 -0.0340 0.0274
1 -0.0328 0.0263
1 -0.0317 0.0253
1 -0.0305 0.0242
1 -0.0293 0.0233
1 -0.0280 0.0223
1 -0.0267 0.0214
1 -0.0254 0.0206
1 -0.0240 0.0198
1 -0.0226 0.0190
1 -0.0213 0.0183
1 -0.0198 0.0176
1 -0.0184 0.0170
1 -0.0169 0.0164
1 -0.0154 0.0159
1 -0.0139 0.0154
1 -0.0124 0.0150
1 -0.0109 0.0146
1 -0.0094 0.0142
1 -0.0078 0.0140
1 -0.0062 0.0138
1 -0.0047 0.0136
1 -0.0031 0.0134
1 -0.0016 0.0134
1 0.0000 0.0134
1 0.0016 0.0134
1 0.0031 0.0134
1 0.0047 0.0136
1 0.0062 0.0138
1 0.0078 0.0140
1 0.0094 0.0142
1 0.0109 0.0146
1 0.0124 0.0150
1 0.0139 0.0154
1 0.0154 0.0159
1 0.0169 0.0164
1 0.0184 0.0170
1 0.0198 0.0176
1 0.0213 0.0183
1 0.0226 0.0190
1 0.0240 0.0198
1 0.0254 0.0206
1 0.0267 0.0214
1 0.0280 0.0223
1 0.0292 0.0233
1 0.0305 0.0242
1 0.0317 0.0253
1 0.0328 0.0263
1 0.0340 0.0274
1 0.5129 0.5063
1 0.5139 0.5074
1 0.5150 0.5086
1 0.5160 0.5098
1 0.5170 0.5110
1 0.5179 0.5123
1 0.5188 0.5136
1 0.5197 0.5149
1 0.5205 0.5162
1 0.5213 0.5176
1 0.5220 0.5190
1 0.5226 0.5205
1 0.5233 0.5219
1 0.5238 0.5234
1 0.5244 0.5248
1 0.5249 0.5263
1 0.5253 0.5278
1 0.5257 0.5294
1 0.5260 0.5309
1 0.5263 0.5325
1 0.5266 0.5340
1 0.5267 0.5356
1 0.5268 0.5371
1 0.5269 0.5387
1 0.5270 0.5402
1 0.5269 0.5418
1 0.5268 0.5434
1 0.5267 0.5450
1 0.5266 0.5466
1 0.5263 0.5481
1 0.5260 0.5496
1 0.5257 0.5512
1 0.5253 0.5527
1 0.5249 0.5542
1 0.5244 0.5557
1 0.5238 0.5572
1 0.5233 0.5586
1 0.5226 0.5601
1 0.5220 0.5615
1 0.5213 0.5629
1 0.5205 0.5643
1 0.5197 0.5656
1 0.5188 0.5670
1 0.5179 0.5682
1 0.5170 0.5695
1 0.5160 0.5707
1 0.5150 0.5719
1 0.5139 0.5731
1 0.5129 0.5742
1 0.0340 1.0531
1 0.0328 1.0542
1 0.0317 1.0553
1 0.0305 1.0563
1 0.0292 1.0573
1 0.0280 1.0582
1 0.0267 1.0591
1 0.0254 1.0599
1 0.0240 1.0608
1 0.0226 1.0615
1 0.0213 1.0622
1 0.0198 1.0630
1 0.0184 1.0635
1 0.0169 1.0642
1 0.0154 1.0646
1 0.0139 1.0651
1 0.0124 1.0656
1 0.0109 1.0659
1 0.0094 1.0662
1 0.0078 1.0666
1 0.0062 1.0668
1 0.0047 1.0670
1 0.0031 1.0671
1 0.0016 1.0672
1 0.0000 1.0672
1 -0.0016 1.0672
1 -0.0031 1.0671
1 -0.0047 1.0670
1 -0.0062 1.0668
1 -0.0078 1.0666
1 -0.0094 1.0662
1 -0.0109 1.0659
1 -0.0124 1.0656
1 -0.0139 1.0651
1 -0.0154 1.0646
1 -0.0169 1.0642
1 -0.0184 1.0635
1 -0.0198 1.0630
1 -0.0213 1.0622
1 -0.0226 1.0615
1 -0.0240 1.0608
1 -0.0254 1.0599
1 -0.0267 1.0591
1 -0.0280 1.0582
1 -0.0293 1.0573
1 -0.0305 1.0563
1 -0.0317 1.0553
1 -0.0328 1.0542
1 -0.0340 1.0531
112 1253 133
0 -0.4940 0.5554
1 -0.0151 1.0342
1 -0.0143 1.0350
1 -0.0135 1.0357
1 -0.0127 1.0363
1 -0.0118 1.0370
1 -0.0110 1.0375
1 -0.0101 1.0380
1 -0.0091 1.0385
1 -0.0082 1.0389
1 -0.0072 1.0393
1 -0.0062 1.0396
1 -0.0052 1.0399
1 -0.0042 1.0402
1 -0.0031 1.0403
1 -0.0021 1.0404
1 -0.0010 1.0405
1 0.0000 1.0406
1 0.0010 1.0405
1 0.0021 1.0404
1 0.0031 1.0403
1 0.0042 1.0402
1 0.0052 1.0399
1 0.0062 1.0396
1 0.0072 1.0393
1 0.0082 1.0389
1 0.0091 1.0385
1 0.0101 1.0380
1 0.0110 1.0375
1 0.0118 1.0370
1 0.0127 1.0363
1 0.0135 1.0357
1 0.0143 1.0350
1 0.0151 1.0342
1 0.4940 0.5554
1 0.4947 0.5546
1 0.4954 0.5538
1 0.4961 0.5530
1 0.4966 0.5522
1 0.4972 0.5513
1 0.4978 0.5503
1 0.4982 0.5494
1 0.4986 0.5485
1 0.4990 0.5474
1 0.4994 0.5465
1 0.4996 0.5454
1 0.4998 0.5444
1 0.5000 0.5434
1 0.5002 0.5424
1 0.5002 0.5413
1 0.5002 0.5402
1 0.5002 0.5392
1 0.5002 0.5382
1 0.5000 0.5371
1 0.4998 0.5361
1 0.4996 0.5350
1 0.4994 0.5341
1 0.4990 0.5330
1 0.4986 0.5321
1 0.4982 0.5311
1 0.4978 0.5302
1 0.4972 0.5293
1 0.4966 0.5284
1 0.4961 0.5275
1 0.4954 0.5267
1 0.4947 0.5259
1 0.4940 0.5251
1 0.0151 0.0462
1 0.0143 0.0455
1 0.0135 0.0449
1 0.0127 0.0442
1 0.0118 0.0436
1 0.0110 0.0430
1 0.0101 0.0426
1 0.0091 0.0421
1 0.0082 0.0416
1 0.0072 0.0413
1 0.0062 0.0409
1 0.0052 0.0406
1 0.0042 0.0404
1 0.0031 0.0402
1 0.0021 0.0401
1 0.0010 0.0400
1 0.0000 0.0400
1 -0.0010 0.0400
1 -0.0021 0.0401
1 -0.0031 0.0402
1 -0.0042 0.0404
1 -0.0052 0.0406
1 -0.0062 0.0409
1 -0.0072 0.0413
1 -0.0082 0.0416
1 -0.0091 0.0421
1 -0.0101 0.0426
1 -0.0110 0.0430
1 -0.0118 0.0436
1 -0.0127 0.0442
1 -0.0135 0.0449
1 -0.0143 0.0455
1 -0.0151 0.0462
1 -0.4940 0.5251
1 -0.4947 0.5259
1 -0.4954 0.5267
1 -0.4961 0.5275
1 -0.4966 0.5284
1 -0.4972 0.5293
1 -0.4978 0.5302
1 -0.4982 0.5311
1 -0.4986 0.5321
1 -0.4990 0.5330
1 -0.4994 0.5341
1 -0.4996 0.5350
1 -0.4998 0.5361
1 -0.5000 0.5371
1 -0.5002 0.5382
1 -0.5002 0.5392
1 -0.5002 0.5402
1 -0.5002 0.5413
1 -0.5002 0.5424
1 -0.5000 0.5434
1 -0.4998 0.5444
1 -0.4996 0.5454
1 -0.4994 0.5465
1 -0.4990 0.5474
1 -0.4986 0.5485
1 -0.4982 0.5494
1 -0.4978 0.5503
1 -0.4972 0.5513
1 -0.4966 0.5522
1 -0.4961 0.5530
1 -0.4954 0.5538
1 -0.4947 0.5546
1 -0.4940 0.5554
112 1250 325
0 0.0563 0.5106
1 0.0563 0.5106
1 0.0563 0.5086
1 0.0564 0.5066
1 0.0566 0.5045
1 0.0567 0.5024
1 0.0570 0.5004
1 0.0573 0.4983
1 0.0576 0.4963
1 0.0580 0.4942
1 0.0585 0.4922
1 0.0590 0.4902
1 0.0595 0.4883
1 0.0601 0.4863
1 0.0608 0.4843
1 0.0614 0.4824
1 0.0622 0.4805
1 0.0630 0.4786
1 0.0638 0.4767
1 0.0648 0.4749
1 0.0657 0.4730
1 0.0667 0.4712
1 0.0678 0.4694
1 0.0688 0.4677
1 0.0699 0.4660
1 0.0711 0.4643
1 0.0723 0.4626
1 0.0736 0.4610
1 0.0749 0.4594
1 0.0762 0.4578
1 0.0776 0.4563
1 0.0790 0.4548
1 0.0805 0.4534
1 0.0820 0.4519
1 0.0835 0.4506
1 0.0851 0.4492
1 0.0866 0.4479
1 0.0883 0.4466
1 0.0900 0.4454
1 0.0917 0.4442
1 0.0934 0.4431
1 0.0951 0.4421
1 0.0970 0.4410
1 0.0987 0.4400
1 0.1006 0.4391
1 0.1024 0.4382
1 0.1043 0.4374
1 0.1062 0.4366
1 0.1081 0.4358
1 0.1101 0.4350
1 0.1120 0.4344
1 0.1140 0.4338
1 0.1159 0.4333
1 0.1179 0.4328
1 0.1200 0.4323
1 0.1220 0.4319
1 0.1240 0.4316
1 0.1261 0.4313
1 0.1281 0.4310
1 0.1302 0.4309
1 0.1322 0.4307
1 0.1342 0.4306
1 0.1363 0.4306
1 0.1384 0.4306
1 0.1405 0.4307
1 0.1425 0.4309
1 0.1446 0.4310
1 0.1466 0.4313
1 0.1486 0.4316
1 0.1506 0.4319
1 0.1527 0.4323
1 0.1547 0.4328
1 0.1567 0.4333
1 0.1587 0.4338
1 0.1606 0.4344
1 0.1626 0.4350
1 0.1646 0.4358
1 0.1665 0.4366
1 0.1684 0.4374
1 0.1702 0.4382
1 0.1721 0.4391
1 0.1739 0.4400
1 0.1758 0.4410
1 0.1775 0.4421
1 0.1793 0.4431
1 0.1810 0.4442
1 0.1827 0.4454
1 0.1843 0.4466
1 0.1860 0.4479
1 0.1876 0.4492
1 0.1891 0.4506
1 0.1906 0.4519
1 0.1922 0.4534
1 0.1936 0.4548
1 0.1950 0.4563
1 0.1964 0.4578
1 0.1978 0.4594
1 0.1990 0.4610
1 0.2003 0.4626
1 0.2015 0.4643
1 0.2027 0.4660
1 0.2038 0.4677
1 0.2049 0.4694
1 0.2059 0.4712
1 0.2070 0.4730
1 0.2079 0.4749
1 0.2088 0.4767
1 0.2096 0.4786
1 0.2104 0.4805
1 0.2112 0.4824
1 0.2119 0.4843
1 0.2126 0.4863
1 0.2131 0.4883
1 0.2137 0.4902
1 0.2142 0.4922
1 0.2146 0.4942
1 0.2150 0.4963
1 0.2154 0.4983
1 0.2157 0.5004
1 0.2159 0.5024
1 0.2161 0.5045
1 0.2162 0.5066
1 0.2163 0.5086
1 0.2163 0.5106
1 0.2163 0.5106
1 0.2698 0.5106
1 0.2698 0.5374
1 0.2428 0.5374
1 0.2698 0.6174
1 0.0028 0.6174
1 0.0298 0.5374
1 -0.0338 0.5374
1 -0.0338 0.5374
1 -0.0334 0.5387
1 -0.0330 0.5401
1 -0.0326 0.5414
1 -0.0323 0.5429
1 -0.0321 0.5442
1 -0.0318 0.5457
1 -0.0317 0.5471
1 -0.0316 0.5486
1 -0.0315 0.5500
1 -0.0315 0.5514
1 -0.0316 0.5528
1 -0.0317 0.5542
1 -0.0318 0.5557
1 -0.0321 0.5571
1 -0.0323 0.5585
1 -0.0326 0.5599
1 -0.0330 0.5613
1 -0.0334 0.5627
1 -0.0338 0.5640
1 -0.0338 0.5640
1 -0.0017 0.5507
1 -0.0017 0.5777
1 -0.0418 0.5777
1 -0.0418 0.5777
1 -0.0427 0.5787
1 -0.0437 0.5797
1 -0.0447 0.5806
1 -0.0458 0.5816
1 -0.0469 0.5825
1 -0.0480 0.5833
1 -0.0492 0.5841
1 -0.0504 0.5849
1 -0.0516 0.5855
1 -0.0528 0.5862
1 -0.0541 0.5869
1 -0.0554 0.5874
1 -0.0566 0.5880
1 -0.0579 0.5885
1 -0.0593 0.5889
1 -0.0606 0.5893
1 -0.0620 0.5897
1 -0.0634 0.5900
1 -0.0647 0.5902
1 -0.0662 0.5904
1 -0.0675 0.5906
1 -0.0690 0.5906
1 -0.0703 0.5907
1 -0.0718 0.5907
1 -0.0718 0.5907
1 -0.1578 0.5907
1 -0.1578 0.5907
1 -0.1594 0.5928
1 -0.1610 0.5949
1 -0.1626 0.5969
1 -0.1643 0.5989
1 -0.1661 0.6009
1 -0.1678 0.6028
1 -0.1697 0.6046
1 -0.1715 0.6065
1 -0.1734 0.6083
1 -0.1753 0.6101
1 -0.1773 0.6118
1 -0.1793 0.6135
1 -0.1813 0.6152
1 -0.1834 0.6168
1 -0.1854 0.6184
1 -0.1876 0.6199
1 -0.1898 0.6214
1 -0.1919 0.6229
1 -0.1942 0.6242
1 -0.1964 0.6256
1 -0.1986 0.6270
1 -0.2009 0.6282
1 -0.2032 0.6294
1 -0.2056 0.6306
1 -0.2079 0.6318
1 -0.2103 0.6328
1 -0.2127 0.6338
1 -0.2151 0.6349
1 -0.2176 0.6358
1 -0.2201 0.6367
1 -0.2226 0.6375
1 -0.2250 0.6383
1 -0.2275 0.6390
1 -0.2301 0.6398
1 -0.2326 0.6404
1 -0.2351 0.6410
1 -0.2377 0.6415
1 -0.2403 0.6420
1 -0.2429 0.6425
1 -0.2454 0.6429
1 -0.2481 0.6432
1 -0.2506 0.6435
1 -0.2533 0.6438
1 -0.2559 0.6439
1 -0.2585 0.6440
1 -0.2611 0.6441
1 -0.2638 0.6442
1 -0.2638 0.6442
1 -0.2638 0.5640
1 -0.2367 0.5640
1 -0.2367 0.5971
1 -0.2367 0.5971
1 -0.2356 0.5969
1 -0.2344 0.5966
1 -0.2333 0.5962
1 -0.2322 0.5958
1 -0.2310 0.5954
1 -0.2300 0.5950
1 -0.2290 0.5944
1 -0.2279 0.5938
1 -0.2269 0.5932
1 -0.2259 0.5926
1 -0.2250 0.5918
1 -0.2241 0.5910
1 -0.2232 0.5902
1 -0.2223 0.5894
1 -0.2215 0.5886
1 -0.2208 0.5877
1 -0.2201 0.5867
1 -0.2194 0.5858
1 -0.2187 0.5848
1 -0.2182 0.5838
1 -0.2176 0.5827
1 -0.2171 0.5816
1 -0.2166 0.5806
1 -0.2162 0.5794
1 -0.2159 0.5783
1 -0.2156 0.5771
1 -0.2154 0.5760
1 -0.2152 0.5748
1 -0.2150 0.5736
1 -0.2150 0.5725
1 -0.2149 0.5713
1 -0.2150 0.5701
1 -0.2150 0.5689
1 -0.2151 0.5678
1 -0.2153 0.5666
1 -0.2155 0.5654
1 -0.2158 0.5642
1 -0.2161 0.5631
1 -0.2165 0.5620
1 -0.2169 0.5609
1 -0.2174 0.5598
1 -0.2177 0.5584
1 -0.2179 0.5570
1 -0.2182 0.5555
1 -0.2183 0.5541
1 -0.2184 0.5526
1 -0.2185 0.5511
1 -0.2184 0.5497
1 -0.2184 0.5482
1 -0.2182 0.5468
1 -0.2181 0.5454
1 -0.2178 0.5438
1 -0.2176 0.5425
1 -0.2173 0.5410
1 -0.2169 0.5396
1 -0.2165 0.5382
1 -0.2160 0.5369
1 -0.2154 0.5355
1 -0.2149 0.5342
1 -0.2142 0.5328
1 -0.2136 0.5315
1 -0.2129 0.5302
1 -0.2121 0.5290
1 -0.2113 0.5278
1 -0.2104 0.5266
1 -0.2095 0.5254
1 -0.2086 0.5243
1 -0.2076 0.5233
1 -0.2066 0.5222
1 -0.2055 0.5212
1 -0.2358 0.4910
1 -0.2018 0.4570
1 -0.1904 0.4684
1 -0.2139 0.4918
1 -0.1793 0.5106
1 -0.1654 0.5106
1 -0.1492 0.4306
1 -0.1362 0.4306
1 -0.1362 0.5106
1 -0.0632 0.5106
1 -0.0632 0.4306
1 -0.0502 0.4306
1 -0.0379 0.5039
1 -0.0132 0.4906
1 -0.0132 0.4306
1 0.0028 0.4306
1 0.0028 0.4973
1 -0.0106 0.5106
1 0.0563 0.5106
112 1253 168
0 0.2034 0.5106
1 0.1494 0.5106
1 0.1494 0.5106
1 0.1493 0.5098
1 0.1492 0.5090
1 0.1491 0.5082
1 0.1489 0.5074
1 0.1487 0.5066
1 0.1484 0.5058
1 0.1481 0.5051
1 0.1477 0.5044
1 0.1473 0.5037
1 0.1469 0.5030
1 0.1463 0.5023
1 0.1458 0.5018
1 0.1452 0.5012
1 0.1446 0.5006
1 0.1440 0.5002
1 0.1433 0.4997
1 0.1426 0.4993
1 0.1418 0.4989
1 0.1411 0.4986
1 0.1403 0.4982
1 0.1396 0.4981
1 0.1388 0.4978
1 0.1379 0.4978
1 0.1371 0.4977
1 0.1363 0.4976
1 0.1355 0.4977
1 0.1347 0.4978
1 0.1339 0.4978
1 0.1331 0.4981
1 0.1323 0.4982
1 0.1315 0.4986
1 0.1308 0.4989
1 0.1301 0.4993
1 0.1294 0.4997
1 0.1287 0.5002
1 0.1281 0.5006
1 0.1274 0.5012
1 0.1269 0.5018
1 0.1263 0.5023
1 0.1258 0.5030
1 0.1254 0.5037
1 0.1250 0.5044
1 0.1246 0.5051
1 0.1242 0.5058
1 0.1240 0.5066
1 0.1238 0.5074
1 0.1235 0.5082
1 0.1234 0.5090
1 0.1234 0.5098
1 0.1234 0.5106
1 0.1234 0.5106
1 0.0694 0.5106
1 0.0694 0.5106
1 0.0694 0.5087
1 0.0694 0.5069
1 0.0696 0.5050
1 0.0698 0.5031
1 0.0700 0.5013
1 0.0702 0.4994
1 0.0706 0.4976
1 0.0710 0.4958
1 0.0714 0.4939
1 0.0719 0.4921
1 0.0725 0.4903
1 0.0731 0.4885
1 0.0738 0.4867
1 0.0744 0.4850
1 0.0752 0.4833
1 0.0760 0.4816
1 0.0768 0.4799
1 0.0777 0.4782
1 0.0786 0.4766
1 0.0796 0.4750
1 0.0806 0.4734
1 0.0817 0.4718
1 0.0828 0.4703
1 0.0839 0.4689
1 0.0851 0.4674
1 0.0864 0.4660
1 0.0877 0.4646
1 0.0890 0.4633
1 0.0903 0.4619
1 0.0917 0.4607
1 0.0931 0.4594
1 0.0946 0.4582
1 0.0960 0.4571
1 0.0975 0.4560
1 0.0991 0.4550
1 0.1007 0.4539
1 0.1023 0.4530
1 0.1039 0.4520
1 0.1056 0.4511
1 0.1073 0.4502
1 0.1090 0.4495
1 0.1107 0.4487
1 0.1124 0.4481
1 0.1142 0.4474
1 0.1160 0.4468
1 0.1178 0.4462
1 0.1196 0.4458
1 0.1214 0.4453
1 0.1233 0.4450
1 0.1251 0.4446
1 0.1270 0.4443
1 0.1288 0.4441
1 0.1307 0.4438
1 0.1326 0.4438
1 0.1345 0.4437
1 0.1363 0.4436
1 0.1382 0.4437
1 0.1401 0.4438
1 0.1419 0.4438
1 0.1438 0.4441
1 0.1457 0.4443
1 0.1475 0.4446
1 0.1494 0.4450
1 0.1512 0.4453
1 0.1530 0.4458
1 0.1549 0.4462
1 0.1566 0.4468
1 0.1585 0.4474
1 0.1602 0.4481
1 0.1620 0.4487
1 0.1637 0.4495
1 0.1654 0.4502
1 0.1670 0.4511
1 0.1687 0.4520
1 0.1704 0.4530
1 0.1720 0.4539
1 0.1735 0.4550
1 0.1751 0.4560
1 0.1766 0.4571
1 0.1781 0.4582
1 0.1795 0.4594
1 0.1810 0.4607
1 0.1823 0.4619
1 0.1837 0.4633
1 0.1850 0.4646
1 0.1863 0.4660
1 0.1875 0.4674
1 0.1887 0.4689
1 0.1898 0.4703
1 0.1910 0.4718
1 0.1920 0.4734
1 0.1930 0.4750
1 0.1940 0.4766
1 0.1950 0.4782
1 0.1958 0.4799
1 0.1967 0.4816
1 0.1975 0.4833
1 0.1982 0.4850
1 0.1990 0.4867
1 0.1996 0.4885
1 0.2002 0.4903
1 0.2007 0.4921
1 0.2012 0.4939
1 0.2017 0.4958
1 0.2021 0.4976
1 0.2024 0.4994
1 0.2026 0.5013
1 0.2029 0.5031
1 0.2031 0.5050
1 0.2032 0.5069
1 0.2033 0.5087
1 0.2034 0.5106
