SEcl_PO-3
3298 12 1 1 0 0 0 0 0 0 1 1
1.000
112 1253 229
0 -0.0434 1.0626
1 -0.5223 0.5837
1 -0.5235 0.5824
1 -0.5246 0.5811
1 -0.5258 0.5798
1 -0.5269 0.5786
1 -0.5279 0.5772
1 -0.5290 0.5758
1 -0.5299 0.5744
1 -0.5309 0.5729
1 -0.5318 0.5714
1 -0.5326 0.5699
1 -0.5334 0.5684
1 -0.5342 0.5669
1 -0.5349 0.5654
1 -0.5356 0.5638
1 -0.5362 0.5622
1 -0.5368 0.5606
1 -0.5374 0.5589
1 -0.5378 0.5573
1 -0.5383 0.5556
1 -0.5387 0.5539
1 -0.5391 0.5522
1 -0.5394 0.5506
1 -0.5397 0.5489
1 -0.5399 0.5471
1 -0.5401 0.5454
1 -0.5402 0.5437
1 -0.5402 0.5420
1 -0.5402 0.5402
1 -0.5402 0.5386
1 -0.5402 0.5368
1 -0.5401 0.5351
1 -0.5399 0.5334
1 -0.5397 0.5317
1 -0.5394 0.5300
1 -0.5391 0.5283
1 -0.5387 0.5266
1 -0.5383 0.5250
1 -0.5378 0.5233
1 -0.5374 0.5216
1 -0.5368 0.5200
1 -0.5362 0.5184
1 -0.5356 0.5168
1 -0.5349 0.5152
1 -0.5342 0.5137
1 -0.5334 0.5121
1 -0.5326 0.5106
1 -0.5318 0.5091
1 -0.5309 0.5076
1 -0.5299 0.5062
1 -0.5290 0.5047
1 -0.5279 0.5034
1 -0.5269 0.5020
1 -0.5258 0.5006
1 -0.5246 0.4994
1 -0.5235 0.4981
1 -0.5223 0.4969
1 -0.0434 0.0180
1 -0.0422 0.0168
1 -0.0409 0.0156
1 -0.0396 0.0145
1 -0.0382 0.0134
1 -0.0369 0.0123
1 -0.0355 0.0113
1 -0.0341 0.0103
1 -0.0326 0.0094
1 -0.0312 0.0085
1 -0.0297 0.0077
1 -0.0282 0.0069
1 -0.0266 0.0061
1 -0.0250 0.0054
1 -0.0235 0.0046
1 -0.0219 0.0040
1 -0.0202 0.0034
1 -0.0186 0.0029
1 -0.0170 0.0024
1 -0.0154 0.0019
1 -0.0137 0.0015
1 -0.0120 0.0012
1 -0.0102 0.0009
1 -0.0086 0.0006
1 -0.0069 0.0004
1 -0.0051 0.0002
1 -0.0034 0.0001
1 -0.0018 0.0000
1 0.0000 0.0000
1 0.0018 0.0000
1 0.0034 0.0001
1 0.0051 0.0002
1 0.0069 0.0004
1 0.0086 0.0006
1 0.0102 0.0009
1 0.0120 0.0012
1 0.0137 0.0015
1 0.0154 0.0019
1 0.0170 0.0024
1 0.0186 0.0029
1 0.0202 0.0034
1 0.0219 0.0040
1 0.0235 0.0046
1 0.0250 0.0054
1 0.0266 0.0061
1 0.0282 0.0069
1 0.0297 0.0077
1 0.0312 0.0085
1 0.0326 0.0094
1 0.0341 0.0103
1 0.0355 0.0113
1 0.0369 0.0123
1 0.0382 0.0134
1 0.0396 0.0145
1 0.0409 0.0156
1 0.0422 0.0168
1 0.0434 0.0180
1 0.5223 0.4969
1 0.5235 0.4981
1 0.5246 0.4994
1 0.5258 0.5006
1 0.5269 0.5020
1 0.5279 0.5034
1 0.5290 0.5047
1 0.5299 0.5062
1 0.5309 0.5076
1 0.5318 0.5091
1 0.5326 0.5106
1 0.5334 0.5121
1 0.5342 0.5137
1 0.5349 0.5152
1 0.5356 0.5168
1 0.5362 0.5184
1 0.5368 0.5200
1 0.5374 0.5216
1 0.5378 0.5233
1 0.5383 0.5250
1 0.5387 0.5266
1 0.5391 0.5283
1 0.5394 0.5300
1 0.5397 0.5317
1 0.5399 0.5334
1 0.5401 0.5351
1 0.5402 0.5368
1 0.5402 0.5386
1 0.5402 0.5402
1 0.5402 0.5420
1 0.5402 0.5437
1 0.5401 0.5454
1 0.5399 0.5471
1 0.5397 0.5489
1 0.5394 0.5506
1 0.5391 0.5522
1 0.5387 0.5539
1 0.5383 0.5556
1 0.5378 0.5573
1 0.5374 0.5589
1 0.5368 0.5606
1 0.5362 0.5622
1 0.5356 0.5638
1 0.5349 0.5654
1 0.5342 0.5669
1 0.5334 0.5684
1 0.5326 0.5699
1 0.5318 0.5714
1 0.5309 0.5729
1 0.5299 0.5744
1 0.5290 0.5758
1 0.5279 0.5772
1 0.5269 0.5786
1 0.5258 0.5798
1 0.5246 0.5811
1 0.5235 0.5824
1 0.5223 0.5837
1 0.0434 1.0626
1 0.0422 1.0638
1 0.0409 1.0650
1 0.0396 1.0661
1 0.0382 1.0671
1 0.0369 1.0682
1 0.0355 1.0692
1 0.0341 1.0702
1 0.0326 1.0711
1 0.0312 1.0720
1 0.0297 1.0729
1 0.0282 1.0737
1 0.0266 1.0745
1 0.0250 1.0752
1 0.0235 1.0758
1 0.0219 1.0765
1 0.0202 1.0771
1 0.0186 1.0776
1 0.0170 1.0782
1 0.0154 1.0786
1 0.0137 1.0790
1 0.0120 1.0794
1 0.0102 1.0797
1 0.0086 1.0799
1 0.0069 1.0802
1 0.0051 1.0803
1 0.0034 1.0804
1 0.0018 1.0805
1 0.0000 1.0806
1 -0.0018 1.0805
1 -0.0034 1.0804
1 -0.0051 1.0803
1 -0.0069 1.0802
1 -0.0086 1.0799
1 -0.0102 1.0797
1 -0.0120 1.0794
1 -0.0137 1.0790
1 -0.0154 1.0786
1 -0.0170 1.0782
1 -0.0186 1.0776
1 -0.0202 1.0771
1 -0.0219 1.0765
1 -0.0235 1.0758
1 -0.0250 1.0752
1 -0.0266 1.0745
1 -0.0282 1.0737
1 -0.0297 1.0729
1 -0.0312 1.0720
1 -0.0326 1.0711
1 -0.0341 1.0702
1 -0.0355 1.0692
1 -0.0369 1.0682
1 -0.0382 1.0671
1 -0.0396 1.0661
1 -0.0409 1.0650
1 -0.0422 1.0638
1 -0.0434 1.0626
112 1250 197
0 -0.0340 1.0531
1 -0.5129 0.5742
1 -0.5139 0.5731
1 -0.5150 0.5719
1 -0.5160 0.5707
1 -0.5170 0.5695
1 -0.5179 0.5682
1 -0.5188 0.5670
1 -0.5197 0.5656
1 -0.5205 0.5643
1 -0.5213 0.5629
1 -0.5220 0.5615
1 -0.5226 0.5601
1 -0.5233 0.5586
1 -0.5238 0.5572
1 -0.5244 0.5557
1 -0.5249 0.5542
1 -0.5253 0.5527
1 -0.5257 0.5512
1 -0.5260 0.5496
1 -0.5263 0.5481
1 -0.5266 0.5466
1 -0.5267 0.5450
1 -0.5268 0.5434
1 -0.5269 0.5418
1 -0.5270 0.5402
1 -0.5269 0.5387
1 -0.5268 0.5371
1 -0.5267 0.5356
1 -0.5266 0.5340
1 -0.5263 0.5325
1 -0.5260 0.5309
1 -0.5257 0.5294
1 -0.5253 0.5278
1 -0.5249 0.5263
1 -0.5244 0.5248
1 -0.5238 0.5234
1 -0.5233 0.5219
1 -0.5226 0.5205
1 -0.5220 0.5190
1 -0.5213 0.5176
1 -0.5205 0.5162
1 -0.5197 0.5149
1 -0.5188 0.5136
1 -0.5179 0.5123
1 -0.5170 0.5110
1 -0.5160 0.5098
1 -0.5150 0.5086
1 -0.5139 0.5074
1 -0.5129 0.5063
1 -0.0340 0.0274
1 -0.0328 0.0263
1 -0.0317 0.0253
1 -0.0305 0.0242
1 -0.0293 0.0233
1 -0.0280 0.0223
1 -0.0267 0.0214
1 -0.0254 0.0206
1 -0.0240 0.0198
1 -0.0226 0.0190
1 -0.0213 0.0183
1 -0.0198 0.0176
1 -0.0184 0.0170
1 -0.0169 0.0164
1 -0.0154 0.0159
1 -0.0139 0.0154
1 -0.0124 0.0150
1 -0.0109 0.0146
1 -0.0094 0.0142
1 -0.0078 0.0140
1 -0.0062 0.0138
1 -0.0047 0.0136
1 -0.0031 0.0134
1 -0.0016 0.0134
1 0.0000 0.0134
1 0.0016 0.0134
1 0.0031 0.0134
1 0.0047 0.0136
1 0.0062 0.0138
1 0.0078 0.0140
1 0.0094 0.0142
1 0.0109 0.0146
1 0.0124 0.0150
1 0.0139 0.0154
1 0.0154 0.0159
1 0.0169 0.0164
1 0.0184 0.0170
1 0.0198 0.0176
1 0.0213 0.0183
1 0.0226 0.0190
1 0.0240 0.0198
1 0.0254 0.0206
1 0.0267 0.0214
1 0.0280 0.0223
1 0.0292 0.0233
1 0.0305 0.0242
1 0.0317 0.0253
1 0.0328 0.0263
1 0.0340 0.0274
1 0.5129 0.5063
1 0.5139 0.5074
1 0.5150 0.5086
1 0.5160 0.5098
1 0.5170 0.5110
1 0.5179 0.5123
1 0.5188 0.5136
1 0.5197 0.5149
1 0.5205 0.5162
1 0.5213 0.5176
1 0.5220 0.5190
1 0.5226 0.5205
1 0.5233 0.5219
1 0.5238 0.5234
1 0.5244 0.5248
1 0.5249 0.5263
1 0.5253 0.5278
1 0.5257 0.5294
1 0.5260 0.5309
1 0.5263 0.5325
1 0.5266 0.5340
1 0.5267 0.5356
1 0.5268 0.5371
1 0.5269 0.5387
1 0.5270 0.5402
1 0.5269 0.5418
1 0.5268 0.5434
1 0.5267 0.5450
1 0.5266 0.5466
1 0.5263 0.5481
1 0.5260 0.5496
1 0.5257 0.5512
1 0.5253 0.5527
1 0.5249 0.5542
1 0.5244 0.5557
1 0.5238 0.5572
1 0.5233 0.5586
1 0.5226 0.5601
1 0.5220 0.5615
1 0.5213 0.5629
1 0.5205 0.5643
1 0.5197 0.5656
1 0.5188 0.5670
1 0.5179 0.5682
1 0.5170 0.5695
1 0.5160 0.5707
1 0.5150 0.5719
1 0.5139 0.5731
1 0.5129 0.5742
1 0.0340 1.0531
1 0.0328 1.0542
1 0.0317 1.0553
1 0.0305 1.0563
1 0.0292 1.0573
1 0.0280 1.0582
1 0.0267 1.0591
1 0.0254 1.0599
1 0.0240 1.0608
1 0.0226 1.0615
1 0.0213 1.0622
1 0.0198 1.0630
1 0.0184 1.0635
1 0.0169 1.0642
1 0.0154 1.0646
1 0.0139 1.0651
1 0.0124 1.0656
1 0.0109 1.0659
1 0.0094 1.0662
1 0.0078 1.0666
1 0.0062 1.0668
1 0.0047 1.0670
1 0.0031 1.0671
1 0.0016 1.0672
1 0.0000 1.0672
1 -0.0016 1.0672
1 -0.0031 1.0671
1 -0.0047 1.0670
1 -0.0062 1.0668
1 -0.0078 1.0666
1 -0.0094 1.0662
1 -0.0109 1.0659
1 -0.0124 1.0656
1 -0.0139 1.0651
1 -0.0154 1.0646
1 -0.0169 1.0642
1 -0.0184 1.0635
1 -0.0198 1.0630
1 -0.0213 1.0622
1 -0.0226 1.0615
1 -0.0240 1.0608
1 -0.0254 1.0599
1 -0.0267 1.0591
1 -0.0280 1.0582
1 -0.0293 1.0573
1 -0.0305 1.0563
1 -0.0317 1.0553
1 -0.0328 1.0542
1 -0.0340 1.0531
112 1253 133
0 -0.4940 0.5554
1 -0.0151 1.0342
1 -0.0143 1.0350
1 -0.0135 1.0357
1 -0.0127 1.0363
1 -0.0118 1.0370
1 -0.0110 1.0375
1 -0.0101 1.0380
1 -0.0091 1.0385
1 -0.0082 1.0389
1 -0.0072 1.0393
1 -0.0062 1.0396
1 -0.0052 1.0399
1 -0.0042 1.0402
1 -0.0031 1.0403
1 -0.0021 1.0404
1 -0.0010 1.0405
1 0.0000 1.0406
1 0.0010 1.0405
1 0.0021 1.0404
1 0.0031 1.0403
1 0.0042 1.0402
1 0.0052 1.0399
1 0.0062 1.0396
1 0.0072 1.0393
1 0.0082 1.0389
1 0.0091 1.0385
1 0.0101 1.0380
1 0.0110 1.0375
1 0.0118 1.0370
1 0.0127 1.0363
1 0.0135 1.0357
1 0.0143 1.0350
1 0.0151 1.0342
1 0.4940 0.5554
1 0.4947 0.5546
1 0.4954 0.5538
1 0.4961 0.5530
1 0.4966 0.5522
1 0.4972 0.5513
1 0.4978 0.5503
1 0.4982 0.5494
1 0.4986 0.5485
1 0.4990 0.5474
1 0.4994 0.5465
1 0.4996 0.5454
1 0.4998 0.5444
1 0.5000 0.5434
1 0.5002 0.5424
1 0.5002 0.5413
1 0.5002 0.5402
1 0.5002 0.5392
1 0.5002 0.5382
1 0.5000 0.5371
1 0.4998 0.5361
1 0.4996 0.5350
1 0.4994 0.5341
1 0.4990 0.5330
1 0.4986 0.5321
1 0.4982 0.5311
1 0.4978 0.5302
1 0.4972 0.5293
1 0.4966 0.5284
1 0.4961 0.5275
1 0.4954 0.5267
1 0.4947 0.5259
1 0.4940 0.5251
1 0.0151 0.0462
1 0.0143 0.0455
1 0.0135 0.0449
1 0.0127 0.0442
1 0.0118 0.0436
1 0.0110 0.0430
1 0.0101 0.0426
1 0.0091 0.0421
1 0.0082 0.0416
1 0.0072 0.0413
1 0.0062 0.0409
1 0.0052 0.0406
1 0.0042 0.0404
1 0.0031 0.0402
1 0.0021 0.0401
1 0.0010 0.0400
1 0.0000 0.0400
1 -0.0010 0.0400
1 -0.0021 0.0401
1 -0.0031 0.0402
1 -0.0042 0.0404
1 -0.0052 0.0406
1 -0.0062 0.0409
1 -0.0072 0.0413
1 -0.0082 0.0416
1 -0.0091 0.0421
1 -0.0101 0.0426
1 -0.0110 0.0430
1 -0.0118 0.0436
1 -0.0127 0.0442
1 -0.0135 0.0449
1 -0.0143 0.0455
1 -0.0151 0.0462
1 -0.4940 0.5251
1 -0.4947 0.5259
1 -0.4954 0.5267
1 -0.4961 0.5275
1 -0.4966 0.5284
1 -0.4972 0.5293
1 -0.4978 0.5302
1 -0.4982 0.5311
1 -0.4986 0.5321
1 -0.4990 0.5330
1 -0.4994 0.5341
1 -0.4996 0.5350
1 -0.4998 0.5361
1 -0.5000 0.5371
1 -0.5002 0.5382
1 -0.5002 0.5392
1 -0.5002 0.5402
1 -0.5002 0.5413
1 -0.5002 0.5424
1 -0.5000 0.5434
1 -0.4998 0.5444
1 -0.4996 0.5454
1 -0.4994 0.5465
1 -0.4990 0.5474
1 -0.4986 0.5485
1 -0.4982 0.5494
1 -0.4978 0.5503
1 -0.4972 0.5513
1 -0.4966 0.5522
1 -0.4961 0.5530
1 -0.4954 0.5538
1 -0.4947 0.5546
1 -0.4940 0.5554
112 1250 141
0 0.1656 0.7322
1 0.1656 0.7334
1 0.1655 0.7346
1 0.1654 0.7358
1 0.1652 0.7370
1 0.1650 0.7381
1 0.1646 0.7393
1 0.1643 0.7404
1 0.1639 0.7415
1 0.1635 0.7426
1 0.1630 0.7437
1 0.1625 0.7447
1 0.1619 0.7458
1 0.1613 0.7468
1 0.1606 0.7478
1 0.1598 0.7487
1 0.1591 0.7496
1 0.1583 0.7505
1 0.1574 0.7513
1 0.1566 0.7521
1 0.1557 0.7529
1 0.1547 0.7536
1 0.1538 0.7542
1 0.1528 0.7549
1 0.1518 0.7554
1 0.1507 0.7560
1 0.1496 0.7565
1 0.1485 0.7570
1 0.1474 0.7574
1 0.1462 0.7577
1 0.1451 0.7579
1 0.1439 0.7582
1 0.1428 0.7584
1 0.1416 0.7585
1 0.1404 0.7586
1 0.1392 0.7586
1 0.1381 0.7586
1 0.1369 0.7585
1 0.1357 0.7584
1 0.1345 0.7582
1 0.1334 0.7579
1 0.1322 0.7577
1 0.1310 0.7574
1 0.1299 0.7570
1 0.1289 0.7565
1 0.1278 0.7560
1 0.1267 0.7554
1 0.1257 0.7549
1 0.1247 0.7542
1 0.1237 0.7536
1 0.1228 0.7529
1 0.1218 0.7521
1 0.1210 0.7513
1 0.1202 0.7505
1 0.1194 0.7496
1 0.1186 0.7487
1 0.1178 0.7478
1 0.1172 0.7468
1 0.1166 0.7458
1 0.1160 0.7447
1 0.1154 0.7437
1 0.1150 0.7426
1 0.1145 0.7415
1 0.1141 0.7404
1 0.1138 0.7393
1 0.1135 0.7381
1 0.1133 0.7370
1 0.1130 0.7358
1 0.1130 0.7346
1 0.1129 0.7334
1 0.1128 0.7322
1 0.1129 0.7310
1 0.1130 0.7298
1 0.1130 0.7286
1 0.1133 0.7275
1 0.1135 0.7263
1 0.1138 0.7252
1 0.1141 0.7241
1 0.1145 0.7230
1 0.1150 0.7218
1 0.1154 0.7208
1 0.1160 0.7197
1 0.1166 0.7187
1 0.1172 0.7177
1 0.1178 0.7167
1 0.1186 0.7158
1 0.1194 0.7149
1 0.1202 0.7140
1 0.1210 0.7131
1 0.1218 0.7123
1 0.1228 0.7116
1 0.1237 0.7109
1 0.1247 0.7102
1 0.1257 0.7095
1 0.1267 0.7090
1 0.1278 0.7084
1 0.1289 0.7079
1 0.1299 0.7075
1 0.1310 0.7071
1 0.1322 0.7068
1 0.1334 0.7065
1 0.1345 0.7062
1 0.1357 0.7061
1 0.1369 0.7059
1 0.1381 0.7058
1 0.1392 0.7058
1 0.1404 0.7058
1 0.1416 0.7059
1 0.1428 0.7061
1 0.1439 0.7062
1 0.1451 0.7065
1 0.1462 0.7068
1 0.1474 0.7071
1 0.1485 0.7075
1 0.1496 0.7079
1 0.1507 0.7084
1 0.1518 0.7090
1 0.1528 0.7095
1 0.1538 0.7102
1 0.1547 0.7109
1 0.1557 0.7116
1 0.1566 0.7123
1 0.1574 0.7131
1 0.1583 0.7140
1 0.1591 0.7149
1 0.1598 0.7158
1 0.1606 0.7167
1 0.1613 0.7177
1 0.1619 0.7187
1 0.1625 0.7197
1 0.1630 0.7208
1 0.1635 0.7218
1 0.1639 0.7230
1 0.1643 0.7241
1 0.1646 0.7252
1 0.1650 0.7263
1 0.1652 0.7275
1 0.1654 0.7286
1 0.1655 0.7298
1 0.1656 0.7310
1 0.1656 0.7322
112 1250 15
0 0.0756 0.5842
1 0.0774 0.5862
1 0.0791 0.5882
1 0.0810 0.5903
1 0.0828 0.5922
1 0.0847 0.5942
1 0.0866 0.5961
1 0.0886 0.5979
1 0.0906 0.5998
1 0.0926 0.6015
1 0.0947 0.6032
1 0.0969 0.6049
1 0.0990 0.6066
1 0.0806 0.6066
1 0.0756 0.5842
112 1250 155
0 0.0588 0.6334
1 0.0379 0.5374
1 0.0646 0.5374
1 0.0649 0.5374
1 0.0657 0.5398
1 0.0666 0.5422
1 0.0675 0.5446
1 0.0685 0.5470
1 0.0694 0.5493
1 0.0706 0.5516
1 0.0717 0.5538
1 0.0728 0.5561
1 0.0741 0.5583
1 0.0753 0.5606
1 0.0766 0.5627
1 0.0780 0.5649
1 0.0794 0.5670
1 0.0808 0.5690
1 0.0823 0.5711
1 0.0838 0.5731
1 0.0854 0.5751
1 0.0870 0.5771
1 0.0886 0.5790
1 0.0904 0.5809
1 0.0921 0.5828
1 0.0938 0.5846
1 0.0957 0.5864
1 0.0975 0.5881
1 0.0994 0.5898
1 0.1014 0.5914
1 0.1033 0.5931
1 0.1053 0.5946
1 0.1073 0.5962
1 0.1094 0.5977
1 0.1114 0.5991
1 0.1136 0.6006
1 0.1157 0.6019
1 0.1179 0.6032
1 0.1201 0.6045
1 0.1223 0.6057
1 0.1246 0.6069
1 0.1268 0.6080
1 0.1291 0.6090
1 0.1314 0.6101
1 0.1338 0.6110
1 0.1362 0.6120
1 0.1386 0.6129
1 0.1410 0.6137
1 0.1434 0.6145
1 0.1458 0.6152
1 0.1482 0.6158
1 0.1507 0.6165
1 0.1532 0.6170
1 0.1557 0.6176
1 0.1582 0.6181
1 0.1606 0.6185
1 0.1632 0.6188
1 0.1657 0.6191
1 0.1682 0.6194
1 0.1708 0.6196
1 0.1733 0.6197
1 0.1758 0.6198
1 0.1784 0.6198
1 0.1809 0.6198
1 0.1834 0.6198
1 0.1860 0.6196
1 0.1885 0.6194
1 0.1910 0.6192
1 0.1936 0.6190
1 0.1961 0.6186
1 0.1986 0.6182
1 0.2011 0.6178
1 0.2036 0.6173
1 0.2061 0.6167
1 0.2086 0.6161
1 0.2110 0.6154
1 0.2134 0.6147
1 0.2158 0.6140
1 0.2182 0.6132
1 0.2206 0.6123
1 0.2230 0.6114
1 0.2254 0.6105
1 0.2277 0.6094
1 0.2300 0.6084
1 0.2323 0.6073
1 0.2346 0.6062
1 0.2368 0.6049
1 0.2390 0.6037
1 0.2412 0.6024
1 0.2434 0.6010
1 0.2454 0.5997
1 0.2475 0.5982
1 0.2496 0.5967
1 0.2517 0.5952
1 0.2537 0.5937
1 0.2556 0.5921
1 0.2575 0.5904
1 0.2594 0.5887
1 0.2613 0.5870
1 0.2631 0.5852
1 0.2735 0.5956
1 0.2718 0.5974
1 0.2701 0.5991
1 0.2682 0.6008
1 0.2664 0.6025
1 0.2646 0.6041
1 0.2627 0.6057
1 0.2608 0.6073
1 0.2588 0.6088
1 0.2569 0.6102
1 0.2549 0.6117
1 0.2528 0.6131
1 0.2508 0.6145
1 0.2487 0.6158
1 0.2466 0.6170
1 0.2445 0.6183
1 0.2423 0.6195
1 0.2402 0.6206
1 0.2379 0.6218
1 0.2357 0.6229
1 0.2334 0.6239
1 0.2312 0.6249
1 0.2290 0.6258
1 0.2266 0.6267
1 0.2243 0.6276
1 0.2220 0.6284
1 0.2197 0.6291
1 0.2173 0.6299
1 0.2149 0.6306
1 0.2126 0.6312
1 0.2102 0.6318
1 0.2078 0.6323
1 0.2053 0.6328
1 0.2029 0.6333
1 0.2005 0.6337
1 0.1980 0.6340
1 0.1956 0.6343
1 0.1931 0.6346
1 0.1906 0.6347
1 0.1882 0.6350
1 0.1858 0.6350
1 0.1833 0.6351
1 0.1808 0.6351
1 0.1783 0.6351
1 0.1758 0.6350
1 0.1734 0.6349
1 0.1710 0.6347
1 0.1685 0.6345
1 0.1660 0.6342
1 0.1660 0.6922
1 0.1124 0.6922
1 0.1124 0.6334
1 0.0588 0.6334
1 0.0379 0.5374
1 0.0588 0.6334
112 1250 13
0 -0.0076 0.6592
1 -0.2476 0.6592
1 -0.2212 0.5374
1 0.0189 0.5374
1 -0.0032 0.6390
1 0.0258 0.6558
1 0.0366 0.6373
1 0.0458 0.6426
1 0.0191 0.6888
1 0.0098 0.6834
1 0.0206 0.6650
1 -0.0056 0.6499
1 -0.0076 0.6592
112 1250 35
0 -0.1361 0.5270
1 -0.1346 0.5260
1 -0.1331 0.5249
1 -0.1317 0.5238
1 -0.1302 0.5226
1 -0.1288 0.5214
1 -0.1274 0.5202
1 -0.1261 0.5190
1 -0.1248 0.5177
1 -0.1235 0.5163
1 -0.1222 0.5150
1 -0.1210 0.5136
1 -0.1198 0.5122
1 -0.1187 0.5108
1 -0.1176 0.5094
1 -0.1165 0.5078
1 -0.1154 0.5063
1 -0.1144 0.5048
1 -0.1134 0.5033
1 -0.1125 0.5017
1 -0.1116 0.5001
1 0.0588 0.5001
1 0.0589 0.5023
1 0.0590 0.5046
1 0.0590 0.5069
1 0.0592 0.5091
1 0.0594 0.5114
1 0.0596 0.5137
1 0.0599 0.5159
1 0.0602 0.5182
1 0.0606 0.5204
1 0.0610 0.5226
1 0.0614 0.5248
1 0.0619 0.5270
1 -0.1361 0.5270
112 1250 225
0 -0.1148 0.4598
1 -0.1148 0.4617
1 -0.1149 0.4636
1 -0.1150 0.4654
1 -0.1152 0.4673
1 -0.1154 0.4691
1 -0.1157 0.4710
1 -0.1161 0.4728
1 -0.1164 0.4746
1 -0.1169 0.4764
1 -0.1174 0.4782
1 -0.1179 0.4800
1 -0.1185 0.4818
1 -0.1191 0.4835
1 -0.1198 0.4853
1 -0.1206 0.4870
1 -0.1214 0.4886
1 -0.1222 0.4903
1 -0.1230 0.4919
1 -0.1240 0.4936
1 -0.1250 0.4952
1 -0.1260 0.4967
1 -0.1270 0.4982
1 -0.1281 0.4998
1 -0.1293 0.5012
1 -0.1305 0.5026
1 -0.1317 0.5041
1 -0.1330 0.5054
1 -0.1342 0.5068
1 -0.1355 0.5081
1 -0.1370 0.5094
1 -0.1383 0.5106
1 -0.1398 0.5118
1 -0.1413 0.5129
1 -0.1427 0.5140
1 -0.1443 0.5150
1 -0.1458 0.5161
1 -0.1474 0.5170
1 -0.1490 0.5179
1 -0.1507 0.5188
1 -0.1524 0.5197
1 -0.1541 0.5205
1 -0.1558 0.5212
1 -0.1575 0.5218
1 -0.1593 0.5225
1 -0.1610 0.5231
1 -0.1628 0.5237
1 -0.1646 0.5242
1 -0.1664 0.5246
1 -0.1682 0.5250
1 -0.1701 0.5253
1 -0.1719 0.5256
1 -0.1738 0.5258
1 -0.1756 0.5260
1 -0.1774 0.5262
1 -0.1793 0.5262
1 -0.1812 0.5262
1 -0.1830 0.5262
1 -0.1849 0.5262
1 -0.1867 0.5260
1 -0.1886 0.5258
1 -0.1905 0.5256
1 -0.1923 0.5253
1 -0.1942 0.5250
1 -0.1959 0.5246
1 -0.1978 0.5242
1 -0.1995 0.5237
1 -0.2014 0.5231
1 -0.2031 0.5225
1 -0.2049 0.5218
1 -0.2066 0.5212
1 -0.2083 0.5205
1 -0.2100 0.5197
1 -0.2117 0.5188
1 -0.2133 0.5179
1 -0.2149 0.5170
1 -0.2165 0.5161
1 -0.2181 0.5150
1 -0.2196 0.5140
1 -0.2211 0.5129
1 -0.2226 0.5118
1 -0.2240 0.5106
1 -0.2254 0.5094
1 -0.2268 0.5081
1 -0.2282 0.5068
1 -0.2294 0.5054
1 -0.2307 0.5041
1 -0.2319 0.5026
1 -0.2331 0.5012
1 -0.2342 0.4998
1 -0.2354 0.4982
1 -0.2364 0.4967
1 -0.2374 0.4952
1 -0.2384 0.4936
1 -0.2393 0.4919
1 -0.2402 0.4903
1 -0.2410 0.4886
1 -0.2418 0.4870
1 -0.2425 0.4853
1 -0.2432 0.4835
1 -0.2438 0.4818
1 -0.2444 0.4800
1 -0.2450 0.4782
1 -0.2454 0.4764
1 -0.2459 0.4746
1 -0.2463 0.4728
1 -0.2466 0.4710
1 -0.2470 0.4691
1 -0.2471 0.4673
1 -0.2474 0.4654
1 -0.2474 0.4636
1 -0.2475 0.4617
1 -0.2476 0.4598
1 -0.2475 0.4580
1 -0.2474 0.4561
1 -0.2474 0.4542
1 -0.2471 0.4524
1 -0.2470 0.4506
1 -0.2466 0.4487
1 -0.2463 0.4469
1 -0.2459 0.4450
1 -0.2454 0.4433
1 -0.2450 0.4414
1 -0.2444 0.4397
1 -0.2438 0.4379
1 -0.2432 0.4362
1 -0.2425 0.4344
1 -0.2418 0.4327
1 -0.2410 0.4310
1 -0.2402 0.4294
1 -0.2393 0.4278
1 -0.2384 0.4261
1 -0.2374 0.4245
1 -0.2364 0.4230
1 -0.2354 0.4214
1 -0.2342 0.4199
1 -0.2331 0.4184
1 -0.2319 0.4170
1 -0.2307 0.4156
1 -0.2294 0.4142
1 -0.2282 0.4129
1 -0.2268 0.4116
1 -0.2254 0.4103
1 -0.2240 0.4091
1 -0.2226 0.4079
1 -0.2211 0.4068
1 -0.2196 0.4057
1 -0.2181 0.4046
1 -0.2165 0.4036
1 -0.2149 0.4026
1 -0.2133 0.4018
1 -0.2117 0.4009
1 -0.2100 0.4000
1 -0.2083 0.3992
1 -0.2066 0.3985
1 -0.2049 0.3978
1 -0.2031 0.3972
1 -0.2014 0.3966
1 -0.1995 0.3960
1 -0.1978 0.3955
1 -0.1959 0.3951
1 -0.1942 0.3947
1 -0.1923 0.3944
1 -0.1905 0.3941
1 -0.1886 0.3938
1 -0.1867 0.3937
1 -0.1849 0.3935
1 -0.1830 0.3934
1 -0.1812 0.3934
1 -0.1793 0.3934
1 -0.1774 0.3935
1 -0.1756 0.3937
1 -0.1738 0.3938
1 -0.1719 0.3941
1 -0.1701 0.3944
1 -0.1682 0.3947
1 -0.1664 0.3951
1 -0.1646 0.3955
1 -0.1628 0.3960
1 -0.1610 0.3966
1 -0.1593 0.3972
1 -0.1575 0.3978
1 -0.1558 0.3985
1 -0.1541 0.3992
1 -0.1524 0.4000
1 -0.1507 0.4009
1 -0.1490 0.4018
1 -0.1474 0.4026
1 -0.1458 0.4036
1 -0.1443 0.4046
1 -0.1427 0.4057
1 -0.1413 0.4068
1 -0.1398 0.4079
1 -0.1383 0.4091
1 -0.1370 0.4103
1 -0.1355 0.4116
1 -0.1342 0.4129
1 -0.1330 0.4142
1 -0.1317 0.4156
1 -0.1305 0.4170
1 -0.1293 0.4184
1 -0.1281 0.4199
1 -0.1270 0.4214
1 -0.1260 0.4230
1 -0.1250 0.4245
1 -0.1240 0.4261
1 -0.1230 0.4278
1 -0.1222 0.4294
1 -0.1214 0.4310
1 -0.1206 0.4327
1 -0.1198 0.4344
1 -0.1191 0.4362
1 -0.1185 0.4379
1 -0.1179 0.4397
1 -0.1174 0.4414
1 -0.1169 0.4433
1 -0.1164 0.4450
1 -0.1161 0.4469
1 -0.1157 0.4487
1 -0.1154 0.4506
1 -0.1152 0.4524
1 -0.1150 0.4542
1 -0.1149 0.4561
1 -0.1148 0.4580
1 -0.1148 0.4598
112 1250 281
0 0.2852 0.4998
1 0.2852 0.5022
1 0.2851 0.5046
1 0.2850 0.5070
1 0.2848 0.5094
1 0.2846 0.5118
1 0.2842 0.5142
1 0.2839 0.5165
1 0.2835 0.5188
1 0.2830 0.5212
1 0.2826 0.5235
1 0.2820 0.5258
1 0.2814 0.5282
1 0.2807 0.5304
1 0.2800 0.5327
1 0.2793 0.5350
1 0.2785 0.5372
1 0.2776 0.5394
1 0.2766 0.5417
1 0.2757 0.5438
1 0.2747 0.5460
1 0.2736 0.5482
1 0.2726 0.5502
1 0.2714 0.5523
1 0.2702 0.5544
1 0.2689 0.5565
1 0.2676 0.5585
1 0.2663 0.5604
1 0.2649 0.5624
1 0.2635 0.5643
1 0.2620 0.5662
1 0.2605 0.5680
1 0.2590 0.5698
1 0.2574 0.5716
1 0.2558 0.5734
1 0.2541 0.5750
1 0.2523 0.5767
1 0.2506 0.5784
1 0.2488 0.5800
1 0.2470 0.5815
1 0.2452 0.5830
1 0.2433 0.5845
1 0.2414 0.5859
1 0.2394 0.5873
1 0.2374 0.5886
1 0.2354 0.5899
1 0.2334 0.5912
1 0.2314 0.5924
1 0.2293 0.5935
1 0.2271 0.5946
1 0.2250 0.5957
1 0.2228 0.5967
1 0.2206 0.5977
1 0.2184 0.5986
1 0.2162 0.5994
1 0.2140 0.6002
1 0.2117 0.6010
1 0.2094 0.6018
1 0.2071 0.6024
1 0.2048 0.6030
1 0.2025 0.6036
1 0.2002 0.6041
1 0.1978 0.6046
1 0.1954 0.6050
1 0.1931 0.6053
1 0.1907 0.6056
1 0.1884 0.6058
1 0.1860 0.6060
1 0.1836 0.6062
1 0.1812 0.6062
1 0.1788 0.6062
1 0.1765 0.6062
1 0.1741 0.6062
1 0.1717 0.6060
1 0.1693 0.6058
1 0.1669 0.6056
1 0.1646 0.6053
1 0.1622 0.6050
1 0.1598 0.6046
1 0.1575 0.6041
1 0.1551 0.6036
1 0.1528 0.6030
1 0.1506 0.6024
1 0.1482 0.6018
1 0.1459 0.6010
1 0.1437 0.6002
1 0.1414 0.5994
1 0.1392 0.5986
1 0.1370 0.5977
1 0.1348 0.5967
1 0.1326 0.5957
1 0.1306 0.5946
1 0.1284 0.5935
1 0.1263 0.5924
1 0.1242 0.5912
1 0.1222 0.5899
1 0.1202 0.5886
1 0.1182 0.5873
1 0.1163 0.5859
1 0.1144 0.5845
1 0.1125 0.5830
1 0.1106 0.5815
1 0.1088 0.5800
1 0.1070 0.5784
1 0.1053 0.5767
1 0.1036 0.5750
1 0.1019 0.5734
1 0.1003 0.5716
1 0.0987 0.5698
1 0.0971 0.5680
1 0.0957 0.5662
1 0.0942 0.5643
1 0.0927 0.5624
1 0.0914 0.5604
1 0.0900 0.5585
1 0.0887 0.5565
1 0.0875 0.5544
1 0.0863 0.5523
1 0.0851 0.5502
1 0.0840 0.5482
1 0.0830 0.5460
1 0.0819 0.5438
1 0.0810 0.5417
1 0.0801 0.5394
1 0.0792 0.5372
1 0.0784 0.5350
1 0.0776 0.5327
1 0.0770 0.5304
1 0.0762 0.5282
1 0.0757 0.5258
1 0.0751 0.5235
1 0.0746 0.5212
1 0.0742 0.5188
1 0.0738 0.5165
1 0.0734 0.5142
1 0.0731 0.5118
1 0.0729 0.5094
1 0.0726 0.5070
1 0.0726 0.5046
1 0.0725 0.5022
1 0.0724 0.4998
1 0.0725 0.4974
1 0.0726 0.4950
1 0.0726 0.4927
1 0.0729 0.4903
1 0.0731 0.4879
1 0.0734 0.4855
1 0.0738 0.4832
1 0.0742 0.4809
1 0.0746 0.4785
1 0.0751 0.4762
1 0.0757 0.4738
1 0.0762 0.4715
1 0.0770 0.4692
1 0.0776 0.4670
1 0.0784 0.4647
1 0.0792 0.4625
1 0.0801 0.4602
1 0.0810 0.4580
1 0.0819 0.4558
1 0.0830 0.4537
1 0.0840 0.4515
1 0.0851 0.4494
1 0.0863 0.4474
1 0.0875 0.4453
1 0.0887 0.4432
1 0.0900 0.4412
1 0.0914 0.4393
1 0.0927 0.4373
1 0.0942 0.4354
1 0.0957 0.4335
1 0.0971 0.4317
1 0.0987 0.4298
1 0.1003 0.4281
1 0.1019 0.4263
1 0.1036 0.4246
1 0.1053 0.4230
1 0.1070 0.4213
1 0.1088 0.4197
1 0.1106 0.4182
1 0.1125 0.4166
1 0.1144 0.4152
1 0.1163 0.4138
1 0.1182 0.4124
1 0.1202 0.4110
1 0.1222 0.4098
1 0.1242 0.4085
1 0.1263 0.4073
1 0.1284 0.4062
1 0.1306 0.4050
1 0.1326 0.4040
1 0.1348 0.4030
1 0.1370 0.4020
1 0.1392 0.4011
1 0.1414 0.4002
1 0.1437 0.3994
1 0.1459 0.3986
1 0.1482 0.3979
1 0.1506 0.3973
1 0.1528 0.3966
1 0.1551 0.3961
1 0.1575 0.3956
1 0.1598 0.3951
1 0.1622 0.3947
1 0.1646 0.3944
1 0.1669 0.3941
1 0.1693 0.3938
1 0.1717 0.3937
1 0.1741 0.3935
1 0.1765 0.3934
1 0.1788 0.3934
1 0.1812 0.3934
1 0.1836 0.3935
1 0.1860 0.3937
1 0.1884 0.3938
1 0.1907 0.3941
1 0.1931 0.3944
1 0.1954 0.3947
1 0.1978 0.3951
1 0.2002 0.3956
1 0.2025 0.3961
1 0.2048 0.3966
1 0.2071 0.3973
1 0.2094 0.3979
1 0.2117 0.3986
1 0.2140 0.3994
1 0.2162 0.4002
1 0.2184 0.4011
1 0.2206 0.4020
1 0.2228 0.4030
1 0.2250 0.4040
1 0.2271 0.4050
1 0.2293 0.4062
1 0.2314 0.4073
1 0.2334 0.4085
1 0.2354 0.4098
1 0.2374 0.4110
1 0.2394 0.4124
1 0.2414 0.4138
1 0.2433 0.4152
1 0.2452 0.4166
1 0.2470 0.4182
1 0.2488 0.4197
1 0.2506 0.4213
1 0.2523 0.4230
1 0.2541 0.4246
1 0.2558 0.4263
1 0.2574 0.4281
1 0.2590 0.4298
1 0.2605 0.4317
1 0.2620 0.4335
1 0.2635 0.4354
1 0.2649 0.4373
1 0.2663 0.4393
1 0.2676 0.4412
1 0.2689 0.4432
1 0.2702 0.4453
1 0.2714 0.4474
1 0.2726 0.4494
1 0.2736 0.4515
1 0.2747 0.4537
1 0.2757 0.4558
1 0.2766 0.4580
1 0.2776 0.4602
1 0.2785 0.4625
1 0.2793 0.4647
1 0.2800 0.4670
1 0.2807 0.4692
1 0.2814 0.4715
1 0.2820 0.4738
1 0.2826 0.4762
1 0.2830 0.4785
1 0.2835 0.4809
1 0.2839 0.4832
1 0.2842 0.4855
1 0.2846 0.4879
1 0.2848 0.4903
1 0.2850 0.4927
1 0.2851 0.4950
1 0.2852 0.4974
1 0.2852 0.4998
112 1253 201
0 0.2324 0.4998
1 0.2324 0.5015
1 0.2323 0.5032
1 0.2322 0.5049
1 0.2320 0.5066
1 0.2318 0.5082
1 0.2314 0.5099
1 0.2311 0.5115
1 0.2307 0.5132
1 0.2303 0.5148
1 0.2298 0.5164
1 0.2293 0.5180
1 0.2286 0.5196
1 0.2280 0.5211
1 0.2274 0.5226
1 0.2266 0.5242
1 0.2258 0.5257
1 0.2250 0.5271
1 0.2241 0.5286
1 0.2231 0.5300
1 0.2222 0.5314
1 0.2212 0.5327
1 0.2202 0.5340
1 0.2190 0.5353
1 0.2179 0.5366
1 0.2167 0.5378
1 0.2155 0.5389
1 0.2142 0.5401
1 0.2130 0.5411
1 0.2117 0.5422
1 0.2103 0.5432
1 0.2090 0.5442
1 0.2075 0.5451
1 0.2061 0.5460
1 0.2046 0.5468
1 0.2032 0.5476
1 0.2017 0.5483
1 0.2001 0.5490
1 0.1986 0.5497
1 0.1970 0.5502
1 0.1954 0.5508
1 0.1938 0.5513
1 0.1922 0.5518
1 0.1906 0.5522
1 0.1889 0.5525
1 0.1872 0.5528
1 0.1855 0.5530
1 0.1838 0.5532
1 0.1822 0.5534
1 0.1805 0.5534
1 0.1788 0.5534
1 0.1771 0.5534
1 0.1754 0.5534
1 0.1738 0.5532
1 0.1721 0.5530
1 0.1705 0.5528
1 0.1688 0.5525
1 0.1671 0.5522
1 0.1655 0.5518
1 0.1638 0.5513
1 0.1622 0.5508
1 0.1606 0.5502
1 0.1591 0.5497
1 0.1575 0.5490
1 0.1560 0.5483
1 0.1545 0.5476
1 0.1530 0.5468
1 0.1515 0.5460
1 0.1501 0.5451
1 0.1487 0.5442
1 0.1474 0.5432
1 0.1460 0.5422
1 0.1446 0.5411
1 0.1434 0.5401
1 0.1422 0.5389
1 0.1410 0.5378
1 0.1398 0.5366
1 0.1386 0.5353
1 0.1375 0.5340
1 0.1365 0.5327
1 0.1354 0.5314
1 0.1345 0.5300
1 0.1336 0.5286
1 0.1327 0.5271
1 0.1318 0.5257
1 0.1310 0.5242
1 0.1303 0.5226
1 0.1296 0.5211
1 0.1290 0.5196
1 0.1284 0.5180
1 0.1278 0.5164
1 0.1274 0.5148
1 0.1269 0.5132
1 0.1265 0.5115
1 0.1262 0.5099
1 0.1259 0.5082
1 0.1257 0.5066
1 0.1254 0.5049
1 0.1254 0.5032
1 0.1253 0.5015
1 0.1252 0.4998
1 0.1253 0.4982
1 0.1254 0.4965
1 0.1254 0.4948
1 0.1257 0.4931
1 0.1259 0.4914
1 0.1262 0.4898
1 0.1265 0.4882
1 0.1269 0.4865
1 0.1274 0.4849
1 0.1278 0.4833
1 0.1284 0.4817
1 0.1290 0.4801
1 0.1296 0.4786
1 0.1303 0.4770
1 0.1310 0.4755
1 0.1318 0.4740
1 0.1327 0.4726
1 0.1336 0.4711
1 0.1345 0.4697
1 0.1354 0.4683
1 0.1365 0.4670
1 0.1375 0.4657
1 0.1386 0.4644
1 0.1398 0.4631
1 0.1410 0.4619
1 0.1422 0.4608
1 0.1434 0.4596
1 0.1446 0.4586
1 0.1460 0.4575
1 0.1474 0.4565
1 0.1487 0.4555
1 0.1501 0.4546
1 0.1515 0.4537
1 0.1530 0.4529
1 0.1545 0.4521
1 0.1560 0.4514
1 0.1575 0.4506
1 0.1591 0.4500
1 0.1606 0.4494
1 0.1622 0.4489
1 0.1638 0.4484
1 0.1655 0.4479
1 0.1671 0.4475
1 0.1688 0.4472
1 0.1705 0.4469
1 0.1721 0.4466
1 0.1738 0.4465
1 0.1754 0.4463
1 0.1771 0.4462
1 0.1788 0.4462
1 0.1805 0.4462
1 0.1822 0.4463
1 0.1838 0.4465
1 0.1855 0.4466
1 0.1872 0.4469
1 0.1889 0.4472
1 0.1906 0.4475
1 0.1922 0.4479
1 0.1938 0.4484
1 0.1954 0.4489
1 0.1970 0.4494
1 0.1986 0.4500
1 0.2001 0.4506
1 0.2017 0.4514
1 0.2032 0.4521
1 0.2046 0.4529
1 0.2061 0.4537
1 0.2075 0.4546
1 0.2090 0.4555
1 0.2103 0.4565
1 0.2117 0.4575
1 0.2130 0.4586
1 0.2142 0.4596
1 0.2155 0.4608
1 0.2167 0.4619
1 0.2179 0.4631
1 0.2190 0.4644
1 0.2202 0.4657
1 0.2212 0.4670
1 0.2222 0.4683
1 0.2231 0.4697
1 0.2241 0.4711
1 0.2250 0.4726
1 0.2258 0.4740
1 0.2266 0.4755
1 0.2274 0.4770
1 0.2280 0.4786
1 0.2286 0.4801
1 0.2293 0.4817
1 0.2298 0.4833
1 0.2303 0.4849
1 0.2307 0.4865
1 0.2311 0.4882
1 0.2314 0.4898
1 0.2318 0.4914
1 0.2320 0.4931
1 0.2322 0.4948
1 0.2323 0.4965
1 0.2324 0.4982
1 0.2324 0.4998
112 1253 173
0 -0.1412 0.4598
1 -0.1412 0.4613
1 -0.1413 0.4627
1 -0.1414 0.4642
1 -0.1416 0.4657
1 -0.1418 0.4671
1 -0.1422 0.4686
1 -0.1425 0.4699
1 -0.1429 0.4714
1 -0.1433 0.4727
1 -0.1438 0.4742
1 -0.1443 0.4755
1 -0.1450 0.4768
1 -0.1456 0.4782
1 -0.1463 0.4794
1 -0.1470 0.4806
1 -0.1478 0.4819
1 -0.1486 0.4831
1 -0.1495 0.4843
1 -0.1504 0.4854
1 -0.1514 0.4866
1 -0.1524 0.4876
1 -0.1534 0.4886
1 -0.1545 0.4896
1 -0.1556 0.4906
1 -0.1567 0.4915
1 -0.1579 0.4924
1 -0.1591 0.4932
1 -0.1603 0.4940
1 -0.1616 0.4947
1 -0.1629 0.4954
1 -0.1642 0.4961
1 -0.1655 0.4966
1 -0.1669 0.4972
1 -0.1682 0.4977
1 -0.1697 0.4982
1 -0.1710 0.4986
1 -0.1725 0.4989
1 -0.1739 0.4992
1 -0.1754 0.4994
1 -0.1768 0.4996
1 -0.1782 0.4998
1 -0.1797 0.4998
1 -0.1812 0.4998
1 -0.1826 0.4998
1 -0.1841 0.4998
1 -0.1855 0.4996
1 -0.1870 0.4994
1 -0.1884 0.4992
1 -0.1898 0.4989
1 -0.1913 0.4986
1 -0.1927 0.4982
1 -0.1941 0.4977
1 -0.1954 0.4972
1 -0.1968 0.4966
1 -0.1982 0.4961
1 -0.1994 0.4954
1 -0.2007 0.4947
1 -0.2020 0.4940
1 -0.2033 0.4932
1 -0.2045 0.4924
1 -0.2056 0.4915
1 -0.2067 0.4906
1 -0.2078 0.4896
1 -0.2090 0.4886
1 -0.2100 0.4876
1 -0.2110 0.4866
1 -0.2119 0.4854
1 -0.2128 0.4843
1 -0.2137 0.4831
1 -0.2146 0.4819
1 -0.2153 0.4806
1 -0.2161 0.4794
1 -0.2167 0.4782
1 -0.2174 0.4768
1 -0.2180 0.4755
1 -0.2186 0.4742
1 -0.2190 0.4727
1 -0.2194 0.4714
1 -0.2198 0.4699
1 -0.2202 0.4686
1 -0.2205 0.4671
1 -0.2207 0.4657
1 -0.2210 0.4642
1 -0.2210 0.4627
1 -0.2211 0.4613
1 -0.2212 0.4598
1 -0.2211 0.4584
1 -0.2210 0.4569
1 -0.2210 0.4554
1 -0.2207 0.4540
1 -0.2205 0.4526
1 -0.2202 0.4511
1 -0.2198 0.4498
1 -0.2194 0.4483
1 -0.2190 0.4470
1 -0.2186 0.4455
1 -0.2180 0.4442
1 -0.2174 0.4429
1 -0.2167 0.4415
1 -0.2161 0.4402
1 -0.2153 0.4390
1 -0.2146 0.4378
1 -0.2137 0.4366
1 -0.2128 0.4354
1 -0.2119 0.4342
1 -0.2110 0.4331
1 -0.2100 0.4321
1 -0.2090 0.4310
1 -0.2078 0.4301
1 -0.2067 0.4291
1 -0.2056 0.4282
1 -0.2045 0.4273
1 -0.2033 0.4265
1 -0.2020 0.4257
1 -0.2007 0.4250
1 -0.1994 0.4242
1 -0.1982 0.4236
1 -0.1968 0.4230
1 -0.1954 0.4225
1 -0.1941 0.4220
1 -0.1927 0.4215
1 -0.1913 0.4211
1 -0.1898 0.4208
1 -0.1884 0.4205
1 -0.1870 0.4202
1 -0.1855 0.4201
1 -0.1841 0.4199
1 -0.1826 0.4198
1 -0.1812 0.4198
1 -0.1797 0.4198
1 -0.1782 0.4199
1 -0.1768 0.4201
1 -0.1754 0.4202
1 -0.1739 0.4205
1 -0.1725 0.4208
1 -0.1710 0.4211
1 -0.1697 0.4215
1 -0.1682 0.4220
1 -0.1669 0.4225
1 -0.1655 0.4230
1 -0.1642 0.4236
1 -0.1629 0.4242
1 -0.1616 0.4250
1 -0.1603 0.4257
1 -0.1591 0.4265
1 -0.1579 0.4273
1 -0.1567 0.4282
1 -0.1556 0.4291
1 -0.1545 0.4301
1 -0.1534 0.4310
1 -0.1524 0.4321
1 -0.1514 0.4331
1 -0.1504 0.4342
1 -0.1495 0.4354
1 -0.1486 0.4366
1 -0.1478 0.4378
1 -0.1470 0.4390
1 -0.1463 0.4402
1 -0.1456 0.4415
1 -0.1450 0.4429
1 -0.1443 0.4442
1 -0.1438 0.4455
1 -0.1433 0.4470
1 -0.1429 0.4483
1 -0.1425 0.4498
1 -0.1422 0.4511
1 -0.1418 0.4526
1 -0.1416 0.4540
1 -0.1414 0.4554
1 -0.1413 0.4569
1 -0.1412 0.4584
1 -0.1412 0.4598
