SEcl_PO-9
3304 6 1 1 0 0 0 0 0 0 1 1
1.000
112 1253 229
0 -0.0434 1.0626
1 -0.5223 0.5837
1 -0.5235 0.5824
1 -0.5246 0.5811
1 -0.5258 0.5798
1 -0.5269 0.5786
1 -0.5279 0.5772
1 -0.5290 0.5758
1 -0.5299 0.5744
1 -0.5309 0.5729
1 -0.5318 0.5714
1 -0.5326 0.5699
1 -0.5334 0.5684
1 -0.5342 0.5669
1 -0.5349 0.5654
1 -0.5356 0.5638
1 -0.5362 0.5622
1 -0.5368 0.5606
1 -0.5374 0.5589
1 -0.5378 0.5573
1 -0.5383 0.5556
1 -0.5387 0.5539
1 -0.5391 0.5522
1 -0.5394 0.5506
1 -0.5397 0.5489
1 -0.5399 0.5471
1 -0.5401 0.5454
1 -0.5402 0.5437
1 -0.5402 0.5420
1 -0.5402 0.5402
1 -0.5402 0.5386
1 -0.5402 0.5368
1 -0.5401 0.5351
1 -0.5399 0.5334
1 -0.5397 0.5317
1 -0.5394 0.5300
1 -0.5391 0.5283
1 -0.5387 0.5266
1 -0.5383 0.5250
1 -0.5378 0.5233
1 -0.5374 0.5216
1 -0.5368 0.5200
1 -0.5362 0.5184
1 -0.5356 0.5168
1 -0.5349 0.5152
1 -0.5342 0.5137
1 -0.5334 0.5121
1 -0.5326 0.5106
1 -0.5318 0.5091
1 -0.5309 0.5076
1 -0.5299 0.5062
1 -0.5290 0.5047
1 -0.5279 0.5034
1 -0.5269 0.5020
1 -0.5258 0.5006
1 -0.5246 0.4994
1 -0.5235 0.4981
1 -0.5223 0.4969
1 -0.0434 0.0180
1 -0.0422 0.0168
1 -0.0409 0.0156
1 -0.0396 0.0145
1 -0.0382 0.0134
1 -0.0369 0.0123
1 -0.0355 0.0113
1 -0.0341 0.0103
1 -0.0326 0.0094
1 -0.0312 0.0085
1 -0.0297 0.0077
1 -0.0282 0.0069
1 -0.0266 0.0061
1 -0.0250 0.0054
1 -0.0235 0.0046
1 -0.0219 0.0040
1 -0.0202 0.0034
1 -0.0186 0.0029
1 -0.0170 0.0024
1 -0.0154 0.0019
1 -0.0137 0.0015
1 -0.0120 0.0012
1 -0.0102 0.0009
1 -0.0086 0.0006
1 -0.0069 0.0004
1 -0.0051 0.0002
1 -0.0034 0.0001
1 -0.0018 0.0000
1 0.0000 0.0000
1 0.0018 0.0000
1 0.0034 0.0001
1 0.0051 0.0002
1 0.0069 0.0004
1 0.0086 0.0006
1 0.0102 0.0009
1 0.0120 0.0012
1 0.0137 0.0015
1 0.0154 0.0019
1 0.0170 0.0024
1 0.0186 0.0029
1 0.0202 0.0034
1 0.0219 0.0040
1 0.0235 0.0046
1 0.0250 0.0054
1 0.0266 0.0061
1 0.0282 0.0069
1 0.0297 0.0077
1 0.0312 0.0085
1 0.0326 0.0094
1 0.0341 0.0103
1 0.0355 0.0113
1 0.0369 0.0123
1 0.0382 0.0134
1 0.0396 0.0145
1 0.0409 0.0156
1 0.0422 0.0168
1 0.0434 0.0180
1 0.5223 0.4969
1 0.5235 0.4981
1 0.5246 0.4994
1 0.5258 0.5006
1 0.5269 0.5020
1 0.5279 0.5034
1 0.5290 0.5047
1 0.5299 0.5062
1 0.5309 0.5076
1 0.5318 0.5091
1 0.5326 0.5106
1 0.5334 0.5121
1 0.5342 0.5137
1 0.5349 0.5152
1 0.5356 0.5168
1 0.5362 0.5184
1 0.5368 0.5200
1 0.5374 0.5216
1 0.5378 0.5233
1 0.5383 0.5250
1 0.5387 0.5266
1 0.5391 0.5283
1 0.5394 0.5300
1 0.5397 0.5317
1 0.5399 0.5334
1 0.5401 0.5351
1 0.5402 0.5368
1 0.5402 0.5386
1 0.5402 0.5402
1 0.5402 0.5420
1 0.5402 0.5437
1 0.5401 0.5454
1 0.5399 0.5471
1 0.5397 0.5489
1 0.5394 0.5506
1 0.5391 0.5522
1 0.5387 0.5539
1 0.5383 0.5556
1 0.5378 0.5573
1 0.5374 0.5589
1 0.5368 0.5606
1 0.5362 0.5622
1 0.5356 0.5638
1 0.5349 0.5654
1 0.5342 0.5669
1 0.5334 0.5684
1 0.5326 0.5699
1 0.5318 0.5714
1 0.5309 0.5729
1 0.5299 0.5744
1 0.5290 0.5758
1 0.5279 0.5772
1 0.5269 0.5786
1 0.5258 0.5798
1 0.5246 0.5811
1 0.5235 0.5824
1 0.5223 0.5837
1 0.0434 1.0626
1 0.0422 1.0638
1 0.0409 1.0650
1 0.0396 1.0661
1 0.0382 1.0671
1 0.0369 1.0682
1 0.0355 1.0692
1 0.0341 1.0702
1 0.0326 1.0711
1 0.0312 1.0720
1 0.0297 1.0729
1 0.0282 1.0737
1 0.0266 1.0745
1 0.0250 1.0752
1 0.0235 1.0758
1 0.0219 1.0765
1 0.0202 1.0771
1 0.0186 1.0776
1 0.0170 1.0782
1 0.0154 1.0786
1 0.0137 1.0790
1 0.0120 1.0794
1 0.0102 1.0797
1 0.0086 1.0799
1 0.0069 1.0802
1 0.0051 1.0803
1 0.0034 1.0804
1 0.0018 1.0805
1 0.0000 1.0806
1 -0.0018 1.0805
1 -0.0034 1.0804
1 -0.0051 1.0803
1 -0.0069 1.0802
1 -0.0086 1.0799
1 -0.0102 1.0797
1 -0.0120 1.0794
1 -0.0137 1.0790
1 -0.0154 1.0786
1 -0.0170 1.0782
1 -0.0186 1.0776
1 -0.0202 1.0771
1 -0.0219 1.0765
1 -0.0235 1.0758
1 -0.0250 1.0752
1 -0.0266 1.0745
1 -0.0282 1.0737
1 -0.0297 1.0729
1 -0.0312 1.0720
1 -0.0326 1.0711
1 -0.0341 1.0702
1 -0.0355 1.0692
1 -0.0369 1.0682
1 -0.0382 1.0671
1 -0.0396 1.0661
1 -0.0409 1.0650
1 -0.0422 1.0638
1 -0.0434 1.0626
112 1250 197
0 -0.0340 1.0531
1 -0.5129 0.5742
1 -0.5139 0.5731
1 -0.5150 0.5719
1 -0.5160 0.5707
1 -0.5170 0.5695
1 -0.5179 0.5682
1 -0.5188 0.5670
1 -0.5197 0.5656
1 -0.5205 0.5643
1 -0.5213 0.5629
1 -0.5220 0.5615
1 -0.5226 0.5601
1 -0.5233 0.5586
1 -0.5238 0.5572
1 -0.5244 0.5557
1 -0.5249 0.5542
1 -0.5253 0.5527
1 -0.5257 0.5512
1 -0.5260 0.5496
1 -0.5263 0.5481
1 -0.5266 0.5466
1 -0.5267 0.5450
1 -0.5268 0.5434
1 -0.5269 0.5418
1 -0.5270 0.5402
1 -0.5269 0.5387
1 -0.5268 0.5371
1 -0.5267 0.5356
1 -0.5266 0.5340
1 -0.5263 0.5325
1 -0.5260 0.5309
1 -0.5257 0.5294
1 -0.5253 0.5278
1 -0.5249 0.5263
1 -0.5244 0.5248
1 -0.5238 0.5234
1 -0.5233 0.5219
1 -0.5226 0.5205
1 -0.5220 0.5190
1 -0.5213 0.5176
1 -0.5205 0.5162
1 -0.5197 0.5149
1 -0.5188 0.5136
1 -0.5179 0.5123
1 -0.5170 0.5110
1 -0.5160 0.5098
1 -0.5150 0.5086
1 -0.5139 0.5074
1 -0.5129 0.5063
1 -0.0340 0.0274
1 -0.0328 0.0263
1 -0.0317 0.0253
1 -0.0305 0.0242
1 -0.0293 0.0233
1 -0.0280 0.0223
1 -0.0267 0.0214
1 -0.0254 0.0206
1 -0.0240 0.0198
1 -0.0226 0.0190
1 -0.0213 0.0183
1 -0.0198 0.0176
1 -0.0184 0.0170
1 -0.0169 0.0164
1 -0.0154 0.0159
1 -0.0139 0.0154
1 -0.0124 0.0150
1 -0.0109 0.0146
1 -0.0094 0.0142
1 -0.0078 0.0140
1 -0.0062 0.0138
1 -0.0047 0.0136
1 -0.0031 0.0134
1 -0.0016 0.0134
1 0.0000 0.0134
1 0.0016 0.0134
1 0.0031 0.0134
1 0.0047 0.0136
1 0.0062 0.0138
1 0.0078 0.0140
1 0.0094 0.0142
1 0.0109 0.0146
1 0.0124 0.0150
1 0.0139 0.0154
1 0.0154 0.0159
1 0.0169 0.0164
1 0.0184 0.0170
1 0.0198 0.0176
1 0.0213 0.0183
1 0.0226 0.0190
1 0.0240 0.0198
1 0.0254 0.0206
1 0.0267 0.0214
1 0.0280 0.0223
1 0.0292 0.0233
1 0.0305 0.0242
1 0.0317 0.0253
1 0.0328 0.0263
1 0.0340 0.0274
1 0.5129 0.5063
1 0.5139 0.5074
1 0.5150 0.5086
1 0.5160 0.5098
1 0.5170 0.5110
1 0.5179 0.5123
1 0.5188 0.5136
1 0.5197 0.5149
1 0.5205 0.5162
1 0.5213 0.5176
1 0.5220 0.5190
1 0.5226 0.5205
1 0.5233 0.5219
1 0.5238 0.5234
1 0.5244 0.5248
1 0.5249 0.5263
1 0.5253 0.5278
1 0.5257 0.5294
1 0.5260 0.5309
1 0.5263 0.5325
1 0.5266 0.5340
1 0.5267 0.5356
1 0.5268 0.5371
1 0.5269 0.5387
1 0.5270 0.5402
1 0.5269 0.5418
1 0.5268 0.5434
1 0.5267 0.5450
1 0.5266 0.5466
1 0.5263 0.5481
1 0.5260 0.5496
1 0.5257 0.5512
1 0.5253 0.5527
1 0.5249 0.5542
1 0.5244 0.5557
1 0.5238 0.5572
1 0.5233 0.5586
1 0.5226 0.5601
1 0.5220 0.5615
1 0.5213 0.5629
1 0.5205 0.5643
1 0.5197 0.5656
1 0.5188 0.5670
1 0.5179 0.5682
1 0.5170 0.5695
1 0.5160 0.5707
1 0.5150 0.5719
1 0.5139 0.5731
1 0.5129 0.5742
1 0.0340 1.0531
1 0.0328 1.0542
1 0.0317 1.0553
1 0.0305 1.0563
1 0.0292 1.0573
1 0.0280 1.0582
1 0.0267 1.0591
1 0.0254 1.0599
1 0.0240 1.0608
1 0.0226 1.0615
1 0.0213 1.0622
1 0.0198 1.0630
1 0.0184 1.0635
1 0.0169 1.0642
1 0.0154 1.0646
1 0.0139 1.0651
1 0.0124 1.0656
1 0.0109 1.0659
1 0.0094 1.0662
1 0.0078 1.0666
1 0.0062 1.0668
1 0.0047 1.0670
1 0.0031 1.0671
1 0.0016 1.0672
1 0.0000 1.0672
1 -0.0016 1.0672
1 -0.0031 1.0671
1 -0.0047 1.0670
1 -0.0062 1.0668
1 -0.0078 1.0666
1 -0.0094 1.0662
1 -0.0109 1.0659
1 -0.0124 1.0656
1 -0.0139 1.0651
1 -0.0154 1.0646
1 -0.0169 1.0642
1 -0.0184 1.0635
1 -0.0198 1.0630
1 -0.0213 1.0622
1 -0.0226 1.0615
1 -0.0240 1.0608
1 -0.0254 1.0599
1 -0.0267 1.0591
1 -0.0280 1.0582
1 -0.0293 1.0573
1 -0.0305 1.0563
1 -0.0317 1.0553
1 -0.0328 1.0542
1 -0.0340 1.0531
112 1253 133
0 -0.4940 0.5554
1 -0.0151 1.0342
1 -0.0143 1.0350
1 -0.0135 1.0357
1 -0.0127 1.0363
1 -0.0118 1.0370
1 -0.0110 1.0375
1 -0.0101 1.0380
1 -0.0091 1.0385
1 -0.0082 1.0389
1 -0.0072 1.0393
1 -0.0062 1.0396
1 -0.0052 1.0399
1 -0.0042 1.0402
1 -0.0031 1.0403
1 -0.0021 1.0404
1 -0.0010 1.0405
1 0.0000 1.0406
1 0.0010 1.0405
1 0.0021 1.0404
1 0.0031 1.0403
1 0.0042 1.0402
1 0.0052 1.0399
1 0.0062 1.0396
1 0.0072 1.0393
1 0.0082 1.0389
1 0.0091 1.0385
1 0.0101 1.0380
1 0.0110 1.0375
1 0.0118 1.0370
1 0.0127 1.0363
1 0.0135 1.0357
1 0.0143 1.0350
1 0.0151 1.0342
1 0.4940 0.5554
1 0.4947 0.5546
1 0.4954 0.5538
1 0.4961 0.5530
1 0.4966 0.5522
1 0.4972 0.5513
1 0.4978 0.5503
1 0.4982 0.5494
1 0.4986 0.5485
1 0.4990 0.5474
1 0.4994 0.5465
1 0.4996 0.5454
1 0.4998 0.5444
1 0.5000 0.5434
1 0.5002 0.5424
1 0.5002 0.5413
1 0.5002 0.5402
1 0.5002 0.5392
1 0.5002 0.5382
1 0.5000 0.5371
1 0.4998 0.5361
1 0.4996 0.5350
1 0.4994 0.5341
1 0.4990 0.5330
1 0.4986 0.5321
1 0.4982 0.5311
1 0.4978 0.5302
1 0.4972 0.5293
1 0.4966 0.5284
1 0.4961 0.5275
1 0.4954 0.5267
1 0.4947 0.5259
1 0.4940 0.5251
1 0.0151 0.0462
1 0.0143 0.0455
1 0.0135 0.0449
1 0.0127 0.0442
1 0.0118 0.0436
1 0.0110 0.0430
1 0.0101 0.0426
1 0.0091 0.0421
1 0.0082 0.0416
1 0.0072 0.0413
1 0.0062 0.0409
1 0.0052 0.0406
1 0.0042 0.0404
1 0.0031 0.0402
1 0.0021 0.0401
1 0.0010 0.0400
1 0.0000 0.0400
1 -0.0010 0.0400
1 -0.0021 0.0401
1 -0.0031 0.0402
1 -0.0042 0.0404
1 -0.0052 0.0406
1 -0.0062 0.0409
1 -0.0072 0.0413
1 -0.0082 0.0416
1 -0.0091 0.0421
1 -0.0101 0.0426
1 -0.0110 0.0430
1 -0.0118 0.0436
1 -0.0127 0.0442
1 -0.0135 0.0449
1 -0.0143 0.0455
1 -0.0151 0.0462
1 -0.4940 0.5251
1 -0.4947 0.5259
1 -0.4954 0.5267
1 -0.4961 0.5275
1 -0.4966 0.5284
1 -0.4972 0.5293
1 -0.4978 0.5302
1 -0.4982 0.5311
1 -0.4986 0.5321
1 -0.4990 0.5330
1 -0.4994 0.5341
1 -0.4996 0.5350
1 -0.4998 0.5361
1 -0.5000 0.5371
1 -0.5002 0.5382
1 -0.5002 0.5392
1 -0.5002 0.5402
1 -0.5002 0.5413
1 -0.5002 0.5424
1 -0.5000 0.5434
1 -0.4998 0.5444
1 -0.4996 0.5454
1 -0.4994 0.5465
1 -0.4990 0.5474
1 -0.4986 0.5485
1 -0.4982 0.5494
1 -0.4978 0.5503
1 -0.4972 0.5513
1 -0.4966 0.5522
1 -0.4961 0.5530
1 -0.4954 0.5538
1 -0.4947 0.5546
1 -0.4940 0.5554
112 1250 802
0 -0.0818 0.4832
1 -0.0705 0.4633
1 -0.0522 0.4709
1 -0.0522 0.4709
1 -0.0518 0.4701
1 -0.0514 0.4692
1 -0.0510 0.4684
1 -0.0505 0.4677
1 -0.0499 0.4669
1 -0.0494 0.4662
1 -0.0487 0.4655
1 -0.0481 0.4649
1 -0.0474 0.4642
1 -0.0466 0.4637
1 -0.0459 0.4632
1 -0.0451 0.4627
1 -0.0443 0.4622
1 -0.0435 0.4619
1 -0.0426 0.4615
1 -0.0418 0.4613
1 -0.0409 0.4610
1 -0.0400 0.4608
1 -0.0391 0.4607
1 -0.0382 0.4606
1 -0.0373 0.4606
1 -0.0363 0.4606
1 -0.0354 0.4606
1 -0.0346 0.4608
1 -0.0336 0.4610
1 -0.0327 0.4612
1 -0.0318 0.4615
1 -0.0310 0.4618
1 -0.0302 0.4622
1 -0.0294 0.4626
1 -0.0286 0.4631
1 -0.0278 0.4636
1 -0.0271 0.4642
1 -0.0264 0.4647
1 -0.0258 0.4654
1 -0.0251 0.4661
1 -0.0246 0.4668
1 -0.0240 0.4675
1 -0.0235 0.4682
1 -0.0230 0.4690
1 -0.0226 0.4699
1 -0.0223 0.4707
1 -0.0220 0.4716
1 -0.0217 0.4725
1 -0.0215 0.4734
1 -0.0214 0.4742
1 -0.0212 0.4752
1 -0.0212 0.4761
1 -0.0212 0.4770
1 -0.0212 0.4779
1 -0.0214 0.4788
1 -0.0215 0.4798
1 -0.0217 0.4806
1 -0.0219 0.4815
1 -0.0222 0.4824
1 -0.0226 0.4832
1 -0.0226 0.4832
1 0.0095 0.4966
1 -0.0129 0.5433
1 -0.0289 0.5375
1 -0.0289 0.5375
1 -0.0294 0.5409
1 -0.0298 0.5442
1 -0.0305 0.5475
1 -0.0310 0.5509
1 -0.0318 0.5542
1 -0.0325 0.5575
1 -0.0332 0.5608
1 -0.0340 0.5641
1 -0.0349 0.5674
1 -0.0358 0.5706
1 -0.0366 0.5739
1 -0.0377 0.5771
1 -0.0386 0.5804
1 -0.0355 0.5826
1 -0.0323 0.5847
1 -0.0293 0.5870
1 -0.0262 0.5892
1 -0.0231 0.5915
1 -0.0201 0.5938
1 -0.0171 0.5962
1 -0.0142 0.5986
1 -0.0112 0.6011
1 -0.0083 0.6036
1 -0.0054 0.6062
1 -0.0026 0.6087
1 0.0002 0.6114
1 0.0030 0.6140
1 0.0057 0.6166
1 0.0083 0.6194
1 0.0110 0.6222
1 0.0136 0.6250
1 0.0162 0.6278
1 0.0158 0.5273
1 0.0362 0.5273
1 0.0028 0.3139
1 -0.0292 0.3059
1 -0.0292 0.2859
1 0.0495 0.2859
1 0.1095 0.5273
1 0.1788 0.3139
1 0.1495 0.3059
1 0.1495 0.2859
1 0.2095 0.2859
1 0.2362 0.3059
1 0.1828 0.5366
1 0.2028 0.5433
1 0.1895 0.5766
1 0.2095 0.5499
1 0.2362 0.5677
1 0.2367 0.5670
1 0.2373 0.5662
1 0.2379 0.5656
1 0.2386 0.5650
1 0.2392 0.5643
1 0.2399 0.5638
1 0.2407 0.5632
1 0.2414 0.5627
1 0.2422 0.5623
1 0.2431 0.5619
1 0.2439 0.5616
1 0.2448 0.5613
1 0.2457 0.5610
1 0.2466 0.5609
1 0.2475 0.5607
1 0.2484 0.5606
1 0.2493 0.5606
1 0.2502 0.5606
1 0.2511 0.5606
1 0.2520 0.5608
1 0.2530 0.5610
1 0.2538 0.5612
1 0.2547 0.5614
1 0.2555 0.5618
1 0.2564 0.5622
1 0.2572 0.5626
1 0.2580 0.5630
1 0.2587 0.5635
1 0.2594 0.5641
1 0.2602 0.5646
1 0.2608 0.5653
1 0.2614 0.5660
1 0.2621 0.5666
1 0.2626 0.5674
1 0.2631 0.5682
1 0.2635 0.5690
1 0.2640 0.5698
1 0.2643 0.5706
1 0.2646 0.5714
1 0.2649 0.5723
1 0.2651 0.5732
1 0.2653 0.5742
1 0.2654 0.5750
1 0.2655 0.5759
1 0.2655 0.5769
1 0.2654 0.5778
1 0.2654 0.5786
1 0.2652 0.5796
1 0.2650 0.5805
1 0.2648 0.5814
1 0.2645 0.5822
1 0.2642 0.5830
1 0.2638 0.5839
1 0.2633 0.5847
1 0.2628 0.5854
1 0.3095 0.6166
1 0.2588 0.6899
1 0.2418 0.6794
1 0.2400 0.6830
1 0.2382 0.6867
1 0.2363 0.6904
1 0.2344 0.6940
1 0.2325 0.6976
1 0.2305 0.7012
1 0.2284 0.7047
1 0.2263 0.7082
1 0.2242 0.7118
1 0.2220 0.7153
1 0.2198 0.7187
1 0.2175 0.7221
1 0.2152 0.7255
1 0.2128 0.7289
1 0.2104 0.7322
1 0.2080 0.7355
1 0.2055 0.7387
1 0.2030 0.7420
1 0.2004 0.7452
1 0.1978 0.7483
1 0.1951 0.7514
1 0.1925 0.7546
1 0.1898 0.7576
1 0.1870 0.7606
1 0.1842 0.7637
1 0.1813 0.7666
1 0.1784 0.7695
1 0.1755 0.7724
1 0.1726 0.7753
1 0.1695 0.7781
1 0.1666 0.7808
1 0.1634 0.7836
1 0.1604 0.7862
1 0.1572 0.7889
1 0.1541 0.7915
1 0.1509 0.7941
1 0.1476 0.7966
1 0.1444 0.7991
1 0.1410 0.8015
1 0.1378 0.8039
1 0.1344 0.8063
1 0.1310 0.8086
1 0.1276 0.8109
1 0.1242 0.8131
1 0.1206 0.8153
1 0.1216 0.8169
1 0.1226 0.8185
1 0.1234 0.8201
1 0.1242 0.8217
1 0.1250 0.8234
1 0.1258 0.8250
1 0.1265 0.8268
1 0.1271 0.8285
1 0.1278 0.8302
1 0.1282 0.8320
1 0.1288 0.8338
1 0.1292 0.8356
1 0.1296 0.8374
1 0.1299 0.8392
1 0.1302 0.8410
1 0.1304 0.8428
1 0.1306 0.8446
1 0.1307 0.8465
1 0.1308 0.8483
1 0.1308 0.8502
1 0.1308 0.8520
1 0.1307 0.8538
1 0.1306 0.8557
1 0.1304 0.8575
1 0.1302 0.8594
1 0.1298 0.8612
1 0.1294 0.8630
1 0.1290 0.8648
1 0.1286 0.8666
1 0.1281 0.8683
1 0.1275 0.8701
1 0.1270 0.8718
1 0.1263 0.8736
1 0.1256 0.8753
1 0.1248 0.8770
1 0.1240 0.8786
1 0.1232 0.8802
1 0.1223 0.8818
1 0.1214 0.8834
1 0.1203 0.8850
1 0.1194 0.8866
1 0.1182 0.8880
1 0.1171 0.8895
1 0.1160 0.8909
1 0.1148 0.8923
1 0.1135 0.8937
1 0.1122 0.8950
1 0.1110 0.8963
1 0.1096 0.8975
1 0.1082 0.8987
1 0.1068 0.8999
1 0.1053 0.9010
1 0.1038 0.9022
1 0.1023 0.9032
1 0.1007 0.9042
1 0.0992 0.9051
1 0.0976 0.9061
1 0.0959 0.9069
1 0.0943 0.9078
1 0.0926 0.9085
1 0.0910 0.9092
1 0.0892 0.9098
1 0.0874 0.9105
1 0.0858 0.9110
1 0.0839 0.9116
1 0.0822 0.9121
1 0.0804 0.9125
1 0.0786 0.9128
1 0.0767 0.9131
1 0.0750 0.9134
1 0.0731 0.9136
1 0.0713 0.9138
1 0.0694 0.9138
1 0.0676 0.9139
1 0.0658 0.9139
1 0.0639 0.9138
1 0.0621 0.9138
1 0.0602 0.9136
1 0.0584 0.9134
1 0.0566 0.9131
1 0.0547 0.9128
1 0.0530 0.9124
1 0.0511 0.9120
1 0.0494 0.9115
1 0.0476 0.9110
1 0.0458 0.9104
1 0.0442 0.9098
1 0.0424 0.9091
1 0.0407 0.9083
1 0.0390 0.9076
1 0.0374 0.9067
1 0.0358 0.9059
1 0.0342 0.9050
1 0.0326 0.9040
1 0.0310 0.9030
1 0.0295 0.9019
1 0.0281 0.9009
1 0.0266 0.8997
1 0.0252 0.8986
1 0.0238 0.8973
1 0.0225 0.8961
1 0.0212 0.8948
1 0.0199 0.8934
1 0.0186 0.8921
1 0.0174 0.8906
1 0.0163 0.8892
1 0.0152 0.8878
1 0.0142 0.8862
1 0.0131 0.8847
1 0.0122 0.8831
1 0.0112 0.8816
1 0.0103 0.8799
1 0.0094 0.8783
1 0.0086 0.8766
1 0.0079 0.8750
1 0.0072 0.8733
1 0.0066 0.8715
1 0.0060 0.8698
1 0.0054 0.8680
1 0.0050 0.8662
1 0.0045 0.8645
1 0.0041 0.8626
1 0.0038 0.8609
1 0.0035 0.8590
1 0.0033 0.8572
1 0.0030 0.8554
1 0.0030 0.8535
1 0.0029 0.8517
1 0.0028 0.8498
1 0.0029 0.8480
1 0.0030 0.8462
1 0.0030 0.8443
1 0.0033 0.8425
1 0.0035 0.8406
1 0.0038 0.8389
1 0.0042 0.8370
1 0.0046 0.8353
1 0.0050 0.8334
1 0.0054 0.8317
1 0.0060 0.8299
1 0.0066 0.8282
1 0.0073 0.8265
1 0.0080 0.8247
1 0.0087 0.8230
1 0.0095 0.8214
1 0.0104 0.8198
1 0.0113 0.8182
1 0.0122 0.8166
1 0.0132 0.8150
1 0.0142 0.8135
1 0.0153 0.8120
1 0.0164 0.8105
1 0.0175 0.8091
1 0.0187 0.8077
1 0.0200 0.8063
1 0.0213 0.8050
1 0.0226 0.8037
1 0.0239 0.8024
1 0.0253 0.8012
1 0.0267 0.8001
1 0.0282 0.7989
1 0.0297 0.7978
1 0.0312 0.7968
1 0.0327 0.7958
1 0.0343 0.7948
1 0.0359 0.7939
1 0.0375 0.7930
1 0.0392 0.7922
1 0.0408 0.7914
1 0.0426 0.7907
1 0.0442 0.7900
1 0.0460 0.7894
1 0.0478 0.7888
1 0.0495 0.7883
1 0.0335 0.7761
1 0.0328 0.7726
1 0.0321 0.7692
1 0.0314 0.7658
1 0.0305 0.7624
1 0.0296 0.7590
1 0.0287 0.7556
1 0.0278 0.7522
1 0.0267 0.7489
1 0.0256 0.7455
1 0.0245 0.7422
1 0.0233 0.7390
1 0.0221 0.7356
1 0.0208 0.7324
1 0.0195 0.7291
1 0.0182 0.7259
1 0.0167 0.7227
1 0.0152 0.7195
1 0.0138 0.7163
1 0.0122 0.7132
1 0.0106 0.7101
1 0.0089 0.7070
1 0.0072 0.7039
1 0.0054 0.7009
1 0.0037 0.6978
1 0.0018 0.6949
1 -0.0001 0.6919
1 -0.0020 0.6890
1 -0.0040 0.6861
1 -0.0060 0.6832
1 -0.0080 0.6803
1 -0.0102 0.6775
1 -0.0122 0.6747
1 -0.0145 0.6720
1 -0.0166 0.6693
1 -0.0190 0.6666
1 -0.0212 0.6640
1 -0.0236 0.6614
1 -0.0259 0.6588
1 -0.0284 0.6562
1 -0.0308 0.6538
1 -0.0334 0.6513
1 -0.0358 0.6488
1 -0.0384 0.6464
1 -0.0410 0.6441
1 -0.0437 0.6418
1 -0.0463 0.6395
1 -0.0490 0.6373
1 -0.0518 0.6350
1 -0.0546 0.6329
1 -0.0574 0.6308
1 -0.0602 0.6287
1 -0.0620 0.6318
1 -0.0638 0.6349
1 -0.0658 0.6380
1 -0.0678 0.6410
1 -0.0698 0.6440
1 -0.0718 0.6470
1 -0.0738 0.6499
1 -0.0760 0.6528
1 -0.0782 0.6557
1 -0.0804 0.6585
1 -0.0826 0.6614
1 -0.0850 0.6641
1 -0.0873 0.6669
1 -0.0896 0.6696
1 -0.0921 0.6722
1 -0.0945 0.6749
1 -0.0970 0.6775
1 -0.0995 0.6801
1 -0.1021 0.6826
1 -0.1046 0.6851
1 -0.1073 0.6876
1 -0.1099 0.6900
1 -0.1126 0.6924
1 -0.1118 0.6938
1 -0.1110 0.6953
1 -0.1103 0.6967
1 -0.1096 0.6982
1 -0.1090 0.6998
1 -0.1084 0.7013
1 -0.1078 0.7029
1 -0.1074 0.7045
1 -0.1069 0.7061
1 -0.1065 0.7077
1 -0.1062 0.7093
1 -0.1058 0.7109
1 -0.1056 0.7126
1 -0.1054 0.7142
1 -0.1053 0.7158
1 -0.1052 0.7175
1 -0.1052 0.7191
1 -0.1052 0.7208
1 -0.1053 0.7225
1 -0.1054 0.7241
1 -0.1056 0.7258
1 -0.1058 0.7274
1 -0.1061 0.7290
1 -0.1064 0.7306
1 -0.1068 0.7322
1 -0.1073 0.7338
1 -0.1078 0.7354
1 -0.1083 0.7370
1 -0.1089 0.7386
1 -0.1095 0.7401
1 -0.1102 0.7416
1 -0.1110 0.7430
1 -0.1118 0.7445
1 -0.1126 0.7459
1 -0.1134 0.7474
1 -0.1143 0.7487
1 -0.1153 0.7501
1 -0.1163 0.7514
1 -0.1174 0.7527
1 -0.1184 0.7539
1 -0.1195 0.7551
1 -0.1207 0.7563
1 -0.1219 0.7574
1 -0.1231 0.7586
1 -0.1244 0.7596
1 -0.1257 0.7606
1 -0.1270 0.7616
1 -0.1284 0.7626
1 -0.1298 0.7634
1 -0.1312 0.7643
1 -0.1326 0.7651
1 -0.1342 0.7658
1 -0.1357 0.7666
1 -0.1372 0.7673
1 -0.1387 0.7678
1 -0.1402 0.7684
1 -0.1418 0.7690
1 -0.1434 0.7694
1 -0.1450 0.7698
1 -0.1466 0.7702
1 -0.1482 0.7705
1 -0.1499 0.7707
1 -0.1515 0.7710
1 -0.1532 0.7711
1 -0.1548 0.7712
1 -0.1565 0.7713
1 -0.1582 0.7713
1 -0.1598 0.7712
1 -0.1614 0.7710
1 -0.1631 0.7709
1 -0.1647 0.7707
1 -0.1664 0.7704
1 -0.1680 0.7701
1 -0.1696 0.7698
1 -0.1712 0.7693
1 -0.1728 0.7689
1 -0.1744 0.7683
1 -0.1759 0.7678
1 -0.1774 0.7671
1 -0.1790 0.7665
1 -0.1805 0.7658
1 -0.1819 0.7650
1 -0.1834 0.7642
1 -0.1848 0.7633
1 -0.1862 0.7624
1 -0.1875 0.7614
1 -0.1889 0.7605
1 -0.1902 0.7594
1 -0.1914 0.7584
1 -0.1926 0.7573
1 -0.1938 0.7561
1 -0.1950 0.7550
1 -0.1961 0.7537
1 -0.1972 0.7525
1 -0.1982 0.7512
1 -0.1992 0.7498
1 -0.2002 0.7485
1 -0.2011 0.7471
1 -0.2019 0.7457
1 -0.2028 0.7442
1 -0.2035 0.7428
1 -0.2042 0.7413
1 -0.2050 0.7398
1 -0.2056 0.7382
1 -0.2062 0.7367
1 -0.2067 0.7351
1 -0.2072 0.7335
1 -0.2076 0.7320
1 -0.2080 0.7303
1 -0.2083 0.7287
1 -0.2086 0.7271
1 -0.2088 0.7254
1 -0.2090 0.7238
1 -0.2091 0.7222
1 -0.2091 0.7205
1 -0.2092 0.7189
1 -0.2091 0.7172
1 -0.2090 0.7155
1 -0.2089 0.7139
1 -0.2087 0.7122
1 -0.2085 0.7106
1 -0.2082 0.7090
1 -0.2078 0.7074
1 -0.2074 0.7058
1 -0.2070 0.7042
1 -0.2064 0.7026
1 -0.2058 0.7010
1 -0.2053 0.6995
1 -0.2046 0.6980
1 -0.2039 0.6965
1 -0.2032 0.6950
1 -0.2024 0.6935
1 -0.2015 0.6922
1 -0.2006 0.6907
1 -0.1997 0.6894
1 -0.1987 0.6880
1 -0.1978 0.6867
1 -0.1966 0.6854
1 -0.1956 0.6842
1 -0.1945 0.6830
1 -0.1933 0.6818
1 -0.1921 0.6807
1 -0.1908 0.6796
1 -0.1895 0.6786
1 -0.1882 0.6775
1 -0.1869 0.6766
1 -0.1855 0.6757
1 -0.1841 0.6748
1 -0.1826 0.6739
1 -0.1812 0.6731
1 -0.1798 0.6724
1 -0.1782 0.6717
1 -0.1767 0.6710
1 -0.1752 0.6705
1 -0.1736 0.6699
1 -0.1976 0.6606
1 -0.1974 0.6578
1 -0.1973 0.6551
1 -0.1972 0.6524
1 -0.1972 0.6497
1 -0.1972 0.6470
1 -0.1973 0.6443
1 -0.1974 0.6416
1 -0.1976 0.6389
1 -0.1978 0.6362
1 -0.1982 0.6334
1 -0.1985 0.6307
1 -0.1989 0.6281
1 -0.1994 0.6254
1 -0.1998 0.6227
1 -0.2004 0.6201
1 -0.2010 0.6174
1 -0.2017 0.6147
1 -0.2024 0.6122
1 -0.2031 0.6095
1 -0.2039 0.6069
1 -0.2048 0.6043
1 -0.2057 0.6018
1 -0.2066 0.5992
1 -0.2077 0.5967
1 -0.2087 0.5942
1 -0.2098 0.5918
1 -0.2110 0.5893
1 -0.2122 0.5868
1 -0.2134 0.5844
1 -0.2147 0.5820
1 -0.2161 0.5797
1 -0.2174 0.5773
1 -0.2189 0.5750
1 -0.2204 0.5727
1 -0.2219 0.5705
1 -0.2234 0.5682
1 -0.2250 0.5661
1 -0.2267 0.5639
1 -0.2284 0.5618
1 -0.2302 0.5597
1 -0.2319 0.5576
1 -0.2338 0.5556
1 -0.2356 0.5536
1 -0.2374 0.5516
1 -0.2394 0.5497
1 -0.2414 0.5478
1 -0.2434 0.5460
1 -0.2454 0.5442
1 -0.2474 0.5424
1 -0.2496 0.5407
1 -0.2517 0.5390
1 -0.2539 0.5374
1 -0.2561 0.5358
1 -0.2583 0.5342
1 -0.2606 0.5327
1 -0.2629 0.5313
1 -0.2652 0.5298
1 -0.2675 0.5285
1 -0.2699 0.5271
1 -0.2723 0.5258
1 -0.2747 0.5246
1 -0.2772 0.5234
1 -0.2741 0.5190
1 -0.2750 0.5191
1 -0.2758 0.5192
1 -0.2768 0.5193
1 -0.2777 0.5193
1 -0.2786 0.5192
1 -0.2795 0.5190
1 -0.2804 0.5189
1 -0.2813 0.5187
1 -0.2822 0.5185
1 -0.2830 0.5182
1 -0.2839 0.5178
1 -0.2847 0.5174
1 -0.2855 0.5169
1 -0.2862 0.5164
1 -0.2870 0.5158
1 -0.2877 0.5153
1 -0.2884 0.5146
1 -0.2890 0.5140
1 -0.2896 0.5133
1 -0.2902 0.5126
1 -0.2907 0.5118
1 -0.2911 0.5110
1 -0.2916 0.5102
1 -0.2919 0.5094
1 -0.2922 0.5086
1 -0.2926 0.5077
1 -0.2928 0.5068
1 -0.2930 0.5058
1 -0.2930 0.5050
1 -0.2931 0.5041
1 -0.2932 0.5031
1 -0.2931 0.5022
1 -0.2930 0.5013
1 -0.2929 0.5004
1 -0.2927 0.4995
1 -0.2925 0.4986
1 -0.2922 0.4978
1 -0.2918 0.4969
1 -0.2914 0.4961
1 -0.2910 0.4953
1 -0.2906 0.4945
1 -0.2901 0.4938
1 -0.2895 0.4930
1 -0.2889 0.4923
1 -0.2882 0.4917
1 -0.2875 0.4910
1 -0.2869 0.4905
1 -0.2861 0.4900
1 -0.2854 0.4895
1 -0.2846 0.4890
1 -0.2837 0.4886
1 -0.2829 0.4883
1 -0.2820 0.4880
1 -0.2811 0.4878
1 -0.2802 0.4875
1 -0.2793 0.4874
1 -0.2784 0.4873
1 -0.2775 0.4873
1 -0.2766 0.4873
1 -0.2757 0.4874
1 -0.2747 0.4874
1 -0.2738 0.4876
1 -0.2730 0.4878
1 -0.2721 0.4881
1 -0.2712 0.4884
1 -0.2704 0.4888
1 -0.2696 0.4892
1 -0.2688 0.4896
1 -0.2680 0.4902
1 -0.2673 0.4906
1 -0.2666 0.4913
1 -0.2659 0.4919
1 -0.2653 0.4926
1 -0.2647 0.4933
1 -0.2642 0.4940
1 -0.2636 0.4947
1 -0.2631 0.4955
1 -0.2627 0.4963
1 -0.2624 0.4972
1 -0.2621 0.4980
1 -0.2618 0.4989
1 -0.2615 0.4998
1 -0.2614 0.5007
1 -0.2572 0.4946
1 -0.2546 0.4960
1 -0.2520 0.4974
1 -0.2494 0.4989
1 -0.2469 0.5004
1 -0.2444 0.5019
1 -0.2419 0.5035
1 -0.2394 0.5052
1 -0.2370 0.5068
1 -0.2346 0.5086
1 -0.2322 0.5103
1 -0.2298 0.5121
1 -0.2276 0.5139
1 -0.2253 0.5158
1 -0.2230 0.5177
1 -0.2208 0.5197
1 -0.2186 0.5216
1 -0.2165 0.5237
1 -0.2144 0.5257
1 -0.2123 0.5278
1 -0.2102 0.5299
1 -0.2172 0.4459
1 -0.2038 0.4459
1 -0.2172 0.3193
1 -0.2492 0.3059
1 -0.2489 0.2926
1 -0.1825 0.2859
1 -0.1372 0.4459
1 -0.1025 0.3126
1 -0.1225 0.2993
1 -0.1225 0.2859
1 -0.0958 0.2859
1 -0.0558 0.3059
1 -0.0818 0.4832
112 1253 39
0 -0.1038 0.6321
1 -0.1038 0.6321
1 -0.1018 0.6294
1 -0.0999 0.6267
1 -0.0981 0.6240
1 -0.0962 0.6212
1 -0.0945 0.6184
1 -0.0927 0.6156
1 -0.0910 0.6128
1 -0.0894 0.6099
1 -0.0878 0.6070
1 -0.0862 0.6041
1 -0.0846 0.6012
1 -0.0832 0.5982
1 -0.0818 0.5952
1 -0.0803 0.5922
1 -0.0790 0.5892
1 -0.0777 0.5862
1 -0.0765 0.5831
1 -0.0753 0.5800
1 -0.0741 0.5769
1 -0.0730 0.5738
1 -0.0719 0.5706
1 -0.0710 0.5675
1 -0.0700 0.5643
1 -0.0690 0.5611
1 -0.0682 0.5579
1 -0.0674 0.5547
1 -0.0666 0.5515
1 -0.0659 0.5483
1 -0.0653 0.5450
1 -0.0646 0.5418
1 -0.0641 0.5386
1 -0.0635 0.5353
1 -0.0631 0.5320
1 -0.0626 0.5287
1 -0.0623 0.5254
1 -0.0623 0.5254
1 -0.0868 0.5166
112 1253 32
0 0.1695 0.6342
1 0.1358 0.7366
1 0.1358 0.7366
1 0.1386 0.7340
1 0.1412 0.7313
1 0.1438 0.7286
1 0.1465 0.7259
1 0.1490 0.7231
1 0.1515 0.7203
1 0.1540 0.7175
1 0.1565 0.7146
1 0.1589 0.7118
1 0.1612 0.7088
1 0.1635 0.7058
1 0.1658 0.7028
1 0.1681 0.6998
1 0.1702 0.6967
1 0.1724 0.6936
1 0.1745 0.6905
1 0.1766 0.6874
1 0.1786 0.6842
1 0.1806 0.6810
1 0.1825 0.6777
1 0.1843 0.6744
1 0.1862 0.6711
1 0.1879 0.6678
1 0.1897 0.6645
1 0.1914 0.6611
1 0.1930 0.6577
1 0.1946 0.6543
1 0.1962 0.6509
1 0.1962 0.6509
