SEcl_PO-10
3305 6 1 1 0 0 0 0 0 0 1 1
1.000
112 1253 229
0 -0.0434 1.0626
1 -0.5223 0.5837
1 -0.5235 0.5824
1 -0.5246 0.5811
1 -0.5258 0.5798
1 -0.5269 0.5786
1 -0.5279 0.5772
1 -0.5290 0.5758
1 -0.5299 0.5744
1 -0.5309 0.5729
1 -0.5318 0.5714
1 -0.5326 0.5699
1 -0.5334 0.5684
1 -0.5342 0.5669
1 -0.5349 0.5654
1 -0.5356 0.5638
1 -0.5362 0.5622
1 -0.5368 0.5606
1 -0.5374 0.5589
1 -0.5378 0.5573
1 -0.5383 0.5556
1 -0.5387 0.5539
1 -0.5391 0.5522
1 -0.5394 0.5506
1 -0.5397 0.5489
1 -0.5399 0.5471
1 -0.5401 0.5454
1 -0.5402 0.5437
1 -0.5402 0.5420
1 -0.5402 0.5402
1 -0.5402 0.5386
1 -0.5402 0.5368
1 -0.5401 0.5351
1 -0.5399 0.5334
1 -0.5397 0.5317
1 -0.5394 0.5300
1 -0.5391 0.5283
1 -0.5387 0.5266
1 -0.5383 0.5250
1 -0.5378 0.5233
1 -0.5374 0.5216
1 -0.5368 0.5200
1 -0.5362 0.5184
1 -0.5356 0.5168
1 -0.5349 0.5152
1 -0.5342 0.5137
1 -0.5334 0.5121
1 -0.5326 0.5106
1 -0.5318 0.5091
1 -0.5309 0.5076
1 -0.5299 0.5062
1 -0.5290 0.5047
1 -0.5279 0.5034
1 -0.5269 0.5020
1 -0.5258 0.5006
1 -0.5246 0.4994
1 -0.5235 0.4981
1 -0.5223 0.4969
1 -0.0434 0.0180
1 -0.0422 0.0168
1 -0.0409 0.0156
1 -0.0396 0.0145
1 -0.0382 0.0134
1 -0.0369 0.0123
1 -0.0355 0.0113
1 -0.0341 0.0103
1 -0.0326 0.0094
1 -0.0312 0.0085
1 -0.0297 0.0077
1 -0.0282 0.0069
1 -0.0266 0.0061
1 -0.0250 0.0054
1 -0.0235 0.0046
1 -0.0219 0.0040
1 -0.0202 0.0034
1 -0.0186 0.0029
1 -0.0170 0.0024
1 -0.0154 0.0019
1 -0.0137 0.0015
1 -0.0120 0.0012
1 -0.0102 0.0009
1 -0.0086 0.0006
1 -0.0069 0.0004
1 -0.0051 0.0002
1 -0.0034 0.0001
1 -0.0018 0.0000
1 0.0000 0.0000
1 0.0018 0.0000
1 0.0034 0.0001
1 0.0051 0.0002
1 0.0069 0.0004
1 0.0086 0.0006
1 0.0102 0.0009
1 0.0120 0.0012
1 0.0137 0.0015
1 0.0154 0.0019
1 0.0170 0.0024
1 0.0186 0.0029
1 0.0202 0.0034
1 0.0219 0.0040
1 0.0235 0.0046
1 0.0250 0.0054
1 0.0266 0.0061
1 0.0282 0.0069
1 0.0297 0.0077
1 0.0312 0.0085
1 0.0326 0.0094
1 0.0341 0.0103
1 0.0355 0.0113
1 0.0369 0.0123
1 0.0382 0.0134
1 0.0396 0.0145
1 0.0409 0.0156
1 0.0422 0.0168
1 0.0434 0.0180
1 0.5223 0.4969
1 0.5235 0.4981
1 0.5246 0.4994
1 0.5258 0.5006
1 0.5269 0.5020
1 0.5279 0.5034
1 0.5290 0.5047
1 0.5299 0.5062
1 0.5309 0.5076
1 0.5318 0.5091
1 0.5326 0.5106
1 0.5334 0.5121
1 0.5342 0.5137
1 0.5349 0.5152
1 0.5356 0.5168
1 0.5362 0.5184
1 0.5368 0.5200
1 0.5374 0.5216
1 0.5378 0.5233
1 0.5383 0.5250
1 0.5387 0.5266
1 0.5391 0.5283
1 0.5394 0.5300
1 0.5397 0.5317
1 0.5399 0.5334
1 0.5401 0.5351
1 0.5402 0.5368
1 0.5402 0.5386
1 0.5402 0.5402
1 0.5402 0.5420
1 0.5402 0.5437
1 0.5401 0.5454
1 0.5399 0.5471
1 0.5397 0.5489
1 0.5394 0.5506
1 0.5391 0.5522
1 0.5387 0.5539
1 0.5383 0.5556
1 0.5378 0.5573
1 0.5374 0.5589
1 0.5368 0.5606
1 0.5362 0.5622
1 0.5356 0.5638
1 0.5349 0.5654
1 0.5342 0.5669
1 0.5334 0.5684
1 0.5326 0.5699
1 0.5318 0.5714
1 0.5309 0.5729
1 0.5299 0.5744
1 0.5290 0.5758
1 0.5279 0.5772
1 0.5269 0.5786
1 0.5258 0.5798
1 0.5246 0.5811
1 0.5235 0.5824
1 0.5223 0.5837
1 0.0434 1.0626
1 0.0422 1.0638
1 0.0409 1.0650
1 0.0396 1.0661
1 0.0382 1.0671
1 0.0369 1.0682
1 0.0355 1.0692
1 0.0341 1.0702
1 0.0326 1.0711
1 0.0312 1.0720
1 0.0297 1.0729
1 0.0282 1.0737
1 0.0266 1.0745
1 0.0250 1.0752
1 0.0235 1.0758
1 0.0219 1.0765
1 0.0202 1.0771
1 0.0186 1.0776
1 0.0170 1.0782
1 0.0154 1.0786
1 0.0137 1.0790
1 0.0120 1.0794
1 0.0102 1.0797
1 0.0086 1.0799
1 0.0069 1.0802
1 0.0051 1.0803
1 0.0034 1.0804
1 0.0018 1.0805
1 0.0000 1.0806
1 -0.0018 1.0805
1 -0.0034 1.0804
1 -0.0051 1.0803
1 -0.0069 1.0802
1 -0.0086 1.0799
1 -0.0102 1.0797
1 -0.0120 1.0794
1 -0.0137 1.0790
1 -0.0154 1.0786
1 -0.0170 1.0782
1 -0.0186 1.0776
1 -0.0202 1.0771
1 -0.0219 1.0765
1 -0.0235 1.0758
1 -0.0250 1.0752
1 -0.0266 1.0745
1 -0.0282 1.0737
1 -0.0297 1.0729
1 -0.0312 1.0720
1 -0.0326 1.0711
1 -0.0341 1.0702
1 -0.0355 1.0692
1 -0.0369 1.0682
1 -0.0382 1.0671
1 -0.0396 1.0661
1 -0.0409 1.0650
1 -0.0422 1.0638
1 -0.0434 1.0626
112 1250 197
0 -0.0340 1.0531
1 -0.5129 0.5742
1 -0.5139 0.5731
1 -0.5150 0.5719
1 -0.5160 0.5707
1 -0.5170 0.5695
1 -0.5179 0.5682
1 -0.5188 0.5670
1 -0.5197 0.5656
1 -0.5205 0.5643
1 -0.5213 0.5629
1 -0.5220 0.5615
1 -0.5226 0.5601
1 -0.5233 0.5586
1 -0.5238 0.5572
1 -0.5244 0.5557
1 -0.5249 0.5542
1 -0.5253 0.5527
1 -0.5257 0.5512
1 -0.5260 0.5496
1 -0.5263 0.5481
1 -0.5266 0.5466
1 -0.5267 0.5450
1 -0.5268 0.5434
1 -0.5269 0.5418
1 -0.5270 0.5402
1 -0.5269 0.5387
1 -0.5268 0.5371
1 -0.5267 0.5356
1 -0.5266 0.5340
1 -0.5263 0.5325
1 -0.5260 0.5309
1 -0.5257 0.5294
1 -0.5253 0.5278
1 -0.5249 0.5263
1 -0.5244 0.5248
1 -0.5238 0.5234
1 -0.5233 0.5219
1 -0.5226 0.5205
1 -0.5220 0.5190
1 -0.5213 0.5176
1 -0.5205 0.5162
1 -0.5197 0.5149
1 -0.5188 0.5136
1 -0.5179 0.5123
1 -0.5170 0.5110
1 -0.5160 0.5098
1 -0.5150 0.5086
1 -0.5139 0.5074
1 -0.5129 0.5063
1 -0.0340 0.0274
1 -0.0328 0.0263
1 -0.0317 0.0253
1 -0.0305 0.0242
1 -0.0293 0.0233
1 -0.0280 0.0223
1 -0.0267 0.0214
1 -0.0254 0.0206
1 -0.0240 0.0198
1 -0.0226 0.0190
1 -0.0213 0.0183
1 -0.0198 0.0176
1 -0.0184 0.0170
1 -0.0169 0.0164
1 -0.0154 0.0159
1 -0.0139 0.0154
1 -0.0124 0.0150
1 -0.0109 0.0146
1 -0.0094 0.0142
1 -0.0078 0.0140
1 -0.0062 0.0138
1 -0.0047 0.0136
1 -0.0031 0.0134
1 -0.0016 0.0134
1 0.0000 0.0134
1 0.0016 0.0134
1 0.0031 0.0134
1 0.0047 0.0136
1 0.0062 0.0138
1 0.0078 0.0140
1 0.0094 0.0142
1 0.0109 0.0146
1 0.0124 0.0150
1 0.0139 0.0154
1 0.0154 0.0159
1 0.0169 0.0164
1 0.0184 0.0170
1 0.0198 0.0176
1 0.0213 0.0183
1 0.0226 0.0190
1 0.0240 0.0198
1 0.0254 0.0206
1 0.0267 0.0214
1 0.0280 0.0223
1 0.0292 0.0233
1 0.0305 0.0242
1 0.0317 0.0253
1 0.0328 0.0263
1 0.0340 0.0274
1 0.5129 0.5063
1 0.5139 0.5074
1 0.5150 0.5086
1 0.5160 0.5098
1 0.5170 0.5110
1 0.5179 0.5123
1 0.5188 0.5136
1 0.5197 0.5149
1 0.5205 0.5162
1 0.5213 0.5176
1 0.5220 0.5190
1 0.5226 0.5205
1 0.5233 0.5219
1 0.5238 0.5234
1 0.5244 0.5248
1 0.5249 0.5263
1 0.5253 0.5278
1 0.5257 0.5294
1 0.5260 0.5309
1 0.5263 0.5325
1 0.5266 0.5340
1 0.5267 0.5356
1 0.5268 0.5371
1 0.5269 0.5387
1 0.5270 0.5402
1 0.5269 0.5418
1 0.5268 0.5434
1 0.5267 0.5450
1 0.5266 0.5466
1 0.5263 0.5481
1 0.5260 0.5496
1 0.5257 0.5512
1 0.5253 0.5527
1 0.5249 0.5542
1 0.5244 0.5557
1 0.5238 0.5572
1 0.5233 0.5586
1 0.5226 0.5601
1 0.5220 0.5615
1 0.5213 0.5629
1 0.5205 0.5643
1 0.5197 0.5656
1 0.5188 0.5670
1 0.5179 0.5682
1 0.5170 0.5695
1 0.5160 0.5707
1 0.5150 0.5719
1 0.5139 0.5731
1 0.5129 0.5742
1 0.0340 1.0531
1 0.0328 1.0542
1 0.0317 1.0553
1 0.0305 1.0563
1 0.0292 1.0573
1 0.0280 1.0582
1 0.0267 1.0591
1 0.0254 1.0599
1 0.0240 1.0608
1 0.0226 1.0615
1 0.0213 1.0622
1 0.0198 1.0630
1 0.0184 1.0635
1 0.0169 1.0642
1 0.0154 1.0646
1 0.0139 1.0651
1 0.0124 1.0656
1 0.0109 1.0659
1 0.0094 1.0662
1 0.0078 1.0666
1 0.0062 1.0668
1 0.0047 1.0670
1 0.0031 1.0671
1 0.0016 1.0672
1 0.0000 1.0672
1 -0.0016 1.0672
1 -0.0031 1.0671
1 -0.0047 1.0670
1 -0.0062 1.0668
1 -0.0078 1.0666
1 -0.0094 1.0662
1 -0.0109 1.0659
1 -0.0124 1.0656
1 -0.0139 1.0651
1 -0.0154 1.0646
1 -0.0169 1.0642
1 -0.0184 1.0635
1 -0.0198 1.0630
1 -0.0213 1.0622
1 -0.0226 1.0615
1 -0.0240 1.0608
1 -0.0254 1.0599
1 -0.0267 1.0591
1 -0.0280 1.0582
1 -0.0293 1.0573
1 -0.0305 1.0563
1 -0.0317 1.0553
1 -0.0328 1.0542
1 -0.0340 1.0531
112 1253 133
0 -0.4940 0.5554
1 -0.0151 1.0342
1 -0.0143 1.0350
1 -0.0135 1.0357
1 -0.0127 1.0363
1 -0.0118 1.0370
1 -0.0110 1.0375
1 -0.0101 1.0380
1 -0.0091 1.0385
1 -0.0082 1.0389
1 -0.0072 1.0393
1 -0.0062 1.0396
1 -0.0052 1.0399
1 -0.0042 1.0402
1 -0.0031 1.0403
1 -0.0021 1.0404
1 -0.0010 1.0405
1 0.0000 1.0406
1 0.0010 1.0405
1 0.0021 1.0404
1 0.0031 1.0403
1 0.0042 1.0402
1 0.0052 1.0399
1 0.0062 1.0396
1 0.0072 1.0393
1 0.0082 1.0389
1 0.0091 1.0385
1 0.0101 1.0380
1 0.0110 1.0375
1 0.0118 1.0370
1 0.0127 1.0363
1 0.0135 1.0357
1 0.0143 1.0350
1 0.0151 1.0342
1 0.4940 0.5554
1 0.4947 0.5546
1 0.4954 0.5538
1 0.4961 0.5530
1 0.4966 0.5522
1 0.4972 0.5513
1 0.4978 0.5503
1 0.4982 0.5494
1 0.4986 0.5485
1 0.4990 0.5474
1 0.4994 0.5465
1 0.4996 0.5454
1 0.4998 0.5444
1 0.5000 0.5434
1 0.5002 0.5424
1 0.5002 0.5413
1 0.5002 0.5402
1 0.5002 0.5392
1 0.5002 0.5382
1 0.5000 0.5371
1 0.4998 0.5361
1 0.4996 0.5350
1 0.4994 0.5341
1 0.4990 0.5330
1 0.4986 0.5321
1 0.4982 0.5311
1 0.4978 0.5302
1 0.4972 0.5293
1 0.4966 0.5284
1 0.4961 0.5275
1 0.4954 0.5267
1 0.4947 0.5259
1 0.4940 0.5251
1 0.0151 0.0462
1 0.0143 0.0455
1 0.0135 0.0449
1 0.0127 0.0442
1 0.0118 0.0436
1 0.0110 0.0430
1 0.0101 0.0426
1 0.0091 0.0421
1 0.0082 0.0416
1 0.0072 0.0413
1 0.0062 0.0409
1 0.0052 0.0406
1 0.0042 0.0404
1 0.0031 0.0402
1 0.0021 0.0401
1 0.0010 0.0400
1 0.0000 0.0400
1 -0.0010 0.0400
1 -0.0021 0.0401
1 -0.0031 0.0402
1 -0.0042 0.0404
1 -0.0052 0.0406
1 -0.0062 0.0409
1 -0.0072 0.0413
1 -0.0082 0.0416
1 -0.0091 0.0421
1 -0.0101 0.0426
1 -0.0110 0.0430
1 -0.0118 0.0436
1 -0.0127 0.0442
1 -0.0135 0.0449
1 -0.0143 0.0455
1 -0.0151 0.0462
1 -0.4940 0.5251
1 -0.4947 0.5259
1 -0.4954 0.5267
1 -0.4961 0.5275
1 -0.4966 0.5284
1 -0.4972 0.5293
1 -0.4978 0.5302
1 -0.4982 0.5311
1 -0.4986 0.5321
1 -0.4990 0.5330
1 -0.4994 0.5341
1 -0.4996 0.5350
1 -0.4998 0.5361
1 -0.5000 0.5371
1 -0.5002 0.5382
1 -0.5002 0.5392
1 -0.5002 0.5402
1 -0.5002 0.5413
1 -0.5002 0.5424
1 -0.5000 0.5434
1 -0.4998 0.5444
1 -0.4996 0.5454
1 -0.4994 0.5465
1 -0.4990 0.5474
1 -0.4986 0.5485
1 -0.4982 0.5494
1 -0.4978 0.5503
1 -0.4972 0.5513
1 -0.4966 0.5522
1 -0.4961 0.5530
1 -0.4954 0.5538
1 -0.4947 0.5546
1 -0.4940 0.5554
112 1250 121
0 0.0000 0.7440
1 0.0017 0.7438
1 0.0034 0.7436
1 0.0050 0.7435
1 0.0068 0.7435
1 0.0085 0.7437
1 0.0102 0.7439
1 0.0119 0.7442
1 0.0136 0.7446
1 0.0152 0.7452
1 0.0169 0.7458
1 0.0185 0.7466
1 0.0201 0.7474
1 0.0217 0.7483
1 0.0231 0.7493
1 0.0246 0.7504
1 0.0261 0.7516
1 0.0274 0.7528
1 0.0287 0.7542
1 0.0300 0.7556
1 0.0312 0.7570
1 0.0323 0.7586
1 0.0334 0.7602
1 0.0344 0.7618
1 0.0353 0.7636
1 0.0362 0.7654
1 0.0369 0.7671
1 0.0376 0.7690
1 0.0382 0.7709
1 0.0387 0.7728
1 0.0391 0.7747
1 0.0394 0.7766
1 0.0398 0.7786
1 0.0399 0.7806
1 0.0400 0.7826
1 0.0399 0.7845
1 0.0398 0.7865
1 0.0397 0.7884
1 0.0394 0.7903
1 0.0390 0.7922
1 0.0386 0.7941
1 0.0380 0.7958
1 0.0374 0.7977
1 0.0366 0.7994
1 0.0358 0.8010
1 0.0350 0.8027
1 0.0341 0.8042
1 0.0330 0.8058
1 0.0320 0.8072
1 0.0308 0.8086
1 0.0296 0.8099
1 0.0283 0.8111
1 0.0270 0.8122
1 0.0256 0.8133
1 0.0242 0.8142
1 0.0226 0.8151
1 0.0211 0.8158
1 0.0196 0.8166
1 0.0180 0.8171
1 0.0163 0.8176
1 0.0147 0.8180
1 0.0130 0.8182
1 0.0114 0.8185
1 0.0096 0.8186
1 0.0079 0.8185
1 0.0062 0.8184
1 0.0045 0.8182
1 0.0028 0.8178
1 0.0011 0.8174
1 -0.0006 0.8168
1 -0.0022 0.8162
1 -0.0038 0.8154
1 -0.0054 0.8146
1 -0.0070 0.8138
1 -0.0085 0.8127
1 -0.0099 0.8116
1 -0.0114 0.8105
1 -0.0127 0.8092
1 -0.0141 0.8078
1 -0.0153 0.8065
1 -0.0165 0.8050
1 -0.0176 0.8034
1 -0.0187 0.8018
1 -0.0197 0.8002
1 -0.0206 0.7985
1 -0.0214 0.7966
1 -0.0222 0.7949
1 -0.0229 0.7930
1 -0.0235 0.7911
1 -0.0240 0.7893
1 -0.0244 0.7874
1 -0.0248 0.7854
1 -0.0250 0.7834
1 -0.0252 0.7814
1 -0.0253 0.7795
1 -0.0253 0.7775
1 -0.0251 0.7756
1 -0.0250 0.7737
1 -0.0246 0.7718
1 -0.0243 0.7698
1 -0.0238 0.7680
1 -0.0233 0.7662
1 -0.0226 0.7644
1 -0.0220 0.7626
1 -0.0212 0.7610
1 -0.0203 0.7594
1 -0.0194 0.7578
1 -0.0183 0.7562
1 -0.0173 0.7548
1 -0.0161 0.7534
1 -0.0149 0.7522
1 -0.0136 0.7510
1 -0.0123 0.7498
1 -0.0109 0.7487
1 -0.0094 0.7478
1 -0.0080 0.7470
1 -0.0064 0.7462
1 -0.0049 0.7454
1 -0.0033 0.7449
1 -0.0017 0.7444
1 0.0000 0.7440
112 1250 160
0 -0.2879 0.5947
1 -0.2878 0.5934
1 -0.2878 0.5921
1 -0.2878 0.5921
1 -0.2878 0.5908
1 -0.2879 0.5894
1 -0.2881 0.5882
1 -0.2882 0.5868
1 -0.2885 0.5855
1 -0.2888 0.5842
1 -0.2891 0.5830
1 -0.2895 0.5817
1 -0.2899 0.5804
1 -0.2905 0.5792
1 -0.2910 0.5780
1 -0.2916 0.5768
1 -0.2922 0.5756
1 -0.2929 0.5745
1 -0.2936 0.5734
1 -0.2944 0.5723
1 -0.2952 0.5713
1 -0.2960 0.5702
1 -0.2969 0.5693
1 -0.2978 0.5683
1 -0.2988 0.5674
1 -0.2998 0.5666
1 -0.3008 0.5657
1 -0.3019 0.5649
1 -0.3030 0.5642
1 -0.3042 0.5634
1 -0.3053 0.5628
1 -0.3065 0.5622
1 -0.3077 0.5616
1 -0.3089 0.5611
1 -0.3101 0.5606
1 -0.3114 0.5602
1 -0.3126 0.5598
1 -0.3139 0.5596
1 -0.3152 0.5593
1 -0.3166 0.5591
1 -0.3178 0.5590
1 -0.3192 0.5588
1 -0.3205 0.5588
1 -0.3218 0.5588
1 -0.3231 0.5588
1 -0.3245 0.5590
1 -0.3258 0.5591
1 -0.3271 0.5593
1 -0.3284 0.5596
1 -0.3297 0.5598
1 -0.3310 0.5602
1 -0.3322 0.5606
1 -0.3334 0.5611
1 -0.3347 0.5616
1 -0.3359 0.5622
1 -0.3370 0.5628
1 -0.3382 0.5634
1 -0.3394 0.5642
1 -0.3405 0.5649
1 -0.3415 0.5657
1 -0.3426 0.5666
1 -0.3435 0.5674
1 -0.3445 0.5683
1 -0.3454 0.5693
1 -0.3463 0.5702
1 -0.3472 0.5713
1 -0.3480 0.5723
1 -0.3487 0.5734
1 -0.3494 0.5745
1 -0.3502 0.5756
1 -0.3508 0.5768
1 -0.3514 0.5780
1 -0.3519 0.5792
1 -0.3524 0.5804
1 -0.3528 0.5817
1 -0.3532 0.5830
1 -0.3536 0.5842
1 -0.3538 0.5855
1 -0.3541 0.5868
1 -0.3542 0.5882
1 -0.3544 0.5894
1 -0.3545 0.5908
1 -0.3545 0.5921
1 -0.3545 0.5934
1 -0.3544 0.5947
1 -0.3542 0.5961
1 -0.3541 0.5974
1 -0.3538 0.5987
1 -0.3536 0.6000
1 -0.3532 0.6013
1 -0.3528 0.6026
1 -0.3524 0.6038
1 -0.3519 0.6050
1 -0.3514 0.6062
1 -0.3508 0.6074
1 -0.3502 0.6086
1 -0.3494 0.6097
1 -0.3487 0.6108
1 -0.3480 0.6119
1 -0.3472 0.6130
1 -0.3463 0.6140
1 -0.3454 0.6150
1 -0.3445 0.6159
1 -0.3435 0.6168
1 -0.3426 0.6177
1 -0.3415 0.6185
1 -0.3405 0.6193
1 -0.3394 0.6201
1 -0.3382 0.6207
1 -0.3370 0.6214
1 -0.3359 0.6220
1 -0.3347 0.6226
1 -0.3334 0.6231
1 -0.3322 0.6235
1 -0.3310 0.6240
1 -0.3297 0.6243
1 -0.3284 0.6246
1 -0.3271 0.6249
1 -0.3258 0.6251
1 -0.3245 0.6253
1 -0.3231 0.6254
1 -0.3218 0.6254
1 -0.3205 0.6254
1 -0.3192 0.6254
1 -0.3178 0.6253
1 -0.3166 0.6251
1 -0.3152 0.6249
1 -0.3139 0.6246
1 -0.3126 0.6243
1 -0.3114 0.6240
1 -0.3101 0.6235
1 -0.3089 0.6231
1 -0.3077 0.6226
1 -0.3065 0.6220
1 -0.3053 0.6214
1 -0.3042 0.6207
1 -0.3030 0.6201
1 -0.3019 0.6193
1 -0.3008 0.6185
1 -0.2998 0.6177
1 -0.2988 0.6168
1 -0.2978 0.6159
1 -0.2969 0.6150
1 -0.2960 0.6140
1 -0.2952 0.6130
1 -0.2944 0.6119
1 -0.2936 0.6108
1 -0.2929 0.6097
1 -0.2922 0.6086
1 -0.2916 0.6074
1 -0.2910 0.6062
1 -0.2905 0.6050
1 -0.2899 0.6038
1 -0.2895 0.6026
1 -0.2891 0.6013
1 -0.2888 0.6000
1 -0.2885 0.5987
1 -0.2882 0.5974
1 -0.2881 0.5961
1 -0.2879 0.5947
112 1250 297
0 -0.1446 0.6060
1 -0.1446 0.6053
1 -0.1444 0.6046
1 -0.1442 0.6039
1 -0.1440 0.6032
1 -0.1440 0.6032
1 -0.1394 0.5913
1 -0.1394 0.5913
1 -0.1391 0.5906
1 -0.1388 0.5899
1 -0.1384 0.5893
1 -0.1380 0.5887
1 -0.1375 0.5882
1 -0.1370 0.5876
1 -0.1365 0.5871
1 -0.1359 0.5866
1 -0.1354 0.5862
1 -0.1347 0.5858
1 -0.1340 0.5855
1 -0.1334 0.5852
1 -0.1326 0.5850
1 -0.1319 0.5848
1 -0.1312 0.5846
1 -0.1305 0.5846
1 -0.1298 0.5845
1 -0.1290 0.5845
1 -0.1283 0.5846
1 -0.1276 0.5846
1 -0.1269 0.5849
1 -0.1262 0.5850
1 -0.1254 0.5854
1 -0.1248 0.5856
1 -0.1248 0.5856
1 -0.0560 0.6205
1 -0.0560 0.6205
1 -0.0554 0.6209
1 -0.0547 0.6213
1 -0.0542 0.6217
1 -0.0536 0.6222
1 -0.0530 0.6227
1 -0.0526 0.6233
1 -0.0522 0.6238
1 -0.0517 0.6245
1 -0.0517 0.6245
1 -0.0386 0.6463
1 -0.0386 0.5694
1 -0.0494 0.5621
1 -0.1234 0.5126
1 -0.1897 0.4044
1 -0.1897 0.4044
1 -0.1900 0.4038
1 -0.1903 0.4031
1 -0.1906 0.4024
1 -0.1908 0.4017
1 -0.1910 0.4010
1 -0.1911 0.4002
1 -0.1912 0.3995
1 -0.1912 0.3988
1 -0.1912 0.3981
1 -0.1911 0.3974
1 -0.1910 0.3966
1 -0.1908 0.3959
1 -0.1906 0.3952
1 -0.1902 0.3945
1 -0.1899 0.3938
1 -0.1895 0.3932
1 -0.1891 0.3926
1 -0.1886 0.3921
1 -0.1882 0.3915
1 -0.1877 0.3910
1 -0.1870 0.3906
1 -0.1865 0.3901
1 -0.1865 0.3901
1 -0.1720 0.3806
1 -0.1720 0.3806
1 -0.1714 0.3802
1 -0.1708 0.3798
1 -0.1701 0.3795
1 -0.1694 0.3793
1 -0.1687 0.3790
1 -0.1680 0.3790
1 -0.1673 0.3788
1 -0.1665 0.3788
1 -0.1658 0.3788
1 -0.1650 0.3788
1 -0.1643 0.3790
1 -0.1636 0.3791
1 -0.1629 0.3793
1 -0.1622 0.3795
1 -0.1615 0.3798
1 -0.1609 0.3802
1 -0.1602 0.3806
1 -0.1597 0.3810
1 -0.1591 0.3815
1 -0.1586 0.3820
1 -0.1581 0.3826
1 -0.1576 0.3831
1 -0.1572 0.3838
1 -0.1572 0.3838
1 -0.0991 0.4774
1 -0.0042 0.5374
1 0.0078 0.4434
1 0.0645 0.3234
1 0.0645 0.3234
1 0.0649 0.3228
1 0.0652 0.3222
1 0.0656 0.3216
1 0.0661 0.3210
1 0.0666 0.3205
1 0.0671 0.3200
1 0.0677 0.3196
1 0.0682 0.3191
1 0.0689 0.3188
1 0.0695 0.3185
1 0.0702 0.3182
1 0.0708 0.3179
1 0.0715 0.3177
1 0.0722 0.3175
1 0.0730 0.3174
1 0.0737 0.3174
1 0.0744 0.3174
1 0.0751 0.3174
1 0.0758 0.3175
1 0.0766 0.3177
1 0.0772 0.3178
1 0.0779 0.3181
1 0.0786 0.3184
1 0.0786 0.3184
1 0.0986 0.3278
1 0.0986 0.3278
1 0.0993 0.3282
1 0.0999 0.3285
1 0.1005 0.3289
1 0.1010 0.3294
1 0.1016 0.3298
1 0.1021 0.3304
1 0.1026 0.3310
1 0.1030 0.3315
1 0.1034 0.3321
1 0.1037 0.3327
1 0.1040 0.3334
1 0.1042 0.3341
1 0.1044 0.3348
1 0.1046 0.3354
1 0.1046 0.3362
1 0.1047 0.3369
1 0.1047 0.3376
1 0.1047 0.3383
1 0.1046 0.3390
1 0.1045 0.3398
1 0.1043 0.3405
1 0.1041 0.3411
1 0.1038 0.3418
1 0.1038 0.3418
1 0.0543 0.4496
1 0.0446 0.5608
1 0.0446 0.6782
1 0.0869 0.6502
1 0.1177 0.5786
1 0.1177 0.5786
1 0.1180 0.5780
1 0.1184 0.5773
1 0.1188 0.5767
1 0.1193 0.5761
1 0.1198 0.5755
1 0.1204 0.5750
1 0.1210 0.5746
1 0.1216 0.5741
1 0.1222 0.5737
1 0.1229 0.5734
1 0.1236 0.5730
1 0.1243 0.5728
1 0.1250 0.5726
1 0.1258 0.5725
1 0.1266 0.5724
1 0.1274 0.5723
1 0.1281 0.5723
1 0.1289 0.5724
1 0.1296 0.5726
1 0.1303 0.5727
1 0.1310 0.5730
1 0.1318 0.5732
1 0.1318 0.5732
1 0.1428 0.5779
1 0.1428 0.5779
1 0.1434 0.5782
1 0.1441 0.5786
1 0.1446 0.5790
1 0.1452 0.5794
1 0.1458 0.5799
1 0.1463 0.5804
1 0.1468 0.5810
1 0.1472 0.5815
1 0.1476 0.5821
1 0.1479 0.5827
1 0.1482 0.5834
1 0.1486 0.5841
1 0.1487 0.5847
1 0.1490 0.5854
1 0.1490 0.5862
1 0.1491 0.5869
1 0.1491 0.5876
1 0.1491 0.5883
1 0.1490 0.5890
1 0.1490 0.5898
1 0.1488 0.5905
1 0.1486 0.5911
1 0.1483 0.5918
1 0.1483 0.5918
1 0.1135 0.6727
1 0.1135 0.6727
1 0.1132 0.6733
1 0.1129 0.6739
1 0.1125 0.6745
1 0.1121 0.6750
1 0.1116 0.6756
1 0.1111 0.6761
1 0.1106 0.6766
1 0.1102 0.6770
1 0.1102 0.6770
1 0.0446 0.7269
1 0.0446 0.7269
1 0.0440 0.7274
1 0.0433 0.7278
1 0.0426 0.7283
1 0.0418 0.7286
1 0.0411 0.7290
1 0.0403 0.7293
1 0.0395 0.7295
1 0.0387 0.7297
1 0.0363 0.7303
1 0.0338 0.7310
1 0.0314 0.7315
1 0.0290 0.7320
1 0.0266 0.7325
1 0.0241 0.7329
1 0.0216 0.7333
1 0.0191 0.7335
1 0.0166 0.7338
1 0.0141 0.7340
1 0.0116 0.7342
1 0.0091 0.7342
1 0.0066 0.7343
1 0.0042 0.7343
1 0.0016 0.7342
1 -0.0009 0.7342
1 -0.0034 0.7340
1 -0.0058 0.7338
1 -0.0083 0.7335
1 -0.0108 0.7332
1 -0.0133 0.7329
1 -0.0158 0.7325
1 -0.0182 0.7320
1 -0.0206 0.7315
1 -0.0231 0.7310
1 -0.0255 0.7303
1 -0.0279 0.7297
1 -0.0287 0.7294
1 -0.0295 0.7292
1 -0.0303 0.7289
1 -0.0310 0.7286
1 -0.0318 0.7282
1 -0.0325 0.7278
1 -0.0332 0.7273
1 -0.0338 0.7267
1 -0.0344 0.7262
1 -0.0350 0.7256
1 -0.0355 0.7250
1 -0.0360 0.7243
1 -0.0689 0.6545
1 -0.0691 0.6538
1 -0.0694 0.6532
1 -0.0698 0.6526
1 -0.0702 0.6520
1 -0.0707 0.6514
1 -0.0711 0.6509
1 -0.0717 0.6504
1 -0.0722 0.6499
1 -0.0728 0.6494
1 -0.0734 0.6490
1 -0.1395 0.6155
1 -0.1402 0.6151
1 -0.1407 0.6147
1 -0.1413 0.6143
1 -0.1418 0.6138
1 -0.1422 0.6133
1 -0.1427 0.6127
1 -0.1431 0.6121
1 -0.1434 0.6115
1 -0.1438 0.6109
1 -0.1441 0.6102
1 -0.1442 0.6095
1 -0.1445 0.6088
1 -0.1446 0.6082
1 -0.1446 0.6074
1 -0.1446 0.6067
1 -0.1446 0.6060
