SEcl_PO-12
3307 6 1 1 0 0 0 0 0 0 1 1
1.000
112 1253 229
0 -0.0434 1.0626
1 -0.5223 0.5837
1 -0.5235 0.5824
1 -0.5246 0.5811
1 -0.5258 0.5798
1 -0.5269 0.5786
1 -0.5279 0.5772
1 -0.5290 0.5758
1 -0.5299 0.5744
1 -0.5309 0.5729
1 -0.5318 0.5714
1 -0.5326 0.5699
1 -0.5334 0.5684
1 -0.5342 0.5669
1 -0.5349 0.5654
1 -0.5356 0.5638
1 -0.5362 0.5622
1 -0.5368 0.5606
1 -0.5374 0.5589
1 -0.5378 0.5573
1 -0.5383 0.5556
1 -0.5387 0.5539
1 -0.5391 0.5522
1 -0.5394 0.5506
1 -0.5397 0.5489
1 -0.5399 0.5471
1 -0.5401 0.5454
1 -0.5402 0.5437
1 -0.5402 0.5420
1 -0.5402 0.5402
1 -0.5402 0.5386
1 -0.5402 0.5368
1 -0.5401 0.5351
1 -0.5399 0.5334
1 -0.5397 0.5317
1 -0.5394 0.5300
1 -0.5391 0.5283
1 -0.5387 0.5266
1 -0.5383 0.5250
1 -0.5378 0.5233
1 -0.5374 0.5216
1 -0.5368 0.5200
1 -0.5362 0.5184
1 -0.5356 0.5168
1 -0.5349 0.5152
1 -0.5342 0.5137
1 -0.5334 0.5121
1 -0.5326 0.5106
1 -0.5318 0.5091
1 -0.5309 0.5076
1 -0.5299 0.5062
1 -0.5290 0.5047
1 -0.5279 0.5034
1 -0.5269 0.5020
1 -0.5258 0.5006
1 -0.5246 0.4994
1 -0.5235 0.4981
1 -0.5223 0.4969
1 -0.0434 0.0180
1 -0.0422 0.0168
1 -0.0409 0.0156
1 -0.0396 0.0145
1 -0.0382 0.0134
1 -0.0369 0.0123
1 -0.0355 0.0113
1 -0.0341 0.0103
1 -0.0326 0.0094
1 -0.0312 0.0085
1 -0.0297 0.0077
1 -0.0282 0.0069
1 -0.0266 0.0061
1 -0.0250 0.0054
1 -0.0235 0.0046
1 -0.0219 0.0040
1 -0.0202 0.0034
1 -0.0186 0.0029
1 -0.0170 0.0024
1 -0.0154 0.0019
1 -0.0137 0.0015
1 -0.0120 0.0012
1 -0.0102 0.0009
1 -0.0086 0.0006
1 -0.0069 0.0004
1 -0.0051 0.0002
1 -0.0034 0.0001
1 -0.0018 0.0000
1 0.0000 0.0000
1 0.0018 0.0000
1 0.0034 0.0001
1 0.0051 0.0002
1 0.0069 0.0004
1 0.0086 0.0006
1 0.0102 0.0009
1 0.0120 0.0012
1 0.0137 0.0015
1 0.0154 0.0019
1 0.0170 0.0024
1 0.0186 0.0029
1 0.0202 0.0034
1 0.0219 0.0040
1 0.0235 0.0046
1 0.0250 0.0054
1 0.0266 0.0061
1 0.0282 0.0069
1 0.0297 0.0077
1 0.0312 0.0085
1 0.0326 0.0094
1 0.0341 0.0103
1 0.0355 0.0113
1 0.0369 0.0123
1 0.0382 0.0134
1 0.0396 0.0145
1 0.0409 0.0156
1 0.0422 0.0168
1 0.0434 0.0180
1 0.5223 0.4969
1 0.5235 0.4981
1 0.5246 0.4994
1 0.5258 0.5006
1 0.5269 0.5020
1 0.5279 0.5034
1 0.5290 0.5047
1 0.5299 0.5062
1 0.5309 0.5076
1 0.5318 0.5091
1 0.5326 0.5106
1 0.5334 0.5121
1 0.5342 0.5137
1 0.5349 0.5152
1 0.5356 0.5168
1 0.5362 0.5184
1 0.5368 0.5200
1 0.5374 0.5216
1 0.5378 0.5233
1 0.5383 0.5250
1 0.5387 0.5266
1 0.5391 0.5283
1 0.5394 0.5300
1 0.5397 0.5317
1 0.5399 0.5334
1 0.5401 0.5351
1 0.5402 0.5368
1 0.5402 0.5386
1 0.5402 0.5402
1 0.5402 0.5420
1 0.5402 0.5437
1 0.5401 0.5454
1 0.5399 0.5471
1 0.5397 0.5489
1 0.5394 0.5506
1 0.5391 0.5522
1 0.5387 0.5539
1 0.5383 0.5556
1 0.5378 0.5573
1 0.5374 0.5589
1 0.5368 0.5606
1 0.5362 0.5622
1 0.5356 0.5638
1 0.5349 0.5654
1 0.5342 0.5669
1 0.5334 0.5684
1 0.5326 0.5699
1 0.5318 0.5714
1 0.5309 0.5729
1 0.5299 0.5744
1 0.5290 0.5758
1 0.5279 0.5772
1 0.5269 0.5786
1 0.5258 0.5798
1 0.5246 0.5811
1 0.5235 0.5824
1 0.5223 0.5837
1 0.0434 1.0626
1 0.0422 1.0638
1 0.0409 1.0650
1 0.0396 1.0661
1 0.0382 1.0671
1 0.0369 1.0682
1 0.0355 1.0692
1 0.0341 1.0702
1 0.0326 1.0711
1 0.0312 1.0720
1 0.0297 1.0729
1 0.0282 1.0737
1 0.0266 1.0745
1 0.0250 1.0752
1 0.0235 1.0758
1 0.0219 1.0765
1 0.0202 1.0771
1 0.0186 1.0776
1 0.0170 1.0782
1 0.0154 1.0786
1 0.0137 1.0790
1 0.0120 1.0794
1 0.0102 1.0797
1 0.0086 1.0799
1 0.0069 1.0802
1 0.0051 1.0803
1 0.0034 1.0804
1 0.0018 1.0805
1 0.0000 1.0806
1 -0.0018 1.0805
1 -0.0034 1.0804
1 -0.0051 1.0803
1 -0.0069 1.0802
1 -0.0086 1.0799
1 -0.0102 1.0797
1 -0.0120 1.0794
1 -0.0137 1.0790
1 -0.0154 1.0786
1 -0.0170 1.0782
1 -0.0186 1.0776
1 -0.0202 1.0771
1 -0.0219 1.0765
1 -0.0235 1.0758
1 -0.0250 1.0752
1 -0.0266 1.0745
1 -0.0282 1.0737
1 -0.0297 1.0729
1 -0.0312 1.0720
1 -0.0326 1.0711
1 -0.0341 1.0702
1 -0.0355 1.0692
1 -0.0369 1.0682
1 -0.0382 1.0671
1 -0.0396 1.0661
1 -0.0409 1.0650
1 -0.0422 1.0638
1 -0.0434 1.0626
112 1250 197
0 -0.0340 1.0531
1 -0.5129 0.5742
1 -0.5139 0.5731
1 -0.5150 0.5719
1 -0.5160 0.5707
1 -0.5170 0.5695
1 -0.5179 0.5682
1 -0.5188 0.5670
1 -0.5197 0.5656
1 -0.5205 0.5643
1 -0.5213 0.5629
1 -0.5220 0.5615
1 -0.5226 0.5601
1 -0.5233 0.5586
1 -0.5238 0.5572
1 -0.5244 0.5557
1 -0.5249 0.5542
1 -0.5253 0.5527
1 -0.5257 0.5512
1 -0.5260 0.5496
1 -0.5263 0.5481
1 -0.5266 0.5466
1 -0.5267 0.5450
1 -0.5268 0.5434
1 -0.5269 0.5418
1 -0.5270 0.5402
1 -0.5269 0.5387
1 -0.5268 0.5371
1 -0.5267 0.5356
1 -0.5266 0.5340
1 -0.5263 0.5325
1 -0.5260 0.5309
1 -0.5257 0.5294
1 -0.5253 0.5278
1 -0.5249 0.5263
1 -0.5244 0.5248
1 -0.5238 0.5234
1 -0.5233 0.5219
1 -0.5226 0.5205
1 -0.5220 0.5190
1 -0.5213 0.5176
1 -0.5205 0.5162
1 -0.5197 0.5149
1 -0.5188 0.5136
1 -0.5179 0.5123
1 -0.5170 0.5110
1 -0.5160 0.5098
1 -0.5150 0.5086
1 -0.5139 0.5074
1 -0.5129 0.5063
1 -0.0340 0.0274
1 -0.0328 0.0263
1 -0.0317 0.0253
1 -0.0305 0.0242
1 -0.0293 0.0233
1 -0.0280 0.0223
1 -0.0267 0.0214
1 -0.0254 0.0206
1 -0.0240 0.0198
1 -0.0226 0.0190
1 -0.0213 0.0183
1 -0.0198 0.0176
1 -0.0184 0.0170
1 -0.0169 0.0164
1 -0.0154 0.0159
1 -0.0139 0.0154
1 -0.0124 0.0150
1 -0.0109 0.0146
1 -0.0094 0.0142
1 -0.0078 0.0140
1 -0.0062 0.0138
1 -0.0047 0.0136
1 -0.0031 0.0134
1 -0.0016 0.0134
1 0.0000 0.0134
1 0.0016 0.0134
1 0.0031 0.0134
1 0.0047 0.0136
1 0.0062 0.0138
1 0.0078 0.0140
1 0.0094 0.0142
1 0.0109 0.0146
1 0.0124 0.0150
1 0.0139 0.0154
1 0.0154 0.0159
1 0.0169 0.0164
1 0.0184 0.0170
1 0.0198 0.0176
1 0.0213 0.0183
1 0.0226 0.0190
1 0.0240 0.0198
1 0.0254 0.0206
1 0.0267 0.0214
1 0.0280 0.0223
1 0.0292 0.0233
1 0.0305 0.0242
1 0.0317 0.0253
1 0.0328 0.0263
1 0.0340 0.0274
1 0.5129 0.5063
1 0.5139 0.5074
1 0.5150 0.5086
1 0.5160 0.5098
1 0.5170 0.5110
1 0.5179 0.5123
1 0.5188 0.5136
1 0.5197 0.5149
1 0.5205 0.5162
1 0.5213 0.5176
1 0.5220 0.5190
1 0.5226 0.5205
1 0.5233 0.5219
1 0.5238 0.5234
1 0.5244 0.5248
1 0.5249 0.5263
1 0.5253 0.5278
1 0.5257 0.5294
1 0.5260 0.5309
1 0.5263 0.5325
1 0.5266 0.5340
1 0.5267 0.5356
1 0.5268 0.5371
1 0.5269 0.5387
1 0.5270 0.5402
1 0.5269 0.5418
1 0.5268 0.5434
1 0.5267 0.5450
1 0.5266 0.5466
1 0.5263 0.5481
1 0.5260 0.5496
1 0.5257 0.5512
1 0.5253 0.5527
1 0.5249 0.5542
1 0.5244 0.5557
1 0.5238 0.5572
1 0.5233 0.5586
1 0.5226 0.5601
1 0.5220 0.5615
1 0.5213 0.5629
1 0.5205 0.5643
1 0.5197 0.5656
1 0.5188 0.5670
1 0.5179 0.5682
1 0.5170 0.5695
1 0.5160 0.5707
1 0.5150 0.5719
1 0.5139 0.5731
1 0.5129 0.5742
1 0.0340 1.0531
1 0.0328 1.0542
1 0.0317 1.0553
1 0.0305 1.0563
1 0.0292 1.0573
1 0.0280 1.0582
1 0.0267 1.0591
1 0.0254 1.0599
1 0.0240 1.0608
1 0.0226 1.0615
1 0.0213 1.0622
1 0.0198 1.0630
1 0.0184 1.0635
1 0.0169 1.0642
1 0.0154 1.0646
1 0.0139 1.0651
1 0.0124 1.0656
1 0.0109 1.0659
1 0.0094 1.0662
1 0.0078 1.0666
1 0.0062 1.0668
1 0.0047 1.0670
1 0.0031 1.0671
1 0.0016 1.0672
1 0.0000 1.0672
1 -0.0016 1.0672
1 -0.0031 1.0671
1 -0.0047 1.0670
1 -0.0062 1.0668
1 -0.0078 1.0666
1 -0.0094 1.0662
1 -0.0109 1.0659
1 -0.0124 1.0656
1 -0.0139 1.0651
1 -0.0154 1.0646
1 -0.0169 1.0642
1 -0.0184 1.0635
1 -0.0198 1.0630
1 -0.0213 1.0622
1 -0.0226 1.0615
1 -0.0240 1.0608
1 -0.0254 1.0599
1 -0.0267 1.0591
1 -0.0280 1.0582
1 -0.0293 1.0573
1 -0.0305 1.0563
1 -0.0317 1.0553
1 -0.0328 1.0542
1 -0.0340 1.0531
112 1253 133
0 -0.4940 0.5554
1 -0.0151 1.0342
1 -0.0143 1.0350
1 -0.0135 1.0357
1 -0.0127 1.0363
1 -0.0118 1.0370
1 -0.0110 1.0375
1 -0.0101 1.0380
1 -0.0091 1.0385
1 -0.0082 1.0389
1 -0.0072 1.0393
1 -0.0062 1.0396
1 -0.0052 1.0399
1 -0.0042 1.0402
1 -0.0031 1.0403
1 -0.0021 1.0404
1 -0.0010 1.0405
1 0.0000 1.0406
1 0.0010 1.0405
1 0.0021 1.0404
1 0.0031 1.0403
1 0.0042 1.0402
1 0.0052 1.0399
1 0.0062 1.0396
1 0.0072 1.0393
1 0.0082 1.0389
1 0.0091 1.0385
1 0.0101 1.0380
1 0.0110 1.0375
1 0.0118 1.0370
1 0.0127 1.0363
1 0.0135 1.0357
1 0.0143 1.0350
1 0.0151 1.0342
1 0.4940 0.5554
1 0.4947 0.5546
1 0.4954 0.5538
1 0.4961 0.5530
1 0.4966 0.5522
1 0.4972 0.5513
1 0.4978 0.5503
1 0.4982 0.5494
1 0.4986 0.5485
1 0.4990 0.5474
1 0.4994 0.5465
1 0.4996 0.5454
1 0.4998 0.5444
1 0.5000 0.5434
1 0.5002 0.5424
1 0.5002 0.5413
1 0.5002 0.5402
1 0.5002 0.5392
1 0.5002 0.5382
1 0.5000 0.5371
1 0.4998 0.5361
1 0.4996 0.5350
1 0.4994 0.5341
1 0.4990 0.5330
1 0.4986 0.5321
1 0.4982 0.5311
1 0.4978 0.5302
1 0.4972 0.5293
1 0.4966 0.5284
1 0.4961 0.5275
1 0.4954 0.5267
1 0.4947 0.5259
1 0.4940 0.5251
1 0.0151 0.0462
1 0.0143 0.0455
1 0.0135 0.0449
1 0.0127 0.0442
1 0.0118 0.0436
1 0.0110 0.0430
1 0.0101 0.0426
1 0.0091 0.0421
1 0.0082 0.0416
1 0.0072 0.0413
1 0.0062 0.0409
1 0.0052 0.0406
1 0.0042 0.0404
1 0.0031 0.0402
1 0.0021 0.0401
1 0.0010 0.0400
1 0.0000 0.0400
1 -0.0010 0.0400
1 -0.0021 0.0401
1 -0.0031 0.0402
1 -0.0042 0.0404
1 -0.0052 0.0406
1 -0.0062 0.0409
1 -0.0072 0.0413
1 -0.0082 0.0416
1 -0.0091 0.0421
1 -0.0101 0.0426
1 -0.0110 0.0430
1 -0.0118 0.0436
1 -0.0127 0.0442
1 -0.0135 0.0449
1 -0.0143 0.0455
1 -0.0151 0.0462
1 -0.4940 0.5251
1 -0.4947 0.5259
1 -0.4954 0.5267
1 -0.4961 0.5275
1 -0.4966 0.5284
1 -0.4972 0.5293
1 -0.4978 0.5302
1 -0.4982 0.5311
1 -0.4986 0.5321
1 -0.4990 0.5330
1 -0.4994 0.5341
1 -0.4996 0.5350
1 -0.4998 0.5361
1 -0.5000 0.5371
1 -0.5002 0.5382
1 -0.5002 0.5392
1 -0.5002 0.5402
1 -0.5002 0.5413
1 -0.5002 0.5424
1 -0.5000 0.5434
1 -0.4998 0.5444
1 -0.4996 0.5454
1 -0.4994 0.5465
1 -0.4990 0.5474
1 -0.4986 0.5485
1 -0.4982 0.5494
1 -0.4978 0.5503
1 -0.4972 0.5513
1 -0.4966 0.5522
1 -0.4961 0.5530
1 -0.4954 0.5538
1 -0.4947 0.5546
1 -0.4940 0.5554
112 1462 105
0 0.2860 0.6188
1 0.2860 0.6188
1 0.2863 0.6194
1 0.2866 0.6202
1 0.2870 0.6209
1 0.2872 0.6217
1 0.2874 0.6224
1 0.2875 0.6232
1 0.2875 0.6240
1 0.2876 0.6248
1 0.2876 0.6256
1 0.2875 0.6263
1 0.2874 0.6271
1 0.2872 0.6279
1 0.2870 0.6286
1 0.2866 0.6294
1 0.2863 0.6301
1 0.2860 0.6308
1 0.2856 0.6314
1 0.2851 0.6321
1 0.2846 0.6327
1 0.2841 0.6333
1 0.2835 0.6338
1 0.2829 0.6343
1 0.2822 0.6348
1 0.2816 0.6352
1 0.2809 0.6355
1 0.2802 0.6359
1 0.2794 0.6362
1 0.2787 0.6364
1 0.2779 0.6366
1 0.2771 0.6367
1 0.2764 0.6368
1 0.2756 0.6368
1 0.2756 0.6368
1 -0.2699 0.6368
1 -0.2699 0.6368
1 -0.2707 0.6368
1 -0.2715 0.6367
1 -0.2722 0.6366
1 -0.2730 0.6364
1 -0.2738 0.6362
1 -0.2746 0.6359
1 -0.2753 0.6355
1 -0.2759 0.6352
1 -0.2766 0.6348
1 -0.2773 0.6343
1 -0.2778 0.6338
1 -0.2784 0.6333
1 -0.2790 0.6327
1 -0.2794 0.6321
1 -0.2799 0.6314
1 -0.2803 0.6308
1 -0.2807 0.6301
1 -0.2810 0.6294
1 -0.2813 0.6286
1 -0.2815 0.6279
1 -0.2817 0.6271
1 -0.2818 0.6263
1 -0.2819 0.6256
1 -0.2819 0.6248
1 -0.2819 0.6240
1 -0.2818 0.6232
1 -0.2817 0.6224
1 -0.2815 0.6217
1 -0.2813 0.6209
1 -0.2810 0.6202
1 -0.2807 0.6194
1 -0.2803 0.6188
1 -0.2803 0.6188
1 -0.0075 0.1489
1 -0.0075 0.1489
1 -0.0071 0.1482
1 -0.0066 0.1476
1 -0.0062 0.1470
1 -0.0057 0.1465
1 -0.0050 0.1459
1 -0.0045 0.1454
1 -0.0038 0.1450
1 -0.0031 0.1446
1 -0.0025 0.1442
1 -0.0018 0.1438
1 -0.0010 0.1436
1 -0.0002 0.1434
1 0.0005 0.1432
1 0.0013 0.1430
1 0.0021 0.1430
1 0.0028 0.1430
1 0.0036 0.1430
1 0.0044 0.1430
1 0.0052 0.1432
1 0.0059 0.1434
1 0.0066 0.1436
1 0.0074 0.1438
1 0.0082 0.1442
1 0.0088 0.1446
1 0.0095 0.1450
1 0.0101 0.1454
1 0.0107 0.1459
1 0.0113 0.1465
1 0.0118 0.1470
1 0.0123 0.1476
1 0.0128 0.1482
1 0.0132 0.1489
1 0.0132 0.1489
112 1250 72
0 0.0568 0.7462
1 -0.0512 0.7462
1 -0.0512 0.8006
1 -0.0847 0.8006
1 -0.0855 0.8006
1 -0.0862 0.8007
1 -0.0870 0.8009
1 -0.0877 0.8010
1 -0.0884 0.8013
1 -0.0890 0.8016
1 -0.0898 0.8019
1 -0.0904 0.8023
1 -0.0910 0.8027
1 -0.0915 0.8032
1 -0.0921 0.8037
1 -0.0926 0.8042
1 -0.0930 0.8048
1 -0.0935 0.8054
1 -0.0938 0.8060
1 -0.0942 0.8067
1 -0.0945 0.8074
1 -0.0947 0.8081
1 -0.0949 0.8088
1 -0.0950 0.8095
1 -0.0951 0.8102
1 -0.0951 0.8110
1 -0.0951 0.8118
1 -0.0950 0.8125
1 -0.0950 0.8132
1 -0.0947 0.8139
1 -0.0945 0.8146
1 -0.0942 0.8153
1 -0.0939 0.8160
1 -0.0935 0.8166
1 -0.0931 0.8172
1 -0.0926 0.8178
1 0.0028 0.9446
1 0.0983 0.8178
1 0.0988 0.8172
1 0.0992 0.8166
1 0.0996 0.8160
1 0.0999 0.8153
1 0.1002 0.8146
1 0.1004 0.8139
1 0.1006 0.8132
1 0.1007 0.8125
1 0.1008 0.8118
1 0.1008 0.8110
1 0.1008 0.8102
1 0.1007 0.8095
1 0.1006 0.8088
1 0.1004 0.8081
1 0.1002 0.8074
1 0.0998 0.8067
1 0.0995 0.8060
1 0.0991 0.8054
1 0.0987 0.8048
1 0.0982 0.8042
1 0.0978 0.8037
1 0.0972 0.8032
1 0.0966 0.8027
1 0.0960 0.8023
1 0.0954 0.8019
1 0.0947 0.8016
1 0.0940 0.8013
1 0.0934 0.8010
1 0.0926 0.8009
1 0.0919 0.8007
1 0.0911 0.8006
1 0.0904 0.8006
1 0.0568 0.8006
1 0.0568 0.7462
112 1251 87
0 -0.1757 0.5784
1 -0.1757 0.5784
1 -0.1763 0.5784
1 -0.1770 0.5783
1 -0.1776 0.5782
1 -0.1782 0.5780
1 -0.1789 0.5778
1 -0.1794 0.5774
1 -0.1800 0.5771
1 -0.1805 0.5768
1 -0.1810 0.5764
1 -0.1815 0.5759
1 -0.1819 0.5754
1 -0.1823 0.5750
1 -0.1826 0.5744
1 -0.1830 0.5738
1 -0.1832 0.5732
1 -0.1834 0.5726
1 -0.1835 0.5720
1 -0.1837 0.5714
1 -0.1837 0.5707
1 -0.1837 0.5701
1 -0.1837 0.5694
1 -0.1835 0.5688
1 -0.1834 0.5682
1 -0.1832 0.5675
1 -0.1830 0.5670
1 -0.1826 0.5664
1 -0.1826 0.5664
1 -0.0041 0.2597
1 -0.0041 0.2597
1 -0.0038 0.2592
1 -0.0034 0.2586
1 -0.0030 0.2582
1 -0.0025 0.2578
1 -0.0020 0.2574
1 -0.0014 0.2570
1 -0.0009 0.2566
1 -0.0003 0.2564
1 0.0003 0.2562
1 0.0009 0.2560
1 0.0015 0.2558
1 0.0022 0.2558
1 0.0028 0.2558
1 0.0034 0.2558
1 0.0041 0.2558
1 0.0047 0.2560
1 0.0054 0.2562
1 0.0059 0.2564
1 0.0066 0.2566
1 0.0071 0.2570
1 0.0076 0.2574
1 0.0081 0.2578
1 0.0086 0.2582
1 0.0090 0.2586
1 0.0094 0.2592
1 0.0098 0.2597
1 0.0098 0.2597
1 0.1882 0.5664
1 0.1882 0.5664
1 0.1886 0.5670
1 0.1888 0.5675
1 0.1890 0.5682
1 0.1892 0.5688
1 0.1893 0.5694
1 0.1894 0.5701
1 0.1894 0.5707
1 0.1893 0.5714
1 0.1892 0.5720
1 0.1890 0.5726
1 0.1889 0.5732
1 0.1886 0.5738
1 0.1883 0.5744
1 0.1879 0.5750
1 0.1876 0.5754
1 0.1871 0.5759
1 0.1866 0.5764
1 0.1862 0.5768
1 0.1857 0.5771
1 0.1851 0.5774
1 0.1845 0.5778
1 0.1839 0.5780
1 0.1833 0.5782
1 0.1826 0.5783
1 0.1820 0.5784
1 0.1814 0.5784
1 0.1814 0.5784
