SEcl_PO-6
3301 4 1 1 0 0 0 0 0 0 1 1
1.000
112 1253 229
0 -0.0434 1.0626
1 -0.5223 0.5837
1 -0.5235 0.5824
1 -0.5246 0.5811
1 -0.5258 0.5798
1 -0.5269 0.5786
1 -0.5279 0.5772
1 -0.5290 0.5758
1 -0.5299 0.5744
1 -0.5309 0.5729
1 -0.5318 0.5714
1 -0.5326 0.5699
1 -0.5334 0.5684
1 -0.5342 0.5669
1 -0.5349 0.5654
1 -0.5356 0.5638
1 -0.5362 0.5622
1 -0.5368 0.5606
1 -0.5374 0.5589
1 -0.5378 0.5573
1 -0.5383 0.5556
1 -0.5387 0.5539
1 -0.5391 0.5522
1 -0.5394 0.5506
1 -0.5397 0.5489
1 -0.5399 0.5471
1 -0.5401 0.5454
1 -0.5402 0.5437
1 -0.5402 0.5420
1 -0.5402 0.5402
1 -0.5402 0.5386
1 -0.5402 0.5368
1 -0.5401 0.5351
1 -0.5399 0.5334
1 -0.5397 0.5317
1 -0.5394 0.5300
1 -0.5391 0.5283
1 -0.5387 0.5266
1 -0.5383 0.5250
1 -0.5378 0.5233
1 -0.5374 0.5216
1 -0.5368 0.5200
1 -0.5362 0.5184
1 -0.5356 0.5168
1 -0.5349 0.5152
1 -0.5342 0.5137
1 -0.5334 0.5121
1 -0.5326 0.5106
1 -0.5318 0.5091
1 -0.5309 0.5076
1 -0.5299 0.5062
1 -0.5290 0.5047
1 -0.5279 0.5034
1 -0.5269 0.5020
1 -0.5258 0.5006
1 -0.5246 0.4994
1 -0.5235 0.4981
1 -0.5223 0.4969
1 -0.0434 0.0180
1 -0.0422 0.0168
1 -0.0409 0.0156
1 -0.0396 0.0145
1 -0.0382 0.0134
1 -0.0369 0.0123
1 -0.0355 0.0113
1 -0.0341 0.0103
1 -0.0326 0.0094
1 -0.0312 0.0085
1 -0.0297 0.0077
1 -0.0282 0.0069
1 -0.0266 0.0061
1 -0.0250 0.0054
1 -0.0235 0.0046
1 -0.0219 0.0040
1 -0.0202 0.0034
1 -0.0186 0.0029
1 -0.0170 0.0024
1 -0.0154 0.0019
1 -0.0137 0.0015
1 -0.0120 0.0012
1 -0.0102 0.0009
1 -0.0086 0.0006
1 -0.0069 0.0004
1 -0.0051 0.0002
1 -0.0034 0.0001
1 -0.0018 0.0000
1 0.0000 0.0000
1 0.0018 0.0000
1 0.0034 0.0001
1 0.0051 0.0002
1 0.0069 0.0004
1 0.0086 0.0006
1 0.0102 0.0009
1 0.0120 0.0012
1 0.0137 0.0015
1 0.0154 0.0019
1 0.0170 0.0024
1 0.0186 0.0029
1 0.0202 0.0034
1 0.0219 0.0040
1 0.0235 0.0046
1 0.0250 0.0054
1 0.0266 0.0061
1 0.0282 0.0069
1 0.0297 0.0077
1 0.0312 0.0085
1 0.0326 0.0094
1 0.0341 0.0103
1 0.0355 0.0113
1 0.0369 0.0123
1 0.0382 0.0134
1 0.0396 0.0145
1 0.0409 0.0156
1 0.0422 0.0168
1 0.0434 0.0180
1 0.5223 0.4969
1 0.5235 0.4981
1 0.5246 0.4994
1 0.5258 0.5006
1 0.5269 0.5020
1 0.5279 0.5034
1 0.5290 0.5047
1 0.5299 0.5062
1 0.5309 0.5076
1 0.5318 0.5091
1 0.5326 0.5106
1 0.5334 0.5121
1 0.5342 0.5137
1 0.5349 0.5152
1 0.5356 0.5168
1 0.5362 0.5184
1 0.5368 0.5200
1 0.5374 0.5216
1 0.5378 0.5233
1 0.5383 0.5250
1 0.5387 0.5266
1 0.5391 0.5283
1 0.5394 0.5300
1 0.5397 0.5317
1 0.5399 0.5334
1 0.5401 0.5351
1 0.5402 0.5368
1 0.5402 0.5386
1 0.5402 0.5402
1 0.5402 0.5420
1 0.5402 0.5437
1 0.5401 0.5454
1 0.5399 0.5471
1 0.5397 0.5489
1 0.5394 0.5506
1 0.5391 0.5522
1 0.5387 0.5539
1 0.5383 0.5556
1 0.5378 0.5573
1 0.5374 0.5589
1 0.5368 0.5606
1 0.5362 0.5622
1 0.5356 0.5638
1 0.5349 0.5654
1 0.5342 0.5669
1 0.5334 0.5684
1 0.5326 0.5699
1 0.5318 0.5714
1 0.5309 0.5729
1 0.5299 0.5744
1 0.5290 0.5758
1 0.5279 0.5772
1 0.5269 0.5786
1 0.5258 0.5798
1 0.5246 0.5811
1 0.5235 0.5824
1 0.5223 0.5837
1 0.0434 1.0626
1 0.0422 1.0638
1 0.0409 1.0650
1 0.0396 1.0661
1 0.0382 1.0671
1 0.0369 1.0682
1 0.0355 1.0692
1 0.0341 1.0702
1 0.0326 1.0711
1 0.0312 1.0720
1 0.0297 1.0729
1 0.0282 1.0737
1 0.0266 1.0745
1 0.0250 1.0752
1 0.0235 1.0758
1 0.0219 1.0765
1 0.0202 1.0771
1 0.0186 1.0776
1 0.0170 1.0782
1 0.0154 1.0786
1 0.0137 1.0790
1 0.0120 1.0794
1 0.0102 1.0797
1 0.0086 1.0799
1 0.0069 1.0802
1 0.0051 1.0803
1 0.0034 1.0804
1 0.0018 1.0805
1 0.0000 1.0806
1 -0.0018 1.0805
1 -0.0034 1.0804
1 -0.0051 1.0803
1 -0.0069 1.0802
1 -0.0086 1.0799
1 -0.0102 1.0797
1 -0.0120 1.0794
1 -0.0137 1.0790
1 -0.0154 1.0786
1 -0.0170 1.0782
1 -0.0186 1.0776
1 -0.0202 1.0771
1 -0.0219 1.0765
1 -0.0235 1.0758
1 -0.0250 1.0752
1 -0.0266 1.0745
1 -0.0282 1.0737
1 -0.0297 1.0729
1 -0.0312 1.0720
1 -0.0326 1.0711
1 -0.0341 1.0702
1 -0.0355 1.0692
1 -0.0369 1.0682
1 -0.0382 1.0671
1 -0.0396 1.0661
1 -0.0409 1.0650
1 -0.0422 1.0638
1 -0.0434 1.0626
112 1250 197
0 -0.0340 1.0531
1 -0.5129 0.5742
1 -0.5139 0.5731
1 -0.5150 0.5719
1 -0.5160 0.5707
1 -0.5170 0.5695
1 -0.5179 0.5682
1 -0.5188 0.5670
1 -0.5197 0.5656
1 -0.5205 0.5643
1 -0.5213 0.5629
1 -0.5220 0.5615
1 -0.5226 0.5601
1 -0.5233 0.5586
1 -0.5238 0.5572
1 -0.5244 0.5557
1 -0.5249 0.5542
1 -0.5253 0.5527
1 -0.5257 0.5512
1 -0.5260 0.5496
1 -0.5263 0.5481
1 -0.5266 0.5466
1 -0.5267 0.5450
1 -0.5268 0.5434
1 -0.5269 0.5418
1 -0.5270 0.5402
1 -0.5269 0.5387
1 -0.5268 0.5371
1 -0.5267 0.5356
1 -0.5266 0.5340
1 -0.5263 0.5325
1 -0.5260 0.5309
1 -0.5257 0.5294
1 -0.5253 0.5278
1 -0.5249 0.5263
1 -0.5244 0.5248
1 -0.5238 0.5234
1 -0.5233 0.5219
1 -0.5226 0.5205
1 -0.5220 0.5190
1 -0.5213 0.5176
1 -0.5205 0.5162
1 -0.5197 0.5149
1 -0.5188 0.5136
1 -0.5179 0.5123
1 -0.5170 0.5110
1 -0.5160 0.5098
1 -0.5150 0.5086
1 -0.5139 0.5074
1 -0.5129 0.5063
1 -0.0340 0.0274
1 -0.0328 0.0263
1 -0.0317 0.0253
1 -0.0305 0.0242
1 -0.0293 0.0233
1 -0.0280 0.0223
1 -0.0267 0.0214
1 -0.0254 0.0206
1 -0.0240 0.0198
1 -0.0226 0.0190
1 -0.0213 0.0183
1 -0.0198 0.0176
1 -0.0184 0.0170
1 -0.0169 0.0164
1 -0.0154 0.0159
1 -0.0139 0.0154
1 -0.0124 0.0150
1 -0.0109 0.0146
1 -0.0094 0.0142
1 -0.0078 0.0140
1 -0.0062 0.0138
1 -0.0047 0.0136
1 -0.0031 0.0134
1 -0.0016 0.0134
1 0.0000 0.0134
1 0.0016 0.0134
1 0.0031 0.0134
1 0.0047 0.0136
1 0.0062 0.0138
1 0.0078 0.0140
1 0.0094 0.0142
1 0.0109 0.0146
1 0.0124 0.0150
1 0.0139 0.0154
1 0.0154 0.0159
1 0.0169 0.0164
1 0.0184 0.0170
1 0.0198 0.0176
1 0.0213 0.0183
1 0.0226 0.0190
1 0.0240 0.0198
1 0.0254 0.0206
1 0.0267 0.0214
1 0.0280 0.0223
1 0.0292 0.0233
1 0.0305 0.0242
1 0.0317 0.0253
1 0.0328 0.0263
1 0.0340 0.0274
1 0.5129 0.5063
1 0.5139 0.5074
1 0.5150 0.5086
1 0.5160 0.5098
1 0.5170 0.5110
1 0.5179 0.5123
1 0.5188 0.5136
1 0.5197 0.5149
1 0.5205 0.5162
1 0.5213 0.5176
1 0.5220 0.5190
1 0.5226 0.5205
1 0.5233 0.5219
1 0.5238 0.5234
1 0.5244 0.5248
1 0.5249 0.5263
1 0.5253 0.5278
1 0.5257 0.5294
1 0.5260 0.5309
1 0.5263 0.5325
1 0.5266 0.5340
1 0.5267 0.5356
1 0.5268 0.5371
1 0.5269 0.5387
1 0.5270 0.5402
1 0.5269 0.5418
1 0.5268 0.5434
1 0.5267 0.5450
1 0.5266 0.5466
1 0.5263 0.5481
1 0.5260 0.5496
1 0.5257 0.5512
1 0.5253 0.5527
1 0.5249 0.5542
1 0.5244 0.5557
1 0.5238 0.5572
1 0.5233 0.5586
1 0.5226 0.5601
1 0.5220 0.5615
1 0.5213 0.5629
1 0.5205 0.5643
1 0.5197 0.5656
1 0.5188 0.5670
1 0.5179 0.5682
1 0.5170 0.5695
1 0.5160 0.5707
1 0.5150 0.5719
1 0.5139 0.5731
1 0.5129 0.5742
1 0.0340 1.0531
1 0.0328 1.0542
1 0.0317 1.0553
1 0.0305 1.0563
1 0.0292 1.0573
1 0.0280 1.0582
1 0.0267 1.0591
1 0.0254 1.0599
1 0.0240 1.0608
1 0.0226 1.0615
1 0.0213 1.0622
1 0.0198 1.0630
1 0.0184 1.0635
1 0.0169 1.0642
1 0.0154 1.0646
1 0.0139 1.0651
1 0.0124 1.0656
1 0.0109 1.0659
1 0.0094 1.0662
1 0.0078 1.0666
1 0.0062 1.0668
1 0.0047 1.0670
1 0.0031 1.0671
1 0.0016 1.0672
1 0.0000 1.0672
1 -0.0016 1.0672
1 -0.0031 1.0671
1 -0.0047 1.0670
1 -0.0062 1.0668
1 -0.0078 1.0666
1 -0.0094 1.0662
1 -0.0109 1.0659
1 -0.0124 1.0656
1 -0.0139 1.0651
1 -0.0154 1.0646
1 -0.0169 1.0642
1 -0.0184 1.0635
1 -0.0198 1.0630
1 -0.0213 1.0622
1 -0.0226 1.0615
1 -0.0240 1.0608
1 -0.0254 1.0599
1 -0.0267 1.0591
1 -0.0280 1.0582
1 -0.0293 1.0573
1 -0.0305 1.0563
1 -0.0317 1.0553
1 -0.0328 1.0542
1 -0.0340 1.0531
112 1253 133
0 -0.4940 0.5554
1 -0.0151 1.0342
1 -0.0143 1.0350
1 -0.0135 1.0357
1 -0.0127 1.0363
1 -0.0118 1.0370
1 -0.0110 1.0375
1 -0.0101 1.0380
1 -0.0091 1.0385
1 -0.0082 1.0389
1 -0.0072 1.0393
1 -0.0062 1.0396
1 -0.0052 1.0399
1 -0.0042 1.0402
1 -0.0031 1.0403
1 -0.0021 1.0404
1 -0.0010 1.0405
1 0.0000 1.0406
1 0.0010 1.0405
1 0.0021 1.0404
1 0.0031 1.0403
1 0.0042 1.0402
1 0.0052 1.0399
1 0.0062 1.0396
1 0.0072 1.0393
1 0.0082 1.0389
1 0.0091 1.0385
1 0.0101 1.0380
1 0.0110 1.0375
1 0.0118 1.0370
1 0.0127 1.0363
1 0.0135 1.0357
1 0.0143 1.0350
1 0.0151 1.0342
1 0.4940 0.5554
1 0.4947 0.5546
1 0.4954 0.5538
1 0.4961 0.5530
1 0.4966 0.5522
1 0.4972 0.5513
1 0.4978 0.5503
1 0.4982 0.5494
1 0.4986 0.5485
1 0.4990 0.5474
1 0.4994 0.5465
1 0.4996 0.5454
1 0.4998 0.5444
1 0.5000 0.5434
1 0.5002 0.5424
1 0.5002 0.5413
1 0.5002 0.5402
1 0.5002 0.5392
1 0.5002 0.5382
1 0.5000 0.5371
1 0.4998 0.5361
1 0.4996 0.5350
1 0.4994 0.5341
1 0.4990 0.5330
1 0.4986 0.5321
1 0.4982 0.5311
1 0.4978 0.5302
1 0.4972 0.5293
1 0.4966 0.5284
1 0.4961 0.5275
1 0.4954 0.5267
1 0.4947 0.5259
1 0.4940 0.5251
1 0.0151 0.0462
1 0.0143 0.0455
1 0.0135 0.0449
1 0.0127 0.0442
1 0.0118 0.0436
1 0.0110 0.0430
1 0.0101 0.0426
1 0.0091 0.0421
1 0.0082 0.0416
1 0.0072 0.0413
1 0.0062 0.0409
1 0.0052 0.0406
1 0.0042 0.0404
1 0.0031 0.0402
1 0.0021 0.0401
1 0.0010 0.0400
1 0.0000 0.0400
1 -0.0010 0.0400
1 -0.0021 0.0401
1 -0.0031 0.0402
1 -0.0042 0.0404
1 -0.0052 0.0406
1 -0.0062 0.0409
1 -0.0072 0.0413
1 -0.0082 0.0416
1 -0.0091 0.0421
1 -0.0101 0.0426
1 -0.0110 0.0430
1 -0.0118 0.0436
1 -0.0127 0.0442
1 -0.0135 0.0449
1 -0.0143 0.0455
1 -0.0151 0.0462
1 -0.4940 0.5251
1 -0.4947 0.5259
1 -0.4954 0.5267
1 -0.4961 0.5275
1 -0.4966 0.5284
1 -0.4972 0.5293
1 -0.4978 0.5302
1 -0.4982 0.5311
1 -0.4986 0.5321
1 -0.4990 0.5330
1 -0.4994 0.5341
1 -0.4996 0.5350
1 -0.4998 0.5361
1 -0.5000 0.5371
1 -0.5002 0.5382
1 -0.5002 0.5392
1 -0.5002 0.5402
1 -0.5002 0.5413
1 -0.5002 0.5424
1 -0.5000 0.5434
1 -0.4998 0.5444
1 -0.4996 0.5454
1 -0.4994 0.5465
1 -0.4990 0.5474
1 -0.4986 0.5485
1 -0.4982 0.5494
1 -0.4978 0.5503
1 -0.4972 0.5513
1 -0.4966 0.5522
1 -0.4961 0.5530
1 -0.4954 0.5538
1 -0.4947 0.5546
1 -0.4940 0.5554
112 1250 864
0 -0.0534 0.8290
1 -0.0523 0.8288
1 -0.0512 0.8285
1 -0.0502 0.8282
1 -0.0491 0.8278
1 -0.0480 0.8274
1 -0.0470 0.8270
1 -0.0460 0.8265
1 -0.0450 0.8259
1 -0.0441 0.8253
1 -0.0431 0.8246
1 -0.0422 0.8240
1 -0.0414 0.8233
1 -0.0406 0.8225
1 -0.0398 0.8217
1 -0.0390 0.8209
1 -0.0383 0.8200
1 -0.0376 0.8190
1 -0.0370 0.8182
1 -0.0364 0.8171
1 -0.0359 0.8162
1 -0.0354 0.8151
1 -0.0350 0.8141
1 -0.0346 0.8130
1 -0.0342 0.8120
1 -0.0339 0.8109
1 -0.0337 0.8098
1 -0.0335 0.8086
1 -0.0334 0.8075
1 -0.0334 0.8064
1 -0.0333 0.8053
1 -0.0346 0.8038
1 -0.0361 0.8022
1 -0.0375 0.8007
1 -0.0390 0.7993
1 -0.0405 0.7978
1 -0.0420 0.7965
1 -0.0436 0.7951
1 -0.0452 0.7938
1 -0.0468 0.7925
1 -0.0485 0.7913
1 -0.0502 0.7901
1 -0.0519 0.7890
1 -0.0537 0.7878
1 -0.0554 0.7868
1 -0.0573 0.7858
1 -0.0590 0.7848
1 -0.0609 0.7838
1 -0.0628 0.7830
1 -0.0647 0.7822
1 -0.0666 0.7814
1 -0.0686 0.7806
1 -0.0705 0.7798
1 -0.0725 0.7792
1 -0.0744 0.7786
1 -0.0764 0.7781
1 -0.0784 0.7775
1 -0.0805 0.7771
1 -0.0825 0.7766
1 -0.0846 0.7763
1 -0.0866 0.7760
1 -0.0864 0.7714
1 -0.0862 0.7667
1 -0.0859 0.7621
1 -0.0856 0.7575
1 -0.0852 0.7529
1 -0.0848 0.7482
1 -0.0843 0.7437
1 -0.0838 0.7390
1 -0.0833 0.7344
1 -0.0826 0.7298
1 -0.0820 0.7253
1 -0.0813 0.7206
1 -0.0805 0.7161
1 -0.0797 0.7115
1 -0.0788 0.7070
1 -0.0779 0.7025
1 -0.0770 0.6979
1 -0.0759 0.6934
1 -0.0749 0.6889
1 -0.0738 0.6844
1 -0.0726 0.6799
1 -0.0714 0.6754
1 -0.0701 0.6710
1 -0.0688 0.6665
1 -0.0674 0.6621
1 -0.0660 0.6577
1 -0.0646 0.6533
1 -0.0630 0.6489
1 -0.0615 0.6445
1 -0.0599 0.6402
1 -0.0566 0.6377
1 -0.0532 0.6352
1 -0.0498 0.6328
1 -0.0464 0.6304
1 -0.0429 0.6281
1 -0.0394 0.6258
1 -0.0358 0.6235
1 -0.0323 0.6214
1 -0.0287 0.6192
1 -0.0251 0.6171
1 -0.0215 0.6150
1 -0.0178 0.6130
1 -0.0142 0.6110
1 -0.0105 0.6090
1 -0.0068 0.6072
1 -0.0030 0.6054
1 0.0007 0.6035
1 0.0046 0.6018
1 0.0083 0.6001
1 0.0122 0.5984
1 0.0160 0.5968
1 0.0199 0.5953
1 0.0238 0.5938
1 0.0277 0.5922
1 0.0316 0.5908
1 0.0356 0.5894
1 0.0395 0.5882
1 0.0435 0.5869
1 0.0475 0.5856
1 0.0515 0.5845
1 0.0555 0.5833
1 0.0596 0.5822
1 0.0636 0.5812
1 0.0677 0.5802
1 0.0718 0.5793
1 0.0758 0.5784
1 0.0799 0.5775
1 0.0848 0.5782
1 0.0897 0.5788
1 0.0946 0.5795
1 0.0994 0.5802
1 0.1042 0.5810
1 0.1091 0.5818
1 0.1139 0.5828
1 0.1188 0.5838
1 0.1236 0.5847
1 0.1284 0.5858
1 0.1332 0.5869
1 0.1348 0.5865
1 0.1364 0.5861
1 0.1379 0.5856
1 0.1395 0.5850
1 0.1410 0.5845
1 0.1426 0.5838
1 0.1440 0.5831
1 0.1455 0.5824
1 0.1470 0.5817
1 0.1484 0.5809
1 0.1498 0.5800
1 0.1511 0.5790
1 0.1525 0.5782
1 0.1538 0.5771
1 0.1550 0.5761
1 0.1563 0.5750
1 0.1575 0.5739
1 0.1587 0.5728
1 0.1598 0.5716
1 0.1610 0.5704
1 0.1620 0.5691
1 0.1630 0.5678
1 0.1640 0.5666
1 0.1650 0.5652
1 0.1658 0.5638
1 0.1666 0.5624
1 0.1674 0.5610
1 0.1682 0.5595
1 0.1690 0.5580
1 0.1696 0.5566
1 0.1702 0.5550
1 0.1708 0.5534
1 0.1714 0.5519
1 0.1718 0.5503
1 0.1722 0.5487
1 0.1726 0.5471
1 0.1729 0.5455
1 0.1732 0.5439
1 0.1734 0.5423
1 0.1736 0.5406
1 0.1737 0.5390
1 0.1738 0.5374
1 0.1738 0.5358
1 0.1737 0.5341
1 0.1736 0.5325
1 0.1734 0.5308
1 0.1733 0.5292
1 0.1730 0.5276
1 0.1727 0.5260
1 0.1724 0.5244
1 0.1721 0.5218
1 0.1717 0.5193
1 0.1713 0.5167
1 0.1708 0.5142
1 0.1703 0.5116
1 0.1698 0.5091
1 0.1691 0.5066
1 0.1685 0.5041
1 0.1678 0.5016
1 0.1670 0.4991
1 0.1662 0.4966
1 0.1654 0.4942
1 0.1644 0.4918
1 0.1634 0.4894
1 0.1625 0.4870
1 0.1621 0.4841
1 0.1617 0.4811
1 0.1613 0.4782
1 0.1610 0.4752
1 0.1608 0.4722
1 0.1606 0.4693
1 0.1605 0.4663
1 0.1604 0.4634
1 0.1604 0.4603
1 0.1604 0.4574
1 0.1605 0.4544
1 0.1606 0.4514
1 0.1608 0.4485
1 0.1610 0.4455
1 0.1613 0.4426
1 0.1617 0.4396
1 0.1621 0.4366
1 0.1625 0.4338
1 0.1642 0.4331
1 0.1659 0.4324
1 0.1676 0.4318
1 0.1693 0.4310
1 0.1709 0.4302
1 0.1725 0.4293
1 0.1741 0.4284
1 0.1757 0.4274
1 0.1772 0.4265
1 0.1787 0.4254
1 0.1802 0.4244
1 0.1817 0.4233
1 0.1830 0.4221
1 0.1845 0.4209
1 0.1858 0.4197
1 0.1871 0.4184
1 0.1884 0.4170
1 0.1896 0.4158
1 0.1908 0.4143
1 0.1920 0.4130
1 0.1931 0.4114
1 0.1942 0.4100
1 0.1952 0.4085
1 0.1962 0.4070
1 0.1971 0.4054
1 0.1980 0.4038
1 0.1989 0.4022
1 0.1997 0.4006
1 0.2005 0.3989
1 0.2012 0.3972
1 0.2018 0.3955
1 0.2025 0.3938
1 0.2017 0.3907
1 0.2009 0.3876
1 0.2002 0.3846
1 0.1996 0.3814
1 0.1990 0.3784
1 0.1985 0.3753
1 0.1980 0.3722
1 0.1975 0.3690
1 0.1972 0.3658
1 0.1969 0.3627
1 0.1966 0.3596
1 0.1963 0.3564
1 0.1962 0.3533
1 0.1960 0.3502
1 0.1959 0.3470
1 0.1959 0.3438
1 0.1959 0.3406
1 0.1960 0.3375
1 0.1962 0.3343
1 0.1963 0.3312
1 0.1966 0.3281
1 0.1969 0.3249
1 0.1972 0.3218
1 0.1975 0.3186
1 0.1980 0.3155
1 0.1985 0.3124
1 0.1990 0.3093
1 0.1996 0.3062
1 0.2002 0.3031
1 0.2009 0.3000
1 0.2017 0.2970
1 0.2025 0.2938
1 0.2023 0.2916
1 0.2022 0.2893
1 0.2019 0.2870
1 0.2017 0.2846
1 0.2013 0.2824
1 0.2010 0.2801
1 0.2005 0.2778
1 0.2000 0.2756
1 0.1994 0.2733
1 0.1989 0.2710
1 0.1982 0.2689
1 0.1975 0.2666
1 0.1968 0.2645
1 0.1960 0.2623
1 0.1951 0.2602
1 0.1942 0.2580
1 0.1933 0.2559
1 0.1923 0.2538
1 0.1913 0.2518
1 0.1902 0.2497
1 0.1890 0.2516
1 0.1879 0.2535
1 0.1868 0.2554
1 0.1858 0.2574
1 0.1848 0.2594
1 0.1838 0.2614
1 0.1830 0.2634
1 0.1822 0.2655
1 0.1814 0.2676
1 0.1806 0.2697
1 0.1799 0.2718
1 0.1793 0.2739
1 0.1786 0.2761
1 0.1782 0.2782
1 0.1776 0.2804
1 0.1772 0.2826
1 0.1768 0.2847
1 0.1765 0.2870
1 0.1762 0.2891
1 0.1760 0.2914
1 0.1758 0.2936
1 0.1757 0.2958
1 0.1756 0.2980
1 0.1756 0.3002
1 0.1757 0.3025
1 0.1758 0.3047
1 0.1756 0.3082
1 0.1754 0.3118
1 0.1752 0.3153
1 0.1749 0.3188
1 0.1746 0.3223
1 0.1742 0.3258
1 0.1738 0.3293
1 0.1733 0.3328
1 0.1727 0.3363
1 0.1722 0.3398
1 0.1715 0.3433
1 0.1708 0.3467
1 0.1701 0.3502
1 0.1693 0.3536
1 0.1684 0.3570
1 0.1675 0.3605
1 0.1666 0.3638
1 0.1656 0.3673
1 0.1645 0.3706
1 0.1634 0.3740
1 0.1622 0.3774
1 0.1611 0.3806
1 0.1598 0.3839
1 0.1586 0.3873
1 0.1572 0.3905
1 0.1558 0.3938
1 0.1535 0.3955
1 0.1513 0.3972
1 0.1490 0.3989
1 0.1466 0.4005
1 0.1442 0.4021
1 0.1418 0.4036
1 0.1394 0.4051
1 0.1369 0.4066
1 0.1344 0.4079
1 0.1318 0.4093
1 0.1294 0.4106
1 0.1268 0.4119
1 0.1242 0.4131
1 0.1216 0.4143
1 0.1190 0.4154
1 0.1163 0.4166
1 0.1137 0.4176
1 0.1110 0.4186
1 0.1082 0.4206
1 0.1054 0.4226
1 0.1026 0.4247
1 0.1000 0.4268
1 0.0973 0.4290
1 0.0946 0.4312
1 0.0921 0.4334
1 0.0895 0.4357
1 0.0870 0.4380
1 0.0845 0.4404
1 0.0820 0.4428
1 0.0792 0.4466
1 0.0764 0.4504
1 0.0736 0.4542
1 0.0707 0.4579
1 0.0678 0.4617
1 0.0649 0.4654
1 0.0619 0.4690
1 0.0589 0.4727
1 0.0558 0.4763
1 0.0527 0.4799
1 0.0497 0.4834
1 0.0465 0.4870
1 0.0406 0.4875
1 0.0348 0.4880
1 0.0290 0.4886
1 0.0232 0.4893
1 0.0174 0.4900
1 0.0116 0.4907
1 0.0058 0.4915
1 0.0000 0.4924
1 -0.0058 0.4933
1 -0.0115 0.4942
1 -0.0174 0.4953
1 -0.0230 0.4963
1 -0.0288 0.4974
1 -0.0346 0.4986
1 -0.0403 0.4998
1 -0.0460 0.5011
1 -0.0517 0.5024
1 -0.0574 0.5038
1 -0.0630 0.5052
1 -0.0687 0.5066
1 -0.0744 0.5082
1 -0.0800 0.5098
1 -0.0856 0.5114
1 -0.0912 0.5130
1 -0.0968 0.5148
1 -0.1024 0.5166
1 -0.1080 0.5184
1 -0.1135 0.5203
1 -0.1158 0.5193
1 -0.1182 0.5183
1 -0.1205 0.5174
1 -0.1228 0.5166
1 -0.1252 0.5158
1 -0.1276 0.5150
1 -0.1300 0.5144
1 -0.1324 0.5138
1 -0.1349 0.5131
1 -0.1373 0.5126
1 -0.1398 0.5121
1 -0.1422 0.5117
1 -0.1447 0.5113
1 -0.1472 0.5110
1 -0.1497 0.5106
1 -0.1522 0.5104
1 -0.1547 0.5102
1 -0.1572 0.5102
1 -0.1597 0.5101
1 -0.1622 0.5101
1 -0.1647 0.5101
1 -0.1672 0.5102
1 -0.1697 0.5103
1 -0.1722 0.5105
1 -0.1747 0.5107
1 -0.1772 0.5110
1 -0.1797 0.5114
1 -0.1822 0.5118
1 -0.1846 0.5122
1 -0.1870 0.5127
1 -0.1895 0.5133
1 -0.1919 0.5139
1 -0.1944 0.5146
1 -0.1968 0.5153
1 -0.1991 0.5160
1 -0.2015 0.5168
1 -0.2039 0.5177
1 -0.2062 0.5186
1 -0.2086 0.5195
1 -0.2108 0.5206
1 -0.2131 0.5216
1 -0.2154 0.5227
1 -0.2176 0.5238
1 -0.2198 0.5250
1 -0.2220 0.5262
1 -0.2242 0.5276
1 -0.2262 0.5289
1 -0.2283 0.5302
1 -0.2304 0.5317
1 -0.2325 0.5331
1 -0.2345 0.5346
1 -0.2364 0.5362
1 -0.2365 0.5342
1 -0.2365 0.5322
1 -0.2364 0.5301
1 -0.2363 0.5281
1 -0.2362 0.5261
1 -0.2360 0.5240
1 -0.2357 0.5220
1 -0.2354 0.5200
1 -0.2350 0.5180
1 -0.2346 0.5160
1 -0.2342 0.5140
1 -0.2337 0.5121
1 -0.2332 0.5101
1 -0.2326 0.5082
1 -0.2319 0.5062
1 -0.2313 0.5043
1 -0.2305 0.5024
1 -0.2298 0.5006
1 -0.2289 0.4986
1 -0.2280 0.4968
1 -0.2271 0.4950
1 -0.2262 0.4932
1 -0.2251 0.4914
1 -0.2241 0.4898
1 -0.2230 0.4880
1 -0.2219 0.4863
1 -0.2207 0.4846
1 -0.2195 0.4830
1 -0.2182 0.4814
1 -0.2175 0.4808
1 -0.2169 0.4802
1 -0.2162 0.4795
1 -0.2157 0.4788
1 -0.2151 0.4781
1 -0.2146 0.4774
1 -0.2142 0.4766
1 -0.2138 0.4757
1 -0.2134 0.4749
1 -0.2131 0.4740
1 -0.2129 0.4731
1 -0.2126 0.4722
1 -0.2125 0.4714
1 -0.2123 0.4705
1 -0.2123 0.4695
1 -0.2123 0.4686
1 -0.2123 0.4677
1 -0.2124 0.4668
1 -0.2126 0.4659
1 -0.2128 0.4650
1 -0.2130 0.4642
1 -0.2134 0.4633
1 -0.2137 0.4624
1 -0.2141 0.4616
1 -0.2145 0.4608
1 -0.2150 0.4600
1 -0.2155 0.4593
1 -0.2161 0.4586
1 -0.2167 0.4578
1 -0.2174 0.4572
1 -0.2180 0.4566
1 -0.2187 0.4561
1 -0.2195 0.4555
1 -0.2202 0.4550
1 -0.2210 0.4546
1 -0.2219 0.4542
1 -0.2227 0.4538
1 -0.2236 0.4536
1 -0.2245 0.4534
1 -0.2254 0.4531
1 -0.2263 0.4530
1 -0.2272 0.4529
1 -0.2281 0.4529
1 -0.2290 0.4529
1 -0.2299 0.4530
1 -0.2309 0.4530
1 -0.2318 0.4532
1 -0.2326 0.4534
1 -0.2335 0.4537
1 -0.2362 0.4597
1 -0.2390 0.4656
1 -0.2416 0.4716
1 -0.2442 0.4776
1 -0.2468 0.4837
1 -0.2493 0.4898
1 -0.2518 0.4958
1 -0.2542 0.5019
1 -0.2565 0.5080
1 -0.2588 0.5142
1 -0.2611 0.5203
1 -0.2634 0.5265
1 -0.2655 0.5326
1 -0.2676 0.5389
1 -0.2697 0.5450
1 -0.2718 0.5513
1 -0.2737 0.5575
1 -0.2757 0.5638
1 -0.2762 0.5645
1 -0.2768 0.5653
1 -0.2774 0.5660
1 -0.2778 0.5668
1 -0.2782 0.5676
1 -0.2786 0.5685
1 -0.2790 0.5693
1 -0.2792 0.5702
1 -0.2794 0.5711
1 -0.2797 0.5720
1 -0.2798 0.5729
1 -0.2798 0.5738
1 -0.2799 0.5747
1 -0.2799 0.5757
1 -0.2798 0.5766
1 -0.2797 0.5775
1 -0.2795 0.5784
1 -0.2793 0.5793
1 -0.2790 0.5802
1 -0.2787 0.5810
1 -0.2783 0.5819
1 -0.2779 0.5827
1 -0.2774 0.5835
1 -0.2770 0.5843
1 -0.2764 0.5850
1 -0.2758 0.5858
1 -0.2752 0.5864
1 -0.2745 0.5870
1 -0.2738 0.5877
1 -0.2731 0.5882
1 -0.2723 0.5887
1 -0.2715 0.5892
1 -0.2707 0.5896
1 -0.2698 0.5900
1 -0.2690 0.5903
1 -0.2682 0.5906
1 -0.2673 0.5909
1 -0.2663 0.5910
1 -0.2654 0.5912
1 -0.2645 0.5913
1 -0.2636 0.5913
1 -0.2626 0.5913
1 -0.2618 0.5912
1 -0.2608 0.5911
1 -0.2599 0.5910
1 -0.2590 0.5907
1 -0.2556 0.5898
1 -0.2522 0.5890
1 -0.2486 0.5882
1 -0.2452 0.5876
1 -0.2417 0.5869
1 -0.2382 0.5862
1 -0.2347 0.5857
1 -0.2312 0.5852
1 -0.2277 0.5847
1 -0.2242 0.5843
1 -0.2206 0.5839
1 -0.2170 0.5836
1 -0.2135 0.5833
1 -0.2100 0.5830
1 -0.2064 0.5829
1 -0.2039 0.5839
1 -0.2014 0.5850
1 -0.1990 0.5861
1 -0.1966 0.5872
1 -0.1941 0.5885
1 -0.1917 0.5897
1 -0.1894 0.5910
1 -0.1870 0.5923
1 -0.1846 0.5937
1 -0.1823 0.5951
1 -0.1801 0.5966
1 -0.1778 0.5981
1 -0.1756 0.5996
1 -0.1734 0.6012
1 -0.1713 0.6029
1 -0.1691 0.6046
1 -0.1670 0.6062
1 -0.1650 0.6080
1 -0.1630 0.6098
1 -0.1610 0.6116
1 -0.1590 0.6134
1 -0.1570 0.6154
1 -0.1552 0.6173
1 -0.1533 0.6193
1 -0.1515 0.6213
1 -0.1497 0.6233
1 -0.1480 0.6254
1 -0.1462 0.6274
1 -0.1446 0.6296
1 -0.1430 0.6318
1 -0.1414 0.6339
1 -0.1398 0.6362
1 -0.1598 0.7094
1 -0.1621 0.7094
1 -0.1643 0.7096
1 -0.1666 0.7098
1 -0.1688 0.7099
1 -0.1710 0.7102
1 -0.1733 0.7106
1 -0.1755 0.7109
1 -0.1778 0.7113
1 -0.1799 0.7118
1 -0.1822 0.7123
1 -0.1843 0.7129
1 -0.1865 0.7134
1 -0.1886 0.7141
1 -0.1908 0.7148
1 -0.1930 0.7156
1 -0.1950 0.7164
1 -0.1971 0.7172
1 -0.1992 0.7181
1 -0.2013 0.7190
1 -0.2033 0.7201
1 -0.2053 0.7210
1 -0.2073 0.7222
1 -0.2092 0.7233
1 -0.2111 0.7245
1 -0.2120 0.7244
1 -0.2129 0.7244
1 -0.2137 0.7244
1 -0.2146 0.7246
1 -0.2154 0.7246
1 -0.2162 0.7249
1 -0.2170 0.7251
1 -0.2178 0.7254
1 -0.2186 0.7258
1 -0.2194 0.7262
1 -0.2201 0.7266
1 -0.2208 0.7270
1 -0.2215 0.7276
1 -0.2222 0.7282
1 -0.2227 0.7288
1 -0.2233 0.7294
1 -0.2238 0.7301
1 -0.2243 0.7308
1 -0.2248 0.7315
1 -0.2252 0.7322
1 -0.2255 0.7330
1 -0.2258 0.7338
1 -0.2261 0.7346
1 -0.2263 0.7354
1 -0.2265 0.7363
1 -0.2266 0.7371
1 -0.2266 0.7380
1 -0.2266 0.7389
1 -0.2266 0.7397
1 -0.2265 0.7406
1 -0.2263 0.7414
1 -0.2262 0.7422
1 -0.2258 0.7430
1 -0.2256 0.7438
1 -0.2252 0.7446
1 -0.2248 0.7454
1 -0.2244 0.7461
1 -0.2239 0.7468
1 -0.2234 0.7475
1 -0.2228 0.7482
1 -0.2222 0.7487
1 -0.2216 0.7493
1 -0.2209 0.7498
1 -0.2202 0.7503
1 -0.2195 0.7508
1 -0.2187 0.7512
1 -0.2179 0.7515
1 -0.2171 0.7518
1 -0.2163 0.7521
1 -0.2140 0.7532
1 -0.2116 0.7543
1 -0.2093 0.7555
1 -0.2070 0.7567
1 -0.2047 0.7580
1 -0.2025 0.7594
1 -0.2002 0.7607
1 -0.1981 0.7621
1 -0.1959 0.7635
1 -0.1938 0.7650
1 -0.1916 0.7666
1 -0.1895 0.7682
1 -0.1875 0.7698
1 -0.1854 0.7714
1 -0.1835 0.7731
1 -0.1815 0.7748
1 -0.1796 0.7766
1 -0.1777 0.7784
1 -0.1758 0.7802
1 -0.1741 0.7821
1 -0.1722 0.7840
1 -0.1706 0.7859
1 -0.1688 0.7879
1 -0.1672 0.7899
1 -0.1655 0.7920
1 -0.1639 0.7941
1 -0.1624 0.7962
1 -0.1609 0.7983
1 -0.1594 0.8005
1 -0.1592 0.8016
1 -0.1590 0.8027
1 -0.1586 0.8038
1 -0.1582 0.8050
1 -0.1578 0.8061
1 -0.1574 0.8071
1 -0.1569 0.8082
1 -0.1563 0.8092
1 -0.1557 0.8102
1 -0.1550 0.8112
1 -0.1544 0.8121
1 -0.1537 0.8130
1 -0.1529 0.8139
1 -0.1521 0.8147
1 -0.1513 0.8156
1 -0.1504 0.8163
1 -0.1494 0.8170
1 -0.1485 0.8178
1 -0.1475 0.8184
1 -0.1466 0.8190
1 -0.1455 0.8196
1 -0.1445 0.8201
1 -0.1434 0.8206
1 -0.1423 0.8210
1 -0.1412 0.8214
1 -0.1401 0.8217
1 -0.1390 0.8220
1 -0.1378 0.8227
1 -0.1366 0.8235
1 -0.1354 0.8243
1 -0.1342 0.8252
1 -0.1331 0.8262
1 -0.1321 0.8271
1 -0.1310 0.8281
1 -0.1301 0.8291
1 -0.1291 0.8302
1 -0.1282 0.8313
1 -0.1273 0.8324
1 -0.1265 0.8335
1 -0.1257 0.8347
1 -0.1249 0.8359
1 -0.1242 0.8372
1 -0.1235 0.8385
1 -0.1229 0.8398
1 -0.1223 0.8410
1 -0.1218 0.8424
1 -0.1213 0.8438
1 -0.1209 0.8451
1 -0.1205 0.8465
1 -0.1202 0.8478
1 -0.1198 0.8493
1 -0.1186 0.8479
1 -0.1171 0.8466
1 -0.1158 0.8454
1 -0.1143 0.8442
1 -0.1129 0.8430
1 -0.1114 0.8418
1 -0.1098 0.8408
1 -0.1082 0.8398
1 -0.1066 0.8387
1 -0.1050 0.8378
1 -0.1034 0.8368
1 -0.1018 0.8359
1 -0.1001 0.8351
1 -0.0983 0.8343
1 -0.0966 0.8336
1 -0.0949 0.8329
1 -0.0931 0.8322
1 -0.0914 0.8316
1 -0.0895 0.8310
1 -0.0878 0.8306
1 -0.0859 0.8301
1 -0.0841 0.8297
1 -0.0822 0.8294
1 -0.0804 0.8290
1 -0.0785 0.8287
1 -0.0766 0.8286
1 -0.0748 0.8284
1 -0.0729 0.8282
1 -0.0710 0.8282
1 -0.0691 0.8282
1 -0.0673 0.8282
1 -0.0654 0.8283
1 -0.0635 0.8285
1 -0.0624 0.8287
1 -0.0613 0.8290
1 -0.0602 0.8291
1 -0.0590 0.8292
1 -0.0579 0.8293
1 -0.0568 0.8293
1 -0.0557 0.8292
1 -0.0546 0.8291
1 -0.0534 0.8290
