SEcl_PO-8
3303 11 1 1 0 0 0 0 0 0 1 1
1.000
112 1253 229
0 -0.0434 1.0626
1 -0.5223 0.5837
1 -0.5235 0.5824
1 -0.5246 0.5811
1 -0.5258 0.5798
1 -0.5269 0.5786
1 -0.5279 0.5772
1 -0.5290 0.5758
1 -0.5299 0.5744
1 -0.5309 0.5729
1 -0.5318 0.5714
1 -0.5326 0.5699
1 -0.5334 0.5684
1 -0.5342 0.5669
1 -0.5349 0.5654
1 -0.5356 0.5638
1 -0.5362 0.5622
1 -0.5368 0.5606
1 -0.5374 0.5589
1 -0.5378 0.5573
1 -0.5383 0.5556
1 -0.5387 0.5539
1 -0.5391 0.5522
1 -0.5394 0.5506
1 -0.5397 0.5489
1 -0.5399 0.5471
1 -0.5401 0.5454
1 -0.5402 0.5437
1 -0.5402 0.5420
1 -0.5402 0.5402
1 -0.5402 0.5386
1 -0.5402 0.5368
1 -0.5401 0.5351
1 -0.5399 0.5334
1 -0.5397 0.5317
1 -0.5394 0.5300
1 -0.5391 0.5283
1 -0.5387 0.5266
1 -0.5383 0.5250
1 -0.5378 0.5233
1 -0.5374 0.5216
1 -0.5368 0.5200
1 -0.5362 0.5184
1 -0.5356 0.5168
1 -0.5349 0.5152
1 -0.5342 0.5137
1 -0.5334 0.5121
1 -0.5326 0.5106
1 -0.5318 0.5091
1 -0.5309 0.5076
1 -0.5299 0.5062
1 -0.5290 0.5047
1 -0.5279 0.5034
1 -0.5269 0.5020
1 -0.5258 0.5006
1 -0.5246 0.4994
1 -0.5235 0.4981
1 -0.5223 0.4969
1 -0.0434 0.0180
1 -0.0422 0.0168
1 -0.0409 0.0156
1 -0.0396 0.0145
1 -0.0382 0.0134
1 -0.0369 0.0123
1 -0.0355 0.0113
1 -0.0341 0.0103
1 -0.0326 0.0094
1 -0.0312 0.0085
1 -0.0297 0.0077
1 -0.0282 0.0069
1 -0.0266 0.0061
1 -0.0250 0.0054
1 -0.0235 0.0046
1 -0.0219 0.0040
1 -0.0202 0.0034
1 -0.0186 0.0029
1 -0.0170 0.0024
1 -0.0154 0.0019
1 -0.0137 0.0015
1 -0.0120 0.0012
1 -0.0102 0.0009
1 -0.0086 0.0006
1 -0.0069 0.0004
1 -0.0051 0.0002
1 -0.0034 0.0001
1 -0.0018 0.0000
1 0.0000 0.0000
1 0.0018 0.0000
1 0.0034 0.0001
1 0.0051 0.0002
1 0.0069 0.0004
1 0.0086 0.0006
1 0.0102 0.0009
1 0.0120 0.0012
1 0.0137 0.0015
1 0.0154 0.0019
1 0.0170 0.0024
1 0.0186 0.0029
1 0.0202 0.0034
1 0.0219 0.0040
1 0.0235 0.0046
1 0.0250 0.0054
1 0.0266 0.0061
1 0.0282 0.0069
1 0.0297 0.0077
1 0.0312 0.0085
1 0.0326 0.0094
1 0.0341 0.0103
1 0.0355 0.0113
1 0.0369 0.0123
1 0.0382 0.0134
1 0.0396 0.0145
1 0.0409 0.0156
1 0.0422 0.0168
1 0.0434 0.0180
1 0.5223 0.4969
1 0.5235 0.4981
1 0.5246 0.4994
1 0.5258 0.5006
1 0.5269 0.5020
1 0.5279 0.5034
1 0.5290 0.5047
1 0.5299 0.5062
1 0.5309 0.5076
1 0.5318 0.5091
1 0.5326 0.5106
1 0.5334 0.5121
1 0.5342 0.5137
1 0.5349 0.5152
1 0.5356 0.5168
1 0.5362 0.5184
1 0.5368 0.5200
1 0.5374 0.5216
1 0.5378 0.5233
1 0.5383 0.5250
1 0.5387 0.5266
1 0.5391 0.5283
1 0.5394 0.5300
1 0.5397 0.5317
1 0.5399 0.5334
1 0.5401 0.5351
1 0.5402 0.5368
1 0.5402 0.5386
1 0.5402 0.5402
1 0.5402 0.5420
1 0.5402 0.5437
1 0.5401 0.5454
1 0.5399 0.5471
1 0.5397 0.5489
1 0.5394 0.5506
1 0.5391 0.5522
1 0.5387 0.5539
1 0.5383 0.5556
1 0.5378 0.5573
1 0.5374 0.5589
1 0.5368 0.5606
1 0.5362 0.5622
1 0.5356 0.5638
1 0.5349 0.5654
1 0.5342 0.5669
1 0.5334 0.5684
1 0.5326 0.5699
1 0.5318 0.5714
1 0.5309 0.5729
1 0.5299 0.5744
1 0.5290 0.5758
1 0.5279 0.5772
1 0.5269 0.5786
1 0.5258 0.5798
1 0.5246 0.5811
1 0.5235 0.5824
1 0.5223 0.5837
1 0.0434 1.0626
1 0.0422 1.0638
1 0.0409 1.0650
1 0.0396 1.0661
1 0.0382 1.0671
1 0.0369 1.0682
1 0.0355 1.0692
1 0.0341 1.0702
1 0.0326 1.0711
1 0.0312 1.0720
1 0.0297 1.0729
1 0.0282 1.0737
1 0.0266 1.0745
1 0.0250 1.0752
1 0.0235 1.0758
1 0.0219 1.0765
1 0.0202 1.0771
1 0.0186 1.0776
1 0.0170 1.0782
1 0.0154 1.0786
1 0.0137 1.0790
1 0.0120 1.0794
1 0.0102 1.0797
1 0.0086 1.0799
1 0.0069 1.0802
1 0.0051 1.0803
1 0.0034 1.0804
1 0.0018 1.0805
1 0.0000 1.0806
1 -0.0018 1.0805
1 -0.0034 1.0804
1 -0.0051 1.0803
1 -0.0069 1.0802
1 -0.0086 1.0799
1 -0.0102 1.0797
1 -0.0120 1.0794
1 -0.0137 1.0790
1 -0.0154 1.0786
1 -0.0170 1.0782
1 -0.0186 1.0776
1 -0.0202 1.0771
1 -0.0219 1.0765
1 -0.0235 1.0758
1 -0.0250 1.0752
1 -0.0266 1.0745
1 -0.0282 1.0737
1 -0.0297 1.0729
1 -0.0312 1.0720
1 -0.0326 1.0711
1 -0.0341 1.0702
1 -0.0355 1.0692
1 -0.0369 1.0682
1 -0.0382 1.0671
1 -0.0396 1.0661
1 -0.0409 1.0650
1 -0.0422 1.0638
1 -0.0434 1.0626
112 1250 197
0 -0.0340 1.0531
1 -0.5129 0.5742
1 -0.5139 0.5731
1 -0.5150 0.5719
1 -0.5160 0.5707
1 -0.5170 0.5695
1 -0.5179 0.5682
1 -0.5188 0.5670
1 -0.5197 0.5656
1 -0.5205 0.5643
1 -0.5213 0.5629
1 -0.5220 0.5615
1 -0.5226 0.5601
1 -0.5233 0.5586
1 -0.5238 0.5572
1 -0.5244 0.5557
1 -0.5249 0.5542
1 -0.5253 0.5527
1 -0.5257 0.5512
1 -0.5260 0.5496
1 -0.5263 0.5481
1 -0.5266 0.5466
1 -0.5267 0.5450
1 -0.5268 0.5434
1 -0.5269 0.5418
1 -0.5270 0.5402
1 -0.5269 0.5387
1 -0.5268 0.5371
1 -0.5267 0.5356
1 -0.5266 0.5340
1 -0.5263 0.5325
1 -0.5260 0.5309
1 -0.5257 0.5294
1 -0.5253 0.5278
1 -0.5249 0.5263
1 -0.5244 0.5248
1 -0.5238 0.5234
1 -0.5233 0.5219
1 -0.5226 0.5205
1 -0.5220 0.5190
1 -0.5213 0.5176
1 -0.5205 0.5162
1 -0.5197 0.5149
1 -0.5188 0.5136
1 -0.5179 0.5123
1 -0.5170 0.5110
1 -0.5160 0.5098
1 -0.5150 0.5086
1 -0.5139 0.5074
1 -0.5129 0.5063
1 -0.0340 0.0274
1 -0.0328 0.0263
1 -0.0317 0.0253
1 -0.0305 0.0242
1 -0.0293 0.0233
1 -0.0280 0.0223
1 -0.0267 0.0214
1 -0.0254 0.0206
1 -0.0240 0.0198
1 -0.0226 0.0190
1 -0.0213 0.0183
1 -0.0198 0.0176
1 -0.0184 0.0170
1 -0.0169 0.0164
1 -0.0154 0.0159
1 -0.0139 0.0154
1 -0.0124 0.0150
1 -0.0109 0.0146
1 -0.0094 0.0142
1 -0.0078 0.0140
1 -0.0062 0.0138
1 -0.0047 0.0136
1 -0.0031 0.0134
1 -0.0016 0.0134
1 0.0000 0.0134
1 0.0016 0.0134
1 0.0031 0.0134
1 0.0047 0.0136
1 0.0062 0.0138
1 0.0078 0.0140
1 0.0094 0.0142
1 0.0109 0.0146
1 0.0124 0.0150
1 0.0139 0.0154
1 0.0154 0.0159
1 0.0169 0.0164
1 0.0184 0.0170
1 0.0198 0.0176
1 0.0213 0.0183
1 0.0226 0.0190
1 0.0240 0.0198
1 0.0254 0.0206
1 0.0267 0.0214
1 0.0280 0.0223
1 0.0292 0.0233
1 0.0305 0.0242
1 0.0317 0.0253
1 0.0328 0.0263
1 0.0340 0.0274
1 0.5129 0.5063
1 0.5139 0.5074
1 0.5150 0.5086
1 0.5160 0.5098
1 0.5170 0.5110
1 0.5179 0.5123
1 0.5188 0.5136
1 0.5197 0.5149
1 0.5205 0.5162
1 0.5213 0.5176
1 0.5220 0.5190
1 0.5226 0.5205
1 0.5233 0.5219
1 0.5238 0.5234
1 0.5244 0.5248
1 0.5249 0.5263
1 0.5253 0.5278
1 0.5257 0.5294
1 0.5260 0.5309
1 0.5263 0.5325
1 0.5266 0.5340
1 0.5267 0.5356
1 0.5268 0.5371
1 0.5269 0.5387
1 0.5270 0.5402
1 0.5269 0.5418
1 0.5268 0.5434
1 0.5267 0.5450
1 0.5266 0.5466
1 0.5263 0.5481
1 0.5260 0.5496
1 0.5257 0.5512
1 0.5253 0.5527
1 0.5249 0.5542
1 0.5244 0.5557
1 0.5238 0.5572
1 0.5233 0.5586
1 0.5226 0.5601
1 0.5220 0.5615
1 0.5213 0.5629
1 0.5205 0.5643
1 0.5197 0.5656
1 0.5188 0.5670
1 0.5179 0.5682
1 0.5170 0.5695
1 0.5160 0.5707
1 0.5150 0.5719
1 0.5139 0.5731
1 0.5129 0.5742
1 0.0340 1.0531
1 0.0328 1.0542
1 0.0317 1.0553
1 0.0305 1.0563
1 0.0292 1.0573
1 0.0280 1.0582
1 0.0267 1.0591
1 0.0254 1.0599
1 0.0240 1.0608
1 0.0226 1.0615
1 0.0213 1.0622
1 0.0198 1.0630
1 0.0184 1.0635
1 0.0169 1.0642
1 0.0154 1.0646
1 0.0139 1.0651
1 0.0124 1.0656
1 0.0109 1.0659
1 0.0094 1.0662
1 0.0078 1.0666
1 0.0062 1.0668
1 0.0047 1.0670
1 0.0031 1.0671
1 0.0016 1.0672
1 0.0000 1.0672
1 -0.0016 1.0672
1 -0.0031 1.0671
1 -0.0047 1.0670
1 -0.0062 1.0668
1 -0.0078 1.0666
1 -0.0094 1.0662
1 -0.0109 1.0659
1 -0.0124 1.0656
1 -0.0139 1.0651
1 -0.0154 1.0646
1 -0.0169 1.0642
1 -0.0184 1.0635
1 -0.0198 1.0630
1 -0.0213 1.0622
1 -0.0226 1.0615
1 -0.0240 1.0608
1 -0.0254 1.0599
1 -0.0267 1.0591
1 -0.0280 1.0582
1 -0.0293 1.0573
1 -0.0305 1.0563
1 -0.0317 1.0553
1 -0.0328 1.0542
1 -0.0340 1.0531
112 1253 133
0 -0.4940 0.5554
1 -0.0151 1.0342
1 -0.0143 1.0350
1 -0.0135 1.0357
1 -0.0127 1.0363
1 -0.0118 1.0370
1 -0.0110 1.0375
1 -0.0101 1.0380
1 -0.0091 1.0385
1 -0.0082 1.0389
1 -0.0072 1.0393
1 -0.0062 1.0396
1 -0.0052 1.0399
1 -0.0042 1.0402
1 -0.0031 1.0403
1 -0.0021 1.0404
1 -0.0010 1.0405
1 0.0000 1.0406
1 0.0010 1.0405
1 0.0021 1.0404
1 0.0031 1.0403
1 0.0042 1.0402
1 0.0052 1.0399
1 0.0062 1.0396
1 0.0072 1.0393
1 0.0082 1.0389
1 0.0091 1.0385
1 0.0101 1.0380
1 0.0110 1.0375
1 0.0118 1.0370
1 0.0127 1.0363
1 0.0135 1.0357
1 0.0143 1.0350
1 0.0151 1.0342
1 0.4940 0.5554
1 0.4947 0.5546
1 0.4954 0.5538
1 0.4961 0.5530
1 0.4966 0.5522
1 0.4972 0.5513
1 0.4978 0.5503
1 0.4982 0.5494
1 0.4986 0.5485
1 0.4990 0.5474
1 0.4994 0.5465
1 0.4996 0.5454
1 0.4998 0.5444
1 0.5000 0.5434
1 0.5002 0.5424
1 0.5002 0.5413
1 0.5002 0.5402
1 0.5002 0.5392
1 0.5002 0.5382
1 0.5000 0.5371
1 0.4998 0.5361
1 0.4996 0.5350
1 0.4994 0.5341
1 0.4990 0.5330
1 0.4986 0.5321
1 0.4982 0.5311
1 0.4978 0.5302
1 0.4972 0.5293
1 0.4966 0.5284
1 0.4961 0.5275
1 0.4954 0.5267
1 0.4947 0.5259
1 0.4940 0.5251
1 0.0151 0.0462
1 0.0143 0.0455
1 0.0135 0.0449
1 0.0127 0.0442
1 0.0118 0.0436
1 0.0110 0.0430
1 0.0101 0.0426
1 0.0091 0.0421
1 0.0082 0.0416
1 0.0072 0.0413
1 0.0062 0.0409
1 0.0052 0.0406
1 0.0042 0.0404
1 0.0031 0.0402
1 0.0021 0.0401
1 0.0010 0.0400
1 0.0000 0.0400
1 -0.0010 0.0400
1 -0.0021 0.0401
1 -0.0031 0.0402
1 -0.0042 0.0404
1 -0.0052 0.0406
1 -0.0062 0.0409
1 -0.0072 0.0413
1 -0.0082 0.0416
1 -0.0091 0.0421
1 -0.0101 0.0426
1 -0.0110 0.0430
1 -0.0118 0.0436
1 -0.0127 0.0442
1 -0.0135 0.0449
1 -0.0143 0.0455
1 -0.0151 0.0462
1 -0.4940 0.5251
1 -0.4947 0.5259
1 -0.4954 0.5267
1 -0.4961 0.5275
1 -0.4966 0.5284
1 -0.4972 0.5293
1 -0.4978 0.5302
1 -0.4982 0.5311
1 -0.4986 0.5321
1 -0.4990 0.5330
1 -0.4994 0.5341
1 -0.4996 0.5350
1 -0.4998 0.5361
1 -0.5000 0.5371
1 -0.5002 0.5382
1 -0.5002 0.5392
1 -0.5002 0.5402
1 -0.5002 0.5413
1 -0.5002 0.5424
1 -0.5000 0.5434
1 -0.4998 0.5444
1 -0.4996 0.5454
1 -0.4994 0.5465
1 -0.4990 0.5474
1 -0.4986 0.5485
1 -0.4982 0.5494
1 -0.4978 0.5503
1 -0.4972 0.5513
1 -0.4966 0.5522
1 -0.4961 0.5530
1 -0.4954 0.5538
1 -0.4947 0.5546
1 -0.4940 0.5554
112 1250 121
0 0.0529 0.7841
1 0.0546 0.7838
1 0.0562 0.7836
1 0.0580 0.7835
1 0.0597 0.7835
1 0.0614 0.7837
1 0.0631 0.7839
1 0.0648 0.7842
1 0.0665 0.7847
1 0.0682 0.7852
1 0.0698 0.7858
1 0.0714 0.7866
1 0.0730 0.7874
1 0.0746 0.7883
1 0.0761 0.7894
1 0.0775 0.7904
1 0.0790 0.7916
1 0.0803 0.7929
1 0.0816 0.7942
1 0.0829 0.7956
1 0.0841 0.7971
1 0.0852 0.7986
1 0.0863 0.8002
1 0.0873 0.8019
1 0.0882 0.8036
1 0.0890 0.8054
1 0.0898 0.8072
1 0.0905 0.8090
1 0.0911 0.8109
1 0.0916 0.8128
1 0.0920 0.8147
1 0.0924 0.8167
1 0.0926 0.8186
1 0.0928 0.8206
1 0.0929 0.8226
1 0.0929 0.8246
1 0.0927 0.8265
1 0.0926 0.8284
1 0.0922 0.8303
1 0.0919 0.8322
1 0.0914 0.8341
1 0.0909 0.8359
1 0.0902 0.8377
1 0.0896 0.8394
1 0.0888 0.8411
1 0.0879 0.8427
1 0.0870 0.8443
1 0.0859 0.8458
1 0.0849 0.8473
1 0.0837 0.8486
1 0.0825 0.8499
1 0.0812 0.8511
1 0.0798 0.8522
1 0.0785 0.8533
1 0.0770 0.8542
1 0.0756 0.8551
1 0.0740 0.8559
1 0.0725 0.8566
1 0.0709 0.8572
1 0.0692 0.8577
1 0.0676 0.8580
1 0.0659 0.8583
1 0.0642 0.8585
1 0.0626 0.8586
1 0.0608 0.8586
1 0.0591 0.8584
1 0.0574 0.8582
1 0.0557 0.8578
1 0.0540 0.8574
1 0.0523 0.8569
1 0.0507 0.8562
1 0.0491 0.8555
1 0.0475 0.8546
1 0.0459 0.8538
1 0.0444 0.8527
1 0.0430 0.8517
1 0.0415 0.8505
1 0.0402 0.8492
1 0.0389 0.8479
1 0.0376 0.8465
1 0.0364 0.8450
1 0.0353 0.8434
1 0.0342 0.8418
1 0.0332 0.8402
1 0.0323 0.8385
1 0.0314 0.8367
1 0.0307 0.8349
1 0.0300 0.8330
1 0.0294 0.8312
1 0.0289 0.8293
1 0.0285 0.8274
1 0.0282 0.8254
1 0.0278 0.8234
1 0.0277 0.8215
1 0.0276 0.8195
1 0.0277 0.8176
1 0.0278 0.8156
1 0.0279 0.8137
1 0.0282 0.8118
1 0.0286 0.8098
1 0.0290 0.8080
1 0.0296 0.8062
1 0.0302 0.8044
1 0.0310 0.8026
1 0.0317 0.8010
1 0.0326 0.7994
1 0.0335 0.7978
1 0.0346 0.7962
1 0.0356 0.7948
1 0.0368 0.7934
1 0.0380 0.7922
1 0.0393 0.7910
1 0.0406 0.7898
1 0.0420 0.7888
1 0.0434 0.7878
1 0.0450 0.7870
1 0.0465 0.7862
1 0.0480 0.7855
1 0.0496 0.7850
1 0.0513 0.7845
1 0.0529 0.7841
112 1250 5
0 -0.2215 0.4361
1 -0.2215 0.4361
1 -0.2782 0.3306
1 -0.3002 0.3527
1 -0.2482 0.4361
112 1250 5
0 -0.1429 0.4361
1 -0.1429 0.4361
1 -0.1839 0.3124
1 -0.2213 0.3124
1 -0.1722 0.4361
112 1250 308
0 0.1566 0.3818
1 0.1570 0.3811
1 0.1572 0.3805
1 0.1574 0.3798
1 0.1575 0.3790
1 0.1576 0.3784
1 0.1576 0.3777
1 0.1576 0.3770
1 0.1576 0.3762
1 0.1574 0.3755
1 0.1573 0.3748
1 0.1571 0.3741
1 0.1569 0.3734
1 0.1566 0.3728
1 0.1562 0.3722
1 0.1558 0.3715
1 0.1554 0.3710
1 0.1550 0.3704
1 0.1545 0.3698
1 0.1539 0.3694
1 0.1534 0.3690
1 0.1528 0.3686
1 0.1522 0.3682
1 0.1515 0.3678
1 0.1515 0.3678
1 0.1314 0.3584
1 0.1314 0.3584
1 0.1308 0.3582
1 0.1301 0.3579
1 0.1294 0.3577
1 0.1287 0.3576
1 0.1280 0.3574
1 0.1273 0.3574
1 0.1266 0.3574
1 0.1258 0.3575
1 0.1251 0.3576
1 0.1244 0.3578
1 0.1238 0.3579
1 0.1230 0.3582
1 0.1224 0.3585
1 0.1218 0.3588
1 0.1211 0.3592
1 0.1206 0.3596
1 0.1200 0.3601
1 0.1194 0.3606
1 0.1190 0.3610
1 0.1186 0.3616
1 0.1181 0.3622
1 0.1178 0.3629
1 0.1174 0.3635
1 0.1174 0.3635
1 0.1167 0.3650
1 0.1280 0.3124
1 0.0907 0.3124
1 0.0722 0.4361
1 0.0831 0.4361
1 0.0608 0.4835
1 0.0518 0.5539
1 0.0486 0.5788
1 0.0399 0.5657
1 -0.0028 0.5006
1 -0.0173 0.3916
1 -0.0173 0.3916
1 -0.0174 0.3909
1 -0.0176 0.3902
1 -0.0178 0.3894
1 -0.0181 0.3888
1 -0.0184 0.3882
1 -0.0188 0.3875
1 -0.0192 0.3869
1 -0.0196 0.3863
1 -0.0201 0.3858
1 -0.0206 0.3852
1 -0.0212 0.3847
1 -0.0218 0.3843
1 -0.0224 0.3839
1 -0.0230 0.3836
1 -0.0237 0.3833
1 -0.0244 0.3830
1 -0.0251 0.3828
1 -0.0258 0.3826
1 -0.0266 0.3825
1 -0.0273 0.3825
1 -0.0280 0.3824
1 -0.0287 0.3825
1 -0.0294 0.3826
1 -0.0294 0.3826
1 -0.0466 0.3854
1 -0.0466 0.3854
1 -0.0473 0.3854
1 -0.0480 0.3857
1 -0.0487 0.3859
1 -0.0494 0.3862
1 -0.0500 0.3866
1 -0.0506 0.3869
1 -0.0513 0.3874
1 -0.0518 0.3878
1 -0.0524 0.3883
1 -0.0529 0.3889
1 -0.0534 0.3894
1 -0.0538 0.3900
1 -0.0542 0.3906
1 -0.0545 0.3914
1 -0.0548 0.3920
1 -0.0550 0.3927
1 -0.0552 0.3934
1 -0.0554 0.3942
1 -0.0554 0.3949
1 -0.0554 0.3956
1 -0.0554 0.3963
1 -0.0554 0.3971
1 -0.0554 0.3971
1 -0.0395 0.5226
1 0.0074 0.5982
1 0.0143 0.6094
1 0.0143 0.6864
1 0.0012 0.6646
1 0.0012 0.6646
1 0.0008 0.6639
1 0.0003 0.6633
1 -0.0002 0.6627
1 -0.0007 0.6622
1 -0.0013 0.6618
1 -0.0018 0.6613
1 -0.0025 0.6609
1 -0.0031 0.6606
1 -0.0031 0.6606
1 -0.0374 0.6431
1 -0.0723 0.6264
1 -0.0723 0.6264
1 -0.0730 0.6261
1 -0.0737 0.6258
1 -0.0744 0.6257
1 -0.0752 0.6255
1 -0.0759 0.6254
1 -0.0766 0.6254
1 -0.0774 0.6254
1 -0.0782 0.6255
1 -0.0789 0.6257
1 -0.0796 0.6258
1 -0.0803 0.6261
1 -0.0810 0.6264
1 -0.0817 0.6267
1 -0.0823 0.6271
1 -0.0830 0.6275
1 -0.0835 0.6280
1 -0.0841 0.6285
1 -0.0846 0.6290
1 -0.0851 0.6296
1 -0.0855 0.6302
1 -0.0859 0.6309
1 -0.0862 0.6315
1 -0.0866 0.6322
1 -0.0866 0.6322
1 -0.0911 0.6442
1 -0.0911 0.6442
1 -0.0914 0.6449
1 -0.0915 0.6456
1 -0.0917 0.6463
1 -0.0918 0.6470
1 -0.0918 0.6478
1 -0.0918 0.6485
1 -0.0917 0.6492
1 -0.0915 0.6499
1 -0.0914 0.6506
1 -0.0911 0.6514
1 -0.0908 0.6520
1 -0.0905 0.6526
1 -0.0901 0.6533
1 -0.0897 0.6538
1 -0.0892 0.6544
1 -0.0886 0.6550
1 -0.0881 0.6554
1 -0.0875 0.6559
1 -0.0870 0.6563
1 -0.0863 0.6566
1 -0.0863 0.6566
1 -0.0522 0.6730
1 -0.0179 0.6904
1 -0.0048 0.7182
1 0.0169 0.7647
1 0.0169 0.7647
1 0.0174 0.7654
1 0.0179 0.7660
1 0.0185 0.7666
1 0.0191 0.7672
1 0.0198 0.7677
1 0.0204 0.7682
1 0.0211 0.7686
1 0.0218 0.7690
1 0.0226 0.7694
1 0.0234 0.7697
1 0.0242 0.7699
1 0.0250 0.7701
1 0.0274 0.7708
1 0.0298 0.7714
1 0.0322 0.7719
1 0.0347 0.7725
1 0.0372 0.7729
1 0.0397 0.7734
1 0.0422 0.7737
1 0.0446 0.7740
1 0.0471 0.7742
1 0.0496 0.7745
1 0.0522 0.7746
1 0.0546 0.7747
1 0.0571 0.7748
1 0.0597 0.7748
1 0.0622 0.7747
1 0.0646 0.7746
1 0.0672 0.7745
1 0.0697 0.7742
1 0.0722 0.7740
1 0.0746 0.7737
1 0.0771 0.7733
1 0.0796 0.7729
1 0.0821 0.7725
1 0.0846 0.7719
1 0.0870 0.7714
1 0.0894 0.7707
1 0.0918 0.7701
1 0.0926 0.7699
1 0.0933 0.7697
1 0.0940 0.7694
1 0.0947 0.7691
1 0.0954 0.7688
1 0.0961 0.7684
1 0.0966 0.7680
1 0.0973 0.7675
1 0.0978 0.7670
1 0.0983 0.7664
1 0.0989 0.7658
1 0.0993 0.7652
1 0.0997 0.7646
1 0.1450 0.6851
1 0.1454 0.6846
1 0.1457 0.6839
1 0.1459 0.6833
1 0.1462 0.6826
1 0.1464 0.6819
1 0.1465 0.6813
1 0.1466 0.6806
1 0.1467 0.6799
1 0.1467 0.6002
1 0.1467 0.5918
1 0.1466 0.5910
1 0.1466 0.5903
1 0.1464 0.5896
1 0.1462 0.5889
1 0.1459 0.5882
1 0.1456 0.5874
1 0.1453 0.5867
1 0.1449 0.5861
1 0.1444 0.5855
1 0.1439 0.5849
1 0.1434 0.5843
1 0.1429 0.5838
1 0.1422 0.5834
1 0.1417 0.5830
1 0.1410 0.5826
1 0.1403 0.5822
1 0.1396 0.5819
1 0.1389 0.5817
1 0.1382 0.5815
1 0.1374 0.5814
1 0.1366 0.5813
1 0.1359 0.5813
1 0.1322 0.5813
1 0.1239 0.5813
1 0.1232 0.5813
1 0.1225 0.5814
1 0.1218 0.5815
1 0.1210 0.5817
1 0.1204 0.5818
1 0.1197 0.5822
1 0.1190 0.5825
1 0.1184 0.5828
1 0.1178 0.5832
1 0.1173 0.5836
1 0.1167 0.5841
1 0.1162 0.5846
1 0.1158 0.5852
1 0.1153 0.5858
1 0.1149 0.5863
1 0.1146 0.5870
1 0.1142 0.5876
1 0.1140 0.5883
1 0.1138 0.5890
1 0.1136 0.5897
1 0.1134 0.5904
1 0.1134 0.5911
1 0.1134 0.5918
1 0.1134 0.6002
1 0.1134 0.6661
1 0.1134 0.6668
1 0.1133 0.6674
1 0.1131 0.6682
1 0.1130 0.6688
1 0.1128 0.6694
1 0.1126 0.6701
1 0.1123 0.6707
1 0.1120 0.6713
1 0.1117 0.6719
1 0.0970 0.6945
1 0.0970 0.6065
1 0.1064 0.4993
1 0.1072 0.4896
1 0.1566 0.3818
112 1250 5
0 -0.0094 0.4361
1 0.0188 0.4361
1 0.0227 0.3124
1 -0.0133 0.3124
1 -0.0094 0.4361
112 1250 5
0 0.2309 0.4361
1 0.2576 0.4361
1 0.3096 0.3527
1 0.2876 0.3306
1 0.2309 0.4361
112 1250 5
0 0.1825 0.4361
1 0.2320 0.3124
1 0.1947 0.3124
1 0.1533 0.4361
1 0.1825 0.4361
112 1250 5
0 -0.0615 0.4361
1 -0.0615 0.4361
1 -0.0799 0.3124
1 -0.1173 0.3124
1 -0.0907 0.4361
