SEcl_PO-11
3306 7 1 1 0 0 0 0 0 0 1 1
1.000
112 1253 229
0 -0.0434 1.0626
1 -0.5223 0.5837
1 -0.5235 0.5824
1 -0.5246 0.5811
1 -0.5258 0.5798
1 -0.5269 0.5786
1 -0.5279 0.5772
1 -0.5290 0.5758
1 -0.5299 0.5744
1 -0.5309 0.5729
1 -0.5318 0.5714
1 -0.5326 0.5699
1 -0.5334 0.5684
1 -0.5342 0.5669
1 -0.5349 0.5654
1 -0.5356 0.5638
1 -0.5362 0.5622
1 -0.5368 0.5606
1 -0.5374 0.5589
1 -0.5378 0.5573
1 -0.5383 0.5556
1 -0.5387 0.5539
1 -0.5391 0.5522
1 -0.5394 0.5506
1 -0.5397 0.5489
1 -0.5399 0.5471
1 -0.5401 0.5454
1 -0.5402 0.5437
1 -0.5402 0.5420
1 -0.5402 0.5402
1 -0.5402 0.5386
1 -0.5402 0.5368
1 -0.5401 0.5351
1 -0.5399 0.5334
1 -0.5397 0.5317
1 -0.5394 0.5300
1 -0.5391 0.5283
1 -0.5387 0.5266
1 -0.5383 0.5250
1 -0.5378 0.5233
1 -0.5374 0.5216
1 -0.5368 0.5200
1 -0.5362 0.5184
1 -0.5356 0.5168
1 -0.5349 0.5152
1 -0.5342 0.5137
1 -0.5334 0.5121
1 -0.5326 0.5106
1 -0.5318 0.5091
1 -0.5309 0.5076
1 -0.5299 0.5062
1 -0.5290 0.5047
1 -0.5279 0.5034
1 -0.5269 0.5020
1 -0.5258 0.5006
1 -0.5246 0.4994
1 -0.5235 0.4981
1 -0.5223 0.4969
1 -0.0434 0.0180
1 -0.0422 0.0168
1 -0.0409 0.0156
1 -0.0396 0.0145
1 -0.0382 0.0134
1 -0.0369 0.0123
1 -0.0355 0.0113
1 -0.0341 0.0103
1 -0.0326 0.0094
1 -0.0312 0.0085
1 -0.0297 0.0077
1 -0.0282 0.0069
1 -0.0266 0.0061
1 -0.0250 0.0054
1 -0.0235 0.0046
1 -0.0219 0.0040
1 -0.0202 0.0034
1 -0.0186 0.0029
1 -0.0170 0.0024
1 -0.0154 0.0019
1 -0.0137 0.0015
1 -0.0120 0.0012
1 -0.0102 0.0009
1 -0.0086 0.0006
1 -0.0069 0.0004
1 -0.0051 0.0002
1 -0.0034 0.0001
1 -0.0018 0.0000
1 0.0000 0.0000
1 0.0018 0.0000
1 0.0034 0.0001
1 0.0051 0.0002
1 0.0069 0.0004
1 0.0086 0.0006
1 0.0102 0.0009
1 0.0120 0.0012
1 0.0137 0.0015
1 0.0154 0.0019
1 0.0170 0.0024
1 0.0186 0.0029
1 0.0202 0.0034
1 0.0219 0.0040
1 0.0235 0.0046
1 0.0250 0.0054
1 0.0266 0.0061
1 0.0282 0.0069
1 0.0297 0.0077
1 0.0312 0.0085
1 0.0326 0.0094
1 0.0341 0.0103
1 0.0355 0.0113
1 0.0369 0.0123
1 0.0382 0.0134
1 0.0396 0.0145
1 0.0409 0.0156
1 0.0422 0.0168
1 0.0434 0.0180
1 0.5223 0.4969
1 0.5235 0.4981
1 0.5246 0.4994
1 0.5258 0.5006
1 0.5269 0.5020
1 0.5279 0.5034
1 0.5290 0.5047
1 0.5299 0.5062
1 0.5309 0.5076
1 0.5318 0.5091
1 0.5326 0.5106
1 0.5334 0.5121
1 0.5342 0.5137
1 0.5349 0.5152
1 0.5356 0.5168
1 0.5362 0.5184
1 0.5368 0.5200
1 0.5374 0.5216
1 0.5378 0.5233
1 0.5383 0.5250
1 0.5387 0.5266
1 0.5391 0.5283
1 0.5394 0.5300
1 0.5397 0.5317
1 0.5399 0.5334
1 0.5401 0.5351
1 0.5402 0.5368
1 0.5402 0.5386
1 0.5402 0.5402
1 0.5402 0.5420
1 0.5402 0.5437
1 0.5401 0.5454
1 0.5399 0.5471
1 0.5397 0.5489
1 0.5394 0.5506
1 0.5391 0.5522
1 0.5387 0.5539
1 0.5383 0.5556
1 0.5378 0.5573
1 0.5374 0.5589
1 0.5368 0.5606
1 0.5362 0.5622
1 0.5356 0.5638
1 0.5349 0.5654
1 0.5342 0.5669
1 0.5334 0.5684
1 0.5326 0.5699
1 0.5318 0.5714
1 0.5309 0.5729
1 0.5299 0.5744
1 0.5290 0.5758
1 0.5279 0.5772
1 0.5269 0.5786
1 0.5258 0.5798
1 0.5246 0.5811
1 0.5235 0.5824
1 0.5223 0.5837
1 0.0434 1.0626
1 0.0422 1.0638
1 0.0409 1.0650
1 0.0396 1.0661
1 0.0382 1.0671
1 0.0369 1.0682
1 0.0355 1.0692
1 0.0341 1.0702
1 0.0326 1.0711
1 0.0312 1.0720
1 0.0297 1.0729
1 0.0282 1.0737
1 0.0266 1.0745
1 0.0250 1.0752
1 0.0235 1.0758
1 0.0219 1.0765
1 0.0202 1.0771
1 0.0186 1.0776
1 0.0170 1.0782
1 0.0154 1.0786
1 0.0137 1.0790
1 0.0120 1.0794
1 0.0102 1.0797
1 0.0086 1.0799
1 0.0069 1.0802
1 0.0051 1.0803
1 0.0034 1.0804
1 0.0018 1.0805
1 0.0000 1.0806
1 -0.0018 1.0805
1 -0.0034 1.0804
1 -0.0051 1.0803
1 -0.0069 1.0802
1 -0.0086 1.0799
1 -0.0102 1.0797
1 -0.0120 1.0794
1 -0.0137 1.0790
1 -0.0154 1.0786
1 -0.0170 1.0782
1 -0.0186 1.0776
1 -0.0202 1.0771
1 -0.0219 1.0765
1 -0.0235 1.0758
1 -0.0250 1.0752
1 -0.0266 1.0745
1 -0.0282 1.0737
1 -0.0297 1.0729
1 -0.0312 1.0720
1 -0.0326 1.0711
1 -0.0341 1.0702
1 -0.0355 1.0692
1 -0.0369 1.0682
1 -0.0382 1.0671
1 -0.0396 1.0661
1 -0.0409 1.0650
1 -0.0422 1.0638
1 -0.0434 1.0626
112 1250 197
0 -0.0340 1.0531
1 -0.5129 0.5742
1 -0.5139 0.5731
1 -0.5150 0.5719
1 -0.5160 0.5707
1 -0.5170 0.5695
1 -0.5179 0.5682
1 -0.5188 0.5670
1 -0.5197 0.5656
1 -0.5205 0.5643
1 -0.5213 0.5629
1 -0.5220 0.5615
1 -0.5226 0.5601
1 -0.5233 0.5586
1 -0.5238 0.5572
1 -0.5244 0.5557
1 -0.5249 0.5542
1 -0.5253 0.5527
1 -0.5257 0.5512
1 -0.5260 0.5496
1 -0.5263 0.5481
1 -0.5266 0.5466
1 -0.5267 0.5450
1 -0.5268 0.5434
1 -0.5269 0.5418
1 -0.5270 0.5402
1 -0.5269 0.5387
1 -0.5268 0.5371
1 -0.5267 0.5356
1 -0.5266 0.5340
1 -0.5263 0.5325
1 -0.5260 0.5309
1 -0.5257 0.5294
1 -0.5253 0.5278
1 -0.5249 0.5263
1 -0.5244 0.5248
1 -0.5238 0.5234
1 -0.5233 0.5219
1 -0.5226 0.5205
1 -0.5220 0.5190
1 -0.5213 0.5176
1 -0.5205 0.5162
1 -0.5197 0.5149
1 -0.5188 0.5136
1 -0.5179 0.5123
1 -0.5170 0.5110
1 -0.5160 0.5098
1 -0.5150 0.5086
1 -0.5139 0.5074
1 -0.5129 0.5063
1 -0.0340 0.0274
1 -0.0328 0.0263
1 -0.0317 0.0253
1 -0.0305 0.0242
1 -0.0293 0.0233
1 -0.0280 0.0223
1 -0.0267 0.0214
1 -0.0254 0.0206
1 -0.0240 0.0198
1 -0.0226 0.0190
1 -0.0213 0.0183
1 -0.0198 0.0176
1 -0.0184 0.0170
1 -0.0169 0.0164
1 -0.0154 0.0159
1 -0.0139 0.0154
1 -0.0124 0.0150
1 -0.0109 0.0146
1 -0.0094 0.0142
1 -0.0078 0.0140
1 -0.0062 0.0138
1 -0.0047 0.0136
1 -0.0031 0.0134
1 -0.0016 0.0134
1 0.0000 0.0134
1 0.0016 0.0134
1 0.0031 0.0134
1 0.0047 0.0136
1 0.0062 0.0138
1 0.0078 0.0140
1 0.0094 0.0142
1 0.0109 0.0146
1 0.0124 0.0150
1 0.0139 0.0154
1 0.0154 0.0159
1 0.0169 0.0164
1 0.0184 0.0170
1 0.0198 0.0176
1 0.0213 0.0183
1 0.0226 0.0190
1 0.0240 0.0198
1 0.0254 0.0206
1 0.0267 0.0214
1 0.0280 0.0223
1 0.0292 0.0233
1 0.0305 0.0242
1 0.0317 0.0253
1 0.0328 0.0263
1 0.0340 0.0274
1 0.5129 0.5063
1 0.5139 0.5074
1 0.5150 0.5086
1 0.5160 0.5098
1 0.5170 0.5110
1 0.5179 0.5123
1 0.5188 0.5136
1 0.5197 0.5149
1 0.5205 0.5162
1 0.5213 0.5176
1 0.5220 0.5190
1 0.5226 0.5205
1 0.5233 0.5219
1 0.5238 0.5234
1 0.5244 0.5248
1 0.5249 0.5263
1 0.5253 0.5278
1 0.5257 0.5294
1 0.5260 0.5309
1 0.5263 0.5325
1 0.5266 0.5340
1 0.5267 0.5356
1 0.5268 0.5371
1 0.5269 0.5387
1 0.5270 0.5402
1 0.5269 0.5418
1 0.5268 0.5434
1 0.5267 0.5450
1 0.5266 0.5466
1 0.5263 0.5481
1 0.5260 0.5496
1 0.5257 0.5512
1 0.5253 0.5527
1 0.5249 0.5542
1 0.5244 0.5557
1 0.5238 0.5572
1 0.5233 0.5586
1 0.5226 0.5601
1 0.5220 0.5615
1 0.5213 0.5629
1 0.5205 0.5643
1 0.5197 0.5656
1 0.5188 0.5670
1 0.5179 0.5682
1 0.5170 0.5695
1 0.5160 0.5707
1 0.5150 0.5719
1 0.5139 0.5731
1 0.5129 0.5742
1 0.0340 1.0531
1 0.0328 1.0542
1 0.0317 1.0553
1 0.0305 1.0563
1 0.0292 1.0573
1 0.0280 1.0582
1 0.0267 1.0591
1 0.0254 1.0599
1 0.0240 1.0608
1 0.0226 1.0615
1 0.0213 1.0622
1 0.0198 1.0630
1 0.0184 1.0635
1 0.0169 1.0642
1 0.0154 1.0646
1 0.0139 1.0651
1 0.0124 1.0656
1 0.0109 1.0659
1 0.0094 1.0662
1 0.0078 1.0666
1 0.0062 1.0668
1 0.0047 1.0670
1 0.0031 1.0671
1 0.0016 1.0672
1 0.0000 1.0672
1 -0.0016 1.0672
1 -0.0031 1.0671
1 -0.0047 1.0670
1 -0.0062 1.0668
1 -0.0078 1.0666
1 -0.0094 1.0662
1 -0.0109 1.0659
1 -0.0124 1.0656
1 -0.0139 1.0651
1 -0.0154 1.0646
1 -0.0169 1.0642
1 -0.0184 1.0635
1 -0.0198 1.0630
1 -0.0213 1.0622
1 -0.0226 1.0615
1 -0.0240 1.0608
1 -0.0254 1.0599
1 -0.0267 1.0591
1 -0.0280 1.0582
1 -0.0293 1.0573
1 -0.0305 1.0563
1 -0.0317 1.0553
1 -0.0328 1.0542
1 -0.0340 1.0531
112 1253 133
0 -0.4940 0.5554
1 -0.0151 1.0342
1 -0.0143 1.0350
1 -0.0135 1.0357
1 -0.0127 1.0363
1 -0.0118 1.0370
1 -0.0110 1.0375
1 -0.0101 1.0380
1 -0.0091 1.0385
1 -0.0082 1.0389
1 -0.0072 1.0393
1 -0.0062 1.0396
1 -0.0052 1.0399
1 -0.0042 1.0402
1 -0.0031 1.0403
1 -0.0021 1.0404
1 -0.0010 1.0405
1 0.0000 1.0406
1 0.0010 1.0405
1 0.0021 1.0404
1 0.0031 1.0403
1 0.0042 1.0402
1 0.0052 1.0399
1 0.0062 1.0396
1 0.0072 1.0393
1 0.0082 1.0389
1 0.0091 1.0385
1 0.0101 1.0380
1 0.0110 1.0375
1 0.0118 1.0370
1 0.0127 1.0363
1 0.0135 1.0357
1 0.0143 1.0350
1 0.0151 1.0342
1 0.4940 0.5554
1 0.4947 0.5546
1 0.4954 0.5538
1 0.4961 0.5530
1 0.4966 0.5522
1 0.4972 0.5513
1 0.4978 0.5503
1 0.4982 0.5494
1 0.4986 0.5485
1 0.4990 0.5474
1 0.4994 0.5465
1 0.4996 0.5454
1 0.4998 0.5444
1 0.5000 0.5434
1 0.5002 0.5424
1 0.5002 0.5413
1 0.5002 0.5402
1 0.5002 0.5392
1 0.5002 0.5382
1 0.5000 0.5371
1 0.4998 0.5361
1 0.4996 0.5350
1 0.4994 0.5341
1 0.4990 0.5330
1 0.4986 0.5321
1 0.4982 0.5311
1 0.4978 0.5302
1 0.4972 0.5293
1 0.4966 0.5284
1 0.4961 0.5275
1 0.4954 0.5267
1 0.4947 0.5259
1 0.4940 0.5251
1 0.0151 0.0462
1 0.0143 0.0455
1 0.0135 0.0449
1 0.0127 0.0442
1 0.0118 0.0436
1 0.0110 0.0430
1 0.0101 0.0426
1 0.0091 0.0421
1 0.0082 0.0416
1 0.0072 0.0413
1 0.0062 0.0409
1 0.0052 0.0406
1 0.0042 0.0404
1 0.0031 0.0402
1 0.0021 0.0401
1 0.0010 0.0400
1 0.0000 0.0400
1 -0.0010 0.0400
1 -0.0021 0.0401
1 -0.0031 0.0402
1 -0.0042 0.0404
1 -0.0052 0.0406
1 -0.0062 0.0409
1 -0.0072 0.0413
1 -0.0082 0.0416
1 -0.0091 0.0421
1 -0.0101 0.0426
1 -0.0110 0.0430
1 -0.0118 0.0436
1 -0.0127 0.0442
1 -0.0135 0.0449
1 -0.0143 0.0455
1 -0.0151 0.0462
1 -0.4940 0.5251
1 -0.4947 0.5259
1 -0.4954 0.5267
1 -0.4961 0.5275
1 -0.4966 0.5284
1 -0.4972 0.5293
1 -0.4978 0.5302
1 -0.4982 0.5311
1 -0.4986 0.5321
1 -0.4990 0.5330
1 -0.4994 0.5341
1 -0.4996 0.5350
1 -0.4998 0.5361
1 -0.5000 0.5371
1 -0.5002 0.5382
1 -0.5002 0.5392
1 -0.5002 0.5402
1 -0.5002 0.5413
1 -0.5002 0.5424
1 -0.5000 0.5434
1 -0.4998 0.5444
1 -0.4996 0.5454
1 -0.4994 0.5465
1 -0.4990 0.5474
1 -0.4986 0.5485
1 -0.4982 0.5494
1 -0.4978 0.5503
1 -0.4972 0.5513
1 -0.4966 0.5522
1 -0.4961 0.5530
1 -0.4954 0.5538
1 -0.4947 0.5546
1 -0.4940 0.5554
112 1250 5
0 0.1148 0.8438
1 -0.1092 0.8438
1 -0.1092 0.2335
1 0.1148 0.2335
1 0.1148 0.8438
112 1253 238
0 -0.0716 0.5387
1 -0.0716 0.5387
1 -0.0715 0.5367
1 -0.0714 0.5347
1 -0.0714 0.5328
1 -0.0711 0.5308
1 -0.0709 0.5288
1 -0.0706 0.5269
1 -0.0703 0.5249
1 -0.0699 0.5230
1 -0.0694 0.5210
1 -0.0690 0.5191
1 -0.0684 0.5172
1 -0.0678 0.5154
1 -0.0672 0.5134
1 -0.0665 0.5116
1 -0.0657 0.5098
1 -0.0650 0.5079
1 -0.0641 0.5062
1 -0.0632 0.5044
1 -0.0622 0.5026
1 -0.0613 0.5010
1 -0.0602 0.4992
1 -0.0592 0.4976
1 -0.0581 0.4959
1 -0.0569 0.4943
1 -0.0557 0.4927
1 -0.0545 0.4912
1 -0.0532 0.4897
1 -0.0518 0.4882
1 -0.0505 0.4868
1 -0.0490 0.4854
1 -0.0476 0.4840
1 -0.0462 0.4827
1 -0.0446 0.4814
1 -0.0431 0.4802
1 -0.0415 0.4790
1 -0.0399 0.4778
1 -0.0383 0.4767
1 -0.0366 0.4756
1 -0.0350 0.4746
1 -0.0332 0.4736
1 -0.0314 0.4726
1 -0.0297 0.4718
1 -0.0279 0.4710
1 -0.0261 0.4702
1 -0.0242 0.4694
1 -0.0224 0.4687
1 -0.0206 0.4681
1 -0.0186 0.4674
1 -0.0167 0.4669
1 -0.0148 0.4664
1 -0.0129 0.4660
1 -0.0110 0.4656
1 -0.0090 0.4653
1 -0.0070 0.4650
1 -0.0051 0.4647
1 -0.0031 0.4646
1 -0.0011 0.4644
1 0.0009 0.4643
1 0.0028 0.4643
1 0.0048 0.4643
1 0.0068 0.4644
1 0.0088 0.4646
1 0.0107 0.4647
1 0.0127 0.4650
1 0.0146 0.4653
1 0.0166 0.4656
1 0.0186 0.4660
1 0.0205 0.4664
1 0.0224 0.4669
1 0.0243 0.4674
1 0.0262 0.4681
1 0.0281 0.4687
1 0.0299 0.4694
1 0.0318 0.4702
1 0.0336 0.4710
1 0.0354 0.4718
1 0.0371 0.4726
1 0.0389 0.4736
1 0.0406 0.4746
1 0.0423 0.4756
1 0.0439 0.4767
1 0.0456 0.4778
1 0.0472 0.4790
1 0.0488 0.4802
1 0.0503 0.4814
1 0.0518 0.4827
1 0.0533 0.4840
1 0.0547 0.4854
1 0.0562 0.4868
1 0.0575 0.4882
1 0.0588 0.4897
1 0.0601 0.4912
1 0.0614 0.4927
1 0.0626 0.4943
1 0.0637 0.4959
1 0.0648 0.4976
1 0.0659 0.4992
1 0.0670 0.5010
1 0.0679 0.5026
1 0.0689 0.5044
1 0.0698 0.5062
1 0.0706 0.5079
1 0.0714 0.5098
1 0.0721 0.5116
1 0.0728 0.5134
1 0.0734 0.5154
1 0.0741 0.5172
1 0.0746 0.5191
1 0.0751 0.5210
1 0.0755 0.5230
1 0.0759 0.5249
1 0.0763 0.5269
1 0.0766 0.5288
1 0.0768 0.5308
1 0.0770 0.5328
1 0.0771 0.5347
1 0.0772 0.5367
1 0.0772 0.5387
1 0.0772 0.5406
1 0.0771 0.5426
1 0.0770 0.5446
1 0.0768 0.5466
1 0.0766 0.5486
1 0.0763 0.5506
1 0.0759 0.5525
1 0.0755 0.5544
1 0.0751 0.5563
1 0.0746 0.5582
1 0.0741 0.5602
1 0.0734 0.5621
1 0.0728 0.5639
1 0.0721 0.5658
1 0.0714 0.5676
1 0.0706 0.5694
1 0.0698 0.5712
1 0.0689 0.5730
1 0.0679 0.5747
1 0.0670 0.5765
1 0.0659 0.5782
1 0.0648 0.5798
1 0.0637 0.5814
1 0.0626 0.5830
1 0.0614 0.5846
1 0.0601 0.5862
1 0.0588 0.5877
1 0.0575 0.5892
1 0.0562 0.5906
1 0.0547 0.5920
1 0.0533 0.5934
1 0.0518 0.5947
1 0.0503 0.5960
1 0.0488 0.5972
1 0.0472 0.5984
1 0.0456 0.5996
1 0.0439 0.6007
1 0.0423 0.6018
1 0.0406 0.6028
1 0.0389 0.6038
1 0.0371 0.6047
1 0.0354 0.6056
1 0.0336 0.6065
1 0.0318 0.6073
1 0.0299 0.6080
1 0.0281 0.6087
1 0.0262 0.6094
1 0.0243 0.6099
1 0.0224 0.6105
1 0.0205 0.6110
1 0.0186 0.6114
1 0.0166 0.6118
1 0.0146 0.6122
1 0.0127 0.6124
1 0.0107 0.6126
1 0.0088 0.6129
1 0.0068 0.6130
1 0.0048 0.6130
1 0.0028 0.6131
1 0.0009 0.6130
1 -0.0011 0.6130
1 -0.0031 0.6129
1 -0.0051 0.6126
1 -0.0070 0.6124
1 -0.0090 0.6122
1 -0.0110 0.6118
1 -0.0129 0.6114
1 -0.0148 0.6110
1 -0.0167 0.6105
1 -0.0186 0.6099
1 -0.0206 0.6094
1 -0.0224 0.6087
1 -0.0242 0.6080
1 -0.0261 0.6073
1 -0.0279 0.6065
1 -0.0297 0.6056
1 -0.0314 0.6047
1 -0.0332 0.6038
1 -0.0350 0.6028
1 -0.0366 0.6018
1 -0.0383 0.6007
1 -0.0399 0.5996
1 -0.0415 0.5984
1 -0.0431 0.5972
1 -0.0446 0.5960
1 -0.0462 0.5947
1 -0.0476 0.5934
1 -0.0490 0.5920
1 -0.0505 0.5906
1 -0.0518 0.5892
1 -0.0532 0.5877
1 -0.0545 0.5862
1 -0.0557 0.5846
1 -0.0569 0.5830
1 -0.0581 0.5814
1 -0.0592 0.5798
1 -0.0602 0.5782
1 -0.0613 0.5765
1 -0.0622 0.5747
1 -0.0632 0.5730
1 -0.0641 0.5712
1 -0.0650 0.5694
1 -0.0657 0.5676
1 -0.0665 0.5658
1 -0.0672 0.5639
1 -0.0678 0.5621
1 -0.0684 0.5602
1 -0.0690 0.5582
1 -0.0694 0.5563
1 -0.0699 0.5544
1 -0.0703 0.5525
1 -0.0706 0.5506
1 -0.0709 0.5486
1 -0.0711 0.5466
1 -0.0714 0.5446
1 -0.0714 0.5426
1 -0.0715 0.5406
1 -0.0716 0.5387
112 1462 237
0 0.0772 0.7318
1 0.0772 0.7338
1 0.0771 0.7358
1 0.0770 0.7378
1 0.0768 0.7398
1 0.0766 0.7417
1 0.0763 0.7437
1 0.0759 0.7456
1 0.0755 0.7476
1 0.0751 0.7495
1 0.0746 0.7514
1 0.0741 0.7533
1 0.0734 0.7552
1 0.0728 0.7570
1 0.0721 0.7590
1 0.0714 0.7608
1 0.0706 0.7626
1 0.0698 0.7644
1 0.0689 0.7662
1 0.0679 0.7679
1 0.0670 0.7696
1 0.0659 0.7713
1 0.0648 0.7730
1 0.0637 0.7746
1 0.0626 0.7762
1 0.0614 0.7778
1 0.0601 0.7794
1 0.0588 0.7808
1 0.0575 0.7823
1 0.0562 0.7838
1 0.0547 0.7851
1 0.0533 0.7865
1 0.0518 0.7878
1 0.0503 0.7891
1 0.0488 0.7903
1 0.0472 0.7916
1 0.0456 0.7927
1 0.0439 0.7938
1 0.0423 0.7949
1 0.0406 0.7959
1 0.0389 0.7970
1 0.0371 0.7978
1 0.0354 0.7987
1 0.0336 0.7996
1 0.0318 0.8004
1 0.0299 0.8011
1 0.0281 0.8018
1 0.0262 0.8025
1 0.0243 0.8030
1 0.0224 0.8036
1 0.0205 0.8041
1 0.0186 0.8046
1 0.0166 0.8050
1 0.0146 0.8053
1 0.0127 0.8056
1 0.0107 0.8058
1 0.0088 0.8060
1 0.0068 0.8062
1 0.0048 0.8062
1 0.0028 0.8062
1 0.0009 0.8062
1 -0.0011 0.8062
1 -0.0031 0.8060
1 -0.0051 0.8058
1 -0.0070 0.8056
1 -0.0090 0.8053
1 -0.0110 0.8050
1 -0.0129 0.8046
1 -0.0148 0.8041
1 -0.0167 0.8036
1 -0.0186 0.8030
1 -0.0206 0.8025
1 -0.0224 0.8018
1 -0.0242 0.8011
1 -0.0261 0.8004
1 -0.0279 0.7996
1 -0.0297 0.7987
1 -0.0314 0.7978
1 -0.0332 0.7970
1 -0.0350 0.7959
1 -0.0366 0.7949
1 -0.0383 0.7938
1 -0.0399 0.7927
1 -0.0415 0.7916
1 -0.0431 0.7903
1 -0.0446 0.7891
1 -0.0462 0.7878
1 -0.0476 0.7865
1 -0.0490 0.7851
1 -0.0505 0.7838
1 -0.0518 0.7823
1 -0.0532 0.7808
1 -0.0545 0.7794
1 -0.0557 0.7778
1 -0.0569 0.7762
1 -0.0581 0.7746
1 -0.0592 0.7730
1 -0.0602 0.7713
1 -0.0613 0.7696
1 -0.0622 0.7679
1 -0.0632 0.7662
1 -0.0641 0.7644
1 -0.0650 0.7626
1 -0.0657 0.7608
1 -0.0665 0.7590
1 -0.0672 0.7570
1 -0.0678 0.7552
1 -0.0684 0.7533
1 -0.0690 0.7514
1 -0.0694 0.7495
1 -0.0699 0.7476
1 -0.0703 0.7456
1 -0.0706 0.7437
1 -0.0709 0.7417
1 -0.0711 0.7398
1 -0.0714 0.7378
1 -0.0714 0.7358
1 -0.0715 0.7338
1 -0.0716 0.7318
1 -0.0715 0.7298
1 -0.0714 0.7278
1 -0.0714 0.7259
1 -0.0711 0.7239
1 -0.0709 0.7220
1 -0.0706 0.7200
1 -0.0703 0.7181
1 -0.0699 0.7161
1 -0.0694 0.7142
1 -0.0690 0.7122
1 -0.0684 0.7104
1 -0.0678 0.7085
1 -0.0672 0.7066
1 -0.0665 0.7047
1 -0.0657 0.7029
1 -0.0650 0.7011
1 -0.0641 0.6993
1 -0.0632 0.6975
1 -0.0622 0.6958
1 -0.0613 0.6941
1 -0.0602 0.6924
1 -0.0592 0.6907
1 -0.0581 0.6890
1 -0.0569 0.6874
1 -0.0557 0.6859
1 -0.0545 0.6843
1 -0.0532 0.6829
1 -0.0518 0.6814
1 -0.0505 0.6799
1 -0.0490 0.6786
1 -0.0476 0.6772
1 -0.0462 0.6758
1 -0.0446 0.6746
1 -0.0431 0.6733
1 -0.0415 0.6721
1 -0.0399 0.6710
1 -0.0383 0.6698
1 -0.0366 0.6688
1 -0.0350 0.6678
1 -0.0332 0.6667
1 -0.0314 0.6658
1 -0.0297 0.6650
1 -0.0279 0.6641
1 -0.0261 0.6633
1 -0.0242 0.6626
1 -0.0224 0.6618
1 -0.0206 0.6612
1 -0.0186 0.6606
1 -0.0167 0.6601
1 -0.0148 0.6596
1 -0.0129 0.6591
1 -0.0110 0.6587
1 -0.0090 0.6584
1 -0.0070 0.6581
1 -0.0051 0.6578
1 -0.0031 0.6577
1 -0.0011 0.6575
1 0.0009 0.6574
1 0.0028 0.6574
1 0.0048 0.6574
1 0.0068 0.6575
1 0.0088 0.6577
1 0.0107 0.6578
1 0.0127 0.6581
1 0.0146 0.6584
1 0.0166 0.6587
1 0.0186 0.6591
1 0.0205 0.6596
1 0.0224 0.6601
1 0.0243 0.6606
1 0.0262 0.6612
1 0.0281 0.6618
1 0.0299 0.6626
1 0.0318 0.6633
1 0.0336 0.6641
1 0.0354 0.6650
1 0.0371 0.6658
1 0.0389 0.6667
1 0.0406 0.6678
1 0.0423 0.6688
1 0.0439 0.6698
1 0.0456 0.6710
1 0.0472 0.6721
1 0.0488 0.6733
1 0.0503 0.6746
1 0.0518 0.6758
1 0.0533 0.6772
1 0.0547 0.6786
1 0.0562 0.6799
1 0.0575 0.6814
1 0.0588 0.6829
1 0.0601 0.6843
1 0.0614 0.6859
1 0.0626 0.6874
1 0.0637 0.6890
1 0.0648 0.6907
1 0.0659 0.6924
1 0.0670 0.6941
1 0.0679 0.6958
1 0.0689 0.6975
1 0.0698 0.6993
1 0.0706 0.7011
1 0.0714 0.7029
1 0.0721 0.7047
1 0.0728 0.7066
1 0.0734 0.7085
1 0.0741 0.7104
1 0.0746 0.7122
1 0.0751 0.7142
1 0.0755 0.7161
1 0.0759 0.7181
1 0.0763 0.7200
1 0.0766 0.7220
1 0.0768 0.7239
1 0.0770 0.7259
1 0.0771 0.7278
1 0.0772 0.7298
1 0.0772 0.7318
112 1464 237
0 0.0772 0.3455
1 0.0772 0.3475
1 0.0771 0.3495
1 0.0770 0.3515
1 0.0768 0.3534
1 0.0766 0.3554
1 0.0763 0.3574
1 0.0759 0.3594
1 0.0755 0.3613
1 0.0751 0.3632
1 0.0746 0.3651
1 0.0741 0.3670
1 0.0734 0.3690
1 0.0728 0.3708
1 0.0721 0.3726
1 0.0714 0.3745
1 0.0706 0.3763
1 0.0698 0.3781
1 0.0689 0.3798
1 0.0679 0.3816
1 0.0670 0.3834
1 0.0659 0.3850
1 0.0648 0.3867
1 0.0637 0.3883
1 0.0626 0.3899
1 0.0614 0.3915
1 0.0601 0.3930
1 0.0588 0.3946
1 0.0575 0.3960
1 0.0562 0.3974
1 0.0547 0.3989
1 0.0533 0.4002
1 0.0518 0.4015
1 0.0503 0.4028
1 0.0488 0.4041
1 0.0472 0.4053
1 0.0456 0.4064
1 0.0439 0.4075
1 0.0423 0.4086
1 0.0406 0.4097
1 0.0389 0.4106
1 0.0371 0.4116
1 0.0354 0.4125
1 0.0336 0.4133
1 0.0318 0.4141
1 0.0299 0.4149
1 0.0281 0.4155
1 0.0262 0.4162
1 0.0243 0.4168
1 0.0224 0.4174
1 0.0205 0.4178
1 0.0186 0.4182
1 0.0166 0.4186
1 0.0146 0.4190
1 0.0127 0.4193
1 0.0107 0.4195
1 0.0088 0.4197
1 0.0068 0.4198
1 0.0048 0.4199
1 0.0028 0.4199
1 0.0009 0.4199
1 -0.0011 0.4198
1 -0.0031 0.4197
1 -0.0051 0.4195
1 -0.0070 0.4193
1 -0.0090 0.4190
1 -0.0110 0.4186
1 -0.0129 0.4182
1 -0.0148 0.4178
1 -0.0167 0.4174
1 -0.0186 0.4168
1 -0.0206 0.4162
1 -0.0224 0.4155
1 -0.0242 0.4149
1 -0.0261 0.4141
1 -0.0279 0.4133
1 -0.0297 0.4125
1 -0.0314 0.4116
1 -0.0332 0.4106
1 -0.0350 0.4097
1 -0.0366 0.4086
1 -0.0383 0.4075
1 -0.0399 0.4064
1 -0.0415 0.4053
1 -0.0431 0.4041
1 -0.0446 0.4028
1 -0.0462 0.4015
1 -0.0476 0.4002
1 -0.0490 0.3989
1 -0.0505 0.3974
1 -0.0518 0.3960
1 -0.0532 0.3946
1 -0.0545 0.3930
1 -0.0557 0.3915
1 -0.0569 0.3899
1 -0.0581 0.3883
1 -0.0592 0.3867
1 -0.0602 0.3850
1 -0.0613 0.3834
1 -0.0622 0.3816
1 -0.0632 0.3798
1 -0.0641 0.3781
1 -0.0650 0.3763
1 -0.0657 0.3745
1 -0.0665 0.3726
1 -0.0672 0.3708
1 -0.0678 0.3690
1 -0.0684 0.3670
1 -0.0690 0.3651
1 -0.0694 0.3632
1 -0.0699 0.3613
1 -0.0703 0.3594
1 -0.0706 0.3574
1 -0.0709 0.3554
1 -0.0711 0.3534
1 -0.0714 0.3515
1 -0.0714 0.3495
1 -0.0715 0.3475
1 -0.0716 0.3455
1 -0.0715 0.3436
1 -0.0714 0.3416
1 -0.0714 0.3396
1 -0.0711 0.3377
1 -0.0709 0.3357
1 -0.0706 0.3337
1 -0.0703 0.3318
1 -0.0699 0.3298
1 -0.0694 0.3279
1 -0.0690 0.3260
1 -0.0684 0.3241
1 -0.0678 0.3222
1 -0.0672 0.3203
1 -0.0665 0.3185
1 -0.0657 0.3166
1 -0.0650 0.3148
1 -0.0641 0.3130
1 -0.0632 0.3113
1 -0.0622 0.3095
1 -0.0613 0.3078
1 -0.0602 0.3061
1 -0.0592 0.3044
1 -0.0581 0.3028
1 -0.0569 0.3012
1 -0.0557 0.2996
1 -0.0545 0.2981
1 -0.0532 0.2966
1 -0.0518 0.2951
1 -0.0505 0.2937
1 -0.0490 0.2922
1 -0.0476 0.2909
1 -0.0462 0.2896
1 -0.0446 0.2882
1 -0.0431 0.2870
1 -0.0415 0.2858
1 -0.0399 0.2846
1 -0.0383 0.2835
1 -0.0366 0.2825
1 -0.0350 0.2814
1 -0.0332 0.2805
1 -0.0314 0.2795
1 -0.0297 0.2786
1 -0.0279 0.2778
1 -0.0261 0.2770
1 -0.0242 0.2762
1 -0.0224 0.2756
1 -0.0206 0.2749
1 -0.0186 0.2743
1 -0.0167 0.2738
1 -0.0148 0.2733
1 -0.0129 0.2728
1 -0.0110 0.2725
1 -0.0090 0.2721
1 -0.0070 0.2718
1 -0.0051 0.2716
1 -0.0031 0.2714
1 -0.0011 0.2713
1 0.0009 0.2712
1 0.0028 0.2711
1 0.0048 0.2712
1 0.0068 0.2713
1 0.0088 0.2714
1 0.0107 0.2716
1 0.0127 0.2718
1 0.0146 0.2721
1 0.0166 0.2725
1 0.0186 0.2728
1 0.0205 0.2733
1 0.0224 0.2738
1 0.0243 0.2743
1 0.0262 0.2749
1 0.0281 0.2756
1 0.0299 0.2762
1 0.0318 0.2770
1 0.0336 0.2778
1 0.0354 0.2786
1 0.0371 0.2795
1 0.0389 0.2805
1 0.0406 0.2814
1 0.0423 0.2825
1 0.0439 0.2835
1 0.0456 0.2846
1 0.0472 0.2858
1 0.0488 0.2870
1 0.0503 0.2882
1 0.0518 0.2896
1 0.0533 0.2909
1 0.0547 0.2922
1 0.0562 0.2937
1 0.0575 0.2951
1 0.0588 0.2966
1 0.0601 0.2981
1 0.0614 0.2996
1 0.0626 0.3012
1 0.0637 0.3028
1 0.0648 0.3044
1 0.0659 0.3061
1 0.0670 0.3078
1 0.0679 0.3095
1 0.0689 0.3113
1 0.0698 0.3130
1 0.0706 0.3148
1 0.0714 0.3166
1 0.0721 0.3185
1 0.0728 0.3203
1 0.0734 0.3222
1 0.0741 0.3241
1 0.0746 0.3260
1 0.0751 0.3279
1 0.0755 0.3298
1 0.0759 0.3318
1 0.0763 0.3337
1 0.0766 0.3357
1 0.0768 0.3377
1 0.0770 0.3396
1 0.0771 0.3416
1 0.0772 0.3436
1 0.0772 0.3455
