SEcl_PO-13
3308 13 1 1 0 0 0 0 0 0 1 1
1.000
112 1253 229
0 -0.0434 1.0626
1 -0.5223 0.5837
1 -0.5235 0.5824
1 -0.5246 0.5811
1 -0.5258 0.5798
1 -0.5269 0.5786
1 -0.5279 0.5772
1 -0.5290 0.5758
1 -0.5299 0.5744
1 -0.5309 0.5729
1 -0.5318 0.5714
1 -0.5326 0.5699
1 -0.5334 0.5684
1 -0.5342 0.5669
1 -0.5349 0.5654
1 -0.5356 0.5638
1 -0.5362 0.5622
1 -0.5368 0.5606
1 -0.5374 0.5589
1 -0.5378 0.5573
1 -0.5383 0.5556
1 -0.5387 0.5539
1 -0.5391 0.5522
1 -0.5394 0.5506
1 -0.5397 0.5489
1 -0.5399 0.5471
1 -0.5401 0.5454
1 -0.5402 0.5437
1 -0.5402 0.5420
1 -0.5402 0.5402
1 -0.5402 0.5386
1 -0.5402 0.5368
1 -0.5401 0.5351
1 -0.5399 0.5334
1 -0.5397 0.5317
1 -0.5394 0.5300
1 -0.5391 0.5283
1 -0.5387 0.5266
1 -0.5383 0.5250
1 -0.5378 0.5233
1 -0.5374 0.5216
1 -0.5368 0.5200
1 -0.5362 0.5184
1 -0.5356 0.5168
1 -0.5349 0.5152
1 -0.5342 0.5137
1 -0.5334 0.5121
1 -0.5326 0.5106
1 -0.5318 0.5091
1 -0.5309 0.5076
1 -0.5299 0.5062
1 -0.5290 0.5047
1 -0.5279 0.5034
1 -0.5269 0.5020
1 -0.5258 0.5006
1 -0.5246 0.4994
1 -0.5235 0.4981
1 -0.5223 0.4969
1 -0.0434 0.0180
1 -0.0422 0.0168
1 -0.0409 0.0156
1 -0.0396 0.0145
1 -0.0382 0.0134
1 -0.0369 0.0123
1 -0.0355 0.0113
1 -0.0341 0.0103
1 -0.0326 0.0094
1 -0.0312 0.0085
1 -0.0297 0.0077
1 -0.0282 0.0069
1 -0.0266 0.0061
1 -0.0250 0.0054
1 -0.0235 0.0046
1 -0.0219 0.0040
1 -0.0202 0.0034
1 -0.0186 0.0029
1 -0.0170 0.0024
1 -0.0154 0.0019
1 -0.0137 0.0015
1 -0.0120 0.0012
1 -0.0102 0.0009
1 -0.0086 0.0006
1 -0.0069 0.0004
1 -0.0051 0.0002
1 -0.0034 0.0001
1 -0.0018 0.0000
1 0.0000 0.0000
1 0.0018 0.0000
1 0.0034 0.0001
1 0.0051 0.0002
1 0.0069 0.0004
1 0.0086 0.0006
1 0.0102 0.0009
1 0.0120 0.0012
1 0.0137 0.0015
1 0.0154 0.0019
1 0.0170 0.0024
1 0.0186 0.0029
1 0.0202 0.0034
1 0.0219 0.0040
1 0.0235 0.0046
1 0.0250 0.0054
1 0.0266 0.0061
1 0.0282 0.0069
1 0.0297 0.0077
1 0.0312 0.0085
1 0.0326 0.0094
1 0.0341 0.0103
1 0.0355 0.0113
1 0.0369 0.0123
1 0.0382 0.0134
1 0.0396 0.0145
1 0.0409 0.0156
1 0.0422 0.0168
1 0.0434 0.0180
1 0.5223 0.4969
1 0.5235 0.4981
1 0.5246 0.4994
1 0.5258 0.5006
1 0.5269 0.5020
1 0.5279 0.5034
1 0.5290 0.5047
1 0.5299 0.5062
1 0.5309 0.5076
1 0.5318 0.5091
1 0.5326 0.5106
1 0.5334 0.5121
1 0.5342 0.5137
1 0.5349 0.5152
1 0.5356 0.5168
1 0.5362 0.5184
1 0.5368 0.5200
1 0.5374 0.5216
1 0.5378 0.5233
1 0.5383 0.5250
1 0.5387 0.5266
1 0.5391 0.5283
1 0.5394 0.5300
1 0.5397 0.5317
1 0.5399 0.5334
1 0.5401 0.5351
1 0.5402 0.5368
1 0.5402 0.5386
1 0.5402 0.5402
1 0.5402 0.5420
1 0.5402 0.5437
1 0.5401 0.5454
1 0.5399 0.5471
1 0.5397 0.5489
1 0.5394 0.5506
1 0.5391 0.5522
1 0.5387 0.5539
1 0.5383 0.5556
1 0.5378 0.5573
1 0.5374 0.5589
1 0.5368 0.5606
1 0.5362 0.5622
1 0.5356 0.5638
1 0.5349 0.5654
1 0.5342 0.5669
1 0.5334 0.5684
1 0.5326 0.5699
1 0.5318 0.5714
1 0.5309 0.5729
1 0.5299 0.5744
1 0.5290 0.5758
1 0.5279 0.5772
1 0.5269 0.5786
1 0.5258 0.5798
1 0.5246 0.5811
1 0.5235 0.5824
1 0.5223 0.5837
1 0.0434 1.0626
1 0.0422 1.0638
1 0.0409 1.0650
1 0.0396 1.0661
1 0.0382 1.0671
1 0.0369 1.0682
1 0.0355 1.0692
1 0.0341 1.0702
1 0.0326 1.0711
1 0.0312 1.0720
1 0.0297 1.0729
1 0.0282 1.0737
1 0.0266 1.0745
1 0.0250 1.0752
1 0.0235 1.0758
1 0.0219 1.0765
1 0.0202 1.0771
1 0.0186 1.0776
1 0.0170 1.0782
1 0.0154 1.0786
1 0.0137 1.0790
1 0.0120 1.0794
1 0.0102 1.0797
1 0.0086 1.0799
1 0.0069 1.0802
1 0.0051 1.0803
1 0.0034 1.0804
1 0.0018 1.0805
1 0.0000 1.0806
1 -0.0018 1.0805
1 -0.0034 1.0804
1 -0.0051 1.0803
1 -0.0069 1.0802
1 -0.0086 1.0799
1 -0.0102 1.0797
1 -0.0120 1.0794
1 -0.0137 1.0790
1 -0.0154 1.0786
1 -0.0170 1.0782
1 -0.0186 1.0776
1 -0.0202 1.0771
1 -0.0219 1.0765
1 -0.0235 1.0758
1 -0.0250 1.0752
1 -0.0266 1.0745
1 -0.0282 1.0737
1 -0.0297 1.0729
1 -0.0312 1.0720
1 -0.0326 1.0711
1 -0.0341 1.0702
1 -0.0355 1.0692
1 -0.0369 1.0682
1 -0.0382 1.0671
1 -0.0396 1.0661
1 -0.0409 1.0650
1 -0.0422 1.0638
1 -0.0434 1.0626
112 1250 197
0 -0.0340 1.0531
1 -0.5129 0.5742
1 -0.5139 0.5731
1 -0.5150 0.5719
1 -0.5160 0.5707
1 -0.5170 0.5695
1 -0.5179 0.5682
1 -0.5188 0.5670
1 -0.5197 0.5656
1 -0.5205 0.5643
1 -0.5213 0.5629
1 -0.5220 0.5615
1 -0.5226 0.5601
1 -0.5233 0.5586
1 -0.5238 0.5572
1 -0.5244 0.5557
1 -0.5249 0.5542
1 -0.5253 0.5527
1 -0.5257 0.5512
1 -0.5260 0.5496
1 -0.5263 0.5481
1 -0.5266 0.5466
1 -0.5267 0.5450
1 -0.5268 0.5434
1 -0.5269 0.5418
1 -0.5270 0.5402
1 -0.5269 0.5387
1 -0.5268 0.5371
1 -0.5267 0.5356
1 -0.5266 0.5340
1 -0.5263 0.5325
1 -0.5260 0.5309
1 -0.5257 0.5294
1 -0.5253 0.5278
1 -0.5249 0.5263
1 -0.5244 0.5248
1 -0.5238 0.5234
1 -0.5233 0.5219
1 -0.5226 0.5205
1 -0.5220 0.5190
1 -0.5213 0.5176
1 -0.5205 0.5162
1 -0.5197 0.5149
1 -0.5188 0.5136
1 -0.5179 0.5123
1 -0.5170 0.5110
1 -0.5160 0.5098
1 -0.5150 0.5086
1 -0.5139 0.5074
1 -0.5129 0.5063
1 -0.0340 0.0274
1 -0.0328 0.0263
1 -0.0317 0.0253
1 -0.0305 0.0242
1 -0.0293 0.0233
1 -0.0280 0.0223
1 -0.0267 0.0214
1 -0.0254 0.0206
1 -0.0240 0.0198
1 -0.0226 0.0190
1 -0.0213 0.0183
1 -0.0198 0.0176
1 -0.0184 0.0170
1 -0.0169 0.0164
1 -0.0154 0.0159
1 -0.0139 0.0154
1 -0.0124 0.0150
1 -0.0109 0.0146
1 -0.0094 0.0142
1 -0.0078 0.0140
1 -0.0062 0.0138
1 -0.0047 0.0136
1 -0.0031 0.0134
1 -0.0016 0.0134
1 0.0000 0.0134
1 0.0016 0.0134
1 0.0031 0.0134
1 0.0047 0.0136
1 0.0062 0.0138
1 0.0078 0.0140
1 0.0094 0.0142
1 0.0109 0.0146
1 0.0124 0.0150
1 0.0139 0.0154
1 0.0154 0.0159
1 0.0169 0.0164
1 0.0184 0.0170
1 0.0198 0.0176
1 0.0213 0.0183
1 0.0226 0.0190
1 0.0240 0.0198
1 0.0254 0.0206
1 0.0267 0.0214
1 0.0280 0.0223
1 0.0292 0.0233
1 0.0305 0.0242
1 0.0317 0.0253
1 0.0328 0.0263
1 0.0340 0.0274
1 0.5129 0.5063
1 0.5139 0.5074
1 0.5150 0.5086
1 0.5160 0.5098
1 0.5170 0.5110
1 0.5179 0.5123
1 0.5188 0.5136
1 0.5197 0.5149
1 0.5205 0.5162
1 0.5213 0.5176
1 0.5220 0.5190
1 0.5226 0.5205
1 0.5233 0.5219
1 0.5238 0.5234
1 0.5244 0.5248
1 0.5249 0.5263
1 0.5253 0.5278
1 0.5257 0.5294
1 0.5260 0.5309
1 0.5263 0.5325
1 0.5266 0.5340
1 0.5267 0.5356
1 0.5268 0.5371
1 0.5269 0.5387
1 0.5270 0.5402
1 0.5269 0.5418
1 0.5268 0.5434
1 0.5267 0.5450
1 0.5266 0.5466
1 0.5263 0.5481
1 0.5260 0.5496
1 0.5257 0.5512
1 0.5253 0.5527
1 0.5249 0.5542
1 0.5244 0.5557
1 0.5238 0.5572
1 0.5233 0.5586
1 0.5226 0.5601
1 0.5220 0.5615
1 0.5213 0.5629
1 0.5205 0.5643
1 0.5197 0.5656
1 0.5188 0.5670
1 0.5179 0.5682
1 0.5170 0.5695
1 0.5160 0.5707
1 0.5150 0.5719
1 0.5139 0.5731
1 0.5129 0.5742
1 0.0340 1.0531
1 0.0328 1.0542
1 0.0317 1.0553
1 0.0305 1.0563
1 0.0292 1.0573
1 0.0280 1.0582
1 0.0267 1.0591
1 0.0254 1.0599
1 0.0240 1.0608
1 0.0226 1.0615
1 0.0213 1.0622
1 0.0198 1.0630
1 0.0184 1.0635
1 0.0169 1.0642
1 0.0154 1.0646
1 0.0139 1.0651
1 0.0124 1.0656
1 0.0109 1.0659
1 0.0094 1.0662
1 0.0078 1.0666
1 0.0062 1.0668
1 0.0047 1.0670
1 0.0031 1.0671
1 0.0016 1.0672
1 0.0000 1.0672
1 -0.0016 1.0672
1 -0.0031 1.0671
1 -0.0047 1.0670
1 -0.0062 1.0668
1 -0.0078 1.0666
1 -0.0094 1.0662
1 -0.0109 1.0659
1 -0.0124 1.0656
1 -0.0139 1.0651
1 -0.0154 1.0646
1 -0.0169 1.0642
1 -0.0184 1.0635
1 -0.0198 1.0630
1 -0.0213 1.0622
1 -0.0226 1.0615
1 -0.0240 1.0608
1 -0.0254 1.0599
1 -0.0267 1.0591
1 -0.0280 1.0582
1 -0.0293 1.0573
1 -0.0305 1.0563
1 -0.0317 1.0553
1 -0.0328 1.0542
1 -0.0340 1.0531
112 1253 133
0 -0.4940 0.5554
1 -0.0151 1.0342
1 -0.0143 1.0350
1 -0.0135 1.0357
1 -0.0127 1.0363
1 -0.0118 1.0370
1 -0.0110 1.0375
1 -0.0101 1.0380
1 -0.0091 1.0385
1 -0.0082 1.0389
1 -0.0072 1.0393
1 -0.0062 1.0396
1 -0.0052 1.0399
1 -0.0042 1.0402
1 -0.0031 1.0403
1 -0.0021 1.0404
1 -0.0010 1.0405
1 0.0000 1.0406
1 0.0010 1.0405
1 0.0021 1.0404
1 0.0031 1.0403
1 0.0042 1.0402
1 0.0052 1.0399
1 0.0062 1.0396
1 0.0072 1.0393
1 0.0082 1.0389
1 0.0091 1.0385
1 0.0101 1.0380
1 0.0110 1.0375
1 0.0118 1.0370
1 0.0127 1.0363
1 0.0135 1.0357
1 0.0143 1.0350
1 0.0151 1.0342
1 0.4940 0.5554
1 0.4947 0.5546
1 0.4954 0.5538
1 0.4961 0.5530
1 0.4966 0.5522
1 0.4972 0.5513
1 0.4978 0.5503
1 0.4982 0.5494
1 0.4986 0.5485
1 0.4990 0.5474
1 0.4994 0.5465
1 0.4996 0.5454
1 0.4998 0.5444
1 0.5000 0.5434
1 0.5002 0.5424
1 0.5002 0.5413
1 0.5002 0.5402
1 0.5002 0.5392
1 0.5002 0.5382
1 0.5000 0.5371
1 0.4998 0.5361
1 0.4996 0.5350
1 0.4994 0.5341
1 0.4990 0.5330
1 0.4986 0.5321
1 0.4982 0.5311
1 0.4978 0.5302
1 0.4972 0.5293
1 0.4966 0.5284
1 0.4961 0.5275
1 0.4954 0.5267
1 0.4947 0.5259
1 0.4940 0.5251
1 0.0151 0.0462
1 0.0143 0.0455
1 0.0135 0.0449
1 0.0127 0.0442
1 0.0118 0.0436
1 0.0110 0.0430
1 0.0101 0.0426
1 0.0091 0.0421
1 0.0082 0.0416
1 0.0072 0.0413
1 0.0062 0.0409
1 0.0052 0.0406
1 0.0042 0.0404
1 0.0031 0.0402
1 0.0021 0.0401
1 0.0010 0.0400
1 0.0000 0.0400
1 -0.0010 0.0400
1 -0.0021 0.0401
1 -0.0031 0.0402
1 -0.0042 0.0404
1 -0.0052 0.0406
1 -0.0062 0.0409
1 -0.0072 0.0413
1 -0.0082 0.0416
1 -0.0091 0.0421
1 -0.0101 0.0426
1 -0.0110 0.0430
1 -0.0118 0.0436
1 -0.0127 0.0442
1 -0.0135 0.0449
1 -0.0143 0.0455
1 -0.0151 0.0462
1 -0.4940 0.5251
1 -0.4947 0.5259
1 -0.4954 0.5267
1 -0.4961 0.5275
1 -0.4966 0.5284
1 -0.4972 0.5293
1 -0.4978 0.5302
1 -0.4982 0.5311
1 -0.4986 0.5321
1 -0.4990 0.5330
1 -0.4994 0.5341
1 -0.4996 0.5350
1 -0.4998 0.5361
1 -0.5000 0.5371
1 -0.5002 0.5382
1 -0.5002 0.5392
1 -0.5002 0.5402
1 -0.5002 0.5413
1 -0.5002 0.5424
1 -0.5000 0.5434
1 -0.4998 0.5444
1 -0.4996 0.5454
1 -0.4994 0.5465
1 -0.4990 0.5474
1 -0.4986 0.5485
1 -0.4982 0.5494
1 -0.4978 0.5503
1 -0.4972 0.5513
1 -0.4966 0.5522
1 -0.4961 0.5530
1 -0.4954 0.5538
1 -0.4947 0.5546
1 -0.4940 0.5554
112 1250 72
0 0.0568 0.7462
1 -0.0512 0.7462
1 -0.0512 0.8006
1 -0.0847 0.8006
1 -0.0855 0.8006
1 -0.0862 0.8007
1 -0.0870 0.8009
1 -0.0877 0.8010
1 -0.0884 0.8013
1 -0.0890 0.8016
1 -0.0898 0.8019
1 -0.0904 0.8023
1 -0.0910 0.8027
1 -0.0915 0.8032
1 -0.0921 0.8037
1 -0.0926 0.8042
1 -0.0930 0.8048
1 -0.0935 0.8054
1 -0.0938 0.8060
1 -0.0942 0.8067
1 -0.0945 0.8074
1 -0.0947 0.8081
1 -0.0949 0.8088
1 -0.0950 0.8095
1 -0.0951 0.8102
1 -0.0951 0.8110
1 -0.0951 0.8118
1 -0.0950 0.8125
1 -0.0950 0.8132
1 -0.0947 0.8139
1 -0.0945 0.8146
1 -0.0942 0.8153
1 -0.0939 0.8160
1 -0.0935 0.8166
1 -0.0931 0.8172
1 -0.0926 0.8178
1 0.0028 0.9446
1 0.0983 0.8178
1 0.0988 0.8172
1 0.0992 0.8166
1 0.0996 0.8160
1 0.0999 0.8153
1 0.1002 0.8146
1 0.1004 0.8139
1 0.1006 0.8132
1 0.1007 0.8125
1 0.1008 0.8118
1 0.1008 0.8110
1 0.1008 0.8102
1 0.1007 0.8095
1 0.1006 0.8088
1 0.1004 0.8081
1 0.1002 0.8074
1 0.0998 0.8067
1 0.0995 0.8060
1 0.0991 0.8054
1 0.0987 0.8048
1 0.0982 0.8042
1 0.0978 0.8037
1 0.0972 0.8032
1 0.0966 0.8027
1 0.0960 0.8023
1 0.0954 0.8019
1 0.0947 0.8016
1 0.0940 0.8013
1 0.0934 0.8010
1 0.0926 0.8009
1 0.0919 0.8007
1 0.0911 0.8006
1 0.0904 0.8006
1 0.0568 0.8006
1 0.0568 0.7462
112 1251 9
0 0.0936 0.6569
1 -0.0879 0.6569
1 -0.2167 0.5281
1 -0.2167 0.3465
1 -0.0879 0.2178
1 0.0936 0.2178
1 0.2224 0.3465
1 0.2224 0.5281
1 0.0936 0.6569
112 1462 9
0 -0.2023 0.5222
1 -0.2023 0.3525
1 -0.0819 0.2322
1 0.0876 0.2322
1 0.2080 0.3525
1 0.2080 0.5222
1 0.0876 0.6425
1 -0.0819 0.6425
1 -0.2023 0.5222
112 1251 13
0 0.1694 0.4925
1 0.1060 0.4925
1 0.1060 0.3821
1 0.1729 0.3821
1 0.1729 0.3994
1 0.1232 0.3994
1 0.1232 0.4304
1 0.1578 0.4304
1 0.1578 0.4477
1 0.1232 0.4477
1 0.1232 0.4753
1 0.1694 0.4753
1 0.1694 0.4925
112 1251 82
0 -0.1210 0.4925
1 -0.1638 0.4925
1 -0.1638 0.3821
1 -0.1466 0.3821
1 -0.1466 0.4304
1 -0.1210 0.4304
1 -0.1198 0.4305
1 -0.1185 0.4306
1 -0.1172 0.4306
1 -0.1159 0.4308
1 -0.1146 0.4310
1 -0.1134 0.4314
1 -0.1122 0.4317
1 -0.1110 0.4321
1 -0.1098 0.4326
1 -0.1086 0.4330
1 -0.1074 0.4336
1 -0.1062 0.4342
1 -0.1051 0.4348
1 -0.1041 0.4354
1 -0.1030 0.4362
1 -0.1019 0.4370
1 -0.1010 0.4378
1 -0.1000 0.4386
1 -0.0990 0.4395
1 -0.0982 0.4404
1 -0.0974 0.4414
1 -0.0966 0.4424
1 -0.0958 0.4434
1 -0.0950 0.4445
1 -0.0943 0.4456
1 -0.0937 0.4467
1 -0.0931 0.4478
1 -0.0926 0.4490
1 -0.0921 0.4502
1 -0.0917 0.4514
1 -0.0913 0.4526
1 -0.0910 0.4538
1 -0.0906 0.4551
1 -0.0904 0.4563
1 -0.0902 0.4576
1 -0.0901 0.4589
1 -0.0900 0.4602
1 -0.0900 0.4614
1 -0.0900 0.4627
1 -0.0901 0.4640
1 -0.0902 0.4653
1 -0.0904 0.4666
1 -0.0906 0.4678
1 -0.0910 0.4691
1 -0.0913 0.4703
1 -0.0917 0.4715
1 -0.0921 0.4727
1 -0.0926 0.4739
1 -0.0931 0.4751
1 -0.0937 0.4762
1 -0.0943 0.4774
1 -0.0950 0.4785
1 -0.0958 0.4795
1 -0.0966 0.4806
1 -0.0974 0.4815
1 -0.0982 0.4825
1 -0.0990 0.4834
1 -0.1000 0.4843
1 -0.1010 0.4851
1 -0.1019 0.4860
1 -0.1030 0.4867
1 -0.1041 0.4874
1 -0.1051 0.4882
1 -0.1062 0.4888
1 -0.1074 0.4894
1 -0.1086 0.4899
1 -0.1098 0.4904
1 -0.1110 0.4908
1 -0.1122 0.4912
1 -0.1134 0.4916
1 -0.1146 0.4918
1 -0.1159 0.4921
1 -0.1172 0.4922
1 -0.1185 0.4924
1 -0.1198 0.4925
1 -0.1210 0.4925
112 1251 9
0 -0.0506 0.4925
1 -0.0900 0.3821
1 -0.0717 0.3821
1 -0.0606 0.4132
1 -0.0269 0.4132
1 -0.0158 0.3821
1 0.0025 0.3821
1 -0.0369 0.4925
1 -0.0506 0.4925
112 1251 78
0 0.0577 0.4925
1 0.0149 0.4925
1 0.0149 0.3821
1 0.0322 0.3821
1 0.0322 0.4304
1 0.0536 0.4304
1 0.0708 0.3821
1 0.0887 0.3821
1 0.0891 0.3821
1 0.0709 0.4334
1 0.0719 0.4339
1 0.0730 0.4345
1 0.0741 0.4351
1 0.0751 0.4358
1 0.0762 0.4365
1 0.0771 0.4373
1 0.0781 0.4380
1 0.0790 0.4389
1 0.0798 0.4398
1 0.0807 0.4406
1 0.0815 0.4416
1 0.0823 0.4426
1 0.0830 0.4435
1 0.0837 0.4446
1 0.0844 0.4456
1 0.0850 0.4466
1 0.0855 0.4478
1 0.0861 0.4489
1 0.0866 0.4500
1 0.0870 0.4512
1 0.0874 0.4523
1 0.0877 0.4535
1 0.0880 0.4547
1 0.0882 0.4559
1 0.0884 0.4572
1 0.0886 0.4584
1 0.0886 0.4596
1 0.0887 0.4609
1 0.0887 0.4621
1 0.0886 0.4634
1 0.0886 0.4646
1 0.0884 0.4658
1 0.0882 0.4670
1 0.0880 0.4682
1 0.0877 0.4694
1 0.0874 0.4706
1 0.0870 0.4718
1 0.0866 0.4730
1 0.0861 0.4741
1 0.0855 0.4752
1 0.0850 0.4762
1 0.0844 0.4774
1 0.0837 0.4784
1 0.0830 0.4794
1 0.0823 0.4804
1 0.0815 0.4814
1 0.0807 0.4823
1 0.0798 0.4832
1 0.0790 0.4841
1 0.0781 0.4849
1 0.0771 0.4857
1 0.0762 0.4864
1 0.0751 0.4871
1 0.0741 0.4878
1 0.0730 0.4885
1 0.0719 0.4890
1 0.0708 0.4896
1 0.0697 0.4901
1 0.0686 0.4906
1 0.0674 0.4910
1 0.0662 0.4913
1 0.0650 0.4916
1 0.0638 0.4919
1 0.0626 0.4922
1 0.0614 0.4923
1 0.0602 0.4924
1 0.0589 0.4925
1 0.0577 0.4925
112 1462 56
0 0.0577 0.4477
1 0.0322 0.4477
1 0.0322 0.4753
1 0.0577 0.4753
1 0.0585 0.4752
1 0.0594 0.4752
1 0.0602 0.4750
1 0.0610 0.4749
1 0.0618 0.4746
1 0.0626 0.4744
1 0.0634 0.4741
1 0.0641 0.4737
1 0.0648 0.4733
1 0.0655 0.4728
1 0.0662 0.4723
1 0.0668 0.4718
1 0.0674 0.4712
1 0.0680 0.4706
1 0.0686 0.4700
1 0.0690 0.4693
1 0.0695 0.4686
1 0.0699 0.4678
1 0.0702 0.4671
1 0.0706 0.4663
1 0.0709 0.4656
1 0.0711 0.4648
1 0.0713 0.4639
1 0.0714 0.4631
1 0.0714 0.4623
1 0.0715 0.4614
1 0.0714 0.4606
1 0.0714 0.4598
1 0.0713 0.4590
1 0.0711 0.4582
1 0.0709 0.4574
1 0.0706 0.4566
1 0.0702 0.4558
1 0.0699 0.4550
1 0.0695 0.4543
1 0.0690 0.4536
1 0.0686 0.4530
1 0.0680 0.4523
1 0.0674 0.4517
1 0.0668 0.4511
1 0.0662 0.4506
1 0.0655 0.4501
1 0.0648 0.4497
1 0.0641 0.4493
1 0.0634 0.4489
1 0.0626 0.4486
1 0.0618 0.4483
1 0.0610 0.4481
1 0.0602 0.4479
1 0.0594 0.4478
1 0.0585 0.4477
1 0.0577 0.4477
112 1462 56
0 -0.1210 0.4477
1 -0.1202 0.4477
1 -0.1194 0.4478
1 -0.1186 0.4479
1 -0.1178 0.4481
1 -0.1170 0.4483
1 -0.1162 0.4486
1 -0.1154 0.4489
1 -0.1146 0.4493
1 -0.1139 0.4497
1 -0.1132 0.4501
1 -0.1125 0.4506
1 -0.1118 0.4511
1 -0.1113 0.4517
1 -0.1107 0.4523
1 -0.1102 0.4530
1 -0.1097 0.4536
1 -0.1092 0.4543
1 -0.1088 0.4550
1 -0.1085 0.4558
1 -0.1082 0.4566
1 -0.1078 0.4574
1 -0.1076 0.4582
1 -0.1074 0.4590
1 -0.1074 0.4598
1 -0.1073 0.4606
1 -0.1072 0.4614
1 -0.1073 0.4623
1 -0.1074 0.4631
1 -0.1074 0.4639
1 -0.1076 0.4648
1 -0.1078 0.4656
1 -0.1082 0.4663
1 -0.1085 0.4671
1 -0.1088 0.4678
1 -0.1092 0.4686
1 -0.1097 0.4693
1 -0.1102 0.4700
1 -0.1107 0.4706
1 -0.1113 0.4712
1 -0.1118 0.4718
1 -0.1125 0.4723
1 -0.1132 0.4728
1 -0.1139 0.4733
1 -0.1146 0.4737
1 -0.1154 0.4741
1 -0.1162 0.4744
1 -0.1170 0.4746
1 -0.1178 0.4749
1 -0.1186 0.4750
1 -0.1194 0.4752
1 -0.1202 0.4752
1 -0.1210 0.4753
1 -0.1466 0.4753
1 -0.1466 0.4477
1 -0.1210 0.4477
112 1462 4
0 -0.0438 0.4605
1 -0.0545 0.4304
1 -0.0330 0.4304
1 -0.0438 0.4605
