SEcl_PO-14
3309 15 1 1 0 0 0 0 0 0 1 1
1.000
112 1253 229
0 -0.0434 1.0626
1 -0.5223 0.5837
1 -0.5235 0.5824
1 -0.5246 0.5811
1 -0.5258 0.5798
1 -0.5269 0.5786
1 -0.5279 0.5772
1 -0.5290 0.5758
1 -0.5299 0.5744
1 -0.5309 0.5729
1 -0.5318 0.5714
1 -0.5326 0.5699
1 -0.5334 0.5684
1 -0.5342 0.5669
1 -0.5349 0.5654
1 -0.5356 0.5638
1 -0.5362 0.5622
1 -0.5368 0.5606
1 -0.5374 0.5589
1 -0.5378 0.5573
1 -0.5383 0.5556
1 -0.5387 0.5539
1 -0.5391 0.5522
1 -0.5394 0.5506
1 -0.5397 0.5489
1 -0.5399 0.5471
1 -0.5401 0.5454
1 -0.5402 0.5437
1 -0.5402 0.5420
1 -0.5402 0.5402
1 -0.5402 0.5386
1 -0.5402 0.5368
1 -0.5401 0.5351
1 -0.5399 0.5334
1 -0.5397 0.5317
1 -0.5394 0.5300
1 -0.5391 0.5283
1 -0.5387 0.5266
1 -0.5383 0.5250
1 -0.5378 0.5233
1 -0.5374 0.5216
1 -0.5368 0.5200
1 -0.5362 0.5184
1 -0.5356 0.5168
1 -0.5349 0.5152
1 -0.5342 0.5137
1 -0.5334 0.5121
1 -0.5326 0.5106
1 -0.5318 0.5091
1 -0.5309 0.5076
1 -0.5299 0.5062
1 -0.5290 0.5047
1 -0.5279 0.5034
1 -0.5269 0.5020
1 -0.5258 0.5006
1 -0.5246 0.4994
1 -0.5235 0.4981
1 -0.5223 0.4969
1 -0.0434 0.0180
1 -0.0422 0.0168
1 -0.0409 0.0156
1 -0.0396 0.0145
1 -0.0382 0.0134
1 -0.0369 0.0123
1 -0.0355 0.0113
1 -0.0341 0.0103
1 -0.0326 0.0094
1 -0.0312 0.0085
1 -0.0297 0.0077
1 -0.0282 0.0069
1 -0.0266 0.0061
1 -0.0250 0.0054
1 -0.0235 0.0046
1 -0.0219 0.0040
1 -0.0202 0.0034
1 -0.0186 0.0029
1 -0.0170 0.0024
1 -0.0154 0.0019
1 -0.0137 0.0015
1 -0.0120 0.0012
1 -0.0102 0.0009
1 -0.0086 0.0006
1 -0.0069 0.0004
1 -0.0051 0.0002
1 -0.0034 0.0001
1 -0.0018 0.0000
1 0.0000 0.0000
1 0.0018 0.0000
1 0.0034 0.0001
1 0.0051 0.0002
1 0.0069 0.0004
1 0.0086 0.0006
1 0.0102 0.0009
1 0.0120 0.0012
1 0.0137 0.0015
1 0.0154 0.0019
1 0.0170 0.0024
1 0.0186 0.0029
1 0.0202 0.0034
1 0.0219 0.0040
1 0.0235 0.0046
1 0.0250 0.0054
1 0.0266 0.0061
1 0.0282 0.0069
1 0.0297 0.0077
1 0.0312 0.0085
1 0.0326 0.0094
1 0.0341 0.0103
1 0.0355 0.0113
1 0.0369 0.0123
1 0.0382 0.0134
1 0.0396 0.0145
1 0.0409 0.0156
1 0.0422 0.0168
1 0.0434 0.0180
1 0.5223 0.4969
1 0.5235 0.4981
1 0.5246 0.4994
1 0.5258 0.5006
1 0.5269 0.5020
1 0.5279 0.5034
1 0.5290 0.5047
1 0.5299 0.5062
1 0.5309 0.5076
1 0.5318 0.5091
1 0.5326 0.5106
1 0.5334 0.5121
1 0.5342 0.5137
1 0.5349 0.5152
1 0.5356 0.5168
1 0.5362 0.5184
1 0.5368 0.5200
1 0.5374 0.5216
1 0.5378 0.5233
1 0.5383 0.5250
1 0.5387 0.5266
1 0.5391 0.5283
1 0.5394 0.5300
1 0.5397 0.5317
1 0.5399 0.5334
1 0.5401 0.5351
1 0.5402 0.5368
1 0.5402 0.5386
1 0.5402 0.5402
1 0.5402 0.5420
1 0.5402 0.5437
1 0.5401 0.5454
1 0.5399 0.5471
1 0.5397 0.5489
1 0.5394 0.5506
1 0.5391 0.5522
1 0.5387 0.5539
1 0.5383 0.5556
1 0.5378 0.5573
1 0.5374 0.5589
1 0.5368 0.5606
1 0.5362 0.5622
1 0.5356 0.5638
1 0.5349 0.5654
1 0.5342 0.5669
1 0.5334 0.5684
1 0.5326 0.5699
1 0.5318 0.5714
1 0.5309 0.5729
1 0.5299 0.5744
1 0.5290 0.5758
1 0.5279 0.5772
1 0.5269 0.5786
1 0.5258 0.5798
1 0.5246 0.5811
1 0.5235 0.5824
1 0.5223 0.5837
1 0.0434 1.0626
1 0.0422 1.0638
1 0.0409 1.0650
1 0.0396 1.0661
1 0.0382 1.0671
1 0.0369 1.0682
1 0.0355 1.0692
1 0.0341 1.0702
1 0.0326 1.0711
1 0.0312 1.0720
1 0.0297 1.0729
1 0.0282 1.0737
1 0.0266 1.0745
1 0.0250 1.0752
1 0.0235 1.0758
1 0.0219 1.0765
1 0.0202 1.0771
1 0.0186 1.0776
1 0.0170 1.0782
1 0.0154 1.0786
1 0.0137 1.0790
1 0.0120 1.0794
1 0.0102 1.0797
1 0.0086 1.0799
1 0.0069 1.0802
1 0.0051 1.0803
1 0.0034 1.0804
1 0.0018 1.0805
1 0.0000 1.0806
1 -0.0018 1.0805
1 -0.0034 1.0804
1 -0.0051 1.0803
1 -0.0069 1.0802
1 -0.0086 1.0799
1 -0.0102 1.0797
1 -0.0120 1.0794
1 -0.0137 1.0790
1 -0.0154 1.0786
1 -0.0170 1.0782
1 -0.0186 1.0776
1 -0.0202 1.0771
1 -0.0219 1.0765
1 -0.0235 1.0758
1 -0.0250 1.0752
1 -0.0266 1.0745
1 -0.0282 1.0737
1 -0.0297 1.0729
1 -0.0312 1.0720
1 -0.0326 1.0711
1 -0.0341 1.0702
1 -0.0355 1.0692
1 -0.0369 1.0682
1 -0.0382 1.0671
1 -0.0396 1.0661
1 -0.0409 1.0650
1 -0.0422 1.0638
1 -0.0434 1.0626
112 1250 197
0 -0.0340 1.0531
1 -0.5129 0.5742
1 -0.5139 0.5731
1 -0.5150 0.5719
1 -0.5160 0.5707
1 -0.5170 0.5695
1 -0.5179 0.5682
1 -0.5188 0.5670
1 -0.5197 0.5656
1 -0.5205 0.5643
1 -0.5213 0.5629
1 -0.5220 0.5615
1 -0.5226 0.5601
1 -0.5233 0.5586
1 -0.5238 0.5572
1 -0.5244 0.5557
1 -0.5249 0.5542
1 -0.5253 0.5527
1 -0.5257 0.5512
1 -0.5260 0.5496
1 -0.5263 0.5481
1 -0.5266 0.5466
1 -0.5267 0.5450
1 -0.5268 0.5434
1 -0.5269 0.5418
1 -0.5270 0.5402
1 -0.5269 0.5387
1 -0.5268 0.5371
1 -0.5267 0.5356
1 -0.5266 0.5340
1 -0.5263 0.5325
1 -0.5260 0.5309
1 -0.5257 0.5294
1 -0.5253 0.5278
1 -0.5249 0.5263
1 -0.5244 0.5248
1 -0.5238 0.5234
1 -0.5233 0.5219
1 -0.5226 0.5205
1 -0.5220 0.5190
1 -0.5213 0.5176
1 -0.5205 0.5162
1 -0.5197 0.5149
1 -0.5188 0.5136
1 -0.5179 0.5123
1 -0.5170 0.5110
1 -0.5160 0.5098
1 -0.5150 0.5086
1 -0.5139 0.5074
1 -0.5129 0.5063
1 -0.0340 0.0274
1 -0.0328 0.0263
1 -0.0317 0.0253
1 -0.0305 0.0242
1 -0.0293 0.0233
1 -0.0280 0.0223
1 -0.0267 0.0214
1 -0.0254 0.0206
1 -0.0240 0.0198
1 -0.0226 0.0190
1 -0.0213 0.0183
1 -0.0198 0.0176
1 -0.0184 0.0170
1 -0.0169 0.0164
1 -0.0154 0.0159
1 -0.0139 0.0154
1 -0.0124 0.0150
1 -0.0109 0.0146
1 -0.0094 0.0142
1 -0.0078 0.0140
1 -0.0062 0.0138
1 -0.0047 0.0136
1 -0.0031 0.0134
1 -0.0016 0.0134
1 0.0000 0.0134
1 0.0016 0.0134
1 0.0031 0.0134
1 0.0047 0.0136
1 0.0062 0.0138
1 0.0078 0.0140
1 0.0094 0.0142
1 0.0109 0.0146
1 0.0124 0.0150
1 0.0139 0.0154
1 0.0154 0.0159
1 0.0169 0.0164
1 0.0184 0.0170
1 0.0198 0.0176
1 0.0213 0.0183
1 0.0226 0.0190
1 0.0240 0.0198
1 0.0254 0.0206
1 0.0267 0.0214
1 0.0280 0.0223
1 0.0292 0.0233
1 0.0305 0.0242
1 0.0317 0.0253
1 0.0328 0.0263
1 0.0340 0.0274
1 0.5129 0.5063
1 0.5139 0.5074
1 0.5150 0.5086
1 0.5160 0.5098
1 0.5170 0.5110
1 0.5179 0.5123
1 0.5188 0.5136
1 0.5197 0.5149
1 0.5205 0.5162
1 0.5213 0.5176
1 0.5220 0.5190
1 0.5226 0.5205
1 0.5233 0.5219
1 0.5238 0.5234
1 0.5244 0.5248
1 0.5249 0.5263
1 0.5253 0.5278
1 0.5257 0.5294
1 0.5260 0.5309
1 0.5263 0.5325
1 0.5266 0.5340
1 0.5267 0.5356
1 0.5268 0.5371
1 0.5269 0.5387
1 0.5270 0.5402
1 0.5269 0.5418
1 0.5268 0.5434
1 0.5267 0.5450
1 0.5266 0.5466
1 0.5263 0.5481
1 0.5260 0.5496
1 0.5257 0.5512
1 0.5253 0.5527
1 0.5249 0.5542
1 0.5244 0.5557
1 0.5238 0.5572
1 0.5233 0.5586
1 0.5226 0.5601
1 0.5220 0.5615
1 0.5213 0.5629
1 0.5205 0.5643
1 0.5197 0.5656
1 0.5188 0.5670
1 0.5179 0.5682
1 0.5170 0.5695
1 0.5160 0.5707
1 0.5150 0.5719
1 0.5139 0.5731
1 0.5129 0.5742
1 0.0340 1.0531
1 0.0328 1.0542
1 0.0317 1.0553
1 0.0305 1.0563
1 0.0292 1.0573
1 0.0280 1.0582
1 0.0267 1.0591
1 0.0254 1.0599
1 0.0240 1.0608
1 0.0226 1.0615
1 0.0213 1.0622
1 0.0198 1.0630
1 0.0184 1.0635
1 0.0169 1.0642
1 0.0154 1.0646
1 0.0139 1.0651
1 0.0124 1.0656
1 0.0109 1.0659
1 0.0094 1.0662
1 0.0078 1.0666
1 0.0062 1.0668
1 0.0047 1.0670
1 0.0031 1.0671
1 0.0016 1.0672
1 0.0000 1.0672
1 -0.0016 1.0672
1 -0.0031 1.0671
1 -0.0047 1.0670
1 -0.0062 1.0668
1 -0.0078 1.0666
1 -0.0094 1.0662
1 -0.0109 1.0659
1 -0.0124 1.0656
1 -0.0139 1.0651
1 -0.0154 1.0646
1 -0.0169 1.0642
1 -0.0184 1.0635
1 -0.0198 1.0630
1 -0.0213 1.0622
1 -0.0226 1.0615
1 -0.0240 1.0608
1 -0.0254 1.0599
1 -0.0267 1.0591
1 -0.0280 1.0582
1 -0.0293 1.0573
1 -0.0305 1.0563
1 -0.0317 1.0553
1 -0.0328 1.0542
1 -0.0340 1.0531
112 1253 133
0 -0.4940 0.5554
1 -0.0151 1.0342
1 -0.0143 1.0350
1 -0.0135 1.0357
1 -0.0127 1.0363
1 -0.0118 1.0370
1 -0.0110 1.0375
1 -0.0101 1.0380
1 -0.0091 1.0385
1 -0.0082 1.0389
1 -0.0072 1.0393
1 -0.0062 1.0396
1 -0.0052 1.0399
1 -0.0042 1.0402
1 -0.0031 1.0403
1 -0.0021 1.0404
1 -0.0010 1.0405
1 0.0000 1.0406
1 0.0010 1.0405
1 0.0021 1.0404
1 0.0031 1.0403
1 0.0042 1.0402
1 0.0052 1.0399
1 0.0062 1.0396
1 0.0072 1.0393
1 0.0082 1.0389
1 0.0091 1.0385
1 0.0101 1.0380
1 0.0110 1.0375
1 0.0118 1.0370
1 0.0127 1.0363
1 0.0135 1.0357
1 0.0143 1.0350
1 0.0151 1.0342
1 0.4940 0.5554
1 0.4947 0.5546
1 0.4954 0.5538
1 0.4961 0.5530
1 0.4966 0.5522
1 0.4972 0.5513
1 0.4978 0.5503
1 0.4982 0.5494
1 0.4986 0.5485
1 0.4990 0.5474
1 0.4994 0.5465
1 0.4996 0.5454
1 0.4998 0.5444
1 0.5000 0.5434
1 0.5002 0.5424
1 0.5002 0.5413
1 0.5002 0.5402
1 0.5002 0.5392
1 0.5002 0.5382
1 0.5000 0.5371
1 0.4998 0.5361
1 0.4996 0.5350
1 0.4994 0.5341
1 0.4990 0.5330
1 0.4986 0.5321
1 0.4982 0.5311
1 0.4978 0.5302
1 0.4972 0.5293
1 0.4966 0.5284
1 0.4961 0.5275
1 0.4954 0.5267
1 0.4947 0.5259
1 0.4940 0.5251
1 0.0151 0.0462
1 0.0143 0.0455
1 0.0135 0.0449
1 0.0127 0.0442
1 0.0118 0.0436
1 0.0110 0.0430
1 0.0101 0.0426
1 0.0091 0.0421
1 0.0082 0.0416
1 0.0072 0.0413
1 0.0062 0.0409
1 0.0052 0.0406
1 0.0042 0.0404
1 0.0031 0.0402
1 0.0021 0.0401
1 0.0010 0.0400
1 0.0000 0.0400
1 -0.0010 0.0400
1 -0.0021 0.0401
1 -0.0031 0.0402
1 -0.0042 0.0404
1 -0.0052 0.0406
1 -0.0062 0.0409
1 -0.0072 0.0413
1 -0.0082 0.0416
1 -0.0091 0.0421
1 -0.0101 0.0426
1 -0.0110 0.0430
1 -0.0118 0.0436
1 -0.0127 0.0442
1 -0.0135 0.0449
1 -0.0143 0.0455
1 -0.0151 0.0462
1 -0.4940 0.5251
1 -0.4947 0.5259
1 -0.4954 0.5267
1 -0.4961 0.5275
1 -0.4966 0.5284
1 -0.4972 0.5293
1 -0.4978 0.5302
1 -0.4982 0.5311
1 -0.4986 0.5321
1 -0.4990 0.5330
1 -0.4994 0.5341
1 -0.4996 0.5350
1 -0.4998 0.5361
1 -0.5000 0.5371
1 -0.5002 0.5382
1 -0.5002 0.5392
1 -0.5002 0.5402
1 -0.5002 0.5413
1 -0.5002 0.5424
1 -0.5000 0.5434
1 -0.4998 0.5444
1 -0.4996 0.5454
1 -0.4994 0.5465
1 -0.4990 0.5474
1 -0.4986 0.5485
1 -0.4982 0.5494
1 -0.4978 0.5503
1 -0.4972 0.5513
1 -0.4966 0.5522
1 -0.4961 0.5530
1 -0.4954 0.5538
1 -0.4947 0.5546
1 -0.4940 0.5554
112 1250 673
0 -0.0943 0.6231
1 -0.0924 0.6218
1 -0.0905 0.6204
1 -0.0886 0.6190
1 -0.0868 0.6176
1 -0.0850 0.6161
1 -0.0833 0.6146
1 -0.0815 0.6130
1 -0.0798 0.6114
1 -0.0782 0.6098
1 -0.0766 0.6082
1 -0.0750 0.6064
1 -0.0734 0.6047
1 -0.0719 0.6029
1 -0.0705 0.6011
1 -0.0690 0.5993
1 -0.0677 0.5974
1 -0.0663 0.5954
1 -0.0650 0.5935
1 -0.0638 0.5916
1 -0.0626 0.5896
1 -0.0614 0.5876
1 -0.0603 0.5855
1 -0.0593 0.5834
1 -0.0582 0.5814
1 -0.0573 0.5793
1 -0.0563 0.5771
1 -0.0554 0.5750
1 -0.0546 0.5728
1 -0.0538 0.5706
1 -0.0531 0.5684
1 -0.0525 0.5662
1 -0.0518 0.5639
1 -0.0513 0.5616
1 -0.0507 0.5594
1 -0.0502 0.5571
1 -0.0498 0.5548
1 -0.0495 0.5525
1 -0.0492 0.5502
1 -0.0489 0.5479
1 -0.0487 0.5456
1 -0.0486 0.5433
1 -0.0484 0.5409
1 -0.0484 0.5386
1 -0.0484 0.5362
1 -0.0484 0.5339
1 -0.0486 0.5316
1 -0.0487 0.5293
1 -0.0489 0.5270
1 -0.0492 0.5246
1 -0.0495 0.5223
1 -0.0498 0.5201
1 -0.0502 0.5178
1 -0.0507 0.5155
1 -0.0513 0.5132
1 -0.0518 0.5110
1 -0.0525 0.5087
1 -0.0531 0.5065
1 -0.0538 0.5043
1 -0.0546 0.5021
1 -0.0554 0.4999
1 -0.0563 0.4978
1 -0.0573 0.4956
1 -0.0582 0.4935
1 -0.0593 0.4914
1 -0.0603 0.4894
1 -0.0614 0.4873
1 -0.0626 0.4853
1 -0.0638 0.4833
1 -0.0650 0.4813
1 -0.0663 0.4794
1 -0.0677 0.4774
1 -0.0690 0.4756
1 -0.0705 0.4738
1 -0.0719 0.4719
1 -0.0734 0.4702
1 -0.0750 0.4684
1 -0.0766 0.4667
1 -0.0782 0.4650
1 -0.0798 0.4634
1 -0.0815 0.4618
1 -0.0833 0.4602
1 -0.0850 0.4587
1 -0.0868 0.4573
1 -0.0886 0.4558
1 -0.0906 0.4544
1 -0.0924 0.4531
1 -0.0943 0.4518
1 -0.0963 0.4505
1 -0.0982 0.4493
1 -0.1003 0.4481
1 -0.1023 0.4470
1 -0.1044 0.4459
1 -0.1065 0.4449
1 -0.1086 0.4439
1 -0.1107 0.4430
1 -0.1129 0.4421
1 -0.1150 0.4412
1 -0.1172 0.4404
1 -0.1194 0.4397
1 -0.1216 0.4390
1 -0.1238 0.4383
1 -0.1262 0.4378
1 -0.1284 0.4372
1 -0.1306 0.4367
1 -0.1330 0.4362
1 -0.1353 0.4359
1 -0.1375 0.4355
1 -0.1398 0.4353
1 -0.1422 0.4350
1 -0.1445 0.4349
1 -0.1468 0.4347
1 -0.1491 0.4346
1 -0.1514 0.4346
1 -0.1538 0.4346
1 -0.1562 0.4347
1 -0.1585 0.4349
1 -0.1608 0.4351
1 -0.1631 0.4354
1 -0.1654 0.4356
1 -0.1677 0.4360
1 -0.1700 0.4364
1 -0.1722 0.4368
1 -0.1746 0.4374
1 -0.1768 0.4379
1 -0.1790 0.4385
1 -0.1813 0.4391
1 -0.1835 0.4398
1 -0.1857 0.4406
1 -0.1879 0.4414
1 -0.1901 0.4422
1 -0.1922 0.4432
1 -0.1943 0.4442
1 -0.1964 0.4451
1 -0.1985 0.4462
1 -0.2006 0.4473
1 -0.2026 0.4484
1 -0.2046 0.4496
1 -0.2066 0.4508
1 -0.2085 0.4521
1 -0.2104 0.4534
1 -0.2123 0.4548
1 -0.2142 0.4562
1 -0.2160 0.4577
1 -0.2178 0.4591
1 -0.2195 0.4606
1 -0.2213 0.4622
1 -0.2230 0.4638
1 -0.2246 0.4654
1 -0.2262 0.4671
1 -0.2278 0.4689
1 -0.2293 0.4706
1 -0.2308 0.4724
1 -0.2322 0.4742
1 -0.2337 0.4761
1 -0.2350 0.4780
1 -0.2363 0.4799
1 -0.2376 0.4818
1 -0.2389 0.4838
1 -0.2401 0.4858
1 -0.2412 0.4878
1 -0.2423 0.4898
1 -0.2434 0.4919
1 -0.2444 0.4941
1 -0.2454 0.4962
1 -0.2462 0.4983
1 -0.2471 0.5005
1 -0.2479 0.5026
1 -0.2486 0.5049
1 -0.2494 0.5070
1 -0.2501 0.5093
1 -0.2506 0.5115
1 -0.2512 0.5138
1 -0.2518 0.5161
1 -0.2522 0.5183
1 -0.2526 0.5206
1 -0.2530 0.5230
1 -0.2533 0.5253
1 -0.2535 0.5276
1 -0.2537 0.5299
1 -0.2538 0.5322
1 -0.2539 0.5346
1 -0.2540 0.5369
1 -0.2539 0.5392
1 -0.2539 0.5415
1 -0.2538 0.5438
1 -0.2536 0.5462
1 -0.2534 0.5485
1 -0.2531 0.5508
1 -0.2528 0.5531
1 -0.2524 0.5554
1 -0.2520 0.5577
1 -0.2514 0.5599
1 -0.2510 0.5622
1 -0.2503 0.5645
1 -0.2497 0.5667
1 -0.2490 0.5690
1 -0.2483 0.5711
1 -0.2475 0.5734
1 -0.2466 0.5755
1 -0.2458 0.5777
1 -0.2449 0.5798
1 -0.2438 0.5819
1 -0.2428 0.5840
1 -0.2418 0.5861
1 -0.2406 0.5881
1 -0.2394 0.5901
1 -0.2382 0.5921
1 -0.2370 0.5941
1 -0.2357 0.5960
1 -0.2343 0.5978
1 -0.2330 0.5998
1 -0.2315 0.6016
1 -0.2301 0.6034
1 -0.2286 0.6051
1 -0.2270 0.6069
1 -0.2254 0.6086
1 -0.2238 0.6102
1 -0.2221 0.6118
1 -0.2204 0.6134
1 -0.2186 0.6150
1 -0.2169 0.6165
1 -0.2150 0.6180
1 -0.2132 0.6194
1 -0.2114 0.6208
1 -0.2094 0.6222
1 -0.2075 0.6234
1 -0.2056 0.6246
1 -0.2036 0.6259
1 -0.2015 0.6270
1 -0.1995 0.6282
1 -0.1974 0.6292
1 -0.1954 0.6302
1 -0.1933 0.6312
1 -0.1911 0.6322
1 -0.1890 0.6330
1 -0.1868 0.6338
1 -0.1846 0.6346
1 -0.1824 0.6354
1 -0.1802 0.6361
1 -0.1779 0.6367
1 -0.1757 0.6373
1 -0.1734 0.6378
1 -0.1711 0.6383
1 -0.1688 0.6387
1 -0.1666 0.6391
1 -0.1642 0.6394
1 -0.1619 0.6397
1 -0.1596 0.6399
1 -0.1573 0.6401
1 -0.1550 0.6402
1 -0.1526 0.6402
1 -0.1503 0.6402
1 -0.1480 0.6402
1 -0.1457 0.6401
1 -0.1433 0.6399
1 -0.1410 0.6398
1 -0.1387 0.6394
1 -0.1364 0.6392
1 -0.1341 0.6388
1 -0.1318 0.6384
1 -0.1295 0.6379
1 -0.1272 0.6374
1 -0.1250 0.6369
1 -0.1227 0.6362
1 -0.1205 0.6355
1 -0.1183 0.6349
1 -0.1161 0.6341
1 -0.1139 0.6333
1 -0.1118 0.6324
1 -0.1096 0.6314
1 -0.1075 0.6305
1 -0.1054 0.6295
1 -0.0802 0.6733
1 -0.1130 0.7302
1 -0.0373 0.7302
1 -0.0373 0.7302
1 -0.0373 0.7174
1 -0.0908 0.7174
1 -0.0686 0.6790
1 0.0743 0.6790
1 0.0817 0.6918
1 0.0522 0.6918
1 0.0522 0.7046
1 0.1290 0.7174
1 0.1290 0.6918
1 0.0965 0.6918
1 0.0858 0.6733
1 0.1110 0.6295
1 0.1131 0.6305
1 0.1153 0.6314
1 0.1174 0.6324
1 0.1196 0.6333
1 0.1218 0.6341
1 0.1239 0.6349
1 0.1262 0.6355
1 0.1284 0.6362
1 0.1306 0.6369
1 0.1329 0.6374
1 0.1352 0.6379
1 0.1374 0.6384
1 0.1398 0.6388
1 0.1420 0.6392
1 0.1443 0.6394
1 0.1466 0.6398
1 0.1490 0.6399
1 0.1513 0.6401
1 0.1536 0.6402
1 0.1559 0.6402
1 0.1582 0.6402
1 0.1606 0.6402
1 0.1630 0.6401
1 0.1653 0.6399
1 0.1676 0.6397
1 0.1698 0.6394
1 0.1722 0.6391
1 0.1745 0.6387
1 0.1768 0.6383
1 0.1790 0.6378
1 0.1813 0.6373
1 0.1836 0.6367
1 0.1858 0.6361
1 0.1880 0.6354
1 0.1902 0.6346
1 0.1924 0.6338
1 0.1946 0.6330
1 0.1968 0.6322
1 0.1989 0.6312
1 0.2010 0.6302
1 0.2031 0.6292
1 0.2052 0.6282
1 0.2072 0.6270
1 0.2092 0.6259
1 0.2112 0.6246
1 0.2132 0.6234
1 0.2151 0.6222
1 0.2170 0.6208
1 0.2189 0.6194
1 0.2207 0.6180
1 0.2226 0.6165
1 0.2243 0.6150
1 0.2261 0.6134
1 0.2278 0.6118
1 0.2294 0.6102
1 0.2310 0.6086
1 0.2326 0.6069
1 0.2342 0.6051
1 0.2357 0.6034
1 0.2372 0.6016
1 0.2386 0.5998
1 0.2400 0.5978
1 0.2414 0.5960
1 0.2426 0.5941
1 0.2439 0.5921
1 0.2451 0.5901
1 0.2463 0.5881
1 0.2474 0.5861
1 0.2485 0.5840
1 0.2495 0.5819
1 0.2505 0.5798
1 0.2514 0.5777
1 0.2523 0.5755
1 0.2531 0.5734
1 0.2539 0.5711
1 0.2547 0.5690
1 0.2554 0.5667
1 0.2560 0.5645
1 0.2566 0.5622
1 0.2571 0.5599
1 0.2576 0.5577
1 0.2581 0.5554
1 0.2584 0.5531
1 0.2587 0.5508
1 0.2590 0.5485
1 0.2593 0.5462
1 0.2594 0.5438
1 0.2595 0.5415
1 0.2596 0.5392
1 0.2596 0.5369
1 0.2596 0.5346
1 0.2595 0.5322
1 0.2594 0.5299
1 0.2591 0.5276
1 0.2589 0.5253
1 0.2586 0.5230
1 0.2582 0.5206
1 0.2578 0.5183
1 0.2574 0.5161
1 0.2569 0.5138
1 0.2563 0.5115
1 0.2557 0.5093
1 0.2550 0.5070
1 0.2543 0.5049
1 0.2536 0.5026
1 0.2527 0.5005
1 0.2519 0.4983
1 0.2510 0.4962
1 0.2500 0.4941
1 0.2490 0.4919
1 0.2479 0.4898
1 0.2469 0.4878
1 0.2457 0.4858
1 0.2446 0.4838
1 0.2433 0.4818
1 0.2420 0.4799
1 0.2406 0.4780
1 0.2393 0.4761
1 0.2379 0.4742
1 0.2365 0.4724
1 0.2350 0.4706
1 0.2334 0.4689
1 0.2318 0.4671
1 0.2302 0.4654
1 0.2286 0.4638
1 0.2269 0.4622
1 0.2252 0.4606
1 0.2234 0.4591
1 0.2217 0.4577
1 0.2198 0.4562
1 0.2180 0.4548
1 0.2161 0.4534
1 0.2142 0.4521
1 0.2122 0.4508
1 0.2102 0.4496
1 0.2082 0.4484
1 0.2062 0.4473
1 0.2042 0.4462
1 0.2021 0.4451
1 0.2000 0.4442
1 0.1978 0.4432
1 0.1957 0.4422
1 0.1935 0.4414
1 0.1914 0.4406
1 0.1891 0.4398
1 0.1870 0.4391
1 0.1847 0.4385
1 0.1825 0.4379
1 0.1802 0.4374
1 0.1779 0.4368
1 0.1757 0.4364
1 0.1734 0.4360
1 0.1710 0.4356
1 0.1687 0.4354
1 0.1664 0.4351
1 0.1641 0.4349
1 0.1618 0.4347
1 0.1594 0.4346
1 0.1571 0.4346
1 0.1548 0.4346
1 0.1525 0.4347
1 0.1502 0.4349
1 0.1478 0.4350
1 0.1455 0.4353
1 0.1432 0.4355
1 0.1409 0.4359
1 0.1386 0.4362
1 0.1363 0.4367
1 0.1341 0.4372
1 0.1318 0.4378
1 0.1295 0.4383
1 0.1273 0.4390
1 0.1250 0.4397
1 0.1229 0.4404
1 0.1206 0.4412
1 0.1185 0.4421
1 0.1163 0.4430
1 0.1142 0.4439
1 0.1122 0.4449
1 0.1100 0.4459
1 0.1080 0.4470
1 0.1059 0.4481
1 0.1039 0.4493
1 0.1019 0.4505
1 0.1000 0.4518
1 0.0981 0.4531
1 0.0962 0.4544
1 0.0943 0.4558
1 0.0925 0.4573
1 0.0907 0.4587
1 0.0889 0.4602
1 0.0872 0.4618
1 0.0855 0.4634
1 0.0838 0.4650
1 0.0822 0.4667
1 0.0806 0.4684
1 0.0791 0.4702
1 0.0776 0.4719
1 0.0762 0.4738
1 0.0747 0.4756
1 0.0734 0.4774
1 0.0720 0.4794
1 0.0707 0.4813
1 0.0694 0.4833
1 0.0682 0.4853
1 0.0671 0.4873
1 0.0660 0.4894
1 0.0649 0.4914
1 0.0639 0.4935
1 0.0629 0.4956
1 0.0620 0.4978
1 0.0611 0.4999
1 0.0603 0.5021
1 0.0595 0.5043
1 0.0588 0.5065
1 0.0582 0.5087
1 0.0575 0.5110
1 0.0570 0.5132
1 0.0564 0.5155
1 0.0559 0.5178
1 0.0555 0.5201
1 0.0551 0.5223
1 0.0548 0.5246
1 0.0546 0.5270
1 0.0543 0.5293
1 0.0542 0.5316
1 0.0541 0.5339
1 0.0540 0.5362
1 0.0540 0.5386
1 0.0541 0.5409
1 0.0542 0.5433
1 0.0543 0.5456
1 0.0546 0.5479
1 0.0548 0.5502
1 0.0551 0.5525
1 0.0555 0.5548
1 0.0559 0.5571
1 0.0564 0.5594
1 0.0569 0.5616
1 0.0575 0.5639
1 0.0581 0.5662
1 0.0588 0.5684
1 0.0595 0.5706
1 0.0603 0.5728
1 0.0611 0.5750
1 0.0620 0.5771
1 0.0629 0.5793
1 0.0639 0.5814
1 0.0649 0.5834
1 0.0660 0.5855
1 0.0670 0.5876
1 0.0682 0.5896
1 0.0694 0.5916
1 0.0707 0.5935
1 0.0720 0.5954
1 0.0733 0.5974
1 0.0747 0.5993
1 0.0761 0.6011
1 0.0776 0.6029
1 0.0790 0.6047
1 0.0806 0.6064
1 0.0822 0.6082
1 0.0838 0.6098
1 0.0854 0.6114
1 0.0872 0.6130
1 0.0889 0.6146
1 0.0906 0.6161
1 0.0925 0.6176
1 0.0943 0.6190
1 0.0962 0.6204
1 0.0981 0.6218
1 0.1000 0.6231
1 0.0784 0.6605
1 0.0189 0.5574
1 0.0198 0.5566
1 0.0206 0.5558
1 0.0214 0.5550
1 0.0222 0.5542
1 0.0230 0.5533
1 0.0237 0.5523
1 0.0243 0.5514
1 0.0250 0.5503
1 0.0255 0.5494
1 0.0260 0.5483
1 0.0265 0.5472
1 0.0269 0.5462
1 0.0273 0.5450
1 0.0276 0.5439
1 0.0278 0.5428
1 0.0281 0.5416
1 0.0282 0.5405
1 0.0284 0.5393
1 0.0284 0.5382
1 0.0284 0.5370
1 0.0284 0.5358
1 0.0282 0.5346
1 0.0281 0.5334
1 0.0279 0.5323
1 0.0277 0.5312
1 0.0274 0.5301
1 0.0270 0.5290
1 0.0266 0.5278
1 0.0261 0.5268
1 0.0256 0.5258
1 0.0250 0.5247
1 0.0244 0.5237
1 0.0238 0.5227
1 0.0231 0.5218
1 0.0223 0.5209
1 0.0216 0.5200
1 0.0207 0.5192
1 0.0199 0.5184
1 0.0190 0.5176
1 0.0181 0.5169
1 0.0171 0.5162
1 0.0162 0.5156
1 0.0151 0.5150
1 0.0141 0.5145
1 0.0130 0.5140
1 0.0120 0.5135
1 0.0109 0.5131
1 0.0098 0.5128
1 0.0086 0.5125
1 0.0074 0.5122
1 0.0063 0.5121
1 0.0052 0.5119
1 0.0040 0.5118
1 0.0028 0.5118
1 0.0017 0.5118
1 0.0005 0.5119
1 -0.0006 0.5121
1 -0.0018 0.5122
1 -0.0030 0.5125
1 -0.0041 0.5128
1 -0.0052 0.5131
1 -0.0063 0.5135
1 -0.0074 0.5140
1 -0.0085 0.5145
1 -0.0095 0.5150
1 -0.0105 0.5156
1 -0.0115 0.5162
1 -0.0125 0.5169
1 -0.0134 0.5176
1 -0.0142 0.5184
1 -0.0151 0.5192
1 -0.0159 0.5200
1 -0.0167 0.5209
1 -0.0174 0.5218
1 -0.0182 0.5227
1 -0.0188 0.5237
1 -0.0194 0.5247
1 -0.0199 0.5258
1 -0.0205 0.5268
1 -0.0209 0.5278
1 -0.0214 0.5290
1 -0.0217 0.5301
1 -0.0220 0.5312
1 -0.0222 0.5323
1 -0.0225 0.5334
1 -0.0226 0.5346
1 -0.0227 0.5358
1 -0.0228 0.5370
1 -0.0228 0.5382
1 -0.0227 0.5393
1 -0.0226 0.5405
1 -0.0224 0.5416
1 -0.0222 0.5428
1 -0.0219 0.5439
1 -0.0216 0.5450
1 -0.0213 0.5462
1 -0.0208 0.5472
1 -0.0203 0.5483
1 -0.0198 0.5494
1 -0.0193 0.5503
1 -0.0186 0.5514
1 -0.0180 0.5523
1 -0.0173 0.5533
1 -0.0166 0.5542
1 -0.0158 0.5550
1 -0.0150 0.5558
1 -0.0141 0.5566
1 -0.0132 0.5574
1 -0.0727 0.6605
1 -0.0943 0.6231
112 1253 339
0 -0.1512 0.5502
1 -0.1118 0.6184
1 -0.1138 0.6193
1 -0.1158 0.6202
1 -0.1178 0.6210
1 -0.1199 0.6218
1 -0.1219 0.6226
1 -0.1240 0.6233
1 -0.1262 0.6239
1 -0.1282 0.6245
1 -0.1304 0.6250
1 -0.1325 0.6255
1 -0.1346 0.6259
1 -0.1368 0.6263
1 -0.1390 0.6266
1 -0.1412 0.6269
1 -0.1434 0.6271
1 -0.1455 0.6273
1 -0.1478 0.6274
1 -0.1499 0.6274
1 -0.1521 0.6274
1 -0.1543 0.6274
1 -0.1565 0.6273
1 -0.1587 0.6271
1 -0.1609 0.6269
1 -0.1630 0.6266
1 -0.1652 0.6263
1 -0.1674 0.6260
1 -0.1695 0.6255
1 -0.1717 0.6250
1 -0.1738 0.6246
1 -0.1759 0.6240
1 -0.1780 0.6234
1 -0.1801 0.6226
1 -0.1822 0.6219
1 -0.1842 0.6211
1 -0.1862 0.6203
1 -0.1882 0.6194
1 -0.1902 0.6185
1 -0.1922 0.6175
1 -0.1942 0.6165
1 -0.1961 0.6154
1 -0.1979 0.6143
1 -0.1998 0.6132
1 -0.2017 0.6119
1 -0.2034 0.6107
1 -0.2052 0.6094
1 -0.2070 0.6081
1 -0.2086 0.6067
1 -0.2103 0.6053
1 -0.2120 0.6038
1 -0.2135 0.6023
1 -0.2151 0.6008
1 -0.2166 0.5992
1 -0.2182 0.5976
1 -0.2196 0.5959
1 -0.2210 0.5942
1 -0.2223 0.5926
1 -0.2237 0.5908
1 -0.2250 0.5890
1 -0.2262 0.5872
1 -0.2274 0.5854
1 -0.2285 0.5834
1 -0.2296 0.5816
1 -0.2306 0.5797
1 -0.2317 0.5777
1 -0.2326 0.5758
1 -0.2335 0.5738
1 -0.2344 0.5717
1 -0.2352 0.5697
1 -0.2360 0.5676
1 -0.2366 0.5655
1 -0.2374 0.5634
1 -0.2379 0.5614
1 -0.2385 0.5592
1 -0.2390 0.5571
1 -0.2394 0.5550
1 -0.2398 0.5528
1 -0.2402 0.5506
1 -0.2405 0.5485
1 -0.2407 0.5462
1 -0.2410 0.5441
1 -0.2410 0.5419
1 -0.2411 0.5397
1 -0.2412 0.5375
1 -0.2411 0.5353
1 -0.2410 0.5331
1 -0.2410 0.5310
1 -0.2407 0.5287
1 -0.2405 0.5266
1 -0.2402 0.5244
1 -0.2398 0.5222
1 -0.2395 0.5201
1 -0.2390 0.5179
1 -0.2386 0.5158
1 -0.2380 0.5137
1 -0.2374 0.5115
1 -0.2367 0.5094
1 -0.2360 0.5074
1 -0.2353 0.5054
1 -0.2345 0.5033
1 -0.2336 0.5013
1 -0.2326 0.4993
1 -0.2318 0.4973
1 -0.2307 0.4954
1 -0.2297 0.4934
1 -0.2286 0.4915
1 -0.2274 0.4897
1 -0.2262 0.4878
1 -0.2250 0.4860
1 -0.2238 0.4842
1 -0.2224 0.4825
1 -0.2210 0.4807
1 -0.2197 0.4790
1 -0.2182 0.4774
1 -0.2167 0.4758
1 -0.2152 0.4742
1 -0.2137 0.4726
1 -0.2121 0.4711
1 -0.2104 0.4697
1 -0.2087 0.4682
1 -0.2070 0.4669
1 -0.2053 0.4655
1 -0.2035 0.4642
1 -0.2018 0.4630
1 -0.1999 0.4618
1 -0.1981 0.4606
1 -0.1962 0.4595
1 -0.1942 0.4584
1 -0.1923 0.4574
1 -0.1904 0.4564
1 -0.1884 0.4555
1 -0.1864 0.4546
1 -0.1843 0.4538
1 -0.1823 0.4530
1 -0.1802 0.4522
1 -0.1782 0.4516
1 -0.1761 0.4510
1 -0.1739 0.4504
1 -0.1718 0.4498
1 -0.1697 0.4494
1 -0.1675 0.4490
1 -0.1654 0.4486
1 -0.1632 0.4482
1 -0.1610 0.4480
1 -0.1588 0.4478
1 -0.1566 0.4476
1 -0.1544 0.4475
1 -0.1522 0.4474
1 -0.1501 0.4474
1 -0.1478 0.4475
1 -0.1457 0.4476
1 -0.1435 0.4478
1 -0.1413 0.4480
1 -0.1391 0.4482
1 -0.1370 0.4486
1 -0.1348 0.4490
1 -0.1326 0.4494
1 -0.1305 0.4498
1 -0.1284 0.4504
1 -0.1262 0.4510
1 -0.1242 0.4516
1 -0.1221 0.4522
1 -0.1200 0.4530
1 -0.1180 0.4538
1 -0.1159 0.4546
1 -0.1139 0.4555
1 -0.1119 0.4565
1 -0.1100 0.4574
1 -0.1081 0.4585
1 -0.1062 0.4595
1 -0.1042 0.4606
1 -0.1024 0.4618
1 -0.1006 0.4630
1 -0.0987 0.4642
1 -0.0970 0.4656
1 -0.0953 0.4669
1 -0.0935 0.4683
1 -0.0919 0.4698
1 -0.0902 0.4712
1 -0.0886 0.4727
1 -0.0871 0.4742
1 -0.0856 0.4758
1 -0.0841 0.4774
1 -0.0826 0.4791
1 -0.0813 0.4808
1 -0.0799 0.4825
1 -0.0786 0.4842
1 -0.0773 0.4860
1 -0.0761 0.4878
1 -0.0749 0.4897
1 -0.0738 0.4916
1 -0.0726 0.4934
1 -0.0716 0.4954
1 -0.0706 0.4974
1 -0.0697 0.4993
1 -0.0687 0.5013
1 -0.0679 0.5034
1 -0.0670 0.5054
1 -0.0663 0.5074
1 -0.0656 0.5095
1 -0.0650 0.5116
1 -0.0643 0.5137
1 -0.0638 0.5158
1 -0.0633 0.5180
1 -0.0629 0.5201
1 -0.0625 0.5222
1 -0.0621 0.5244
1 -0.0618 0.5266
1 -0.0616 0.5288
1 -0.0614 0.5310
1 -0.0613 0.5332
1 -0.0612 0.5354
1 -0.0612 0.5375
1 -0.0612 0.5398
1 -0.0613 0.5419
1 -0.0614 0.5442
1 -0.0616 0.5463
1 -0.0618 0.5485
1 -0.0622 0.5506
1 -0.0625 0.5528
1 -0.0629 0.5550
1 -0.0634 0.5571
1 -0.0638 0.5593
1 -0.0644 0.5614
1 -0.0650 0.5635
1 -0.0657 0.5656
1 -0.0664 0.5677
1 -0.0671 0.5697
1 -0.0680 0.5718
1 -0.0688 0.5738
1 -0.0698 0.5758
1 -0.0707 0.5778
1 -0.0717 0.5797
1 -0.0727 0.5816
1 -0.0738 0.5835
1 -0.0750 0.5854
1 -0.0762 0.5872
1 -0.0774 0.5890
1 -0.0787 0.5908
1 -0.0800 0.5926
1 -0.0814 0.5942
1 -0.0828 0.5960
1 -0.0842 0.5976
1 -0.0858 0.5992
1 -0.0873 0.6008
1 -0.0888 0.6023
1 -0.0904 0.6038
1 -0.0921 0.6053
1 -0.0938 0.6067
1 -0.0954 0.6081
1 -0.0972 0.6094
1 -0.0990 0.6107
1 -0.1007 0.6120
1 -0.1401 0.5438
1 -0.1397 0.5431
1 -0.1394 0.5424
1 -0.1391 0.5417
1 -0.1389 0.5409
1 -0.1386 0.5402
1 -0.1385 0.5394
1 -0.1384 0.5386
1 -0.1384 0.5378
1 -0.1384 0.5370
1 -0.1384 0.5362
1 -0.1386 0.5354
1 -0.1387 0.5346
1 -0.1389 0.5338
1 -0.1391 0.5330
1 -0.1394 0.5323
1 -0.1398 0.5316
1 -0.1402 0.5309
1 -0.1406 0.5302
1 -0.1410 0.5296
1 -0.1416 0.5290
1 -0.1422 0.5284
1 -0.1427 0.5278
1 -0.1433 0.5274
1 -0.1440 0.5269
1 -0.1446 0.5264
1 -0.1454 0.5261
1 -0.1461 0.5257
1 -0.1468 0.5254
1 -0.1475 0.5252
1 -0.1483 0.5250
1 -0.1491 0.5248
1 -0.1499 0.5247
1 -0.1507 0.5246
1 -0.1515 0.5246
1 -0.1523 0.5247
1 -0.1531 0.5248
1 -0.1538 0.5250
1 -0.1546 0.5251
1 -0.1554 0.5254
1 -0.1562 0.5257
1 -0.1569 0.5260
1 -0.1576 0.5263
1 -0.1582 0.5268
1 -0.1589 0.5272
1 -0.1595 0.5278
1 -0.1601 0.5282
1 -0.1606 0.5289
1 -0.1612 0.5294
1 -0.1617 0.5301
1 -0.1621 0.5308
1 -0.1625 0.5314
1 -0.1629 0.5322
1 -0.1631 0.5329
1 -0.1634 0.5337
1 -0.1636 0.5344
1 -0.1638 0.5352
1 -0.1639 0.5360
1 -0.1639 0.5368
1 -0.1640 0.5376
1 -0.1639 0.5384
1 -0.1638 0.5392
1 -0.1637 0.5400
1 -0.1635 0.5407
1 -0.1633 0.5415
1 -0.1630 0.5422
1 -0.1627 0.5430
1 -0.1623 0.5437
1 -0.1619 0.5444
1 -0.1614 0.5450
1 -0.1610 0.5457
1 -0.1605 0.5462
1 -0.1598 0.5468
1 -0.1593 0.5474
1 -0.1586 0.5478
1 -0.1580 0.5482
1 -0.1573 0.5487
1 -0.1566 0.5490
1 -0.1558 0.5494
1 -0.1551 0.5496
1 -0.1543 0.5498
1 -0.1535 0.5500
1 -0.1528 0.5502
1 -0.1520 0.5502
1 -0.1512 0.5502
112 1253 12
0 -0.0014 0.5626
1 -0.0613 0.6662
1 0.0670 0.6662
1 0.0071 0.5626
1 0.0061 0.5628
1 0.0050 0.5630
1 0.0039 0.5630
1 0.0028 0.5630
1 0.0018 0.5630
1 0.0006 0.5630
1 -0.0004 0.5628
1 -0.0014 0.5626
112 1253 339
0 0.1458 0.5438
1 0.1064 0.6120
1 0.1046 0.6107
1 0.1028 0.6094
1 0.1011 0.6081
1 0.0994 0.6067
1 0.0977 0.6053
1 0.0961 0.6038
1 0.0945 0.6023
1 0.0929 0.6008
1 0.0914 0.5992
1 0.0899 0.5976
1 0.0885 0.5960
1 0.0870 0.5942
1 0.0857 0.5926
1 0.0843 0.5908
1 0.0831 0.5890
1 0.0818 0.5872
1 0.0806 0.5854
1 0.0795 0.5835
1 0.0784 0.5816
1 0.0774 0.5797
1 0.0763 0.5778
1 0.0754 0.5758
1 0.0745 0.5738
1 0.0736 0.5718
1 0.0728 0.5697
1 0.0721 0.5677
1 0.0714 0.5656
1 0.0706 0.5635
1 0.0701 0.5614
1 0.0695 0.5593
1 0.0690 0.5571
1 0.0686 0.5550
1 0.0682 0.5528
1 0.0678 0.5506
1 0.0675 0.5485
1 0.0673 0.5463
1 0.0670 0.5442
1 0.0670 0.5419
1 0.0669 0.5398
1 0.0668 0.5375
1 0.0669 0.5354
1 0.0670 0.5332
1 0.0670 0.5310
1 0.0673 0.5288
1 0.0675 0.5266
1 0.0678 0.5244
1 0.0681 0.5222
1 0.0685 0.5201
1 0.0690 0.5180
1 0.0694 0.5158
1 0.0700 0.5137
1 0.0706 0.5116
1 0.0713 0.5095
1 0.0720 0.5074
1 0.0727 0.5054
1 0.0735 0.5034
1 0.0744 0.5013
1 0.0753 0.4993
1 0.0762 0.4974
1 0.0773 0.4954
1 0.0783 0.4934
1 0.0794 0.4916
1 0.0806 0.4897
1 0.0818 0.4878
1 0.0830 0.4860
1 0.0842 0.4842
1 0.0855 0.4825
1 0.0869 0.4808
1 0.0883 0.4791
1 0.0898 0.4774
1 0.0912 0.4758
1 0.0927 0.4742
1 0.0943 0.4727
1 0.0959 0.4712
1 0.0975 0.4698
1 0.0992 0.4683
1 0.1009 0.4669
1 0.1026 0.4656
1 0.1044 0.4642
1 0.1062 0.4630
1 0.1081 0.4618
1 0.1099 0.4606
1 0.1118 0.4595
1 0.1137 0.4585
1 0.1156 0.4574
1 0.1176 0.4565
1 0.1196 0.4555
1 0.1216 0.4546
1 0.1236 0.4538
1 0.1257 0.4530
1 0.1278 0.4522
1 0.1298 0.4516
1 0.1319 0.4510
1 0.1340 0.4504
1 0.1362 0.4498
1 0.1383 0.4494
1 0.1405 0.4490
1 0.1426 0.4486
1 0.1448 0.4482
1 0.1470 0.4480
1 0.1491 0.4478
1 0.1514 0.4476
1 0.1535 0.4475
1 0.1557 0.4474
1 0.1579 0.4474
1 0.1601 0.4475
1 0.1623 0.4476
1 0.1645 0.4478
1 0.1666 0.4480
1 0.1688 0.4482
1 0.1710 0.4486
1 0.1732 0.4490
1 0.1753 0.4494
1 0.1774 0.4498
1 0.1796 0.4504
1 0.1817 0.4510
1 0.1838 0.4516
1 0.1859 0.4522
1 0.1879 0.4530
1 0.1900 0.4538
1 0.1920 0.4546
1 0.1940 0.4555
1 0.1960 0.4564
1 0.1980 0.4574
1 0.1999 0.4584
1 0.2018 0.4595
1 0.2037 0.4606
1 0.2056 0.4618
1 0.2074 0.4630
1 0.2092 0.4642
1 0.2110 0.4655
1 0.2127 0.4669
1 0.2144 0.4682
1 0.2161 0.4697
1 0.2177 0.4711
1 0.2193 0.4726
1 0.2209 0.4742
1 0.2224 0.4758
1 0.2238 0.4774
1 0.2253 0.4790
1 0.2267 0.4807
1 0.2281 0.4825
1 0.2294 0.4842
1 0.2306 0.4860
1 0.2319 0.4878
1 0.2331 0.4897
1 0.2342 0.4915
1 0.2354 0.4934
1 0.2364 0.4954
1 0.2374 0.4973
1 0.2383 0.4993
1 0.2393 0.5013
1 0.2401 0.5033
1 0.2409 0.5054
1 0.2417 0.5074
1 0.2424 0.5094
1 0.2430 0.5115
1 0.2436 0.5137
1 0.2442 0.5158
1 0.2447 0.5179
1 0.2451 0.5201
1 0.2455 0.5222
1 0.2458 0.5244
1 0.2462 0.5266
1 0.2464 0.5287
1 0.2466 0.5310
1 0.2467 0.5331
1 0.2468 0.5353
1 0.2468 0.5375
1 0.2468 0.5397
1 0.2467 0.5419
1 0.2466 0.5441
1 0.2464 0.5462
1 0.2462 0.5485
1 0.2458 0.5506
1 0.2455 0.5528
1 0.2451 0.5550
1 0.2446 0.5571
1 0.2442 0.5592
1 0.2436 0.5614
1 0.2430 0.5634
1 0.2423 0.5655
1 0.2416 0.5676
1 0.2409 0.5697
1 0.2401 0.5717
1 0.2392 0.5738
1 0.2383 0.5758
1 0.2374 0.5777
1 0.2363 0.5797
1 0.2353 0.5816
1 0.2342 0.5834
1 0.2330 0.5854
1 0.2318 0.5872
1 0.2306 0.5890
1 0.2294 0.5908
1 0.2280 0.5926
1 0.2266 0.5942
1 0.2252 0.5959
1 0.2238 0.5976
1 0.2223 0.5992
1 0.2208 0.6008
1 0.2192 0.6023
1 0.2176 0.6038
1 0.2160 0.6053
1 0.2143 0.6067
1 0.2126 0.6081
1 0.2109 0.6094
1 0.2091 0.6107
1 0.2073 0.6119
1 0.2054 0.6132
1 0.2036 0.6143
1 0.2018 0.6154
1 0.1998 0.6165
1 0.1978 0.6175
1 0.1959 0.6185
1 0.1939 0.6194
1 0.1919 0.6203
1 0.1898 0.6211
1 0.1878 0.6219
1 0.1858 0.6226
1 0.1837 0.6234
1 0.1816 0.6240
1 0.1794 0.6246
1 0.1774 0.6250
1 0.1752 0.6255
1 0.1730 0.6260
1 0.1709 0.6263
1 0.1687 0.6266
1 0.1666 0.6269
1 0.1643 0.6271
1 0.1622 0.6273
1 0.1600 0.6274
1 0.1578 0.6274
1 0.1556 0.6274
1 0.1534 0.6274
1 0.1512 0.6273
1 0.1490 0.6271
1 0.1468 0.6269
1 0.1446 0.6266
1 0.1425 0.6263
1 0.1403 0.6259
1 0.1382 0.6255
1 0.1360 0.6250
1 0.1339 0.6245
1 0.1318 0.6239
1 0.1297 0.6233
1 0.1276 0.6226
1 0.1255 0.6218
1 0.1235 0.6210
1 0.1214 0.6202
1 0.1194 0.6193
1 0.1174 0.6184
1 0.1568 0.5502
1 0.1576 0.5502
1 0.1584 0.5502
1 0.1592 0.5500
1 0.1600 0.5498
1 0.1607 0.5496
1 0.1615 0.5494
1 0.1622 0.5490
1 0.1630 0.5487
1 0.1636 0.5482
1 0.1643 0.5478
1 0.1650 0.5474
1 0.1655 0.5468
1 0.1661 0.5462
1 0.1666 0.5457
1 0.1671 0.5450
1 0.1676 0.5444
1 0.1680 0.5437
1 0.1683 0.5430
1 0.1687 0.5422
1 0.1690 0.5415
1 0.1692 0.5407
1 0.1694 0.5400
1 0.1695 0.5392
1 0.1696 0.5384
1 0.1696 0.5376
1 0.1696 0.5368
1 0.1695 0.5360
1 0.1694 0.5352
1 0.1693 0.5344
1 0.1690 0.5337
1 0.1688 0.5329
1 0.1685 0.5322
1 0.1682 0.5314
1 0.1678 0.5308
1 0.1673 0.5301
1 0.1668 0.5294
1 0.1663 0.5289
1 0.1658 0.5282
1 0.1652 0.5278
1 0.1646 0.5272
1 0.1639 0.5268
1 0.1632 0.5263
1 0.1626 0.5260
1 0.1618 0.5257
1 0.1610 0.5254
1 0.1603 0.5251
1 0.1595 0.5250
1 0.1587 0.5248
1 0.1579 0.5247
1 0.1571 0.5246
1 0.1563 0.5246
1 0.1555 0.5247
1 0.1548 0.5248
1 0.1540 0.5250
1 0.1532 0.5252
1 0.1525 0.5254
1 0.1517 0.5257
1 0.1510 0.5261
1 0.1503 0.5264
1 0.1496 0.5269
1 0.1490 0.5274
1 0.1483 0.5278
1 0.1478 0.5284
1 0.1472 0.5290
1 0.1467 0.5296
1 0.1462 0.5302
1 0.1458 0.5309
1 0.1454 0.5316
1 0.1451 0.5323
1 0.1448 0.5330
1 0.1446 0.5338
1 0.1443 0.5346
1 0.1442 0.5354
1 0.1441 0.5362
1 0.1440 0.5370
1 0.1440 0.5378
1 0.1441 0.5386
1 0.1442 0.5394
1 0.1443 0.5402
1 0.1445 0.5409
1 0.1447 0.5417
1 0.1450 0.5424
1 0.1454 0.5431
1 0.1458 0.5438
112 1250 5
0 0.3026 0.3574
1 0.2356 0.3574
1 0.2234 0.3894
1 0.2903 0.3894
1 0.3026 0.3574
112 1250 5
0 0.0363 0.3574
1 -0.0306 0.3574
1 -0.0306 0.3894
1 0.0363 0.3894
1 0.0363 0.3574
112 1250 5
0 -0.1030 0.3574
1 -0.1700 0.3574
1 -0.1577 0.3894
1 -0.0906 0.3894
1 -0.1030 0.3574
112 1250 5
0 -0.2300 0.3574
1 -0.2970 0.3574
1 -0.2846 0.3894
1 -0.2177 0.3894
1 -0.2300 0.3574
112 1250 5
0 0.0334 0.7912
1 -0.0277 0.7912
1 -0.0277 0.8172
1 0.0334 0.8172
1 0.0334 0.7912
112 1250 5
0 -0.0877 0.7912
1 -0.1486 0.7912
1 -0.1386 0.8172
1 -0.0777 0.8172
1 -0.0877 0.7912
112 1250 5
0 0.1543 0.7912
1 0.0934 0.7912
1 0.0834 0.8172
1 0.1443 0.8172
1 0.1543 0.7912
112 1250 5
0 0.1756 0.3574
1 0.1086 0.3574
1 0.0963 0.3894
1 0.1634 0.3894
1 0.1756 0.3574
