SEcl_PO-7
3302 5 1 1 0 0 0 0 0 0 1 1
1.000
112 1253 229
0 -0.0434 1.0626
1 -0.5223 0.5837
1 -0.5235 0.5824
1 -0.5246 0.5811
1 -0.5258 0.5798
1 -0.5269 0.5786
1 -0.5279 0.5772
1 -0.5290 0.5758
1 -0.5299 0.5744
1 -0.5309 0.5729
1 -0.5318 0.5714
1 -0.5326 0.5699
1 -0.5334 0.5684
1 -0.5342 0.5669
1 -0.5349 0.5654
1 -0.5356 0.5638
1 -0.5362 0.5622
1 -0.5368 0.5606
1 -0.5374 0.5589
1 -0.5378 0.5573
1 -0.5383 0.5556
1 -0.5387 0.5539
1 -0.5391 0.5522
1 -0.5394 0.5506
1 -0.5397 0.5489
1 -0.5399 0.5471
1 -0.5401 0.5454
1 -0.5402 0.5437
1 -0.5402 0.5420
1 -0.5402 0.5402
1 -0.5402 0.5386
1 -0.5402 0.5368
1 -0.5401 0.5351
1 -0.5399 0.5334
1 -0.5397 0.5317
1 -0.5394 0.5300
1 -0.5391 0.5283
1 -0.5387 0.5266
1 -0.5383 0.5250
1 -0.5378 0.5233
1 -0.5374 0.5216
1 -0.5368 0.5200
1 -0.5362 0.5184
1 -0.5356 0.5168
1 -0.5349 0.5152
1 -0.5342 0.5137
1 -0.5334 0.5121
1 -0.5326 0.5106
1 -0.5318 0.5091
1 -0.5309 0.5076
1 -0.5299 0.5062
1 -0.5290 0.5047
1 -0.5279 0.5034
1 -0.5269 0.5020
1 -0.5258 0.5006
1 -0.5246 0.4994
1 -0.5235 0.4981
1 -0.5223 0.4969
1 -0.0434 0.0180
1 -0.0422 0.0168
1 -0.0409 0.0156
1 -0.0396 0.0145
1 -0.0382 0.0134
1 -0.0369 0.0123
1 -0.0355 0.0113
1 -0.0341 0.0103
1 -0.0326 0.0094
1 -0.0312 0.0085
1 -0.0297 0.0077
1 -0.0282 0.0069
1 -0.0266 0.0061
1 -0.0250 0.0054
1 -0.0235 0.0046
1 -0.0219 0.0040
1 -0.0202 0.0034
1 -0.0186 0.0029
1 -0.0170 0.0024
1 -0.0154 0.0019
1 -0.0137 0.0015
1 -0.0120 0.0012
1 -0.0102 0.0009
1 -0.0086 0.0006
1 -0.0069 0.0004
1 -0.0051 0.0002
1 -0.0034 0.0001
1 -0.0018 0.0000
1 0.0000 0.0000
1 0.0018 0.0000
1 0.0034 0.0001
1 0.0051 0.0002
1 0.0069 0.0004
1 0.0086 0.0006
1 0.0102 0.0009
1 0.0120 0.0012
1 0.0137 0.0015
1 0.0154 0.0019
1 0.0170 0.0024
1 0.0186 0.0029
1 0.0202 0.0034
1 0.0219 0.0040
1 0.0235 0.0046
1 0.0250 0.0054
1 0.0266 0.0061
1 0.0282 0.0069
1 0.0297 0.0077
1 0.0312 0.0085
1 0.0326 0.0094
1 0.0341 0.0103
1 0.0355 0.0113
1 0.0369 0.0123
1 0.0382 0.0134
1 0.0396 0.0145
1 0.0409 0.0156
1 0.0422 0.0168
1 0.0434 0.0180
1 0.5223 0.4969
1 0.5235 0.4981
1 0.5246 0.4994
1 0.5258 0.5006
1 0.5269 0.5020
1 0.5279 0.5034
1 0.5290 0.5047
1 0.5299 0.5062
1 0.5309 0.5076
1 0.5318 0.5091
1 0.5326 0.5106
1 0.5334 0.5121
1 0.5342 0.5137
1 0.5349 0.5152
1 0.5356 0.5168
1 0.5362 0.5184
1 0.5368 0.5200
1 0.5374 0.5216
1 0.5378 0.5233
1 0.5383 0.5250
1 0.5387 0.5266
1 0.5391 0.5283
1 0.5394 0.5300
1 0.5397 0.5317
1 0.5399 0.5334
1 0.5401 0.5351
1 0.5402 0.5368
1 0.5402 0.5386
1 0.5402 0.5402
1 0.5402 0.5420
1 0.5402 0.5437
1 0.5401 0.5454
1 0.5399 0.5471
1 0.5397 0.5489
1 0.5394 0.5506
1 0.5391 0.5522
1 0.5387 0.5539
1 0.5383 0.5556
1 0.5378 0.5573
1 0.5374 0.5589
1 0.5368 0.5606
1 0.5362 0.5622
1 0.5356 0.5638
1 0.5349 0.5654
1 0.5342 0.5669
1 0.5334 0.5684
1 0.5326 0.5699
1 0.5318 0.5714
1 0.5309 0.5729
1 0.5299 0.5744
1 0.5290 0.5758
1 0.5279 0.5772
1 0.5269 0.5786
1 0.5258 0.5798
1 0.5246 0.5811
1 0.5235 0.5824
1 0.5223 0.5837
1 0.0434 1.0626
1 0.0422 1.0638
1 0.0409 1.0650
1 0.0396 1.0661
1 0.0382 1.0671
1 0.0369 1.0682
1 0.0355 1.0692
1 0.0341 1.0702
1 0.0326 1.0711
1 0.0312 1.0720
1 0.0297 1.0729
1 0.0282 1.0737
1 0.0266 1.0745
1 0.0250 1.0752
1 0.0235 1.0758
1 0.0219 1.0765
1 0.0202 1.0771
1 0.0186 1.0776
1 0.0170 1.0782
1 0.0154 1.0786
1 0.0137 1.0790
1 0.0120 1.0794
1 0.0102 1.0797
1 0.0086 1.0799
1 0.0069 1.0802
1 0.0051 1.0803
1 0.0034 1.0804
1 0.0018 1.0805
1 0.0000 1.0806
1 -0.0018 1.0805
1 -0.0034 1.0804
1 -0.0051 1.0803
1 -0.0069 1.0802
1 -0.0086 1.0799
1 -0.0102 1.0797
1 -0.0120 1.0794
1 -0.0137 1.0790
1 -0.0154 1.0786
1 -0.0170 1.0782
1 -0.0186 1.0776
1 -0.0202 1.0771
1 -0.0219 1.0765
1 -0.0235 1.0758
1 -0.0250 1.0752
1 -0.0266 1.0745
1 -0.0282 1.0737
1 -0.0297 1.0729
1 -0.0312 1.0720
1 -0.0326 1.0711
1 -0.0341 1.0702
1 -0.0355 1.0692
1 -0.0369 1.0682
1 -0.0382 1.0671
1 -0.0396 1.0661
1 -0.0409 1.0650
1 -0.0422 1.0638
1 -0.0434 1.0626
112 1250 197
0 -0.0340 1.0531
1 -0.5129 0.5742
1 -0.5139 0.5731
1 -0.5150 0.5719
1 -0.5160 0.5707
1 -0.5170 0.5695
1 -0.5179 0.5682
1 -0.5188 0.5670
1 -0.5197 0.5656
1 -0.5205 0.5643
1 -0.5213 0.5629
1 -0.5220 0.5615
1 -0.5226 0.5601
1 -0.5233 0.5586
1 -0.5238 0.5572
1 -0.5244 0.5557
1 -0.5249 0.5542
1 -0.5253 0.5527
1 -0.5257 0.5512
1 -0.5260 0.5496
1 -0.5263 0.5481
1 -0.5266 0.5466
1 -0.5267 0.5450
1 -0.5268 0.5434
1 -0.5269 0.5418
1 -0.5270 0.5402
1 -0.5269 0.5387
1 -0.5268 0.5371
1 -0.5267 0.5356
1 -0.5266 0.5340
1 -0.5263 0.5325
1 -0.5260 0.5309
1 -0.5257 0.5294
1 -0.5253 0.5278
1 -0.5249 0.5263
1 -0.5244 0.5248
1 -0.5238 0.5234
1 -0.5233 0.5219
1 -0.5226 0.5205
1 -0.5220 0.5190
1 -0.5213 0.5176
1 -0.5205 0.5162
1 -0.5197 0.5149
1 -0.5188 0.5136
1 -0.5179 0.5123
1 -0.5170 0.5110
1 -0.5160 0.5098
1 -0.5150 0.5086
1 -0.5139 0.5074
1 -0.5129 0.5063
1 -0.0340 0.0274
1 -0.0328 0.0263
1 -0.0317 0.0253
1 -0.0305 0.0242
1 -0.0293 0.0233
1 -0.0280 0.0223
1 -0.0267 0.0214
1 -0.0254 0.0206
1 -0.0240 0.0198
1 -0.0226 0.0190
1 -0.0213 0.0183
1 -0.0198 0.0176
1 -0.0184 0.0170
1 -0.0169 0.0164
1 -0.0154 0.0159
1 -0.0139 0.0154
1 -0.0124 0.0150
1 -0.0109 0.0146
1 -0.0094 0.0142
1 -0.0078 0.0140
1 -0.0062 0.0138
1 -0.0047 0.0136
1 -0.0031 0.0134
1 -0.0016 0.0134
1 0.0000 0.0134
1 0.0016 0.0134
1 0.0031 0.0134
1 0.0047 0.0136
1 0.0062 0.0138
1 0.0078 0.0140
1 0.0094 0.0142
1 0.0109 0.0146
1 0.0124 0.0150
1 0.0139 0.0154
1 0.0154 0.0159
1 0.0169 0.0164
1 0.0184 0.0170
1 0.0198 0.0176
1 0.0213 0.0183
1 0.0226 0.0190
1 0.0240 0.0198
1 0.0254 0.0206
1 0.0267 0.0214
1 0.0280 0.0223
1 0.0292 0.0233
1 0.0305 0.0242
1 0.0317 0.0253
1 0.0328 0.0263
1 0.0340 0.0274
1 0.5129 0.5063
1 0.5139 0.5074
1 0.5150 0.5086
1 0.5160 0.5098
1 0.5170 0.5110
1 0.5179 0.5123
1 0.5188 0.5136
1 0.5197 0.5149
1 0.5205 0.5162
1 0.5213 0.5176
1 0.5220 0.5190
1 0.5226 0.5205
1 0.5233 0.5219
1 0.5238 0.5234
1 0.5244 0.5248
1 0.5249 0.5263
1 0.5253 0.5278
1 0.5257 0.5294
1 0.5260 0.5309
1 0.5263 0.5325
1 0.5266 0.5340
1 0.5267 0.5356
1 0.5268 0.5371
1 0.5269 0.5387
1 0.5270 0.5402
1 0.5269 0.5418
1 0.5268 0.5434
1 0.5267 0.5450
1 0.5266 0.5466
1 0.5263 0.5481
1 0.5260 0.5496
1 0.5257 0.5512
1 0.5253 0.5527
1 0.5249 0.5542
1 0.5244 0.5557
1 0.5238 0.5572
1 0.5233 0.5586
1 0.5226 0.5601
1 0.5220 0.5615
1 0.5213 0.5629
1 0.5205 0.5643
1 0.5197 0.5656
1 0.5188 0.5670
1 0.5179 0.5682
1 0.5170 0.5695
1 0.5160 0.5707
1 0.5150 0.5719
1 0.5139 0.5731
1 0.5129 0.5742
1 0.0340 1.0531
1 0.0328 1.0542
1 0.0317 1.0553
1 0.0305 1.0563
1 0.0292 1.0573
1 0.0280 1.0582
1 0.0267 1.0591
1 0.0254 1.0599
1 0.0240 1.0608
1 0.0226 1.0615
1 0.0213 1.0622
1 0.0198 1.0630
1 0.0184 1.0635
1 0.0169 1.0642
1 0.0154 1.0646
1 0.0139 1.0651
1 0.0124 1.0656
1 0.0109 1.0659
1 0.0094 1.0662
1 0.0078 1.0666
1 0.0062 1.0668
1 0.0047 1.0670
1 0.0031 1.0671
1 0.0016 1.0672
1 0.0000 1.0672
1 -0.0016 1.0672
1 -0.0031 1.0671
1 -0.0047 1.0670
1 -0.0062 1.0668
1 -0.0078 1.0666
1 -0.0094 1.0662
1 -0.0109 1.0659
1 -0.0124 1.0656
1 -0.0139 1.0651
1 -0.0154 1.0646
1 -0.0169 1.0642
1 -0.0184 1.0635
1 -0.0198 1.0630
1 -0.0213 1.0622
1 -0.0226 1.0615
1 -0.0240 1.0608
1 -0.0254 1.0599
1 -0.0267 1.0591
1 -0.0280 1.0582
1 -0.0293 1.0573
1 -0.0305 1.0563
1 -0.0317 1.0553
1 -0.0328 1.0542
1 -0.0340 1.0531
112 1253 133
0 -0.4940 0.5554
1 -0.0151 1.0342
1 -0.0143 1.0350
1 -0.0135 1.0357
1 -0.0127 1.0363
1 -0.0118 1.0370
1 -0.0110 1.0375
1 -0.0101 1.0380
1 -0.0091 1.0385
1 -0.0082 1.0389
1 -0.0072 1.0393
1 -0.0062 1.0396
1 -0.0052 1.0399
1 -0.0042 1.0402
1 -0.0031 1.0403
1 -0.0021 1.0404
1 -0.0010 1.0405
1 0.0000 1.0406
1 0.0010 1.0405
1 0.0021 1.0404
1 0.0031 1.0403
1 0.0042 1.0402
1 0.0052 1.0399
1 0.0062 1.0396
1 0.0072 1.0393
1 0.0082 1.0389
1 0.0091 1.0385
1 0.0101 1.0380
1 0.0110 1.0375
1 0.0118 1.0370
1 0.0127 1.0363
1 0.0135 1.0357
1 0.0143 1.0350
1 0.0151 1.0342
1 0.4940 0.5554
1 0.4947 0.5546
1 0.4954 0.5538
1 0.4961 0.5530
1 0.4966 0.5522
1 0.4972 0.5513
1 0.4978 0.5503
1 0.4982 0.5494
1 0.4986 0.5485
1 0.4990 0.5474
1 0.4994 0.5465
1 0.4996 0.5454
1 0.4998 0.5444
1 0.5000 0.5434
1 0.5002 0.5424
1 0.5002 0.5413
1 0.5002 0.5402
1 0.5002 0.5392
1 0.5002 0.5382
1 0.5000 0.5371
1 0.4998 0.5361
1 0.4996 0.5350
1 0.4994 0.5341
1 0.4990 0.5330
1 0.4986 0.5321
1 0.4982 0.5311
1 0.4978 0.5302
1 0.4972 0.5293
1 0.4966 0.5284
1 0.4961 0.5275
1 0.4954 0.5267
1 0.4947 0.5259
1 0.4940 0.5251
1 0.0151 0.0462
1 0.0143 0.0455
1 0.0135 0.0449
1 0.0127 0.0442
1 0.0118 0.0436
1 0.0110 0.0430
1 0.0101 0.0426
1 0.0091 0.0421
1 0.0082 0.0416
1 0.0072 0.0413
1 0.0062 0.0409
1 0.0052 0.0406
1 0.0042 0.0404
1 0.0031 0.0402
1 0.0021 0.0401
1 0.0010 0.0400
1 0.0000 0.0400
1 -0.0010 0.0400
1 -0.0021 0.0401
1 -0.0031 0.0402
1 -0.0042 0.0404
1 -0.0052 0.0406
1 -0.0062 0.0409
1 -0.0072 0.0413
1 -0.0082 0.0416
1 -0.0091 0.0421
1 -0.0101 0.0426
1 -0.0110 0.0430
1 -0.0118 0.0436
1 -0.0127 0.0442
1 -0.0135 0.0449
1 -0.0143 0.0455
1 -0.0151 0.0462
1 -0.4940 0.5251
1 -0.4947 0.5259
1 -0.4954 0.5267
1 -0.4961 0.5275
1 -0.4966 0.5284
1 -0.4972 0.5293
1 -0.4978 0.5302
1 -0.4982 0.5311
1 -0.4986 0.5321
1 -0.4990 0.5330
1 -0.4994 0.5341
1 -0.4996 0.5350
1 -0.4998 0.5361
1 -0.5000 0.5371
1 -0.5002 0.5382
1 -0.5002 0.5392
1 -0.5002 0.5402
1 -0.5002 0.5413
1 -0.5002 0.5424
1 -0.5000 0.5434
1 -0.4998 0.5444
1 -0.4996 0.5454
1 -0.4994 0.5465
1 -0.4990 0.5474
1 -0.4986 0.5485
1 -0.4982 0.5494
1 -0.4978 0.5503
1 -0.4972 0.5513
1 -0.4966 0.5522
1 -0.4961 0.5530
1 -0.4954 0.5538
1 -0.4947 0.5546
1 -0.4940 0.5554
112 1250 133
0 -0.0009 0.7639
1 0.0010 0.7636
1 0.0030 0.7634
1 0.0049 0.7633
1 0.0069 0.7633
1 0.0088 0.7634
1 0.0107 0.7636
1 0.0127 0.7639
1 0.0146 0.7643
1 0.0166 0.7648
1 0.0185 0.7654
1 0.0203 0.7662
1 0.0222 0.7670
1 0.0240 0.7679
1 0.0258 0.7690
1 0.0275 0.7701
1 0.0292 0.7713
1 0.0309 0.7726
1 0.0325 0.7740
1 0.0340 0.7754
1 0.0355 0.7770
1 0.0370 0.7786
1 0.0383 0.7803
1 0.0396 0.7821
1 0.0408 0.7838
1 0.0420 0.7858
1 0.0430 0.7877
1 0.0441 0.7897
1 0.0450 0.7918
1 0.0458 0.7938
1 0.0466 0.7959
1 0.0472 0.7981
1 0.0478 0.8002
1 0.0482 0.8025
1 0.0486 0.8046
1 0.0490 0.8069
1 0.0492 0.8091
1 0.0493 0.8114
1 0.0494 0.8136
1 0.0493 0.8158
1 0.0491 0.8181
1 0.0488 0.8203
1 0.0485 0.8225
1 0.0481 0.8246
1 0.0475 0.8267
1 0.0470 0.8288
1 0.0462 0.8309
1 0.0454 0.8329
1 0.0446 0.8348
1 0.0436 0.8367
1 0.0426 0.8386
1 0.0414 0.8403
1 0.0402 0.8420
1 0.0390 0.8436
1 0.0377 0.8452
1 0.0363 0.8466
1 0.0349 0.8480
1 0.0334 0.8494
1 0.0318 0.8506
1 0.0302 0.8517
1 0.0285 0.8527
1 0.0267 0.8537
1 0.0250 0.8545
1 0.0232 0.8552
1 0.0214 0.8558
1 0.0194 0.8564
1 0.0176 0.8568
1 0.0157 0.8572
1 0.0138 0.8574
1 0.0118 0.8575
1 0.0098 0.8575
1 0.0079 0.8574
1 0.0059 0.8572
1 0.0040 0.8569
1 0.0021 0.8565
1 0.0002 0.8559
1 -0.0018 0.8553
1 -0.0036 0.8546
1 -0.0054 0.8538
1 -0.0073 0.8528
1 -0.0090 0.8518
1 -0.0108 0.8506
1 -0.0126 0.8494
1 -0.0142 0.8482
1 -0.0158 0.8468
1 -0.0174 0.8454
1 -0.0188 0.8438
1 -0.0202 0.8422
1 -0.0216 0.8405
1 -0.0229 0.8387
1 -0.0242 0.8369
1 -0.0253 0.8350
1 -0.0263 0.8330
1 -0.0274 0.8310
1 -0.0282 0.8290
1 -0.0291 0.8270
1 -0.0298 0.8248
1 -0.0305 0.8227
1 -0.0311 0.8205
1 -0.0316 0.8183
1 -0.0320 0.8161
1 -0.0322 0.8138
1 -0.0325 0.8116
1 -0.0326 0.8094
1 -0.0326 0.8071
1 -0.0326 0.8049
1 -0.0324 0.8026
1 -0.0322 0.8005
1 -0.0318 0.7983
1 -0.0314 0.7962
1 -0.0308 0.7940
1 -0.0302 0.7919
1 -0.0295 0.7899
1 -0.0287 0.7879
1 -0.0278 0.7859
1 -0.0269 0.7841
1 -0.0258 0.7822
1 -0.0248 0.7805
1 -0.0236 0.7787
1 -0.0223 0.7771
1 -0.0210 0.7756
1 -0.0196 0.7741
1 -0.0182 0.7727
1 -0.0166 0.7714
1 -0.0150 0.7702
1 -0.0134 0.7690
1 -0.0118 0.7680
1 -0.0100 0.7671
1 -0.0082 0.7662
1 -0.0065 0.7655
1 -0.0046 0.7649
1 -0.0028 0.7643
1 -0.0009 0.7639
112 1250 315
0 0.0590 0.7386
1 0.0590 0.7386
1 0.0584 0.7393
1 0.0579 0.7399
1 0.0573 0.7406
1 0.0567 0.7412
1 0.0560 0.7418
1 0.0554 0.7422
1 0.0546 0.7428
1 0.0539 0.7432
1 0.0531 0.7436
1 0.0524 0.7440
1 0.0516 0.7443
1 0.0508 0.7446
1 0.0499 0.7448
1 0.0491 0.7450
1 0.0482 0.7451
1 0.0455 0.7459
1 0.0427 0.7466
1 0.0399 0.7473
1 0.0372 0.7478
1 0.0344 0.7484
1 0.0316 0.7489
1 0.0287 0.7494
1 0.0259 0.7498
1 0.0231 0.7501
1 0.0202 0.7504
1 0.0174 0.7506
1 0.0146 0.7508
1 0.0117 0.7510
1 0.0089 0.7510
1 0.0060 0.7510
1 0.0032 0.7510
1 0.0003 0.7510
1 -0.0026 0.7508
1 -0.0054 0.7506
1 -0.0082 0.7504
1 -0.0110 0.7501
1 -0.0139 0.7498
1 -0.0167 0.7494
1 -0.0195 0.7489
1 -0.0223 0.7484
1 -0.0251 0.7478
1 -0.0279 0.7473
1 -0.0307 0.7466
1 -0.0334 0.7459
1 -0.0362 0.7451
1 -0.0371 0.7450
1 -0.0380 0.7447
1 -0.0389 0.7445
1 -0.0398 0.7442
1 -0.0406 0.7438
1 -0.0414 0.7434
1 -0.0423 0.7429
1 -0.0430 0.7424
1 -0.0438 0.7418
1 -0.0446 0.7413
1 -0.0453 0.7407
1 -0.0459 0.7400
1 -0.0466 0.7394
1 -0.0471 0.7386
1 -0.0738 0.6821
1 -0.0901 0.6474
1 -0.1338 0.6252
1 -0.1789 0.6033
1 -0.1794 0.6028
1 -0.1801 0.6022
1 -0.1806 0.6015
1 -0.1811 0.6009
1 -0.1816 0.6002
1 -0.1820 0.5995
1 -0.1824 0.5988
1 -0.1827 0.5980
1 -0.1830 0.5972
1 -0.1832 0.5964
1 -0.1834 0.5956
1 -0.1835 0.5948
1 -0.1836 0.5940
1 -0.1837 0.5931
1 -0.1836 0.5923
1 -0.1835 0.5915
1 -0.1834 0.5906
1 -0.1833 0.5898
1 -0.1830 0.5890
1 -0.1828 0.5882
1 -0.1770 0.5732
1 -0.1766 0.5724
1 -0.1762 0.5717
1 -0.1758 0.5710
1 -0.1754 0.5702
1 -0.1749 0.5696
1 -0.1743 0.5690
1 -0.1737 0.5683
1 -0.1731 0.5678
1 -0.1724 0.5673
1 -0.1718 0.5668
1 -0.1710 0.5663
1 -0.1702 0.5659
1 -0.1695 0.5656
1 -0.1687 0.5653
1 -0.1679 0.5650
1 -0.1671 0.5649
1 -0.1662 0.5647
1 -0.1654 0.5646
1 -0.1646 0.5646
1 -0.1638 0.5646
1 -0.1629 0.5647
1 -0.1621 0.5649
1 -0.1613 0.5650
1 -0.1604 0.5653
1 -0.1597 0.5655
1 -0.1589 0.5659
1 -0.1150 0.5872
1 -0.0716 0.6092
1 -0.0710 0.6096
1 -0.0703 0.6100
1 -0.0697 0.6104
1 -0.0691 0.6109
1 -0.0686 0.6114
1 -0.0680 0.6119
1 -0.0675 0.6125
1 -0.0670 0.6130
1 -0.0666 0.6137
1 -0.0486 0.6418
1 -0.0486 0.5446
1 -0.0584 0.5306
1 -0.1176 0.4358
1 -0.1376 0.2790
1 -0.1377 0.2782
1 -0.1377 0.2774
1 -0.1377 0.2765
1 -0.1376 0.2757
1 -0.1375 0.2749
1 -0.1374 0.2741
1 -0.1371 0.2733
1 -0.1368 0.2725
1 -0.1365 0.2718
1 -0.1362 0.2710
1 -0.1358 0.2703
1 -0.1353 0.2696
1 -0.1348 0.2690
1 -0.1342 0.2683
1 -0.1337 0.2678
1 -0.1331 0.2672
1 -0.1325 0.2667
1 -0.1318 0.2662
1 -0.1311 0.2658
1 -0.1304 0.2654
1 -0.1296 0.2650
1 -0.1289 0.2647
1 -0.1281 0.2645
1 -0.1273 0.2642
1 -0.1265 0.2641
1 -0.1049 0.2606
1 -0.1041 0.2606
1 -0.1033 0.2605
1 -0.1025 0.2605
1 -0.1017 0.2605
1 -0.1008 0.2606
1 -0.1000 0.2607
1 -0.0992 0.2610
1 -0.0985 0.2612
1 -0.0977 0.2615
1 -0.0970 0.2618
1 -0.0962 0.2622
1 -0.0955 0.2626
1 -0.0949 0.2631
1 -0.0942 0.2636
1 -0.0936 0.2642
1 -0.0930 0.2647
1 -0.0925 0.2654
1 -0.0920 0.2660
1 -0.0915 0.2666
1 -0.0911 0.2674
1 -0.0907 0.2681
1 -0.0904 0.2689
1 -0.0901 0.2696
1 -0.0899 0.2704
1 -0.0897 0.2712
1 -0.0896 0.2720
1 -0.0713 0.4073
1 -0.0173 0.4895
1 -0.0064 0.5060
1 -0.0024 0.4746
1 0.0090 0.3857
1 0.0806 0.2342
1 0.0809 0.2334
1 0.0814 0.2327
1 0.0818 0.2320
1 0.0823 0.2314
1 0.0829 0.2307
1 0.0834 0.2302
1 0.0841 0.2296
1 0.0847 0.2290
1 0.0854 0.2286
1 0.0862 0.2282
1 0.0869 0.2278
1 0.0877 0.2274
1 0.0885 0.2272
1 0.0893 0.2270
1 0.0901 0.2268
1 0.0909 0.2266
1 0.0918 0.2266
1 0.0926 0.2266
1 0.0934 0.2266
1 0.0942 0.2266
1 0.0950 0.2268
1 0.0959 0.2270
1 0.0967 0.2272
1 0.0975 0.2274
1 0.0982 0.2278
1 0.1236 0.2397
1 0.1244 0.2401
1 0.1251 0.2405
1 0.1258 0.2410
1 0.1264 0.2414
1 0.1270 0.2420
1 0.1276 0.2426
1 0.1282 0.2432
1 0.1287 0.2438
1 0.1292 0.2445
1 0.1296 0.2452
1 0.1300 0.2460
1 0.1303 0.2467
1 0.1306 0.2475
1 0.1309 0.2483
1 0.1310 0.2491
1 0.1312 0.2499
1 0.1313 0.2507
1 0.1313 0.2516
1 0.1313 0.2524
1 0.1312 0.2532
1 0.1311 0.2541
1 0.1310 0.2549
1 0.1307 0.2557
1 0.1305 0.2565
1 0.1302 0.2572
1 0.0677 0.3950
1 0.0666 0.4056
1 0.0554 0.5338
1 0.0554 0.5530
1 0.0554 0.6510
1 0.0718 0.6235
1 0.0722 0.6229
1 0.0726 0.6222
1 0.0730 0.6215
1 0.0732 0.6208
1 0.0734 0.6200
1 0.0737 0.6193
1 0.0738 0.6186
1 0.0739 0.6178
1 0.0740 0.6170
1 0.0740 0.6162
1 0.0740 0.5330
1 0.0740 0.5228
1 0.0741 0.5219
1 0.0742 0.5211
1 0.0742 0.5203
1 0.0745 0.5194
1 0.0747 0.5186
1 0.0750 0.5178
1 0.0753 0.5171
1 0.0757 0.5163
1 0.0761 0.5156
1 0.0766 0.5150
1 0.0771 0.5142
1 0.0777 0.5137
1 0.0782 0.5130
1 0.0789 0.5125
1 0.0795 0.5120
1 0.0802 0.5115
1 0.0810 0.5111
1 0.0817 0.5107
1 0.0825 0.5104
1 0.0833 0.5101
1 0.0841 0.5098
1 0.0849 0.5097
1 0.0857 0.5095
1 0.0866 0.5094
1 0.0874 0.5094
1 0.0978 0.5094
1 0.1024 0.5094
1 0.1032 0.5094
1 0.1040 0.5095
1 0.1048 0.5097
1 0.1056 0.5098
1 0.1063 0.5101
1 0.1071 0.5103
1 0.1078 0.5106
1 0.1086 0.5110
1 0.1093 0.5114
1 0.1100 0.5118
1 0.1106 0.5123
1 0.1113 0.5128
1 0.1118 0.5134
1 0.1124 0.5140
1 0.1129 0.5146
1 0.1134 0.5153
1 0.1138 0.5159
1 0.1142 0.5166
1 0.1146 0.5174
1 0.1149 0.5181
1 0.1151 0.5189
1 0.1154 0.5197
1 0.1155 0.5205
1 0.1156 0.5213
1 0.1156 0.6351
1 0.1155 0.6359
1 0.1154 0.6366
1 0.1152 0.6373
1 0.1150 0.6380
1 0.1147 0.6387
1 0.1144 0.6394
1 0.1141 0.6400
1 0.0590 0.7386
