SEcl_PE-8
3318 19 1 1 0 0 0 0 0 0 1 1
1.000
112 1253 229
0 -0.0434 1.0626
1 -0.5223 0.5837
1 -0.5235 0.5824
1 -0.5246 0.5811
1 -0.5258 0.5798
1 -0.5269 0.5786
1 -0.5279 0.5772
1 -0.5290 0.5758
1 -0.5299 0.5744
1 -0.5309 0.5729
1 -0.5318 0.5714
1 -0.5326 0.5699
1 -0.5334 0.5684
1 -0.5342 0.5669
1 -0.5349 0.5654
1 -0.5356 0.5638
1 -0.5362 0.5622
1 -0.5368 0.5606
1 -0.5374 0.5589
1 -0.5378 0.5573
1 -0.5383 0.5556
1 -0.5387 0.5539
1 -0.5391 0.5522
1 -0.5394 0.5506
1 -0.5397 0.5489
1 -0.5399 0.5471
1 -0.5401 0.5454
1 -0.5402 0.5437
1 -0.5402 0.5420
1 -0.5402 0.5402
1 -0.5402 0.5386
1 -0.5402 0.5368
1 -0.5401 0.5351
1 -0.5399 0.5334
1 -0.5397 0.5317
1 -0.5394 0.5300
1 -0.5391 0.5283
1 -0.5387 0.5266
1 -0.5383 0.5250
1 -0.5378 0.5233
1 -0.5374 0.5216
1 -0.5368 0.5200
1 -0.5362 0.5184
1 -0.5356 0.5168
1 -0.5349 0.5152
1 -0.5342 0.5137
1 -0.5334 0.5121
1 -0.5326 0.5106
1 -0.5318 0.5091
1 -0.5309 0.5076
1 -0.5299 0.5062
1 -0.5290 0.5047
1 -0.5279 0.5034
1 -0.5269 0.5020
1 -0.5258 0.5006
1 -0.5246 0.4994
1 -0.5235 0.4981
1 -0.5223 0.4969
1 -0.0434 0.0180
1 -0.0422 0.0168
1 -0.0409 0.0156
1 -0.0396 0.0145
1 -0.0382 0.0134
1 -0.0369 0.0123
1 -0.0355 0.0113
1 -0.0341 0.0103
1 -0.0326 0.0094
1 -0.0312 0.0085
1 -0.0297 0.0077
1 -0.0282 0.0069
1 -0.0266 0.0061
1 -0.0250 0.0054
1 -0.0235 0.0046
1 -0.0219 0.0040
1 -0.0202 0.0034
1 -0.0186 0.0029
1 -0.0170 0.0024
1 -0.0154 0.0019
1 -0.0137 0.0015
1 -0.0120 0.0012
1 -0.0102 0.0009
1 -0.0086 0.0006
1 -0.0069 0.0004
1 -0.0051 0.0002
1 -0.0034 0.0001
1 -0.0018 0.0000
1 0.0000 0.0000
1 0.0018 0.0000
1 0.0034 0.0001
1 0.0051 0.0002
1 0.0069 0.0004
1 0.0086 0.0006
1 0.0102 0.0009
1 0.0120 0.0012
1 0.0137 0.0015
1 0.0154 0.0019
1 0.0170 0.0024
1 0.0186 0.0029
1 0.0202 0.0034
1 0.0219 0.0040
1 0.0235 0.0046
1 0.0250 0.0054
1 0.0266 0.0061
1 0.0282 0.0069
1 0.0297 0.0077
1 0.0312 0.0085
1 0.0326 0.0094
1 0.0341 0.0103
1 0.0355 0.0113
1 0.0369 0.0123
1 0.0382 0.0134
1 0.0396 0.0145
1 0.0409 0.0156
1 0.0422 0.0168
1 0.0434 0.0180
1 0.5223 0.4969
1 0.5235 0.4981
1 0.5246 0.4994
1 0.5258 0.5006
1 0.5269 0.5020
1 0.5279 0.5034
1 0.5290 0.5047
1 0.5299 0.5062
1 0.5309 0.5076
1 0.5318 0.5091
1 0.5326 0.5106
1 0.5334 0.5121
1 0.5342 0.5137
1 0.5349 0.5152
1 0.5356 0.5168
1 0.5362 0.5184
1 0.5368 0.5200
1 0.5374 0.5216
1 0.5378 0.5233
1 0.5383 0.5250
1 0.5387 0.5266
1 0.5391 0.5283
1 0.5394 0.5300
1 0.5397 0.5317
1 0.5399 0.5334
1 0.5401 0.5351
1 0.5402 0.5368
1 0.5402 0.5386
1 0.5402 0.5402
1 0.5402 0.5420
1 0.5402 0.5437
1 0.5401 0.5454
1 0.5399 0.5471
1 0.5397 0.5489
1 0.5394 0.5506
1 0.5391 0.5522
1 0.5387 0.5539
1 0.5383 0.5556
1 0.5378 0.5573
1 0.5374 0.5589
1 0.5368 0.5606
1 0.5362 0.5622
1 0.5356 0.5638
1 0.5349 0.5654
1 0.5342 0.5669
1 0.5334 0.5684
1 0.5326 0.5699
1 0.5318 0.5714
1 0.5309 0.5729
1 0.5299 0.5744
1 0.5290 0.5758
1 0.5279 0.5772
1 0.5269 0.5786
1 0.5258 0.5798
1 0.5246 0.5811
1 0.5235 0.5824
1 0.5223 0.5837
1 0.0434 1.0626
1 0.0422 1.0638
1 0.0409 1.0650
1 0.0396 1.0661
1 0.0382 1.0671
1 0.0369 1.0682
1 0.0355 1.0692
1 0.0341 1.0702
1 0.0326 1.0711
1 0.0312 1.0720
1 0.0297 1.0729
1 0.0282 1.0737
1 0.0266 1.0745
1 0.0250 1.0752
1 0.0235 1.0758
1 0.0219 1.0765
1 0.0202 1.0771
1 0.0186 1.0776
1 0.0170 1.0782
1 0.0154 1.0786
1 0.0137 1.0790
1 0.0120 1.0794
1 0.0102 1.0797
1 0.0086 1.0799
1 0.0069 1.0802
1 0.0051 1.0803
1 0.0034 1.0804
1 0.0018 1.0805
1 0.0000 1.0806
1 -0.0018 1.0805
1 -0.0034 1.0804
1 -0.0051 1.0803
1 -0.0069 1.0802
1 -0.0086 1.0799
1 -0.0102 1.0797
1 -0.0120 1.0794
1 -0.0137 1.0790
1 -0.0154 1.0786
1 -0.0170 1.0782
1 -0.0186 1.0776
1 -0.0202 1.0771
1 -0.0219 1.0765
1 -0.0235 1.0758
1 -0.0250 1.0752
1 -0.0266 1.0745
1 -0.0282 1.0737
1 -0.0297 1.0729
1 -0.0312 1.0720
1 -0.0326 1.0711
1 -0.0341 1.0702
1 -0.0355 1.0692
1 -0.0369 1.0682
1 -0.0382 1.0671
1 -0.0396 1.0661
1 -0.0409 1.0650
1 -0.0422 1.0638
1 -0.0434 1.0626
112 1250 197
0 -0.0340 1.0531
1 -0.5129 0.5742
1 -0.5139 0.5731
1 -0.5150 0.5719
1 -0.5160 0.5707
1 -0.5170 0.5695
1 -0.5179 0.5682
1 -0.5188 0.5670
1 -0.5197 0.5656
1 -0.5205 0.5643
1 -0.5213 0.5629
1 -0.5220 0.5615
1 -0.5226 0.5601
1 -0.5233 0.5586
1 -0.5238 0.5572
1 -0.5244 0.5557
1 -0.5249 0.5542
1 -0.5253 0.5527
1 -0.5257 0.5512
1 -0.5260 0.5496
1 -0.5263 0.5481
1 -0.5266 0.5466
1 -0.5267 0.5450
1 -0.5268 0.5434
1 -0.5269 0.5418
1 -0.5270 0.5402
1 -0.5269 0.5387
1 -0.5268 0.5371
1 -0.5267 0.5356
1 -0.5266 0.5340
1 -0.5263 0.5325
1 -0.5260 0.5309
1 -0.5257 0.5294
1 -0.5253 0.5278
1 -0.5249 0.5263
1 -0.5244 0.5248
1 -0.5238 0.5234
1 -0.5233 0.5219
1 -0.5226 0.5205
1 -0.5220 0.5190
1 -0.5213 0.5176
1 -0.5205 0.5162
1 -0.5197 0.5149
1 -0.5188 0.5136
1 -0.5179 0.5123
1 -0.5170 0.5110
1 -0.5160 0.5098
1 -0.5150 0.5086
1 -0.5139 0.5074
1 -0.5129 0.5063
1 -0.0340 0.0274
1 -0.0328 0.0263
1 -0.0317 0.0253
1 -0.0305 0.0242
1 -0.0293 0.0233
1 -0.0280 0.0223
1 -0.0267 0.0214
1 -0.0254 0.0206
1 -0.0240 0.0198
1 -0.0226 0.0190
1 -0.0213 0.0183
1 -0.0198 0.0176
1 -0.0184 0.0170
1 -0.0169 0.0164
1 -0.0154 0.0159
1 -0.0139 0.0154
1 -0.0124 0.0150
1 -0.0109 0.0146
1 -0.0094 0.0142
1 -0.0078 0.0140
1 -0.0062 0.0138
1 -0.0047 0.0136
1 -0.0031 0.0134
1 -0.0016 0.0134
1 0.0000 0.0134
1 0.0016 0.0134
1 0.0031 0.0134
1 0.0047 0.0136
1 0.0062 0.0138
1 0.0078 0.0140
1 0.0094 0.0142
1 0.0109 0.0146
1 0.0124 0.0150
1 0.0139 0.0154
1 0.0154 0.0159
1 0.0169 0.0164
1 0.0184 0.0170
1 0.0198 0.0176
1 0.0213 0.0183
1 0.0226 0.0190
1 0.0240 0.0198
1 0.0254 0.0206
1 0.0267 0.0214
1 0.0280 0.0223
1 0.0292 0.0233
1 0.0305 0.0242
1 0.0317 0.0253
1 0.0328 0.0263
1 0.0340 0.0274
1 0.5129 0.5063
1 0.5139 0.5074
1 0.5150 0.5086
1 0.5160 0.5098
1 0.5170 0.5110
1 0.5179 0.5123
1 0.5188 0.5136
1 0.5197 0.5149
1 0.5205 0.5162
1 0.5213 0.5176
1 0.5220 0.5190
1 0.5226 0.5205
1 0.5233 0.5219
1 0.5238 0.5234
1 0.5244 0.5248
1 0.5249 0.5263
1 0.5253 0.5278
1 0.5257 0.5294
1 0.5260 0.5309
1 0.5263 0.5325
1 0.5266 0.5340
1 0.5267 0.5356
1 0.5268 0.5371
1 0.5269 0.5387
1 0.5270 0.5402
1 0.5269 0.5418
1 0.5268 0.5434
1 0.5267 0.5450
1 0.5266 0.5466
1 0.5263 0.5481
1 0.5260 0.5496
1 0.5257 0.5512
1 0.5253 0.5527
1 0.5249 0.5542
1 0.5244 0.5557
1 0.5238 0.5572
1 0.5233 0.5586
1 0.5226 0.5601
1 0.5220 0.5615
1 0.5213 0.5629
1 0.5205 0.5643
1 0.5197 0.5656
1 0.5188 0.5670
1 0.5179 0.5682
1 0.5170 0.5695
1 0.5160 0.5707
1 0.5150 0.5719
1 0.5139 0.5731
1 0.5129 0.5742
1 0.0340 1.0531
1 0.0328 1.0542
1 0.0317 1.0553
1 0.0305 1.0563
1 0.0292 1.0573
1 0.0280 1.0582
1 0.0267 1.0591
1 0.0254 1.0599
1 0.0240 1.0608
1 0.0226 1.0615
1 0.0213 1.0622
1 0.0198 1.0630
1 0.0184 1.0635
1 0.0169 1.0642
1 0.0154 1.0646
1 0.0139 1.0651
1 0.0124 1.0656
1 0.0109 1.0659
1 0.0094 1.0662
1 0.0078 1.0666
1 0.0062 1.0668
1 0.0047 1.0670
1 0.0031 1.0671
1 0.0016 1.0672
1 0.0000 1.0672
1 -0.0016 1.0672
1 -0.0031 1.0671
1 -0.0047 1.0670
1 -0.0062 1.0668
1 -0.0078 1.0666
1 -0.0094 1.0662
1 -0.0109 1.0659
1 -0.0124 1.0656
1 -0.0139 1.0651
1 -0.0154 1.0646
1 -0.0169 1.0642
1 -0.0184 1.0635
1 -0.0198 1.0630
1 -0.0213 1.0622
1 -0.0226 1.0615
1 -0.0240 1.0608
1 -0.0254 1.0599
1 -0.0267 1.0591
1 -0.0280 1.0582
1 -0.0293 1.0573
1 -0.0305 1.0563
1 -0.0317 1.0553
1 -0.0328 1.0542
1 -0.0340 1.0531
112 1253 133
0 -0.4940 0.5554
1 -0.0151 1.0342
1 -0.0143 1.0350
1 -0.0135 1.0357
1 -0.0127 1.0363
1 -0.0118 1.0370
1 -0.0110 1.0375
1 -0.0101 1.0380
1 -0.0091 1.0385
1 -0.0082 1.0389
1 -0.0072 1.0393
1 -0.0062 1.0396
1 -0.0052 1.0399
1 -0.0042 1.0402
1 -0.0031 1.0403
1 -0.0021 1.0404
1 -0.0010 1.0405
1 0.0000 1.0406
1 0.0010 1.0405
1 0.0021 1.0404
1 0.0031 1.0403
1 0.0042 1.0402
1 0.0052 1.0399
1 0.0062 1.0396
1 0.0072 1.0393
1 0.0082 1.0389
1 0.0091 1.0385
1 0.0101 1.0380
1 0.0110 1.0375
1 0.0118 1.0370
1 0.0127 1.0363
1 0.0135 1.0357
1 0.0143 1.0350
1 0.0151 1.0342
1 0.4940 0.5554
1 0.4947 0.5546
1 0.4954 0.5538
1 0.4961 0.5530
1 0.4966 0.5522
1 0.4972 0.5513
1 0.4978 0.5503
1 0.4982 0.5494
1 0.4986 0.5485
1 0.4990 0.5474
1 0.4994 0.5465
1 0.4996 0.5454
1 0.4998 0.5444
1 0.5000 0.5434
1 0.5002 0.5424
1 0.5002 0.5413
1 0.5002 0.5402
1 0.5002 0.5392
1 0.5002 0.5382
1 0.5000 0.5371
1 0.4998 0.5361
1 0.4996 0.5350
1 0.4994 0.5341
1 0.4990 0.5330
1 0.4986 0.5321
1 0.4982 0.5311
1 0.4978 0.5302
1 0.4972 0.5293
1 0.4966 0.5284
1 0.4961 0.5275
1 0.4954 0.5267
1 0.4947 0.5259
1 0.4940 0.5251
1 0.0151 0.0462
1 0.0143 0.0455
1 0.0135 0.0449
1 0.0127 0.0442
1 0.0118 0.0436
1 0.0110 0.0430
1 0.0101 0.0426
1 0.0091 0.0421
1 0.0082 0.0416
1 0.0072 0.0413
1 0.0062 0.0409
1 0.0052 0.0406
1 0.0042 0.0404
1 0.0031 0.0402
1 0.0021 0.0401
1 0.0010 0.0400
1 0.0000 0.0400
1 -0.0010 0.0400
1 -0.0021 0.0401
1 -0.0031 0.0402
1 -0.0042 0.0404
1 -0.0052 0.0406
1 -0.0062 0.0409
1 -0.0072 0.0413
1 -0.0082 0.0416
1 -0.0091 0.0421
1 -0.0101 0.0426
1 -0.0110 0.0430
1 -0.0118 0.0436
1 -0.0127 0.0442
1 -0.0135 0.0449
1 -0.0143 0.0455
1 -0.0151 0.0462
1 -0.4940 0.5251
1 -0.4947 0.5259
1 -0.4954 0.5267
1 -0.4961 0.5275
1 -0.4966 0.5284
1 -0.4972 0.5293
1 -0.4978 0.5302
1 -0.4982 0.5311
1 -0.4986 0.5321
1 -0.4990 0.5330
1 -0.4994 0.5341
1 -0.4996 0.5350
1 -0.4998 0.5361
1 -0.5000 0.5371
1 -0.5002 0.5382
1 -0.5002 0.5392
1 -0.5002 0.5402
1 -0.5002 0.5413
1 -0.5002 0.5424
1 -0.5000 0.5434
1 -0.4998 0.5444
1 -0.4996 0.5454
1 -0.4994 0.5465
1 -0.4990 0.5474
1 -0.4986 0.5485
1 -0.4982 0.5494
1 -0.4978 0.5503
1 -0.4972 0.5513
1 -0.4966 0.5522
1 -0.4961 0.5530
1 -0.4954 0.5538
1 -0.4947 0.5546
1 -0.4940 0.5554
112 1250 1
0 0.2038 0.5486
112 1250 1
0 0.2225 0.5489
112 1250 172
0 -0.0927 0.3401
1 -0.0933 0.3474
1 -0.0939 0.3546
1 -0.0946 0.3619
1 -0.0953 0.3692
1 -0.0960 0.3764
1 -0.0968 0.3837
1 -0.0976 0.3910
1 -0.0993 0.3979
1 -0.1008 0.4049
1 -0.1023 0.4118
1 -0.1038 0.4189
1 -0.1053 0.4258
1 -0.1066 0.4329
1 -0.1080 0.4399
1 -0.1093 0.4470
1 -0.1106 0.4540
1 -0.1118 0.4610
1 -0.1130 0.4681
1 -0.1140 0.4751
1 -0.1151 0.4822
1 -0.1161 0.4893
1 -0.1170 0.4964
1 -0.1179 0.5035
1 -0.1188 0.5106
1 -0.1196 0.5177
1 -0.1204 0.5248
1 -0.1211 0.5319
1 -0.1218 0.5390
1 -0.1218 0.5415
1 -0.1218 0.5440
1 -0.1218 0.5483
1 -0.1217 0.5526
1 -0.1215 0.5569
1 -0.1214 0.5611
1 -0.1210 0.5654
1 -0.1208 0.5697
1 -0.1204 0.5740
1 -0.1200 0.5782
1 -0.1196 0.5825
1 -0.1191 0.5867
1 -0.1186 0.5910
1 -0.1179 0.5953
1 -0.1173 0.5994
1 -0.1166 0.6037
1 -0.1158 0.6079
1 -0.1150 0.6122
1 -0.1142 0.6163
1 -0.1133 0.6205
1 -0.1124 0.6247
1 -0.1114 0.6289
1 -0.1103 0.6330
1 -0.1093 0.6371
1 -0.1081 0.6413
1 -0.1069 0.6454
1 -0.1057 0.6495
1 -0.1044 0.6536
1 -0.1030 0.6577
1 -0.1017 0.6617
1 -0.1002 0.6658
1 -0.0988 0.6698
1 -0.0972 0.6738
1 -0.0957 0.6778
1 -0.0941 0.6818
1 -0.0924 0.6857
1 -0.0906 0.6896
1 0.3040 0.6416
1 0.3053 0.6386
1 0.3065 0.6356
1 0.3076 0.6326
1 0.3087 0.6296
1 0.3098 0.6266
1 0.3109 0.6234
1 0.3118 0.6204
1 0.3127 0.6173
1 0.3136 0.6142
1 0.3145 0.6110
1 0.3152 0.6079
1 0.3160 0.6048
1 0.3166 0.6016
1 0.3173 0.5985
1 0.3178 0.5953
1 0.3184 0.5921
1 0.3189 0.5889
1 0.3193 0.5857
1 0.3197 0.5825
1 0.3200 0.5793
1 0.3203 0.5761
1 0.3205 0.5728
1 0.3207 0.5696
1 0.3208 0.5664
1 0.3209 0.5631
1 0.3209 0.5599
1 0.3209 0.5567
1 0.3208 0.5534
1 0.3207 0.5502
1 0.3205 0.5470
1 0.3202 0.5437
1 0.3200 0.5404
1 0.3197 0.5371
1 0.3193 0.5338
1 0.3188 0.5306
1 0.3183 0.5274
1 0.3178 0.5241
1 0.3172 0.5209
1 0.3165 0.5176
1 0.3158 0.5144
1 0.3150 0.5112
1 0.3142 0.5080
1 0.3134 0.5048
1 0.3125 0.5017
1 0.3115 0.4985
1 0.3105 0.4954
1 0.3094 0.4922
1 -0.0789 0.3853
1 -0.0795 0.3796
1 -0.0801 0.3739
1 -0.0806 0.3682
1 -0.0811 0.3626
1 -0.0815 0.3569
1 -0.0819 0.3511
1 -0.0822 0.3454
1 -0.0825 0.3398
1 -0.0827 0.3338
1 -0.0830 0.3279
1 -0.0830 0.3219
1 -0.0831 0.3160
1 -0.0832 0.3101
1 -0.0832 0.3042
1 -0.0831 0.2982
1 -0.0830 0.2922
1 -0.0828 0.2863
1 -0.0826 0.2804
1 -0.0822 0.2745
1 -0.0819 0.2686
1 -0.0815 0.2626
1 -0.0810 0.2567
1 -0.0806 0.2508
1 -0.0800 0.2449
1 -0.0794 0.2390
1 -0.0788 0.2330
1 -0.0781 0.2271
1 -0.0773 0.2213
1 -0.0765 0.2154
1 -0.0756 0.2095
1 -0.0747 0.2037
1 -0.0738 0.1978
1 -0.0727 0.1919
1 -0.0716 0.1861
1 -0.0705 0.1802
1 -0.0918 0.1802
1 -0.0914 0.1878
1 -0.0910 0.1954
1 -0.0906 0.2031
1 -0.0903 0.2107
1 -0.0901 0.2183
1 -0.0898 0.2259
1 -0.0898 0.2335
1 -0.0896 0.2411
1 -0.0896 0.2488
1 -0.0896 0.2564
1 -0.0896 0.2640
1 -0.0897 0.2716
1 -0.0898 0.2792
1 -0.0900 0.2868
1 -0.0902 0.2945
1 -0.0906 0.3021
1 -0.0909 0.3097
1 -0.0913 0.3173
1 -0.0918 0.3249
1 -0.0922 0.3325
1 -0.0927 0.3401
112 1253 122
0 -0.0823 0.6816
1 -0.0812 0.6798
1 -0.0793 0.6763
1 -0.0774 0.6728
1 -0.0754 0.6692
1 -0.0736 0.6656
1 -0.0718 0.6620
1 -0.0700 0.6583
1 -0.0683 0.6546
1 -0.0667 0.6510
1 -0.0651 0.6473
1 -0.0635 0.6435
1 -0.0620 0.6397
1 -0.0606 0.6360
1 -0.0591 0.6322
1 -0.0577 0.6284
1 -0.0564 0.6245
1 -0.0552 0.6207
1 -0.0540 0.6168
1 -0.0528 0.6129
1 -0.0517 0.6090
1 -0.0507 0.6052
1 -0.0496 0.6012
1 -0.0488 0.5973
1 -0.0478 0.5934
1 -0.0470 0.5894
1 -0.0462 0.5854
1 -0.0454 0.5814
1 -0.0447 0.5774
1 -0.0442 0.5735
1 -0.0435 0.5695
1 -0.0430 0.5654
1 -0.0425 0.5615
1 -0.0421 0.5574
1 -0.0417 0.5534
1 -0.0414 0.5493
1 -0.0412 0.5453
1 -0.0409 0.5413
1 -0.0408 0.5372
1 -0.0407 0.5332
1 -0.0406 0.5292
1 -0.0406 0.5251
1 -0.0407 0.5211
1 -0.0408 0.5170
1 -0.0409 0.5130
1 -0.0412 0.5089
1 -0.0414 0.5049
1 -0.0417 0.5009
1 -0.0421 0.4968
1 -0.0425 0.4928
1 -0.0430 0.4887
1 -0.0436 0.4848
1 -0.0442 0.4808
1 -0.0448 0.4768
1 -0.0455 0.4728
1 -0.0463 0.4688
1 -0.0471 0.4648
1 -0.0479 0.4609
1 -0.0488 0.4569
1 -0.0497 0.4530
1 -0.0508 0.4491
1 -0.0518 0.4452
1 -0.0530 0.4413
1 -0.0541 0.4375
1 -0.0553 0.4336
1 -0.0565 0.4298
1 -0.0579 0.4259
1 -0.0593 0.4221
1 -0.0606 0.4183
1 -0.0621 0.4146
1 -0.0636 0.4108
1 -0.0652 0.4071
1 -0.0668 0.4033
1 -0.0685 0.3996
1 -0.0702 0.3960
1 0.3040 0.4981
1 0.3045 0.4994
1 0.3054 0.5023
1 0.3062 0.5052
1 0.3070 0.5082
1 0.3078 0.5111
1 0.3085 0.5141
1 0.3092 0.5171
1 0.3099 0.5201
1 0.3105 0.5230
1 0.3110 0.5261
1 0.3115 0.5291
1 0.3120 0.5321
1 0.3124 0.5351
1 0.3127 0.5382
1 0.3130 0.5412
1 0.3133 0.5442
1 0.3135 0.5473
1 0.3136 0.5503
1 0.3138 0.5535
1 0.3139 0.5566
1 0.3139 0.5598
1 0.3139 0.5630
1 0.3138 0.5662
1 0.3137 0.5693
1 0.3135 0.5725
1 0.3133 0.5756
1 0.3130 0.5787
1 0.3127 0.5819
1 0.3123 0.5850
1 0.3119 0.5882
1 0.3114 0.5913
1 0.3109 0.5944
1 0.3103 0.5975
1 0.3097 0.6006
1 0.3091 0.6036
1 0.3083 0.6067
1 0.3076 0.6098
1 0.3067 0.6129
1 0.3058 0.6160
1 0.3050 0.6189
1 0.3039 0.6219
1 0.3030 0.6249
1 0.3019 0.6279
1 0.3008 0.6309
1 0.2997 0.6338
1 -0.0823 0.6816
112 1250 124
0 0.0229 0.5430
1 0.0229 0.5421
1 0.0231 0.5380
1 0.0232 0.5339
1 0.0232 0.5298
1 0.0232 0.5257
1 0.0232 0.5216
1 0.0232 0.5174
1 0.0230 0.5134
1 0.0228 0.5093
1 0.0225 0.5052
1 0.0223 0.5010
1 0.0219 0.4970
1 0.0215 0.4929
1 0.0211 0.4888
1 0.0205 0.4847
1 0.0199 0.4807
1 0.0194 0.4767
1 0.0186 0.4725
1 0.0179 0.4685
1 0.0172 0.4645
1 0.0164 0.4605
1 0.0155 0.4564
1 0.0145 0.4525
1 0.0135 0.4485
1 0.0125 0.4445
1 0.0115 0.4406
1 0.0103 0.4366
1 0.0091 0.4326
1 0.0079 0.4288
1 0.0061 0.4234
1 -0.0055 0.4202
1 -0.0024 0.4293
1 -0.0013 0.4330
1 -0.0001 0.4367
1 0.0010 0.4405
1 0.0021 0.4443
1 0.0031 0.4481
1 0.0041 0.4519
1 0.0050 0.4558
1 0.0060 0.4596
1 0.0067 0.4635
1 0.0075 0.4673
1 0.0082 0.4712
1 0.0090 0.4751
1 0.0096 0.4789
1 0.0101 0.4829
1 0.0107 0.4868
1 0.0112 0.4907
1 0.0116 0.4946
1 0.0120 0.4985
1 0.0123 0.5025
1 0.0126 0.5064
1 0.0128 0.5103
1 0.0130 0.5143
1 0.0132 0.5182
1 0.0132 0.5221
1 0.0132 0.5261
1 0.0132 0.5300
1 0.0132 0.5339
1 0.0131 0.5379
1 0.0129 0.5418
1 0.0127 0.5457
1 0.0124 0.5497
1 0.0121 0.5537
1 0.0117 0.5576
1 0.0113 0.5616
1 0.0108 0.5656
1 0.0103 0.5695
1 0.0098 0.5734
1 0.0091 0.5773
1 0.0084 0.5812
1 0.0077 0.5852
1 0.0069 0.5891
1 0.0061 0.5930
1 0.0052 0.5968
1 0.0043 0.6007
1 0.0033 0.6045
1 0.0023 0.6084
1 0.0012 0.6122
1 0.0001 0.6160
1 -0.0011 0.6198
1 -0.0023 0.6236
1 -0.0036 0.6273
1 -0.0049 0.6311
1 -0.0063 0.6349
1 -0.0077 0.6386
1 -0.0091 0.6423
1 -0.0106 0.6460
1 -0.0122 0.6496
1 -0.0138 0.6533
1 -0.0154 0.6569
1 -0.0196 0.6654
1 -0.0077 0.6640
1 -0.0053 0.6588
1 -0.0037 0.6551
1 -0.0021 0.6514
1 -0.0006 0.6477
1 0.0009 0.6440
1 0.0024 0.6403
1 0.0038 0.6365
1 0.0052 0.6327
1 0.0064 0.6289
1 0.0077 0.6251
1 0.0089 0.6212
1 0.0102 0.6174
1 0.0112 0.6135
1 0.0123 0.6097
1 0.0133 0.6057
1 0.0143 0.6018
1 0.0152 0.5980
1 0.0161 0.5940
1 0.0169 0.5900
1 0.0177 0.5861
1 0.0184 0.5821
1 0.0191 0.5782
1 0.0197 0.5742
1 0.0203 0.5703
1 0.0208 0.5662
1 0.0213 0.5623
1 0.0217 0.5582
1 0.0221 0.5542
1 0.0224 0.5502
1 0.0229 0.5430
112 1250 114
0 0.0416 0.5423
1 0.0411 0.5506
1 0.0408 0.5548
1 0.0404 0.5589
1 0.0399 0.5631
1 0.0395 0.5672
1 0.0390 0.5713
1 0.0384 0.5756
1 0.0378 0.5797
1 0.0371 0.5838
1 0.0363 0.5879
1 0.0356 0.5920
1 0.0347 0.5961
1 0.0339 0.6002
1 0.0329 0.6043
1 0.0320 0.6083
1 0.0309 0.6124
1 0.0299 0.6164
1 0.0287 0.6204
1 0.0275 0.6244
1 0.0263 0.6284
1 0.0250 0.6324
1 0.0236 0.6363
1 0.0223 0.6403
1 0.0208 0.6442
1 0.0194 0.6481
1 0.0178 0.6520
1 0.0163 0.6558
1 0.0140 0.6613
1 0.0024 0.6627
1 0.0062 0.6541
1 0.0078 0.6503
1 0.0093 0.6465
1 0.0108 0.6426
1 0.0122 0.6388
1 0.0136 0.6349
1 0.0149 0.6310
1 0.0162 0.6270
1 0.0175 0.6230
1 0.0186 0.6192
1 0.0197 0.6152
1 0.0209 0.6111
1 0.0219 0.6072
1 0.0229 0.6031
1 0.0239 0.5992
1 0.0247 0.5952
1 0.0255 0.5911
1 0.0263 0.5870
1 0.0270 0.5829
1 0.0278 0.5789
1 0.0284 0.5748
1 0.0289 0.5707
1 0.0295 0.5666
1 0.0300 0.5625
1 0.0304 0.5584
1 0.0308 0.5543
1 0.0311 0.5502
1 0.0314 0.5461
1 0.0316 0.5419
1 0.0317 0.5377
1 0.0319 0.5336
1 0.0320 0.5295
1 0.0320 0.5253
1 0.0319 0.5212
1 0.0318 0.5170
1 0.0316 0.5128
1 0.0315 0.5087
1 0.0312 0.5046
1 0.0309 0.5005
1 0.0305 0.4964
1 0.0301 0.4922
1 0.0297 0.4881
1 0.0292 0.4840
1 0.0286 0.4799
1 0.0280 0.4757
1 0.0273 0.4717
1 0.0266 0.4676
1 0.0258 0.4635
1 0.0250 0.4594
1 0.0241 0.4554
1 0.0232 0.4513
1 0.0222 0.4473
1 0.0212 0.4433
1 0.0201 0.4393
1 0.0190 0.4353
1 0.0162 0.4262
1 0.0276 0.4292
1 0.0292 0.4349
1 0.0303 0.4389
1 0.0314 0.4429
1 0.0324 0.4470
1 0.0334 0.4511
1 0.0343 0.4551
1 0.0352 0.4592
1 0.0360 0.4633
1 0.0367 0.4674
1 0.0374 0.4715
1 0.0381 0.4756
1 0.0387 0.4798
1 0.0392 0.4839
1 0.0397 0.4881
1 0.0402 0.4922
1 0.0406 0.4964
1 0.0409 0.5006
1 0.0412 0.5047
1 0.0415 0.5089
1 0.0416 0.5131
1 0.0418 0.5172
1 0.0419 0.5214
1 0.0420 0.5256
1 0.0420 0.5298
1 0.0419 0.5339
1 0.0417 0.5381
1 0.0416 0.5423
112 1250 102
0 0.1039 0.5433
1 0.1034 0.5514
1 0.1030 0.5555
1 0.1027 0.5597
1 0.1022 0.5638
1 0.1017 0.5679
1 0.1012 0.5720
1 0.1006 0.5761
1 0.1000 0.5801
1 0.0993 0.5843
1 0.0985 0.5883
1 0.0977 0.5924
1 0.0969 0.5965
1 0.0960 0.6005
1 0.0951 0.6045
1 0.0941 0.6085
1 0.0931 0.6125
1 0.0919 0.6165
1 0.0908 0.6205
1 0.0897 0.6245
1 0.0884 0.6284
1 0.0872 0.6323
1 0.0858 0.6363
1 0.0844 0.6401
1 0.0830 0.6440
1 0.0815 0.6479
1 0.0793 0.6534
1 0.0679 0.6548
1 0.0714 0.6463
1 0.0729 0.6425
1 0.0743 0.6386
1 0.0757 0.6347
1 0.0771 0.6309
1 0.0783 0.6270
1 0.0796 0.6231
1 0.0808 0.6192
1 0.0819 0.6153
1 0.0830 0.6114
1 0.0841 0.6074
1 0.0851 0.6034
1 0.0860 0.5994
1 0.0869 0.5955
1 0.0877 0.5915
1 0.0885 0.5874
1 0.0893 0.5834
1 0.0900 0.5793
1 0.0906 0.5754
1 0.0912 0.5713
1 0.0917 0.5672
1 0.0922 0.5632
1 0.0926 0.5592
1 0.0930 0.5550
1 0.0933 0.5510
1 0.0936 0.5469
1 0.0939 0.5428
1 0.0940 0.5388
1 0.0942 0.5346
1 0.0943 0.5306
1 0.0943 0.5265
1 0.0943 0.5224
1 0.0942 0.5183
1 0.0940 0.5143
1 0.0939 0.5101
1 0.0936 0.5061
1 0.0933 0.5021
1 0.0930 0.4979
1 0.0926 0.4939
1 0.0922 0.4899
1 0.0917 0.4858
1 0.0912 0.4818
1 0.0906 0.4777
1 0.0899 0.4737
1 0.0892 0.4696
1 0.0885 0.4657
1 0.0877 0.4617
1 0.0868 0.4577
1 0.0860 0.4537
1 0.0838 0.4446
1 0.0948 0.4478
1 0.0962 0.4535
1 0.0970 0.4575
1 0.0979 0.4616
1 0.0986 0.4656
1 0.0994 0.4696
1 0.1001 0.4737
1 0.1007 0.4777
1 0.1012 0.4817
1 0.1018 0.4859
1 0.1023 0.4899
1 0.1027 0.4940
1 0.1031 0.4981
1 0.1034 0.5022
1 0.1036 0.5063
1 0.1039 0.5104
1 0.1040 0.5145
1 0.1042 0.5186
1 0.1043 0.5227
1 0.1043 0.5268
1 0.1043 0.5309
1 0.1042 0.5350
1 0.1040 0.5392
1 0.1039 0.5433
112 1250 109
0 0.1421 0.5484
1 0.1421 0.5548
1 0.1420 0.5583
1 0.1418 0.5619
1 0.1416 0.5653
1 0.1414 0.5688
1 0.1411 0.5723
1 0.1407 0.5758
1 0.1403 0.5793
1 0.1398 0.5828
1 0.1394 0.5863
1 0.1388 0.5897
1 0.1382 0.5932
1 0.1375 0.5966
1 0.1368 0.6001
1 0.1360 0.6035
1 0.1352 0.6069
1 0.1344 0.6103
1 0.1335 0.6137
1 0.1325 0.6171
1 0.1315 0.6205
1 0.1304 0.6238
1 0.1293 0.6271
1 0.1282 0.6305
1 0.1270 0.6337
1 0.1258 0.6370
1 0.1245 0.6403
1 0.1212 0.6483
1 0.1326 0.6469
1 0.1346 0.6420
1 0.1359 0.6387
1 0.1371 0.6353
1 0.1383 0.6319
1 0.1394 0.6285
1 0.1405 0.6252
1 0.1416 0.6217
1 0.1426 0.6183
1 0.1435 0.6149
1 0.1444 0.6114
1 0.1452 0.6080
1 0.1460 0.6045
1 0.1469 0.6010
1 0.1475 0.5975
1 0.1482 0.5940
1 0.1488 0.5905
1 0.1494 0.5869
1 0.1499 0.5834
1 0.1503 0.5799
1 0.1507 0.5763
1 0.1511 0.5728
1 0.1514 0.5692
1 0.1516 0.5656
1 0.1519 0.5621
1 0.1520 0.5585
1 0.1521 0.5549
1 0.1521 0.5514
1 0.1521 0.5478
1 0.1521 0.5443
1 0.1520 0.5406
1 0.1519 0.5371
1 0.1516 0.5335
1 0.1514 0.5299
1 0.1511 0.5264
1 0.1507 0.5228
1 0.1503 0.5192
1 0.1499 0.5157
1 0.1494 0.5122
1 0.1488 0.5086
1 0.1482 0.5051
1 0.1475 0.5016
1 0.1469 0.4981
1 0.1460 0.4946
1 0.1452 0.4912
1 0.1444 0.4877
1 0.1435 0.4842
1 0.1426 0.4807
1 0.1416 0.4773
1 0.1405 0.4739
1 0.1394 0.4705
1 0.1383 0.4671
1 0.1371 0.4637
1 0.1353 0.4590
1 0.1233 0.4556
1 0.1267 0.4645
1 0.1279 0.4678
1 0.1291 0.4712
1 0.1302 0.4745
1 0.1313 0.4779
1 0.1323 0.4813
1 0.1333 0.4847
1 0.1342 0.4882
1 0.1351 0.4916
1 0.1360 0.4951
1 0.1367 0.4985
1 0.1375 0.5020
1 0.1381 0.5055
1 0.1387 0.5090
1 0.1393 0.5125
1 0.1398 0.5160
1 0.1403 0.5195
1 0.1407 0.5231
1 0.1411 0.5265
1 0.1413 0.5301
1 0.1416 0.5336
1 0.1418 0.5372
1 0.1420 0.5407
1 0.1421 0.5442
1 0.1421 0.5478
1 0.1421 0.5484
112 1250 102
0 0.1551 0.6276
1 0.1547 0.6290
1 0.1536 0.6326
1 0.1523 0.6362
1 0.1511 0.6396
1 0.1493 0.6449
1 0.1379 0.6461
1 0.1410 0.6382
1 0.1422 0.6349
1 0.1433 0.6316
1 0.1444 0.6282
1 0.1455 0.6249
1 0.1466 0.6215
1 0.1475 0.6181
1 0.1485 0.6146
1 0.1493 0.6112
1 0.1501 0.6077
1 0.1509 0.6043
1 0.1516 0.6008
1 0.1523 0.5974
1 0.1530 0.5939
1 0.1535 0.5903
1 0.1541 0.5868
1 0.1545 0.5834
1 0.1550 0.5798
1 0.1554 0.5763
1 0.1557 0.5728
1 0.1560 0.5692
1 0.1563 0.5657
1 0.1565 0.5622
1 0.1567 0.5586
1 0.1568 0.5551
1 0.1568 0.5516
1 0.1568 0.5480
1 0.1568 0.5444
1 0.1567 0.5407
1 0.1565 0.5371
1 0.1563 0.5335
1 0.1560 0.5298
1 0.1557 0.5262
1 0.1554 0.5225
1 0.1550 0.5190
1 0.1545 0.5154
1 0.1540 0.5117
1 0.1534 0.5082
1 0.1528 0.5046
1 0.1522 0.5010
1 0.1515 0.4974
1 0.1507 0.4939
1 0.1499 0.4903
1 0.1490 0.4868
1 0.1481 0.4833
1 0.1471 0.4798
1 0.1461 0.4763
1 0.1451 0.4728
1 0.1440 0.4693
1 0.1409 0.4605
1 0.1526 0.4637
1 0.1543 0.4687
1 0.1554 0.4723
1 0.1564 0.4757
1 0.1574 0.4793
1 0.1583 0.4828
1 0.1592 0.4863
1 0.1600 0.4899
1 0.1609 0.4935
1 0.1616 0.4971
1 0.1623 0.5006
1 0.1630 0.5043
1 0.1635 0.5079
1 0.1641 0.5115
1 0.1646 0.5151
1 0.1651 0.5188
1 0.1655 0.5224
1 0.1658 0.5261
1 0.1661 0.5297
1 0.1664 0.5334
1 0.1665 0.5371
1 0.1667 0.5407
1 0.1668 0.5443
1 0.1668 0.5480
1 0.1668 0.5518
1 0.1668 0.5555
1 0.1667 0.5592
1 0.1665 0.5630
1 0.1663 0.5667
1 0.1660 0.5704
1 0.1657 0.5741
1 0.1653 0.5778
1 0.1649 0.5816
1 0.1644 0.5853
1 0.1638 0.5890
1 0.1633 0.5927
1 0.1626 0.5964
1 0.1620 0.6001
1 0.1613 0.6037
1 0.1604 0.6074
1 0.1596 0.6110
1 0.1587 0.6147
1 0.1578 0.6183
1 0.1568 0.6219
1 0.1551 0.6276
112 1250 95
1 0.1835 0.6402
1 0.1861 0.6329
1 0.1873 0.6296
1 0.1884 0.6264
1 0.1895 0.6231
1 0.1906 0.6199
1 0.1915 0.6165
1 0.1925 0.6132
1 0.1933 0.6099
1 0.1942 0.6066
1 0.1950 0.6033
1 0.1957 0.5999
1 0.1964 0.5965
1 0.1970 0.5932
1 0.1976 0.5898
1 0.1982 0.5864
1 0.1986 0.5830
1 0.1991 0.5795
1 0.1995 0.5761
1 0.1998 0.5727
1 0.2001 0.5692
1 0.2004 0.5658
1 0.2005 0.5624
1 0.2007 0.5589
1 0.2008 0.5555
1 0.2008 0.5520
1 0.2008 0.5486
1 0.2008 0.5453
1 0.2007 0.5419
1 0.2005 0.5385
1 0.2003 0.5351
1 0.2000 0.5317
1 0.1997 0.5284
1 0.1994 0.5250
1 0.1990 0.5216
1 0.1986 0.5183
1 0.1981 0.5149
1 0.1975 0.5115
1 0.1970 0.5082
1 0.1963 0.5049
1 0.1956 0.5016
1 0.1949 0.4983
1 0.1941 0.4950
1 0.1933 0.4917
1 0.1924 0.4884
1 0.1914 0.4852
1 0.1905 0.4819
1 0.1878 0.4734
1 0.1993 0.4766
1 0.2009 0.4816
1 0.2019 0.4851
1 0.2027 0.4884
1 0.2036 0.4919
1 0.2044 0.4954
1 0.2053 0.4989
1 0.2060 0.5024
1 0.2067 0.5059
1 0.2073 0.5095
1 0.2079 0.5130
1 0.2084 0.5166
1 0.2089 0.5201
1 0.2093 0.5237
1 0.2097 0.5271
1 0.2100 0.5307
1 0.2103 0.5344
1 0.2105 0.5379
1 0.2107 0.5415
1 0.2108 0.5451
1 0.2108 0.5486
1 0.2108 0.5529
1 0.2108 0.5556
1 0.2107 0.5595
1 0.2105 0.5632
1 0.2104 0.5668
1 0.2100 0.5704
1 0.2098 0.5740
1 0.2094 0.5777
1 0.2090 0.5813
1 0.2085 0.5849
1 0.2079 0.5885
1 0.2074 0.5921
1 0.2067 0.5957
1 0.2061 0.5992
1 0.2053 0.6028
1 0.2045 0.6064
1 0.2036 0.6099
1 0.2027 0.6134
1 0.2019 0.6170
1 0.2008 0.6205
1 0.1998 0.6239
1 0.1987 0.6274
1 0.1975 0.6308
1 0.1963 0.6343
1 0.1944 0.6394
1 0.1835 0.6402
112 1250 88
0 0.2161 0.6202
1 0.2158 0.6215
1 0.2147 0.6251
1 0.2137 0.6286
1 0.2125 0.6321
1 0.2108 0.6374
1 0.1997 0.6388
1 0.2024 0.6307
1 0.2036 0.6273
1 0.2046 0.6239
1 0.2057 0.6203
1 0.2067 0.6169
1 0.2076 0.6134
1 0.2084 0.6098
1 0.2093 0.6064
1 0.2101 0.6028
1 0.2108 0.5993
1 0.2114 0.5957
1 0.2121 0.5922
1 0.2126 0.5885
1 0.2132 0.5849
1 0.2137 0.5814
1 0.2141 0.5778
1 0.2145 0.5741
1 0.2148 0.5706
1 0.2150 0.5670
1 0.2152 0.5633
1 0.2153 0.5596
1 0.2155 0.5561
1 0.2155 0.5525
1 0.2155 0.5488
1 0.2155 0.5453
1 0.2153 0.5418
1 0.2152 0.5383
1 0.2150 0.5348
1 0.2148 0.5314
1 0.2145 0.5279
1 0.2141 0.5244
1 0.2137 0.5209
1 0.2133 0.5174
1 0.2128 0.5140
1 0.2122 0.5105
1 0.2116 0.5071
1 0.2110 0.5036
1 0.2103 0.5002
1 0.2096 0.4968
1 0.2088 0.4933
1 0.2080 0.4899
1 0.2071 0.4865
1 0.2047 0.4781
1 0.2160 0.4812
1 0.2174 0.4864
1 0.2183 0.4900
1 0.2191 0.4937
1 0.2199 0.4973
1 0.2206 0.5009
1 0.2213 0.5046
1 0.2220 0.5082
1 0.2226 0.5119
1 0.2231 0.5155
1 0.2235 0.5192
1 0.2240 0.5229
1 0.2243 0.5266
1 0.2247 0.5303
1 0.2249 0.5340
1 0.2252 0.5377
1 0.2253 0.5414
1 0.2255 0.5451
1 0.2255 0.5489
1 0.2255 0.5525
1 0.2255 0.5562
1 0.2253 0.5599
1 0.2252 0.5636
1 0.2250 0.5672
1 0.2248 0.5709
1 0.2244 0.5746
1 0.2241 0.5782
1 0.2237 0.5819
1 0.2232 0.5855
1 0.2226 0.5891
1 0.2222 0.5928
1 0.2215 0.5964
1 0.2209 0.6001
1 0.2201 0.6037
1 0.2193 0.6073
1 0.2185 0.6109
1 0.2176 0.6144
1 0.2161 0.6202
112 1250 89
1 0.2511 0.6324
1 0.2540 0.6250
1 0.2550 0.6221
1 0.2559 0.6192
1 0.2569 0.6162
1 0.2578 0.6133
1 0.2586 0.6104
1 0.2594 0.6074
1 0.2601 0.6044
1 0.2608 0.6014
1 0.2615 0.5984
1 0.2621 0.5954
1 0.2626 0.5925
1 0.2631 0.5894
1 0.2636 0.5864
1 0.2640 0.5833
1 0.2643 0.5802
1 0.2646 0.5772
1 0.2648 0.5742
1 0.2651 0.5711
1 0.2652 0.5680
1 0.2653 0.5650
1 0.2654 0.5619
1 0.2653 0.5588
1 0.2653 0.5557
1 0.2652 0.5528
1 0.2651 0.5497
1 0.2648 0.5466
1 0.2646 0.5436
1 0.2643 0.5406
1 0.2640 0.5376
1 0.2636 0.5347
1 0.2631 0.5317
1 0.2626 0.5287
1 0.2621 0.5257
1 0.2615 0.5227
1 0.2609 0.5198
1 0.2602 0.5169
1 0.2595 0.5139
1 0.2587 0.5110
1 0.2579 0.5081
1 0.2570 0.5052
1 0.2562 0.5023
1 0.2552 0.4995
1 0.2524 0.4912
1 0.2640 0.4944
1 0.2656 0.4990
1 0.2665 0.5020
1 0.2674 0.5051
1 0.2683 0.5082
1 0.2691 0.5113
1 0.2700 0.5144
1 0.2707 0.5176
1 0.2713 0.5207
1 0.2720 0.5238
1 0.2726 0.5270
1 0.2730 0.5302
1 0.2735 0.5333
1 0.2739 0.5366
1 0.2743 0.5398
1 0.2746 0.5429
1 0.2748 0.5462
1 0.2751 0.5493
1 0.2752 0.5527
1 0.2753 0.5559
1 0.2754 0.5592
1 0.2753 0.5624
1 0.2753 0.5657
1 0.2752 0.5689
1 0.2750 0.5721
1 0.2748 0.5754
1 0.2745 0.5787
1 0.2742 0.5819
1 0.2739 0.5852
1 0.2734 0.5885
1 0.2729 0.5916
1 0.2724 0.5948
1 0.2717 0.5981
1 0.2711 0.6012
1 0.2704 0.6044
1 0.2696 0.6076
1 0.2689 0.6107
1 0.2680 0.6139
1 0.2671 0.6170
1 0.2661 0.6202
1 0.2652 0.6233
1 0.2641 0.6264
1 0.2623 0.6312
1 0.2511 0.6324
112 1250 82
1 0.2676 0.6305
1 0.2702 0.6229
1 0.2711 0.6198
1 0.2721 0.6168
1 0.2729 0.6136
1 0.2737 0.6105
1 0.2745 0.6074
1 0.2752 0.6042
1 0.2759 0.6011
1 0.2766 0.5979
1 0.2771 0.5948
1 0.2776 0.5916
1 0.2781 0.5884
1 0.2785 0.5852
1 0.2789 0.5820
1 0.2792 0.5788
1 0.2795 0.5756
1 0.2796 0.5724
1 0.2799 0.5691
1 0.2800 0.5659
1 0.2800 0.5628
1 0.2800 0.5596
1 0.2800 0.5563
1 0.2799 0.5531
1 0.2797 0.5498
1 0.2796 0.5468
1 0.2793 0.5437
1 0.2791 0.5406
1 0.2787 0.5375
1 0.2784 0.5345
1 0.2779 0.5314
1 0.2774 0.5283
1 0.2770 0.5252
1 0.2764 0.5222
1 0.2758 0.5192
1 0.2752 0.5161
1 0.2744 0.5131
1 0.2737 0.5101
1 0.2729 0.5071
1 0.2721 0.5041
1 0.2695 0.4960
1 0.2810 0.4991
1 0.2823 0.5039
1 0.2832 0.5071
1 0.2840 0.5103
1 0.2848 0.5135
1 0.2855 0.5167
1 0.2861 0.5200
1 0.2868 0.5233
1 0.2873 0.5266
1 0.2878 0.5298
1 0.2883 0.5332
1 0.2887 0.5364
1 0.2890 0.5397
1 0.2893 0.5429
1 0.2896 0.5463
1 0.2898 0.5496
1 0.2899 0.5529
1 0.2900 0.5562
1 0.2900 0.5594
1 0.2900 0.5628
1 0.2900 0.5660
1 0.2899 0.5693
1 0.2897 0.5726
1 0.2895 0.5759
1 0.2892 0.5791
1 0.2889 0.5825
1 0.2885 0.5857
1 0.2881 0.5889
1 0.2877 0.5922
1 0.2871 0.5955
1 0.2866 0.5987
1 0.2860 0.6020
1 0.2853 0.6051
1 0.2846 0.6083
1 0.2838 0.6115
1 0.2830 0.6148
1 0.2821 0.6179
1 0.2812 0.6211
1 0.2802 0.6242
1 0.2787 0.6291
1 0.2676 0.6305
112 1250 108
1 0.0513 0.6562
1 0.0547 0.6483
1 0.0563 0.6445
1 0.0578 0.6408
1 0.0593 0.6371
1 0.0606 0.6333
1 0.0621 0.6295
1 0.0633 0.6257
1 0.0646 0.6219
1 0.0659 0.6180
1 0.0670 0.6141
1 0.0681 0.6102
1 0.0692 0.6063
1 0.0702 0.6025
1 0.0712 0.5985
1 0.0720 0.5946
1 0.0729 0.5907
1 0.0737 0.5867
1 0.0745 0.5827
1 0.0752 0.5788
1 0.0758 0.5747
1 0.0765 0.5708
1 0.0770 0.5668
1 0.0775 0.5628
1 0.0780 0.5587
1 0.0784 0.5548
1 0.0787 0.5508
1 0.0789 0.5467
1 0.0792 0.5427
1 0.0794 0.5388
1 0.0795 0.5349
1 0.0796 0.5309
1 0.0796 0.5270
1 0.0796 0.5231
1 0.0795 0.5191
1 0.0794 0.5152
1 0.0792 0.5113
1 0.0790 0.5073
1 0.0788 0.5034
1 0.0785 0.4995
1 0.0781 0.4956
1 0.0777 0.4916
1 0.0772 0.4878
1 0.0766 0.4839
1 0.0761 0.4800
1 0.0754 0.4761
1 0.0748 0.4722
1 0.0740 0.4683
1 0.0733 0.4644
1 0.0725 0.4606
1 0.0716 0.4568
1 0.0707 0.4529
1 0.0697 0.4491
1 0.0673 0.4401
1 0.0785 0.4433
1 0.0800 0.4489
1 0.0810 0.4530
1 0.0819 0.4570
1 0.0828 0.4610
1 0.0836 0.4650
1 0.0844 0.4691
1 0.0851 0.4732
1 0.0858 0.4772
1 0.0864 0.4813
1 0.0869 0.4854
1 0.0875 0.4895
1 0.0879 0.4936
1 0.0883 0.4977
1 0.0887 0.5018
1 0.0889 0.5059
1 0.0892 0.5100
1 0.0894 0.5141
1 0.0895 0.5183
1 0.0896 0.5224
1 0.0896 0.5266
1 0.0896 0.5307
1 0.0895 0.5348
1 0.0894 0.5389
1 0.0892 0.5431
1 0.0889 0.5471
1 0.0887 0.5512
1 0.0883 0.5553
1 0.0879 0.5594
1 0.0875 0.5634
1 0.0870 0.5675
1 0.0864 0.5715
1 0.0858 0.5756
1 0.0852 0.5796
1 0.0845 0.5836
1 0.0837 0.5876
1 0.0829 0.5917
1 0.0820 0.5956
1 0.0812 0.5996
1 0.0802 0.6036
1 0.0792 0.6075
1 0.0782 0.6115
1 0.0770 0.6154
1 0.0758 0.6194
1 0.0746 0.6232
1 0.0734 0.6271
1 0.0721 0.6310
1 0.0707 0.6349
1 0.0693 0.6387
1 0.0678 0.6425
1 0.0664 0.6463
1 0.0648 0.6501
1 0.0626 0.6554
1 0.0513 0.6562
112 1253 132
0 -0.0513 0.5480
1 -0.0509 0.5410
1 -0.0508 0.5372
1 -0.0507 0.5333
1 -0.0506 0.5294
1 -0.0506 0.5256
1 -0.0507 0.5217
1 -0.0508 0.5178
1 -0.0509 0.5139
1 -0.0512 0.5100
1 -0.0514 0.5062
1 -0.0517 0.5023
1 -0.0520 0.4984
1 -0.0524 0.4947
1 -0.0529 0.4908
1 -0.0534 0.4870
1 -0.0539 0.4831
1 -0.0546 0.4793
1 -0.0552 0.4755
1 -0.0559 0.4717
1 -0.0566 0.4679
1 -0.0574 0.4641
1 -0.0583 0.4603
1 -0.0592 0.4565
1 -0.0601 0.4528
1 -0.0611 0.4490
1 -0.0622 0.4453
1 -0.0633 0.4416
1 -0.0644 0.4379
1 -0.0656 0.4342
1 -0.0668 0.4305
1 -0.0681 0.4269
1 -0.0694 0.4232
1 -0.0709 0.4197
1 -0.0723 0.4160
1 -0.0737 0.4124
1 -0.0753 0.4089
1 -0.0768 0.4054
1 -0.0785 0.4018
1 -0.0801 0.3983
1 -0.0818 0.3948
1 -0.0824 0.3936
1 -0.0917 0.3964
1 -0.0930 0.4019
1 -0.0946 0.4091
1 -0.0961 0.4162
1 -0.0976 0.4234
1 -0.0991 0.4307
1 -0.1005 0.4378
1 -0.1018 0.4450
1 -0.1031 0.4523
1 -0.1044 0.4595
1 -0.1056 0.4667
1 -0.1068 0.4740
1 -0.1078 0.4812
1 -0.1089 0.4885
1 -0.1099 0.4958
1 -0.1109 0.5030
1 -0.1117 0.5104
1 -0.1126 0.5176
1 -0.1133 0.5249
1 -0.1141 0.5322
1 -0.1148 0.5395
1 -0.1148 0.5417
1 -0.1148 0.5441
1 -0.1148 0.5483
1 -0.1147 0.5525
1 -0.1145 0.5568
1 -0.1144 0.5610
1 -0.1140 0.5652
1 -0.1138 0.5694
1 -0.1134 0.5736
1 -0.1130 0.5778
1 -0.1126 0.5820
1 -0.1121 0.5862
1 -0.1116 0.5904
1 -0.1110 0.5945
1 -0.1103 0.5987
1 -0.1096 0.6029
1 -0.1089 0.6071
1 -0.1081 0.6112
1 -0.1073 0.6153
1 -0.1064 0.6195
1 -0.1055 0.6236
1 -0.1044 0.6277
1 -0.1034 0.6318
1 -0.1023 0.6359
1 -0.1012 0.6400
1 -0.1000 0.6440
1 -0.0988 0.6481
1 -0.0975 0.6520
1 -0.0962 0.6561
1 -0.0948 0.6600
1 -0.0934 0.6640
1 -0.0919 0.6680
1 -0.0904 0.6720
1 -0.0895 0.6742
1 -0.0886 0.6726
1 -0.0867 0.6691
1 -0.0849 0.6657
1 -0.0831 0.6621
1 -0.0813 0.6586
1 -0.0796 0.6550
1 -0.0778 0.6515
1 -0.0763 0.6479
1 -0.0747 0.6443
1 -0.0732 0.6406
1 -0.0717 0.6370
1 -0.0702 0.6333
1 -0.0688 0.6296
1 -0.0675 0.6259
1 -0.0662 0.6222
1 -0.0649 0.6184
1 -0.0638 0.6147
1 -0.0626 0.6108
1 -0.0615 0.6070
1 -0.0605 0.6032
1 -0.0596 0.5994
1 -0.0586 0.5956
1 -0.0577 0.5917
1 -0.0569 0.5879
1 -0.0561 0.5840
1 -0.0554 0.5801
1 -0.0547 0.5762
1 -0.0541 0.5723
1 -0.0535 0.5685
1 -0.0530 0.5645
1 -0.0525 0.5606
1 -0.0521 0.5567
1 -0.0517 0.5528
1 -0.0514 0.5488
1 -0.0513 0.5480
112 1253 68
0 -0.0865 0.3399
1 -0.0865 0.3399
1 -0.0862 0.3457
1 -0.0859 0.3515
1 -0.0855 0.3574
1 -0.0850 0.3632
1 -0.0846 0.3690
1 -0.0840 0.3748
1 -0.0834 0.3806
1 -0.0828 0.3864
1 -0.0828 0.3864
1 -0.0934 0.3897
1 -0.0934 0.3897
1 -0.0926 0.3826
1 -0.0918 0.3755
1 -0.0912 0.3684
1 -0.0905 0.3613
1 -0.0898 0.3542
1 -0.0893 0.3470
1 -0.0887 0.3399
1 -0.0883 0.3338
1 -0.0879 0.3275
1 -0.0875 0.3213
1 -0.0872 0.3151
1 -0.0872 0.3094
1 -0.0872 0.3037
1 -0.0871 0.2979
1 -0.0870 0.2922
1 -0.0868 0.2865
1 -0.0866 0.2808
1 -0.0863 0.2750
1 -0.0860 0.2638
1 -0.0855 0.2557
1 -0.0856 0.2478
1 -0.0856 0.2398
1 -0.0858 0.2318
1 -0.0859 0.2239
1 -0.0862 0.2160
1 -0.0864 0.2081
1 -0.0867 0.2002
1 -0.0871 0.1922
1 -0.0876 0.1842
1 -0.0754 0.1842
1 -0.0764 0.1899
1 -0.0774 0.1955
1 -0.0783 0.2012
1 -0.0793 0.2068
1 -0.0801 0.2125
1 -0.0809 0.2182
1 -0.0817 0.2238
1 -0.0824 0.2294
1 -0.0830 0.2351
1 -0.0837 0.2408
1 -0.0842 0.2466
1 -0.0847 0.2522
1 -0.0852 0.2579
1 -0.0857 0.2710
1 -0.0858 0.2783
1 -0.0860 0.2857
1 -0.0862 0.2930
1 -0.0865 0.3004
1 -0.0868 0.3078
1 -0.0872 0.3151
1 -0.0871 0.3201
1 -0.0870 0.3250
1 -0.0869 0.3300
1 -0.0867 0.3350
1 -0.0865 0.3399
