SEcl_PE-6
3316 15 1 1 0 0 0 0 0 0 1 1
1.000
112 1253 229
0 -0.0434 1.0626
1 -0.5223 0.5837
1 -0.5235 0.5824
1 -0.5246 0.5811
1 -0.5258 0.5798
1 -0.5269 0.5786
1 -0.5279 0.5772
1 -0.5290 0.5758
1 -0.5299 0.5744
1 -0.5309 0.5729
1 -0.5318 0.5714
1 -0.5326 0.5699
1 -0.5334 0.5684
1 -0.5342 0.5669
1 -0.5349 0.5654
1 -0.5356 0.5638
1 -0.5362 0.5622
1 -0.5368 0.5606
1 -0.5374 0.5589
1 -0.5378 0.5573
1 -0.5383 0.5556
1 -0.5387 0.5539
1 -0.5391 0.5522
1 -0.5394 0.5506
1 -0.5397 0.5489
1 -0.5399 0.5471
1 -0.5401 0.5454
1 -0.5402 0.5437
1 -0.5402 0.5420
1 -0.5402 0.5402
1 -0.5402 0.5386
1 -0.5402 0.5368
1 -0.5401 0.5351
1 -0.5399 0.5334
1 -0.5397 0.5317
1 -0.5394 0.5300
1 -0.5391 0.5283
1 -0.5387 0.5266
1 -0.5383 0.5250
1 -0.5378 0.5233
1 -0.5374 0.5216
1 -0.5368 0.5200
1 -0.5362 0.5184
1 -0.5356 0.5168
1 -0.5349 0.5152
1 -0.5342 0.5137
1 -0.5334 0.5121
1 -0.5326 0.5106
1 -0.5318 0.5091
1 -0.5309 0.5076
1 -0.5299 0.5062
1 -0.5290 0.5047
1 -0.5279 0.5034
1 -0.5269 0.5020
1 -0.5258 0.5006
1 -0.5246 0.4994
1 -0.5235 0.4981
1 -0.5223 0.4969
1 -0.0434 0.0180
1 -0.0422 0.0168
1 -0.0409 0.0156
1 -0.0396 0.0145
1 -0.0382 0.0134
1 -0.0369 0.0123
1 -0.0355 0.0113
1 -0.0341 0.0103
1 -0.0326 0.0094
1 -0.0312 0.0085
1 -0.0297 0.0077
1 -0.0282 0.0069
1 -0.0266 0.0061
1 -0.0250 0.0054
1 -0.0235 0.0046
1 -0.0219 0.0040
1 -0.0202 0.0034
1 -0.0186 0.0029
1 -0.0170 0.0024
1 -0.0154 0.0019
1 -0.0137 0.0015
1 -0.0120 0.0012
1 -0.0102 0.0009
1 -0.0086 0.0006
1 -0.0069 0.0004
1 -0.0051 0.0002
1 -0.0034 0.0001
1 -0.0018 0.0000
1 0.0000 0.0000
1 0.0018 0.0000
1 0.0034 0.0001
1 0.0051 0.0002
1 0.0069 0.0004
1 0.0086 0.0006
1 0.0102 0.0009
1 0.0120 0.0012
1 0.0137 0.0015
1 0.0154 0.0019
1 0.0170 0.0024
1 0.0186 0.0029
1 0.0202 0.0034
1 0.0219 0.0040
1 0.0235 0.0046
1 0.0250 0.0054
1 0.0266 0.0061
1 0.0282 0.0069
1 0.0297 0.0077
1 0.0312 0.0085
1 0.0326 0.0094
1 0.0341 0.0103
1 0.0355 0.0113
1 0.0369 0.0123
1 0.0382 0.0134
1 0.0396 0.0145
1 0.0409 0.0156
1 0.0422 0.0168
1 0.0434 0.0180
1 0.5223 0.4969
1 0.5235 0.4981
1 0.5246 0.4994
1 0.5258 0.5006
1 0.5269 0.5020
1 0.5279 0.5034
1 0.5290 0.5047
1 0.5299 0.5062
1 0.5309 0.5076
1 0.5318 0.5091
1 0.5326 0.5106
1 0.5334 0.5121
1 0.5342 0.5137
1 0.5349 0.5152
1 0.5356 0.5168
1 0.5362 0.5184
1 0.5368 0.5200
1 0.5374 0.5216
1 0.5378 0.5233
1 0.5383 0.5250
1 0.5387 0.5266
1 0.5391 0.5283
1 0.5394 0.5300
1 0.5397 0.5317
1 0.5399 0.5334
1 0.5401 0.5351
1 0.5402 0.5368
1 0.5402 0.5386
1 0.5402 0.5402
1 0.5402 0.5420
1 0.5402 0.5437
1 0.5401 0.5454
1 0.5399 0.5471
1 0.5397 0.5489
1 0.5394 0.5506
1 0.5391 0.5522
1 0.5387 0.5539
1 0.5383 0.5556
1 0.5378 0.5573
1 0.5374 0.5589
1 0.5368 0.5606
1 0.5362 0.5622
1 0.5356 0.5638
1 0.5349 0.5654
1 0.5342 0.5669
1 0.5334 0.5684
1 0.5326 0.5699
1 0.5318 0.5714
1 0.5309 0.5729
1 0.5299 0.5744
1 0.5290 0.5758
1 0.5279 0.5772
1 0.5269 0.5786
1 0.5258 0.5798
1 0.5246 0.5811
1 0.5235 0.5824
1 0.5223 0.5837
1 0.0434 1.0626
1 0.0422 1.0638
1 0.0409 1.0650
1 0.0396 1.0661
1 0.0382 1.0671
1 0.0369 1.0682
1 0.0355 1.0692
1 0.0341 1.0702
1 0.0326 1.0711
1 0.0312 1.0720
1 0.0297 1.0729
1 0.0282 1.0737
1 0.0266 1.0745
1 0.0250 1.0752
1 0.0235 1.0758
1 0.0219 1.0765
1 0.0202 1.0771
1 0.0186 1.0776
1 0.0170 1.0782
1 0.0154 1.0786
1 0.0137 1.0790
1 0.0120 1.0794
1 0.0102 1.0797
1 0.0086 1.0799
1 0.0069 1.0802
1 0.0051 1.0803
1 0.0034 1.0804
1 0.0018 1.0805
1 0.0000 1.0806
1 -0.0018 1.0805
1 -0.0034 1.0804
1 -0.0051 1.0803
1 -0.0069 1.0802
1 -0.0086 1.0799
1 -0.0102 1.0797
1 -0.0120 1.0794
1 -0.0137 1.0790
1 -0.0154 1.0786
1 -0.0170 1.0782
1 -0.0186 1.0776
1 -0.0202 1.0771
1 -0.0219 1.0765
1 -0.0235 1.0758
1 -0.0250 1.0752
1 -0.0266 1.0745
1 -0.0282 1.0737
1 -0.0297 1.0729
1 -0.0312 1.0720
1 -0.0326 1.0711
1 -0.0341 1.0702
1 -0.0355 1.0692
1 -0.0369 1.0682
1 -0.0382 1.0671
1 -0.0396 1.0661
1 -0.0409 1.0650
1 -0.0422 1.0638
1 -0.0434 1.0626
112 1250 197
0 -0.0340 1.0531
1 -0.5129 0.5742
1 -0.5139 0.5731
1 -0.5150 0.5719
1 -0.5160 0.5707
1 -0.5170 0.5695
1 -0.5179 0.5682
1 -0.5188 0.5670
1 -0.5197 0.5656
1 -0.5205 0.5643
1 -0.5213 0.5629
1 -0.5220 0.5615
1 -0.5226 0.5601
1 -0.5233 0.5586
1 -0.5238 0.5572
1 -0.5244 0.5557
1 -0.5249 0.5542
1 -0.5253 0.5527
1 -0.5257 0.5512
1 -0.5260 0.5496
1 -0.5263 0.5481
1 -0.5266 0.5466
1 -0.5267 0.5450
1 -0.5268 0.5434
1 -0.5269 0.5418
1 -0.5270 0.5402
1 -0.5269 0.5387
1 -0.5268 0.5371
1 -0.5267 0.5356
1 -0.5266 0.5340
1 -0.5263 0.5325
1 -0.5260 0.5309
1 -0.5257 0.5294
1 -0.5253 0.5278
1 -0.5249 0.5263
1 -0.5244 0.5248
1 -0.5238 0.5234
1 -0.5233 0.5219
1 -0.5226 0.5205
1 -0.5220 0.5190
1 -0.5213 0.5176
1 -0.5205 0.5162
1 -0.5197 0.5149
1 -0.5188 0.5136
1 -0.5179 0.5123
1 -0.5170 0.5110
1 -0.5160 0.5098
1 -0.5150 0.5086
1 -0.5139 0.5074
1 -0.5129 0.5063
1 -0.0340 0.0274
1 -0.0328 0.0263
1 -0.0317 0.0253
1 -0.0305 0.0242
1 -0.0293 0.0233
1 -0.0280 0.0223
1 -0.0267 0.0214
1 -0.0254 0.0206
1 -0.0240 0.0198
1 -0.0226 0.0190
1 -0.0213 0.0183
1 -0.0198 0.0176
1 -0.0184 0.0170
1 -0.0169 0.0164
1 -0.0154 0.0159
1 -0.0139 0.0154
1 -0.0124 0.0150
1 -0.0109 0.0146
1 -0.0094 0.0142
1 -0.0078 0.0140
1 -0.0062 0.0138
1 -0.0047 0.0136
1 -0.0031 0.0134
1 -0.0016 0.0134
1 0.0000 0.0134
1 0.0016 0.0134
1 0.0031 0.0134
1 0.0047 0.0136
1 0.0062 0.0138
1 0.0078 0.0140
1 0.0094 0.0142
1 0.0109 0.0146
1 0.0124 0.0150
1 0.0139 0.0154
1 0.0154 0.0159
1 0.0169 0.0164
1 0.0184 0.0170
1 0.0198 0.0176
1 0.0213 0.0183
1 0.0226 0.0190
1 0.0240 0.0198
1 0.0254 0.0206
1 0.0267 0.0214
1 0.0280 0.0223
1 0.0292 0.0233
1 0.0305 0.0242
1 0.0317 0.0253
1 0.0328 0.0263
1 0.0340 0.0274
1 0.5129 0.5063
1 0.5139 0.5074
1 0.5150 0.5086
1 0.5160 0.5098
1 0.5170 0.5110
1 0.5179 0.5123
1 0.5188 0.5136
1 0.5197 0.5149
1 0.5205 0.5162
1 0.5213 0.5176
1 0.5220 0.5190
1 0.5226 0.5205
1 0.5233 0.5219
1 0.5238 0.5234
1 0.5244 0.5248
1 0.5249 0.5263
1 0.5253 0.5278
1 0.5257 0.5294
1 0.5260 0.5309
1 0.5263 0.5325
1 0.5266 0.5340
1 0.5267 0.5356
1 0.5268 0.5371
1 0.5269 0.5387
1 0.5270 0.5402
1 0.5269 0.5418
1 0.5268 0.5434
1 0.5267 0.5450
1 0.5266 0.5466
1 0.5263 0.5481
1 0.5260 0.5496
1 0.5257 0.5512
1 0.5253 0.5527
1 0.5249 0.5542
1 0.5244 0.5557
1 0.5238 0.5572
1 0.5233 0.5586
1 0.5226 0.5601
1 0.5220 0.5615
1 0.5213 0.5629
1 0.5205 0.5643
1 0.5197 0.5656
1 0.5188 0.5670
1 0.5179 0.5682
1 0.5170 0.5695
1 0.5160 0.5707
1 0.5150 0.5719
1 0.5139 0.5731
1 0.5129 0.5742
1 0.0340 1.0531
1 0.0328 1.0542
1 0.0317 1.0553
1 0.0305 1.0563
1 0.0292 1.0573
1 0.0280 1.0582
1 0.0267 1.0591
1 0.0254 1.0599
1 0.0240 1.0608
1 0.0226 1.0615
1 0.0213 1.0622
1 0.0198 1.0630
1 0.0184 1.0635
1 0.0169 1.0642
1 0.0154 1.0646
1 0.0139 1.0651
1 0.0124 1.0656
1 0.0109 1.0659
1 0.0094 1.0662
1 0.0078 1.0666
1 0.0062 1.0668
1 0.0047 1.0670
1 0.0031 1.0671
1 0.0016 1.0672
1 0.0000 1.0672
1 -0.0016 1.0672
1 -0.0031 1.0671
1 -0.0047 1.0670
1 -0.0062 1.0668
1 -0.0078 1.0666
1 -0.0094 1.0662
1 -0.0109 1.0659
1 -0.0124 1.0656
1 -0.0139 1.0651
1 -0.0154 1.0646
1 -0.0169 1.0642
1 -0.0184 1.0635
1 -0.0198 1.0630
1 -0.0213 1.0622
1 -0.0226 1.0615
1 -0.0240 1.0608
1 -0.0254 1.0599
1 -0.0267 1.0591
1 -0.0280 1.0582
1 -0.0293 1.0573
1 -0.0305 1.0563
1 -0.0317 1.0553
1 -0.0328 1.0542
1 -0.0340 1.0531
112 1253 133
0 -0.4940 0.5554
1 -0.0151 1.0342
1 -0.0143 1.0350
1 -0.0135 1.0357
1 -0.0127 1.0363
1 -0.0118 1.0370
1 -0.0110 1.0375
1 -0.0101 1.0380
1 -0.0091 1.0385
1 -0.0082 1.0389
1 -0.0072 1.0393
1 -0.0062 1.0396
1 -0.0052 1.0399
1 -0.0042 1.0402
1 -0.0031 1.0403
1 -0.0021 1.0404
1 -0.0010 1.0405
1 0.0000 1.0406
1 0.0010 1.0405
1 0.0021 1.0404
1 0.0031 1.0403
1 0.0042 1.0402
1 0.0052 1.0399
1 0.0062 1.0396
1 0.0072 1.0393
1 0.0082 1.0389
1 0.0091 1.0385
1 0.0101 1.0380
1 0.0110 1.0375
1 0.0118 1.0370
1 0.0127 1.0363
1 0.0135 1.0357
1 0.0143 1.0350
1 0.0151 1.0342
1 0.4940 0.5554
1 0.4947 0.5546
1 0.4954 0.5538
1 0.4961 0.5530
1 0.4966 0.5522
1 0.4972 0.5513
1 0.4978 0.5503
1 0.4982 0.5494
1 0.4986 0.5485
1 0.4990 0.5474
1 0.4994 0.5465
1 0.4996 0.5454
1 0.4998 0.5444
1 0.5000 0.5434
1 0.5002 0.5424
1 0.5002 0.5413
1 0.5002 0.5402
1 0.5002 0.5392
1 0.5002 0.5382
1 0.5000 0.5371
1 0.4998 0.5361
1 0.4996 0.5350
1 0.4994 0.5341
1 0.4990 0.5330
1 0.4986 0.5321
1 0.4982 0.5311
1 0.4978 0.5302
1 0.4972 0.5293
1 0.4966 0.5284
1 0.4961 0.5275
1 0.4954 0.5267
1 0.4947 0.5259
1 0.4940 0.5251
1 0.0151 0.0462
1 0.0143 0.0455
1 0.0135 0.0449
1 0.0127 0.0442
1 0.0118 0.0436
1 0.0110 0.0430
1 0.0101 0.0426
1 0.0091 0.0421
1 0.0082 0.0416
1 0.0072 0.0413
1 0.0062 0.0409
1 0.0052 0.0406
1 0.0042 0.0404
1 0.0031 0.0402
1 0.0021 0.0401
1 0.0010 0.0400
1 0.0000 0.0400
1 -0.0010 0.0400
1 -0.0021 0.0401
1 -0.0031 0.0402
1 -0.0042 0.0404
1 -0.0052 0.0406
1 -0.0062 0.0409
1 -0.0072 0.0413
1 -0.0082 0.0416
1 -0.0091 0.0421
1 -0.0101 0.0426
1 -0.0110 0.0430
1 -0.0118 0.0436
1 -0.0127 0.0442
1 -0.0135 0.0449
1 -0.0143 0.0455
1 -0.0151 0.0462
1 -0.4940 0.5251
1 -0.4947 0.5259
1 -0.4954 0.5267
1 -0.4961 0.5275
1 -0.4966 0.5284
1 -0.4972 0.5293
1 -0.4978 0.5302
1 -0.4982 0.5311
1 -0.4986 0.5321
1 -0.4990 0.5330
1 -0.4994 0.5341
1 -0.4996 0.5350
1 -0.4998 0.5361
1 -0.5000 0.5371
1 -0.5002 0.5382
1 -0.5002 0.5392
1 -0.5002 0.5402
1 -0.5002 0.5413
1 -0.5002 0.5424
1 -0.5000 0.5434
1 -0.4998 0.5444
1 -0.4996 0.5454
1 -0.4994 0.5465
1 -0.4990 0.5474
1 -0.4986 0.5485
1 -0.4982 0.5494
1 -0.4978 0.5503
1 -0.4972 0.5513
1 -0.4966 0.5522
1 -0.4961 0.5530
1 -0.4954 0.5538
1 -0.4947 0.5546
1 -0.4940 0.5554
112 1250 157
0 -0.1276 0.6767
1 -0.1276 0.6780
1 -0.1277 0.6793
1 -0.1278 0.6806
1 -0.1280 0.6818
1 -0.1282 0.6831
1 -0.1286 0.6844
1 -0.1289 0.6856
1 -0.1293 0.6869
1 -0.1297 0.6881
1 -0.1302 0.6893
1 -0.1307 0.6905
1 -0.1313 0.6916
1 -0.1319 0.6927
1 -0.1326 0.6938
1 -0.1333 0.6949
1 -0.1340 0.6959
1 -0.1348 0.6970
1 -0.1357 0.6979
1 -0.1365 0.6989
1 -0.1374 0.6998
1 -0.1384 0.7006
1 -0.1394 0.7015
1 -0.1404 0.7023
1 -0.1414 0.7030
1 -0.1425 0.7038
1 -0.1436 0.7044
1 -0.1447 0.7050
1 -0.1458 0.7056
1 -0.1470 0.7062
1 -0.1482 0.7066
1 -0.1494 0.7070
1 -0.1507 0.7074
1 -0.1519 0.7078
1 -0.1532 0.7081
1 -0.1545 0.7083
1 -0.1558 0.7085
1 -0.1570 0.7086
1 -0.1583 0.7087
1 -0.1596 0.7087
1 -0.1609 0.7087
1 -0.1622 0.7086
1 -0.1634 0.7085
1 -0.1647 0.7083
1 -0.1660 0.7081
1 -0.1673 0.7078
1 -0.1685 0.7074
1 -0.1698 0.7070
1 -0.1710 0.7066
1 -0.1722 0.7062
1 -0.1733 0.7056
1 -0.1745 0.7050
1 -0.1756 0.7044
1 -0.1767 0.7038
1 -0.1778 0.7030
1 -0.1788 0.7023
1 -0.1798 0.7015
1 -0.1808 0.7006
1 -0.1818 0.6998
1 -0.1826 0.6989
1 -0.1835 0.6979
1 -0.1844 0.6970
1 -0.1852 0.6959
1 -0.1859 0.6949
1 -0.1866 0.6938
1 -0.1873 0.6927
1 -0.1879 0.6916
1 -0.1885 0.6905
1 -0.1890 0.6893
1 -0.1895 0.6881
1 -0.1899 0.6869
1 -0.1903 0.6856
1 -0.1906 0.6844
1 -0.1910 0.6831
1 -0.1912 0.6818
1 -0.1914 0.6806
1 -0.1915 0.6793
1 -0.1916 0.6780
1 -0.1916 0.6767
1 -0.1916 0.6754
1 -0.1915 0.6742
1 -0.1914 0.6729
1 -0.1912 0.6716
1 -0.1910 0.6703
1 -0.1906 0.6690
1 -0.1903 0.6678
1 -0.1899 0.6666
1 -0.1895 0.6654
1 -0.1890 0.6642
1 -0.1885 0.6630
1 -0.1879 0.6618
1 -0.1873 0.6607
1 -0.1866 0.6596
1 -0.1859 0.6586
1 -0.1852 0.6575
1 -0.1844 0.6565
1 -0.1835 0.6555
1 -0.1826 0.6546
1 -0.1818 0.6537
1 -0.1808 0.6528
1 -0.1798 0.6519
1 -0.1788 0.6511
1 -0.1778 0.6504
1 -0.1767 0.6497
1 -0.1756 0.6490
1 -0.1745 0.6484
1 -0.1733 0.6478
1 -0.1722 0.6473
1 -0.1710 0.6468
1 -0.1698 0.6464
1 -0.1685 0.6460
1 -0.1673 0.6457
1 -0.1660 0.6454
1 -0.1647 0.6451
1 -0.1634 0.6450
1 -0.1622 0.6448
1 -0.1609 0.6447
1 -0.1596 0.6447
1 -0.1583 0.6447
1 -0.1570 0.6448
1 -0.1558 0.6450
1 -0.1545 0.6451
1 -0.1532 0.6454
1 -0.1519 0.6457
1 -0.1507 0.6460
1 -0.1494 0.6464
1 -0.1482 0.6468
1 -0.1470 0.6473
1 -0.1458 0.6478
1 -0.1447 0.6484
1 -0.1436 0.6490
1 -0.1425 0.6497
1 -0.1414 0.6504
1 -0.1404 0.6511
1 -0.1394 0.6519
1 -0.1384 0.6528
1 -0.1374 0.6537
1 -0.1365 0.6546
1 -0.1357 0.6555
1 -0.1348 0.6565
1 -0.1340 0.6575
1 -0.1333 0.6586
1 -0.1326 0.6596
1 -0.1319 0.6607
1 -0.1313 0.6618
1 -0.1307 0.6630
1 -0.1302 0.6642
1 -0.1297 0.6654
1 -0.1293 0.6666
1 -0.1289 0.6678
1 -0.1286 0.6690
1 -0.1282 0.6703
1 -0.1280 0.6716
1 -0.1278 0.6729
1 -0.1277 0.6742
1 -0.1276 0.6754
1 -0.1276 0.6767
112 1253 129
0 -0.1382 0.6767
1 -0.1383 0.6778
1 -0.1384 0.6788
1 -0.1385 0.6798
1 -0.1386 0.6809
1 -0.1389 0.6819
1 -0.1392 0.6829
1 -0.1395 0.6839
1 -0.1399 0.6849
1 -0.1403 0.6858
1 -0.1408 0.6868
1 -0.1413 0.6877
1 -0.1418 0.6886
1 -0.1425 0.6894
1 -0.1431 0.6902
1 -0.1438 0.6910
1 -0.1445 0.6918
1 -0.1453 0.6926
1 -0.1461 0.6932
1 -0.1469 0.6938
1 -0.1478 0.6945
1 -0.1486 0.6950
1 -0.1495 0.6955
1 -0.1505 0.6960
1 -0.1514 0.6964
1 -0.1524 0.6968
1 -0.1534 0.6971
1 -0.1544 0.6974
1 -0.1554 0.6977
1 -0.1565 0.6978
1 -0.1575 0.6979
1 -0.1586 0.6980
1 -0.1596 0.6981
1 -0.1606 0.6980
1 -0.1617 0.6979
1 -0.1627 0.6978
1 -0.1638 0.6977
1 -0.1648 0.6974
1 -0.1658 0.6971
1 -0.1668 0.6968
1 -0.1678 0.6964
1 -0.1687 0.6960
1 -0.1697 0.6955
1 -0.1706 0.6950
1 -0.1714 0.6945
1 -0.1723 0.6938
1 -0.1731 0.6932
1 -0.1739 0.6926
1 -0.1747 0.6918
1 -0.1754 0.6910
1 -0.1761 0.6902
1 -0.1767 0.6894
1 -0.1774 0.6886
1 -0.1779 0.6877
1 -0.1784 0.6868
1 -0.1789 0.6858
1 -0.1793 0.6849
1 -0.1797 0.6839
1 -0.1800 0.6829
1 -0.1803 0.6819
1 -0.1805 0.6809
1 -0.1807 0.6798
1 -0.1808 0.6788
1 -0.1809 0.6778
1 -0.1810 0.6767
1 -0.1809 0.6757
1 -0.1808 0.6746
1 -0.1807 0.6736
1 -0.1805 0.6726
1 -0.1803 0.6715
1 -0.1800 0.6706
1 -0.1797 0.6695
1 -0.1793 0.6686
1 -0.1789 0.6676
1 -0.1784 0.6666
1 -0.1779 0.6658
1 -0.1774 0.6649
1 -0.1767 0.6640
1 -0.1761 0.6632
1 -0.1754 0.6624
1 -0.1747 0.6617
1 -0.1739 0.6609
1 -0.1731 0.6602
1 -0.1723 0.6596
1 -0.1714 0.6590
1 -0.1706 0.6584
1 -0.1697 0.6579
1 -0.1687 0.6574
1 -0.1678 0.6570
1 -0.1668 0.6566
1 -0.1658 0.6563
1 -0.1648 0.6560
1 -0.1638 0.6558
1 -0.1627 0.6556
1 -0.1617 0.6555
1 -0.1606 0.6554
1 -0.1596 0.6554
1 -0.1586 0.6554
1 -0.1575 0.6555
1 -0.1565 0.6556
1 -0.1554 0.6558
1 -0.1544 0.6560
1 -0.1534 0.6563
1 -0.1524 0.6566
1 -0.1514 0.6570
1 -0.1505 0.6574
1 -0.1495 0.6579
1 -0.1486 0.6584
1 -0.1478 0.6590
1 -0.1469 0.6596
1 -0.1461 0.6602
1 -0.1453 0.6609
1 -0.1445 0.6617
1 -0.1438 0.6624
1 -0.1431 0.6632
1 -0.1425 0.6640
1 -0.1418 0.6649
1 -0.1413 0.6658
1 -0.1408 0.6666
1 -0.1403 0.6676
1 -0.1399 0.6686
1 -0.1395 0.6695
1 -0.1392 0.6706
1 -0.1389 0.6715
1 -0.1386 0.6726
1 -0.1385 0.6736
1 -0.1384 0.6746
1 -0.1383 0.6757
1 -0.1382 0.6767
112 1250 3
0 -0.3882 0.6305
1 -0.0800 0.6305
1 -0.3882 0.6305
112 1250 3
0 -0.0800 0.6305
1 -0.0800 0.3336
1 -0.0800 0.6305
112 1250 3
0 -0.4792 0.5394
1 -0.3882 0.6305
1 -0.4792 0.5394
112 1250 180
0 0.0358 0.5763
1 -0.1274 0.6602
1 -0.1267 0.6614
1 -0.1262 0.6626
1 -0.1257 0.6638
1 -0.1252 0.6651
1 -0.1248 0.6664
1 -0.1245 0.6678
1 -0.1242 0.6690
1 -0.1239 0.6704
1 -0.1237 0.6718
1 -0.1235 0.6731
1 -0.1234 0.6744
1 -0.1234 0.6758
1 -0.1234 0.6771
1 -0.1234 0.6785
1 -0.1234 0.6798
1 -0.1236 0.6812
1 -0.1238 0.6826
1 -0.1241 0.6839
1 -0.1243 0.6852
1 -0.1246 0.6865
1 -0.1250 0.6878
1 -0.1255 0.6891
1 -0.1260 0.6904
1 -0.1266 0.6916
1 -0.1271 0.6928
1 -0.1278 0.6941
1 -0.1284 0.6952
1 -0.1291 0.6964
1 -0.1298 0.6975
1 -0.1306 0.6986
1 -0.1315 0.6997
1 -0.1324 0.7007
1 -0.1333 0.7017
1 -0.1342 0.7026
1 -0.1352 0.7036
1 -0.1362 0.7045
1 -0.1373 0.7054
1 -0.1384 0.7062
1 -0.1395 0.7070
1 -0.1406 0.7077
1 -0.1418 0.7083
1 -0.1430 0.7090
1 -0.1442 0.7096
1 -0.1455 0.7102
1 -0.1467 0.7106
1 -0.1480 0.7111
1 -0.1493 0.7115
1 -0.1506 0.7118
1 -0.1519 0.7122
1 -0.1533 0.7124
1 -0.1546 0.7126
1 -0.1559 0.7128
1 -0.1573 0.7129
1 -0.1586 0.7130
1 -0.1600 0.7130
1 -0.1614 0.7130
1 -0.1627 0.7129
1 -0.1641 0.7127
1 -0.1654 0.7126
1 -0.1667 0.7122
1 -0.1681 0.7120
1 -0.1694 0.7117
1 -0.1707 0.7113
1 -0.1720 0.7108
1 -0.1732 0.7103
1 -0.1745 0.7098
1 -0.1757 0.7092
1 -0.1769 0.7086
1 -0.1781 0.7079
1 -0.1793 0.7072
1 -0.1804 0.7065
1 -0.1814 0.7057
1 -0.1826 0.7048
1 -0.1836 0.7039
1 -0.1846 0.7030
1 -0.1855 0.7021
1 -0.1865 0.7011
1 -0.1874 0.7001
1 -0.1882 0.6990
1 -0.1890 0.6979
1 -0.1898 0.6968
1 -0.1906 0.6957
1 -0.1912 0.6945
1 -0.1918 0.6933
1 -0.2355 0.7157
1 -0.2014 0.7822
1 -0.1445 0.7529
1 -0.0870 0.7714
1 0.0269 0.7129
1 0.0833 0.6359
1 0.1494 0.5779
1 0.1540 0.5396
1 0.1442 0.5206
1 0.1004 0.5432
1 0.1010 0.5444
1 0.1015 0.5456
1 0.1020 0.5469
1 0.1025 0.5482
1 0.1029 0.5494
1 0.1033 0.5508
1 0.1036 0.5521
1 0.1038 0.5534
1 0.1040 0.5547
1 0.1042 0.5561
1 0.1043 0.5574
1 0.1044 0.5588
1 0.1044 0.5602
1 0.1043 0.5615
1 0.1042 0.5629
1 0.1041 0.5642
1 0.1039 0.5656
1 0.1037 0.5669
1 0.1034 0.5682
1 0.1030 0.5695
1 0.1026 0.5708
1 0.1022 0.5722
1 0.1017 0.5734
1 0.1012 0.5746
1 0.1006 0.5758
1 0.1000 0.5770
1 0.0993 0.5782
1 0.0986 0.5794
1 0.0978 0.5806
1 0.0970 0.5816
1 0.0962 0.5827
1 0.0954 0.5838
1 0.0944 0.5847
1 0.0934 0.5857
1 0.0925 0.5866
1 0.0914 0.5875
1 0.0904 0.5884
1 0.0893 0.5892
1 0.0882 0.5899
1 0.0870 0.5906
1 0.0859 0.5914
1 0.0847 0.5920
1 0.0834 0.5926
1 0.0822 0.5931
1 0.0810 0.5937
1 0.0797 0.5941
1 0.0784 0.5946
1 0.0771 0.5949
1 0.0758 0.5952
1 0.0745 0.5954
1 0.0731 0.5957
1 0.0718 0.5958
1 0.0704 0.5959
1 0.0690 0.5960
1 0.0677 0.5960
1 0.0663 0.5960
1 0.0650 0.5958
1 0.0636 0.5958
1 0.0623 0.5955
1 0.0610 0.5953
1 0.0596 0.5950
1 0.0583 0.5946
1 0.0570 0.5942
1 0.0558 0.5938
1 0.0545 0.5934
1 0.0532 0.5928
1 0.0520 0.5922
1 0.0508 0.5916
1 0.0496 0.5910
1 0.0485 0.5902
1 0.0474 0.5894
1 0.0462 0.5886
1 0.0452 0.5878
1 0.0442 0.5870
1 0.0431 0.5861
1 0.0422 0.5851
1 0.0413 0.5841
1 0.0403 0.5831
1 0.0395 0.5820
1 0.0387 0.5810
1 0.0379 0.5798
1 0.0372 0.5787
1 0.0365 0.5775
1 0.0358 0.5763
112 1253 5
0 0.0621 0.6468
1 0.0198 0.7045
1 -0.0879 0.7598
1 -0.1310 0.7460
1 0.0621 0.6468
112 1250 2261
0 -0.0800 0.6305
1 -0.3882 0.6305
1 -0.4792 0.5394
1 -0.2134 0.2736
1 -0.0834 0.2736
1 -0.0834 0.2670
1 -0.0834 0.2670
1 -0.0833 0.2658
1 -0.0832 0.2647
1 -0.0831 0.2636
1 -0.0829 0.2626
1 -0.0827 0.2614
1 -0.0824 0.2604
1 -0.0821 0.2594
1 -0.0817 0.2583
1 -0.0813 0.2573
1 -0.0808 0.2563
1 -0.0802 0.2554
1 -0.0797 0.2544
1 -0.0790 0.2534
1 -0.0784 0.2526
1 -0.0777 0.2518
1 -0.0770 0.2509
1 -0.0762 0.2502
1 -0.0754 0.2494
1 -0.0746 0.2487
1 -0.0737 0.2480
1 -0.0727 0.2474
1 -0.0718 0.2468
1 -0.0709 0.2462
1 -0.0698 0.2458
1 -0.0689 0.2454
1 -0.0678 0.2450
1 -0.0668 0.2446
1 -0.0657 0.2443
1 -0.0646 0.2441
1 -0.0635 0.2438
1 -0.0625 0.2438
1 -0.0614 0.2436
1 -0.0602 0.2436
1 -0.0591 0.2436
1 -0.0581 0.2437
1 -0.0570 0.2438
1 -0.0558 0.2440
1 -0.0548 0.2442
1 -0.0537 0.2445
1 -0.0526 0.2448
1 -0.0516 0.2452
1 -0.0506 0.2456
1 -0.0496 0.2461
1 -0.0486 0.2466
1 -0.0477 0.2471
1 -0.0467 0.2478
1 -0.0458 0.2484
1 -0.0450 0.2490
1 -0.0442 0.2498
1 -0.0434 0.2506
1 -0.0426 0.2514
1 -0.0419 0.2522
1 -0.0412 0.2531
1 -0.0406 0.2540
1 -0.0400 0.2549
1 -0.0394 0.2540
1 -0.0388 0.2531
1 -0.0382 0.2522
1 -0.0374 0.2514
1 -0.0366 0.2506
1 -0.0359 0.2498
1 -0.0350 0.2491
1 -0.0342 0.2484
1 -0.0334 0.2478
1 -0.0324 0.2472
1 -0.0315 0.2466
1 -0.0306 0.2461
1 -0.0295 0.2457
1 -0.0286 0.2452
1 -0.0275 0.2449
1 -0.0265 0.2445
1 -0.0254 0.2442
1 -0.0243 0.2440
1 -0.0233 0.2438
1 -0.0222 0.2437
1 -0.0211 0.2436
1 -0.0200 0.2436
1 -0.0189 0.2436
1 -0.0178 0.2437
1 -0.0167 0.2438
1 -0.0157 0.2440
1 -0.0146 0.2442
1 -0.0135 0.2445
1 -0.0125 0.2449
1 -0.0114 0.2452
1 -0.0105 0.2457
1 -0.0094 0.2461
1 -0.0085 0.2466
1 -0.0076 0.2472
1 -0.0066 0.2478
1 -0.0058 0.2484
1 -0.0050 0.2491
1 -0.0041 0.2498
1 -0.0034 0.2506
1 -0.0026 0.2514
1 -0.0018 0.2522
1 -0.0012 0.2531
1 -0.0006 0.2540
1 0.0000 0.2549
1 0.0006 0.2540
1 0.0012 0.2531
1 0.0018 0.2522
1 0.0026 0.2514
1 0.0034 0.2506
1 0.0041 0.2498
1 0.0050 0.2491
1 0.0058 0.2484
1 0.0066 0.2478
1 0.0076 0.2472
1 0.0085 0.2466
1 0.0094 0.2461
1 0.0105 0.2457
1 0.0114 0.2452
1 0.0125 0.2449
1 0.0135 0.2445
1 0.0146 0.2442
1 0.0157 0.2440
1 0.0167 0.2438
1 0.0178 0.2437
1 0.0189 0.2436
1 0.0200 0.2436
1 0.0211 0.2436
1 0.0222 0.2437
1 0.0233 0.2438
1 0.0243 0.2440
1 0.0254 0.2442
1 0.0265 0.2445
1 0.0275 0.2449
1 0.0286 0.2452
1 0.0295 0.2457
1 0.0306 0.2461
1 0.0315 0.2466
1 0.0324 0.2472
1 0.0334 0.2478
1 0.0342 0.2484
1 0.0350 0.2491
1 0.0359 0.2498
1 0.0366 0.2506
1 0.0374 0.2514
1 0.0382 0.2522
1 0.0388 0.2531
1 0.0394 0.2540
1 0.0400 0.2549
1 0.0406 0.2540
1 0.0412 0.2531
1 0.0418 0.2522
1 0.0426 0.2514
1 0.0434 0.2506
1 0.0441 0.2498
1 0.0450 0.2491
1 0.0458 0.2484
1 0.0466 0.2478
1 0.0476 0.2472
1 0.0485 0.2466
1 0.0494 0.2461
1 0.0505 0.2457
1 0.0514 0.2452
1 0.0525 0.2449
1 0.0535 0.2445
1 0.0546 0.2442
1 0.0557 0.2440
1 0.0567 0.2438
1 0.0578 0.2437
1 0.0589 0.2436
1 0.0600 0.2436
1 0.0611 0.2436
1 0.0622 0.2437
1 0.0633 0.2438
1 0.0643 0.2440
1 0.0654 0.2442
1 0.0665 0.2445
1 0.0675 0.2449
1 0.0686 0.2452
1 0.0695 0.2457
1 0.0706 0.2461
1 0.0715 0.2466
1 0.0724 0.2472
1 0.0734 0.2478
1 0.0742 0.2484
1 0.0750 0.2491
1 0.0759 0.2498
1 0.0766 0.2506
1 0.0774 0.2514
1 0.0782 0.2522
1 0.0788 0.2531
1 0.0794 0.2540
1 0.0800 0.2549
1 0.0806 0.2540
1 0.0812 0.2531
1 0.0818 0.2522
1 0.0826 0.2514
1 0.0834 0.2506
1 0.0841 0.2498
1 0.0850 0.2491
1 0.0858 0.2484
1 0.0866 0.2478
1 0.0876 0.2472
1 0.0885 0.2466
1 0.0894 0.2461
1 0.0905 0.2457
1 0.0914 0.2452
1 0.0925 0.2449
1 0.0935 0.2445
1 0.0946 0.2442
1 0.0957 0.2440
1 0.0967 0.2438
1 0.0978 0.2437
1 0.0989 0.2436
1 0.1000 0.2436
1 0.1011 0.2436
1 0.1022 0.2437
1 0.1033 0.2438
1 0.1043 0.2440
1 0.1054 0.2442
1 0.1065 0.2445
1 0.1075 0.2449
1 0.1086 0.2452
1 0.1095 0.2457
1 0.1106 0.2461
1 0.1115 0.2466
1 0.1124 0.2472
1 0.1134 0.2478
1 0.1142 0.2484
1 0.1150 0.2491
1 0.1159 0.2498
1 0.1166 0.2506
1 0.1174 0.2514
1 0.1182 0.2522
1 0.1188 0.2531
1 0.1194 0.2540
1 0.1200 0.2549
1 0.1206 0.2540
1 0.1212 0.2531
1 0.1218 0.2522
1 0.1226 0.2514
1 0.1234 0.2506
1 0.1241 0.2498
1 0.1250 0.2491
1 0.1258 0.2484
1 0.1266 0.2478
1 0.1276 0.2472
1 0.1285 0.2466
1 0.1294 0.2461
1 0.1305 0.2457
1 0.1314 0.2452
1 0.1325 0.2449
1 0.1335 0.2445
1 0.1346 0.2442
1 0.1357 0.2440
1 0.1367 0.2438
1 0.1378 0.2437
1 0.1389 0.2436
1 0.1400 0.2436
1 0.1411 0.2436
1 0.1422 0.2437
1 0.1433 0.2438
1 0.1443 0.2440
1 0.1454 0.2442
1 0.1465 0.2445
1 0.1475 0.2449
1 0.1486 0.2452
1 0.1495 0.2457
1 0.1506 0.2461
1 0.1515 0.2466
1 0.1524 0.2472
1 0.1534 0.2478
1 0.1542 0.2484
1 0.1550 0.2491
1 0.1559 0.2498
1 0.1566 0.2506
1 0.1574 0.2514
1 0.1582 0.2522
1 0.1588 0.2531
1 0.1594 0.2540
1 0.1600 0.2549
1 0.1606 0.2540
1 0.1612 0.2531
1 0.1619 0.2522
1 0.1626 0.2514
1 0.1634 0.2506
1 0.1642 0.2498
1 0.1650 0.2490
1 0.1658 0.2484
1 0.1667 0.2478
1 0.1677 0.2471
1 0.1686 0.2466
1 0.1696 0.2461
1 0.1706 0.2456
1 0.1716 0.2452
1 0.1726 0.2448
1 0.1737 0.2445
1 0.1748 0.2442
1 0.1758 0.2440
1 0.1770 0.2438
1 0.1781 0.2437
1 0.1791 0.2436
1 0.1802 0.2436
1 0.1814 0.2436
1 0.1825 0.2438
1 0.1835 0.2438
1 0.1846 0.2441
1 0.1857 0.2443
1 0.1868 0.2446
1 0.1878 0.2450
1 0.1889 0.2454
1 0.1898 0.2458
1 0.1909 0.2462
1 0.1918 0.2468
1 0.1927 0.2474
1 0.1937 0.2480
1 0.1946 0.2487
1 0.1954 0.2494
1 0.1962 0.2502
1 0.1970 0.2509
1 0.1977 0.2518
1 0.1984 0.2526
1 0.1990 0.2534
1 0.1997 0.2544
1 0.2002 0.2554
1 0.2008 0.2563
1 0.2013 0.2573
1 0.2017 0.2583
1 0.2021 0.2594
1 0.2024 0.2604
1 0.2027 0.2614
1 0.2029 0.2626
1 0.2031 0.2636
1 0.2032 0.2647
1 0.2033 0.2658
1 0.2034 0.2670
1 0.2000 0.2670
1 0.2000 0.2659
1 0.1999 0.2649
1 0.1998 0.2638
1 0.1996 0.2629
1 0.1994 0.2618
1 0.1990 0.2609
1 0.1987 0.2598
1 0.1983 0.2590
1 0.1979 0.2580
1 0.1974 0.2571
1 0.1969 0.2562
1 0.1963 0.2554
1 0.1957 0.2546
1 0.1950 0.2538
1 0.1943 0.2530
1 0.1936 0.2522
1 0.1928 0.2516
1 0.1920 0.2510
1 0.1912 0.2503
1 0.1903 0.2498
1 0.1894 0.2493
1 0.1885 0.2488
1 0.1875 0.2484
1 0.1866 0.2481
1 0.1856 0.2478
1 0.1846 0.2474
1 0.1836 0.2473
1 0.1826 0.2471
1 0.1815 0.2470
1 0.1805 0.2470
1 0.1795 0.2470
1 0.1785 0.2470
1 0.1774 0.2471
1 0.1764 0.2473
1 0.1754 0.2474
1 0.1744 0.2478
1 0.1734 0.2481
1 0.1725 0.2484
1 0.1715 0.2488
1 0.1706 0.2493
1 0.1697 0.2498
1 0.1688 0.2503
1 0.1680 0.2510
1 0.1672 0.2516
1 0.1664 0.2522
1 0.1657 0.2530
1 0.1650 0.2538
1 0.1643 0.2546
1 0.1637 0.2554
1 0.1631 0.2562
1 0.1626 0.2571
1 0.1621 0.2580
1 0.1617 0.2590
1 0.1613 0.2598
1 0.1610 0.2609
1 0.1606 0.2618
1 0.1604 0.2629
1 0.1602 0.2638
1 0.1601 0.2649
1 0.1600 0.2659
1 0.1599 0.2649
1 0.1598 0.2638
1 0.1596 0.2629
1 0.1594 0.2618
1 0.1590 0.2609
1 0.1587 0.2598
1 0.1583 0.2590
1 0.1579 0.2580
1 0.1574 0.2571
1 0.1569 0.2562
1 0.1563 0.2554
1 0.1557 0.2546
1 0.1550 0.2538
1 0.1543 0.2530
1 0.1536 0.2522
1 0.1528 0.2516
1 0.1520 0.2510
1 0.1512 0.2503
1 0.1503 0.2498
1 0.1494 0.2493
1 0.1485 0.2488
1 0.1475 0.2484
1 0.1466 0.2481
1 0.1456 0.2478
1 0.1446 0.2474
1 0.1436 0.2473
1 0.1426 0.2471
1 0.1415 0.2470
1 0.1405 0.2470
1 0.1395 0.2470
1 0.1385 0.2470
1 0.1374 0.2471
1 0.1364 0.2473
1 0.1354 0.2474
1 0.1344 0.2478
1 0.1334 0.2481
1 0.1325 0.2484
1 0.1315 0.2488
1 0.1306 0.2493
1 0.1297 0.2498
1 0.1288 0.2503
1 0.1280 0.2510
1 0.1272 0.2516
1 0.1264 0.2522
1 0.1257 0.2530
1 0.1250 0.2538
1 0.1243 0.2546
1 0.1237 0.2554
1 0.1231 0.2562
1 0.1226 0.2571
1 0.1221 0.2580
1 0.1217 0.2590
1 0.1213 0.2598
1 0.1210 0.2609
1 0.1206 0.2618
1 0.1204 0.2629
1 0.1202 0.2638
1 0.1201 0.2649
1 0.1200 0.2659
1 0.1200 0.2670
1 0.1200 0.2659
1 0.1199 0.2649
1 0.1198 0.2638
1 0.1196 0.2629
1 0.1194 0.2618
1 0.1190 0.2609
1 0.1187 0.2598
1 0.1183 0.2590
1 0.1179 0.2580
1 0.1174 0.2571
1 0.1169 0.2562
1 0.1163 0.2554
1 0.1157 0.2546
1 0.1150 0.2538
1 0.1143 0.2530
1 0.1136 0.2522
1 0.1128 0.2516
1 0.1120 0.2510
1 0.1112 0.2503
1 0.1103 0.2498
1 0.1094 0.2493
1 0.1085 0.2488
1 0.1075 0.2484
1 0.1066 0.2481
1 0.1056 0.2478
1 0.1046 0.2474
1 0.1036 0.2473
1 0.1026 0.2471
1 0.1015 0.2470
1 0.1005 0.2470
1 0.0995 0.2470
1 0.0985 0.2470
1 0.0974 0.2471
1 0.0964 0.2473
1 0.0954 0.2474
1 0.0944 0.2478
1 0.0934 0.2481
1 0.0925 0.2484
1 0.0915 0.2488
1 0.0906 0.2493
1 0.0897 0.2498
1 0.0888 0.2503
1 0.0880 0.2510
1 0.0872 0.2516
1 0.0864 0.2522
1 0.0857 0.2530
1 0.0850 0.2538
1 0.0843 0.2546
1 0.0837 0.2554
1 0.0831 0.2562
1 0.0826 0.2571
1 0.0821 0.2580
1 0.0817 0.2590
1 0.0813 0.2598
1 0.0810 0.2609
1 0.0806 0.2618
1 0.0804 0.2629
1 0.0802 0.2638
1 0.0801 0.2649
1 0.0800 0.2659
1 0.0800 0.2670
1 0.0800 0.2659
1 0.0799 0.2649
1 0.0798 0.2638
1 0.0796 0.2629
1 0.0794 0.2618
1 0.0790 0.2609
1 0.0787 0.2598
1 0.0783 0.2590
1 0.0779 0.2580
1 0.0774 0.2571
1 0.0769 0.2562
1 0.0763 0.2554
1 0.0757 0.2546
1 0.0750 0.2538
1 0.0743 0.2530
1 0.0736 0.2522
1 0.0728 0.2516
1 0.0720 0.2510
1 0.0712 0.2503
1 0.0703 0.2498
1 0.0694 0.2493
1 0.0685 0.2488
1 0.0675 0.2484
1 0.0666 0.2481
1 0.0656 0.2478
1 0.0646 0.2474
1 0.0636 0.2473
1 0.0626 0.2471
1 0.0615 0.2470
1 0.0605 0.2470
1 0.0595 0.2470
1 0.0585 0.2470
1 0.0574 0.2471
1 0.0564 0.2473
1 0.0554 0.2474
1 0.0544 0.2478
1 0.0534 0.2481
1 0.0525 0.2484
1 0.0515 0.2488
1 0.0506 0.2493
1 0.0497 0.2498
1 0.0488 0.2503
1 0.0480 0.2510
1 0.0472 0.2516
1 0.0464 0.2522
1 0.0457 0.2530
1 0.0450 0.2538
1 0.0443 0.2546
1 0.0437 0.2554
1 0.0431 0.2562
1 0.0426 0.2571
1 0.0421 0.2580
1 0.0417 0.2590
1 0.0413 0.2598
1 0.0410 0.2609
1 0.0406 0.2618
1 0.0404 0.2629
1 0.0402 0.2638
1 0.0401 0.2649
1 0.0400 0.2659
1 0.0400 0.2670
1 0.0400 0.2659
1 0.0399 0.2649
1 0.0398 0.2638
1 0.0396 0.2629
1 0.0394 0.2618
1 0.0390 0.2609
1 0.0387 0.2598
1 0.0383 0.2590
1 0.0379 0.2580
1 0.0374 0.2571
1 0.0369 0.2562
1 0.0363 0.2554
1 0.0357 0.2546
1 0.0350 0.2538
1 0.0343 0.2530
1 0.0336 0.2522
1 0.0328 0.2516
1 0.0320 0.2510
1 0.0312 0.2503
1 0.0303 0.2498
1 0.0294 0.2493
1 0.0285 0.2488
1 0.0275 0.2484
1 0.0266 0.2481
1 0.0256 0.2478
1 0.0246 0.2474
1 0.0236 0.2473
1 0.0226 0.2471
1 0.0215 0.2470
1 0.0205 0.2470
1 0.0195 0.2470
1 0.0185 0.2470
1 0.0174 0.2471
1 0.0164 0.2473
1 0.0154 0.2474
1 0.0144 0.2478
1 0.0134 0.2481
1 0.0125 0.2484
1 0.0115 0.2488
1 0.0106 0.2493
1 0.0097 0.2498
1 0.0088 0.2503
1 0.0080 0.2510
1 0.0072 0.2516
1 0.0064 0.2522
1 0.0057 0.2530
1 0.0050 0.2538
1 0.0043 0.2546
1 0.0037 0.2554
1 0.0031 0.2562
1 0.0026 0.2571
1 0.0021 0.2580
1 0.0017 0.2590
1 0.0013 0.2598
1 0.0010 0.2609
1 0.0006 0.2618
1 0.0004 0.2629
1 0.0002 0.2638
1 0.0001 0.2649
1 0.0000 0.2659
1 0.0000 0.2670
1 0.0000 0.2659
1 -0.0001 0.2649
1 -0.0002 0.2638
1 -0.0004 0.2629
1 -0.0006 0.2618
1 -0.0010 0.2609
1 -0.0013 0.2598
1 -0.0017 0.2590
1 -0.0021 0.2580
1 -0.0026 0.2571
1 -0.0031 0.2562
1 -0.0037 0.2554
1 -0.0043 0.2546
1 -0.0050 0.2538
1 -0.0057 0.2530
1 -0.0064 0.2522
1 -0.0072 0.2516
1 -0.0080 0.2510
1 -0.0088 0.2503
1 -0.0097 0.2498
1 -0.0106 0.2493
1 -0.0115 0.2488
1 -0.0125 0.2484
1 -0.0134 0.2481
1 -0.0144 0.2478
1 -0.0154 0.2474
1 -0.0164 0.2473
1 -0.0174 0.2471
1 -0.0185 0.2470
1 -0.0195 0.2470
1 -0.0205 0.2470
1 -0.0215 0.2470
1 -0.0226 0.2471
1 -0.0236 0.2473
1 -0.0246 0.2474
1 -0.0256 0.2478
1 -0.0266 0.2481
1 -0.0275 0.2484
1 -0.0285 0.2488
1 -0.0294 0.2493
1 -0.0303 0.2498
1 -0.0312 0.2503
1 -0.0320 0.2510
1 -0.0328 0.2516
1 -0.0336 0.2522
1 -0.0343 0.2530
1 -0.0350 0.2538
1 -0.0357 0.2546
1 -0.0363 0.2554
1 -0.0369 0.2562
1 -0.0374 0.2571
1 -0.0379 0.2580
1 -0.0383 0.2590
1 -0.0387 0.2598
1 -0.0390 0.2609
1 -0.0394 0.2618
1 -0.0396 0.2629
1 -0.0398 0.2638
1 -0.0399 0.2649
1 -0.0400 0.2659
1 -0.0400 0.2670
1 -0.0400 0.2659
1 -0.0401 0.2649
1 -0.0402 0.2638
1 -0.0404 0.2629
1 -0.0406 0.2618
1 -0.0410 0.2609
1 -0.0413 0.2598
1 -0.0417 0.2590
1 -0.0421 0.2580
1 -0.0426 0.2571
1 -0.0431 0.2562
1 -0.0437 0.2554
1 -0.0443 0.2546
1 -0.0450 0.2538
1 -0.0457 0.2530
1 -0.0464 0.2522
1 -0.0472 0.2516
1 -0.0480 0.2510
1 -0.0488 0.2503
1 -0.0497 0.2498
1 -0.0506 0.2493
1 -0.0515 0.2488
1 -0.0525 0.2484
1 -0.0534 0.2481
1 -0.0544 0.2478
1 -0.0554 0.2474
1 -0.0564 0.2473
1 -0.0574 0.2471
1 -0.0585 0.2470
1 -0.0595 0.2470
1 -0.0605 0.2470
1 -0.0615 0.2470
1 -0.0626 0.2471
1 -0.0636 0.2473
1 -0.0646 0.2474
1 -0.0656 0.2478
1 -0.0666 0.2481
1 -0.0675 0.2484
1 -0.0685 0.2488
1 -0.0694 0.2493
1 -0.0703 0.2498
1 -0.0712 0.2503
1 -0.0720 0.2510
1 -0.0728 0.2516
1 -0.0736 0.2522
1 -0.0743 0.2530
1 -0.0750 0.2538
1 -0.0757 0.2546
1 -0.0763 0.2554
1 -0.0769 0.2562
1 -0.0774 0.2571
1 -0.0779 0.2580
1 -0.0783 0.2590
1 -0.0787 0.2598
1 -0.0790 0.2609
1 -0.0794 0.2618
1 -0.0796 0.2629
1 -0.0798 0.2638
1 -0.0799 0.2649
1 -0.0800 0.2659
1 -0.0800 0.2670
1 -0.0800 0.2736
1 -0.0800 0.2882
1 -0.0794 0.2874
1 -0.0788 0.2864
1 -0.0782 0.2856
1 -0.0774 0.2847
1 -0.0766 0.2839
1 -0.0759 0.2832
1 -0.0750 0.2825
1 -0.0742 0.2818
1 -0.0734 0.2811
1 -0.0724 0.2805
1 -0.0715 0.2799
1 -0.0706 0.2794
1 -0.0695 0.2790
1 -0.0686 0.2786
1 -0.0675 0.2782
1 -0.0665 0.2778
1 -0.0654 0.2776
1 -0.0643 0.2774
1 -0.0633 0.2772
1 -0.0622 0.2770
1 -0.0611 0.2770
1 -0.0600 0.2770
1 -0.0589 0.2770
1 -0.0578 0.2770
1 -0.0567 0.2772
1 -0.0557 0.2774
1 -0.0546 0.2776
1 -0.0535 0.2778
1 -0.0525 0.2782
1 -0.0514 0.2786
1 -0.0505 0.2790
1 -0.0494 0.2794
1 -0.0485 0.2799
1 -0.0476 0.2805
1 -0.0466 0.2811
1 -0.0458 0.2818
1 -0.0450 0.2825
1 -0.0441 0.2832
1 -0.0434 0.2839
1 -0.0426 0.2847
1 -0.0418 0.2856
1 -0.0412 0.2864
1 -0.0406 0.2874
1 -0.0400 0.2882
1 -0.0394 0.2874
1 -0.0388 0.2864
1 -0.0382 0.2856
1 -0.0374 0.2847
1 -0.0366 0.2839
1 -0.0359 0.2832
1 -0.0350 0.2825
1 -0.0342 0.2818
1 -0.0334 0.2811
1 -0.0324 0.2805
1 -0.0315 0.2799
1 -0.0306 0.2794
1 -0.0295 0.2790
1 -0.0286 0.2786
1 -0.0275 0.2782
1 -0.0265 0.2778
1 -0.0254 0.2776
1 -0.0243 0.2774
1 -0.0233 0.2772
1 -0.0222 0.2770
1 -0.0211 0.2770
1 -0.0200 0.2770
1 -0.0189 0.2770
1 -0.0178 0.2770
1 -0.0167 0.2772
1 -0.0157 0.2774
1 -0.0146 0.2776
1 -0.0135 0.2778
1 -0.0125 0.2782
1 -0.0114 0.2786
1 -0.0105 0.2790
1 -0.0094 0.2794
1 -0.0085 0.2799
1 -0.0076 0.2805
1 -0.0066 0.2811
1 -0.0058 0.2818
1 -0.0050 0.2825
1 -0.0041 0.2832
1 -0.0034 0.2839
1 -0.0026 0.2847
1 -0.0018 0.2856
1 -0.0012 0.2864
1 -0.0006 0.2874
1 0.0000 0.2882
1 0.0006 0.2874
1 0.0012 0.2864
1 0.0018 0.2856
1 0.0026 0.2847
1 0.0034 0.2839
1 0.0041 0.2832
1 0.0050 0.2825
1 0.0058 0.2818
1 0.0066 0.2811
1 0.0076 0.2805
1 0.0085 0.2799
1 0.0094 0.2794
1 0.0105 0.2790
1 0.0114 0.2786
1 0.0125 0.2782
1 0.0135 0.2778
1 0.0146 0.2776
1 0.0157 0.2774
1 0.0167 0.2772
1 0.0178 0.2770
1 0.0189 0.2770
1 0.0200 0.2770
1 0.0211 0.2770
1 0.0222 0.2770
1 0.0233 0.2772
1 0.0243 0.2774
1 0.0254 0.2776
1 0.0265 0.2778
1 0.0275 0.2782
1 0.0286 0.2786
1 0.0295 0.2790
1 0.0306 0.2794
1 0.0315 0.2799
1 0.0324 0.2805
1 0.0334 0.2811
1 0.0342 0.2818
1 0.0350 0.2825
1 0.0359 0.2832
1 0.0366 0.2839
1 0.0374 0.2847
1 0.0382 0.2856
1 0.0388 0.2864
1 0.0394 0.2874
1 0.0400 0.2882
1 0.0406 0.2874
1 0.0412 0.2864
1 0.0418 0.2856
1 0.0426 0.2847
1 0.0434 0.2839
1 0.0441 0.2832
1 0.0450 0.2825
1 0.0458 0.2818
1 0.0466 0.2811
1 0.0476 0.2805
1 0.0485 0.2799
1 0.0494 0.2794
1 0.0505 0.2790
1 0.0514 0.2786
1 0.0525 0.2782
1 0.0535 0.2778
1 0.0546 0.2776
1 0.0557 0.2774
1 0.0567 0.2772
1 0.0578 0.2770
1 0.0589 0.2770
1 0.0600 0.2770
1 0.0611 0.2770
1 0.0622 0.2770
1 0.0633 0.2772
1 0.0643 0.2774
1 0.0654 0.2776
1 0.0665 0.2778
1 0.0675 0.2782
1 0.0686 0.2786
1 0.0695 0.2790
1 0.0706 0.2794
1 0.0715 0.2799
1 0.0724 0.2805
1 0.0734 0.2811
1 0.0742 0.2818
1 0.0750 0.2825
1 0.0759 0.2832
1 0.0766 0.2839
1 0.0774 0.2847
1 0.0782 0.2856
1 0.0788 0.2864
1 0.0794 0.2874
1 0.0800 0.2882
1 0.0806 0.2874
1 0.0812 0.2864
1 0.0818 0.2856
1 0.0826 0.2847
1 0.0834 0.2839
1 0.0841 0.2832
1 0.0850 0.2825
1 0.0858 0.2818
1 0.0866 0.2811
1 0.0876 0.2805
1 0.0885 0.2799
1 0.0894 0.2794
1 0.0905 0.2790
1 0.0914 0.2786
1 0.0925 0.2782
1 0.0935 0.2778
1 0.0946 0.2776
1 0.0957 0.2774
1 0.0967 0.2772
1 0.0978 0.2770
1 0.0989 0.2770
1 0.1000 0.2770
1 0.1011 0.2770
1 0.1022 0.2770
1 0.1033 0.2772
1 0.1043 0.2774
1 0.1054 0.2776
1 0.1065 0.2778
1 0.1075 0.2782
1 0.1086 0.2786
1 0.1095 0.2790
1 0.1106 0.2794
1 0.1115 0.2799
1 0.1124 0.2805
1 0.1134 0.2811
1 0.1142 0.2818
1 0.1150 0.2825
1 0.1159 0.2832
1 0.1166 0.2839
1 0.1174 0.2847
1 0.1182 0.2856
1 0.1188 0.2864
1 0.1194 0.2874
1 0.1200 0.2882
1 0.1206 0.2874
1 0.1212 0.2864
1 0.1218 0.2856
1 0.1226 0.2847
1 0.1234 0.2839
1 0.1241 0.2832
1 0.1250 0.2825
1 0.1258 0.2818
1 0.1266 0.2811
1 0.1276 0.2805
1 0.1285 0.2799
1 0.1294 0.2794
1 0.1305 0.2790
1 0.1314 0.2786
1 0.1325 0.2782
1 0.1335 0.2778
1 0.1346 0.2776
1 0.1357 0.2774
1 0.1367 0.2772
1 0.1378 0.2770
1 0.1389 0.2770
1 0.1400 0.2770
1 0.1411 0.2770
1 0.1422 0.2770
1 0.1433 0.2772
1 0.1443 0.2774
1 0.1454 0.2776
1 0.1465 0.2778
1 0.1475 0.2782
1 0.1486 0.2786
1 0.1495 0.2790
1 0.1506 0.2794
1 0.1515 0.2799
1 0.1524 0.2805
1 0.1534 0.2811
1 0.1542 0.2818
1 0.1550 0.2825
1 0.1559 0.2832
1 0.1566 0.2839
1 0.1574 0.2847
1 0.1582 0.2856
1 0.1588 0.2864
1 0.1594 0.2874
1 0.1600 0.2882
1 0.1606 0.2873
1 0.1612 0.2864
1 0.1619 0.2855
1 0.1626 0.2847
1 0.1634 0.2839
1 0.1642 0.2831
1 0.1650 0.2824
1 0.1658 0.2817
1 0.1667 0.2810
1 0.1677 0.2805
1 0.1686 0.2799
1 0.1696 0.2794
1 0.1706 0.2789
1 0.1716 0.2785
1 0.1726 0.2782
1 0.1737 0.2778
1 0.1748 0.2775
1 0.1758 0.2773
1 0.1770 0.2771
1 0.1781 0.2770
1 0.1791 0.2770
1 0.1802 0.2770
1 0.1814 0.2770
1 0.1825 0.2770
1 0.1835 0.2772
1 0.1846 0.2774
1 0.1857 0.2777
1 0.1868 0.2779
1 0.1878 0.2783
1 0.1889 0.2786
1 0.1898 0.2791
1 0.1909 0.2796
1 0.1918 0.2802
1 0.1927 0.2807
1 0.1937 0.2814
1 0.1946 0.2820
1 0.1954 0.2827
1 0.1962 0.2834
1 0.1970 0.2842
1 0.1977 0.2850
1 0.1984 0.2859
1 0.1990 0.2868
1 0.1997 0.2878
1 0.2002 0.2886
1 0.2008 0.2897
1 0.2013 0.2906
1 0.2017 0.2917
1 0.2021 0.2927
1 0.2024 0.2938
1 0.2027 0.2948
1 0.2029 0.2959
1 0.2031 0.2970
1 0.2032 0.2981
1 0.2033 0.2992
1 0.2034 0.3002
1 0.2000 0.3002
1 0.2000 0.2992
1 0.1999 0.2982
1 0.1998 0.2972
1 0.1996 0.2962
1 0.1994 0.2952
1 0.1990 0.2942
1 0.1987 0.2932
1 0.1983 0.2922
1 0.1979 0.2914
1 0.1974 0.2904
1 0.1969 0.2895
1 0.1963 0.2886
1 0.1957 0.2878
1 0.1950 0.2870
1 0.1943 0.2863
1 0.1936 0.2856
1 0.1928 0.2849
1 0.1920 0.2842
1 0.1912 0.2837
1 0.1903 0.2831
1 0.1894 0.2826
1 0.1885 0.2822
1 0.1875 0.2818
1 0.1866 0.2814
1 0.1856 0.2810
1 0.1846 0.2808
1 0.1836 0.2806
1 0.1826 0.2804
1 0.1815 0.2803
1 0.1805 0.2802
1 0.1795 0.2802
1 0.1785 0.2803
1 0.1774 0.2804
1 0.1764 0.2806
1 0.1754 0.2808
1 0.1744 0.2810
1 0.1734 0.2814
1 0.1725 0.2818
1 0.1715 0.2822
1 0.1706 0.2826
1 0.1697 0.2831
1 0.1688 0.2837
1 0.1680 0.2842
1 0.1672 0.2849
1 0.1664 0.2856
1 0.1657 0.2863
1 0.1650 0.2870
1 0.1643 0.2878
1 0.1637 0.2886
1 0.1631 0.2895
1 0.1626 0.2904
1 0.1621 0.2914
1 0.1617 0.2922
1 0.1613 0.2932
1 0.1610 0.2942
1 0.1606 0.2952
1 0.1604 0.2962
1 0.1602 0.2972
1 0.1601 0.2982
1 0.1600 0.2992
1 0.1600 0.3002
1 0.1600 0.2992
1 0.1599 0.2982
1 0.1598 0.2972
1 0.1596 0.2962
1 0.1594 0.2952
1 0.1590 0.2942
1 0.1587 0.2932
1 0.1583 0.2922
1 0.1579 0.2914
1 0.1574 0.2904
1 0.1569 0.2895
1 0.1563 0.2886
1 0.1557 0.2878
1 0.1550 0.2870
1 0.1543 0.2863
1 0.1536 0.2856
1 0.1528 0.2849
1 0.1520 0.2842
1 0.1512 0.2837
1 0.1503 0.2831
1 0.1494 0.2826
1 0.1485 0.2822
1 0.1475 0.2818
1 0.1466 0.2814
1 0.1456 0.2810
1 0.1446 0.2808
1 0.1436 0.2806
1 0.1426 0.2804
1 0.1415 0.2803
1 0.1405 0.2802
1 0.1395 0.2802
1 0.1385 0.2803
1 0.1374 0.2804
1 0.1364 0.2806
1 0.1354 0.2808
1 0.1344 0.2810
1 0.1334 0.2814
1 0.1325 0.2818
1 0.1315 0.2822
1 0.1306 0.2826
1 0.1297 0.2831
1 0.1288 0.2837
1 0.1280 0.2842
1 0.1272 0.2849
1 0.1264 0.2856
1 0.1257 0.2863
1 0.1250 0.2870
1 0.1243 0.2878
1 0.1237 0.2886
1 0.1231 0.2895
1 0.1226 0.2904
1 0.1221 0.2914
1 0.1217 0.2922
1 0.1213 0.2932
1 0.1210 0.2942
1 0.1206 0.2952
1 0.1204 0.2962
1 0.1202 0.2972
1 0.1201 0.2982
1 0.1200 0.2992
1 0.1200 0.3002
1 0.1200 0.2992
1 0.1199 0.2982
1 0.1198 0.2972
1 0.1196 0.2962
1 0.1194 0.2952
1 0.1190 0.2942
1 0.1187 0.2932
1 0.1183 0.2922
1 0.1179 0.2914
1 0.1174 0.2904
1 0.1169 0.2895
1 0.1163 0.2886
1 0.1157 0.2878
1 0.1150 0.2870
1 0.1143 0.2863
1 0.1136 0.2856
1 0.1128 0.2849
1 0.1120 0.2842
1 0.1112 0.2837
1 0.1103 0.2831
1 0.1094 0.2826
1 0.1085 0.2822
1 0.1075 0.2818
1 0.1066 0.2814
1 0.1056 0.2810
1 0.1046 0.2808
1 0.1036 0.2806
1 0.1026 0.2804
1 0.1015 0.2803
1 0.1005 0.2802
1 0.0995 0.2802
1 0.0985 0.2803
1 0.0974 0.2804
1 0.0964 0.2806
1 0.0954 0.2808
1 0.0944 0.2810
1 0.0934 0.2814
1 0.0925 0.2818
1 0.0915 0.2822
1 0.0906 0.2826
1 0.0897 0.2831
1 0.0888 0.2837
1 0.0880 0.2842
1 0.0872 0.2849
1 0.0864 0.2856
1 0.0857 0.2863
1 0.0850 0.2870
1 0.0843 0.2878
1 0.0837 0.2886
1 0.0831 0.2895
1 0.0826 0.2904
1 0.0821 0.2914
1 0.0817 0.2922
1 0.0813 0.2932
1 0.0810 0.2942
1 0.0806 0.2952
1 0.0804 0.2962
1 0.0802 0.2972
1 0.0801 0.2982
1 0.0800 0.2992
1 0.0800 0.3002
1 0.0800 0.2992
1 0.0799 0.2982
1 0.0798 0.2972
1 0.0796 0.2962
1 0.0794 0.2952
1 0.0790 0.2942
1 0.0787 0.2932
1 0.0783 0.2922
1 0.0779 0.2914
1 0.0774 0.2904
1 0.0769 0.2895
1 0.0763 0.2886
1 0.0757 0.2878
1 0.0750 0.2870
1 0.0743 0.2863
1 0.0736 0.2856
1 0.0728 0.2849
1 0.0720 0.2842
1 0.0712 0.2837
1 0.0703 0.2831
1 0.0694 0.2826
1 0.0685 0.2822
1 0.0675 0.2818
1 0.0666 0.2814
1 0.0656 0.2810
1 0.0646 0.2808
1 0.0636 0.2806
1 0.0626 0.2804
1 0.0615 0.2803
1 0.0605 0.2802
1 0.0595 0.2802
1 0.0585 0.2803
1 0.0574 0.2804
1 0.0564 0.2806
1 0.0554 0.2808
1 0.0544 0.2810
1 0.0534 0.2814
1 0.0525 0.2818
1 0.0515 0.2822
1 0.0506 0.2826
1 0.0497 0.2831
1 0.0488 0.2837
1 0.0480 0.2842
1 0.0472 0.2849
1 0.0464 0.2856
1 0.0457 0.2863
1 0.0450 0.2870
1 0.0443 0.2878
1 0.0437 0.2886
1 0.0431 0.2895
1 0.0426 0.2904
1 0.0421 0.2914
1 0.0417 0.2922
1 0.0413 0.2932
1 0.0410 0.2942
1 0.0406 0.2952
1 0.0404 0.2962
1 0.0402 0.2972
1 0.0401 0.2982
1 0.0400 0.2992
1 0.0400 0.3002
1 0.0400 0.2992
1 0.0399 0.2982
1 0.0398 0.2972
1 0.0396 0.2962
1 0.0394 0.2952
1 0.0390 0.2942
1 0.0387 0.2932
1 0.0383 0.2922
1 0.0379 0.2914
1 0.0374 0.2904
1 0.0369 0.2895
1 0.0363 0.2886
1 0.0357 0.2878
1 0.0350 0.2870
1 0.0343 0.2863
1 0.0336 0.2856
1 0.0328 0.2849
1 0.0320 0.2842
1 0.0312 0.2837
1 0.0303 0.2831
1 0.0294 0.2826
1 0.0285 0.2822
1 0.0275 0.2818
1 0.0266 0.2814
1 0.0256 0.2810
1 0.0246 0.2808
1 0.0236 0.2806
1 0.0226 0.2804
1 0.0215 0.2803
1 0.0205 0.2802
1 0.0195 0.2802
1 0.0185 0.2803
1 0.0174 0.2804
1 0.0164 0.2806
1 0.0154 0.2808
1 0.0144 0.2810
1 0.0134 0.2814
1 0.0125 0.2818
1 0.0115 0.2822
1 0.0106 0.2826
1 0.0097 0.2831
1 0.0088 0.2837
1 0.0080 0.2842
1 0.0072 0.2849
1 0.0064 0.2856
1 0.0057 0.2863
1 0.0050 0.2870
1 0.0043 0.2878
1 0.0037 0.2886
1 0.0031 0.2895
1 0.0026 0.2904
1 0.0021 0.2914
1 0.0017 0.2922
1 0.0013 0.2932
1 0.0010 0.2942
1 0.0006 0.2952
1 0.0004 0.2962
1 0.0002 0.2972
1 0.0001 0.2982
1 0.0000 0.2992
1 0.0000 0.3002
1 0.0000 0.2992
1 -0.0001 0.2982
1 -0.0002 0.2972
1 -0.0004 0.2962
1 -0.0006 0.2952
1 -0.0010 0.2942
1 -0.0013 0.2932
1 -0.0017 0.2922
1 -0.0021 0.2914
1 -0.0026 0.2904
1 -0.0031 0.2895
1 -0.0037 0.2886
1 -0.0043 0.2878
1 -0.0050 0.2870
1 -0.0057 0.2863
1 -0.0064 0.2856
1 -0.0072 0.2849
1 -0.0080 0.2842
1 -0.0088 0.2837
1 -0.0097 0.2831
1 -0.0106 0.2826
1 -0.0115 0.2822
1 -0.0125 0.2818
1 -0.0134 0.2814
1 -0.0144 0.2810
1 -0.0154 0.2808
1 -0.0164 0.2806
1 -0.0174 0.2804
1 -0.0185 0.2803
1 -0.0195 0.2802
1 -0.0205 0.2802
1 -0.0215 0.2803
1 -0.0226 0.2804
1 -0.0236 0.2806
1 -0.0246 0.2808
1 -0.0256 0.2810
1 -0.0266 0.2814
1 -0.0275 0.2818
1 -0.0285 0.2822
1 -0.0294 0.2826
1 -0.0303 0.2831
1 -0.0312 0.2837
1 -0.0320 0.2842
1 -0.0328 0.2849
1 -0.0336 0.2856
1 -0.0343 0.2863
1 -0.0350 0.2870
1 -0.0357 0.2878
1 -0.0363 0.2886
1 -0.0369 0.2895
1 -0.0374 0.2904
1 -0.0379 0.2914
1 -0.0383 0.2922
1 -0.0387 0.2932
1 -0.0390 0.2942
1 -0.0394 0.2952
1 -0.0396 0.2962
1 -0.0398 0.2972
1 -0.0399 0.2982
1 -0.0400 0.2992
1 -0.0400 0.3002
1 -0.0400 0.2992
1 -0.0401 0.2982
1 -0.0402 0.2972
1 -0.0404 0.2962
1 -0.0406 0.2952
1 -0.0410 0.2942
1 -0.0413 0.2932
1 -0.0417 0.2922
1 -0.0421 0.2914
1 -0.0426 0.2904
1 -0.0431 0.2895
1 -0.0437 0.2886
1 -0.0443 0.2878
1 -0.0450 0.2870
1 -0.0457 0.2863
1 -0.0464 0.2856
1 -0.0472 0.2849
1 -0.0480 0.2842
1 -0.0488 0.2837
1 -0.0497 0.2831
1 -0.0506 0.2826
1 -0.0515 0.2822
1 -0.0525 0.2818
1 -0.0534 0.2814
1 -0.0544 0.2810
1 -0.0554 0.2808
1 -0.0564 0.2806
1 -0.0574 0.2804
1 -0.0585 0.2803
1 -0.0595 0.2802
1 -0.0605 0.2802
1 -0.0615 0.2803
1 -0.0626 0.2804
1 -0.0636 0.2806
1 -0.0646 0.2808
1 -0.0656 0.2810
1 -0.0666 0.2814
1 -0.0675 0.2818
1 -0.0685 0.2822
1 -0.0694 0.2826
1 -0.0703 0.2831
1 -0.0712 0.2837
1 -0.0720 0.2842
1 -0.0728 0.2849
1 -0.0736 0.2856
1 -0.0743 0.2863
1 -0.0750 0.2870
1 -0.0757 0.2878
1 -0.0763 0.2886
1 -0.0769 0.2895
1 -0.0774 0.2904
1 -0.0779 0.2914
1 -0.0783 0.2922
1 -0.0787 0.2932
1 -0.0790 0.2942
1 -0.0794 0.2952
1 -0.0796 0.2962
1 -0.0798 0.2972
1 -0.0799 0.2982
1 -0.0800 0.2992
1 -0.0800 0.3002
1 -0.0800 0.3216
1 -0.0794 0.3206
1 -0.0788 0.3198
1 -0.0782 0.3189
1 -0.0774 0.3181
1 -0.0766 0.3173
1 -0.0759 0.3165
1 -0.0750 0.3158
1 -0.0742 0.3151
1 -0.0734 0.3145
1 -0.0724 0.3138
1 -0.0715 0.3133
1 -0.0706 0.3128
1 -0.0695 0.3123
1 -0.0686 0.3119
1 -0.0675 0.3115
1 -0.0665 0.3112
1 -0.0654 0.3109
1 -0.0643 0.3106
1 -0.0633 0.3105
1 -0.0622 0.3104
1 -0.0611 0.3103
1 -0.0600 0.3102
1 -0.0589 0.3103
1 -0.0578 0.3104
1 -0.0567 0.3105
1 -0.0557 0.3106
1 -0.0546 0.3109
1 -0.0535 0.3112
1 -0.0525 0.3115
1 -0.0514 0.3119
1 -0.0505 0.3123
1 -0.0494 0.3128
1 -0.0485 0.3133
1 -0.0476 0.3138
1 -0.0466 0.3145
1 -0.0458 0.3151
1 -0.0450 0.3158
1 -0.0441 0.3165
1 -0.0434 0.3173
1 -0.0426 0.3181
1 -0.0418 0.3189
1 -0.0412 0.3198
1 -0.0406 0.3206
1 -0.0400 0.3216
1 -0.0394 0.3206
1 -0.0388 0.3198
1 -0.0382 0.3189
1 -0.0374 0.3181
1 -0.0366 0.3173
1 -0.0359 0.3165
1 -0.0350 0.3158
1 -0.0342 0.3151
1 -0.0334 0.3145
1 -0.0324 0.3138
1 -0.0315 0.3133
1 -0.0306 0.3128
1 -0.0295 0.3123
1 -0.0286 0.3119
1 -0.0275 0.3115
1 -0.0265 0.3112
1 -0.0254 0.3109
1 -0.0243 0.3106
1 -0.0233 0.3105
1 -0.0222 0.3104
1 -0.0211 0.3103
1 -0.0200 0.3102
1 -0.0189 0.3103
1 -0.0178 0.3104
1 -0.0167 0.3105
1 -0.0157 0.3106
1 -0.0146 0.3109
1 -0.0135 0.3112
1 -0.0125 0.3115
1 -0.0114 0.3119
1 -0.0105 0.3123
1 -0.0094 0.3128
1 -0.0085 0.3133
1 -0.0076 0.3138
1 -0.0066 0.3145
1 -0.0058 0.3151
1 -0.0050 0.3158
1 -0.0041 0.3165
1 -0.0034 0.3173
1 -0.0026 0.3181
1 -0.0018 0.3189
1 -0.0012 0.3198
1 -0.0006 0.3206
1 0.0000 0.3216
1 0.0006 0.3206
1 0.0012 0.3198
1 0.0018 0.3189
1 0.0026 0.3181
1 0.0034 0.3173
1 0.0041 0.3165
1 0.0050 0.3158
1 0.0058 0.3151
1 0.0066 0.3145
1 0.0076 0.3138
1 0.0085 0.3133
1 0.0094 0.3128
1 0.0105 0.3123
1 0.0114 0.3119
1 0.0125 0.3115
1 0.0135 0.3112
1 0.0146 0.3109
1 0.0157 0.3106
1 0.0167 0.3105
1 0.0178 0.3104
1 0.0189 0.3103
1 0.0200 0.3102
1 0.0211 0.3103
1 0.0222 0.3104
1 0.0233 0.3105
1 0.0243 0.3106
1 0.0254 0.3109
1 0.0265 0.3112
1 0.0275 0.3115
1 0.0286 0.3119
1 0.0295 0.3123
1 0.0306 0.3128
1 0.0315 0.3133
1 0.0324 0.3138
1 0.0334 0.3145
1 0.0342 0.3151
1 0.0350 0.3158
1 0.0359 0.3165
1 0.0366 0.3173
1 0.0374 0.3181
1 0.0382 0.3189
1 0.0388 0.3198
1 0.0394 0.3206
1 0.0400 0.3216
1 0.0406 0.3206
1 0.0412 0.3198
1 0.0418 0.3189
1 0.0426 0.3181
1 0.0434 0.3173
1 0.0441 0.3165
1 0.0450 0.3158
1 0.0458 0.3151
1 0.0466 0.3145
1 0.0476 0.3138
1 0.0485 0.3133
1 0.0494 0.3128
1 0.0505 0.3123
1 0.0514 0.3119
1 0.0525 0.3115
1 0.0535 0.3112
1 0.0546 0.3109
1 0.0557 0.3106
1 0.0567 0.3105
1 0.0578 0.3104
1 0.0589 0.3103
1 0.0600 0.3102
1 0.0611 0.3103
1 0.0622 0.3104
1 0.0633 0.3105
1 0.0643 0.3106
1 0.0654 0.3109
1 0.0665 0.3112
1 0.0675 0.3115
1 0.0686 0.3119
1 0.0695 0.3123
1 0.0706 0.3128
1 0.0715 0.3133
1 0.0724 0.3138
1 0.0734 0.3145
1 0.0742 0.3151
1 0.0750 0.3158
1 0.0759 0.3165
1 0.0766 0.3173
1 0.0774 0.3181
1 0.0782 0.3189
1 0.0788 0.3198
1 0.0794 0.3206
1 0.0800 0.3216
1 0.0806 0.3206
1 0.0812 0.3198
1 0.0818 0.3189
1 0.0826 0.3181
1 0.0834 0.3173
1 0.0841 0.3165
1 0.0850 0.3158
1 0.0858 0.3151
1 0.0866 0.3145
1 0.0876 0.3138
1 0.0885 0.3133
1 0.0894 0.3128
1 0.0905 0.3123
1 0.0914 0.3119
1 0.0925 0.3115
1 0.0935 0.3112
1 0.0946 0.3109
1 0.0957 0.3106
1 0.0967 0.3105
1 0.0978 0.3104
1 0.0989 0.3103
1 0.1000 0.3102
1 0.1011 0.3103
1 0.1022 0.3104
1 0.1033 0.3105
1 0.1043 0.3106
1 0.1054 0.3109
1 0.1065 0.3112
1 0.1075 0.3115
1 0.1086 0.3119
1 0.1095 0.3123
1 0.1106 0.3128
1 0.1115 0.3133
1 0.1124 0.3138
1 0.1134 0.3145
1 0.1142 0.3151
1 0.1150 0.3158
1 0.1159 0.3165
1 0.1166 0.3173
1 0.1174 0.3181
1 0.1182 0.3189
1 0.1188 0.3198
1 0.1194 0.3206
1 0.1200 0.3216
1 0.1206 0.3206
1 0.1212 0.3198
1 0.1218 0.3189
1 0.1226 0.3181
1 0.1234 0.3173
1 0.1241 0.3165
1 0.1250 0.3158
1 0.1258 0.3151
1 0.1266 0.3145
1 0.1276 0.3138
1 0.1285 0.3133
1 0.1294 0.3128
1 0.1305 0.3123
1 0.1314 0.3119
1 0.1325 0.3115
1 0.1335 0.3112
1 0.1346 0.3109
1 0.1357 0.3106
1 0.1367 0.3105
1 0.1378 0.3104
1 0.1389 0.3103
1 0.1400 0.3102
1 0.1411 0.3103
1 0.1422 0.3104
1 0.1433 0.3105
1 0.1443 0.3106
1 0.1454 0.3109
1 0.1465 0.3112
1 0.1475 0.3115
1 0.1486 0.3119
1 0.1495 0.3123
1 0.1506 0.3128
1 0.1515 0.3133
1 0.1524 0.3138
1 0.1534 0.3145
1 0.1542 0.3151
1 0.1550 0.3158
1 0.1559 0.3165
1 0.1566 0.3173
1 0.1574 0.3181
1 0.1582 0.3189
1 0.1588 0.3198
1 0.1594 0.3206
1 0.1600 0.3216
1 0.1606 0.3206
1 0.1612 0.3198
1 0.1619 0.3189
1 0.1626 0.3180
1 0.1634 0.3172
1 0.1642 0.3165
1 0.1650 0.3158
1 0.1658 0.3150
1 0.1667 0.3144
1 0.1677 0.3138
1 0.1686 0.3132
1 0.1696 0.3127
1 0.1706 0.3122
1 0.1716 0.3118
1 0.1726 0.3114
1 0.1737 0.3111
1 0.1748 0.3109
1 0.1758 0.3106
1 0.1770 0.3105
1 0.1781 0.3103
1 0.1791 0.3103
1 0.1802 0.3102
1 0.1814 0.3103
1 0.1825 0.3104
1 0.1835 0.3106
1 0.1846 0.3107
1 0.1857 0.3110
1 0.1868 0.3113
1 0.1878 0.3116
1 0.1889 0.3120
1 0.1898 0.3125
1 0.1909 0.3130
1 0.1918 0.3134
1 0.1927 0.3141
1 0.1937 0.3147
1 0.1946 0.3154
1 0.1954 0.3161
1 0.1962 0.3168
1 0.1970 0.3176
1 0.1977 0.3184
1 0.1984 0.3193
1 0.1990 0.3202
1 0.1997 0.3210
1 0.2002 0.3220
1 0.2008 0.3230
1 0.2013 0.3240
1 0.2017 0.3250
1 0.2021 0.3260
1 0.2024 0.3270
1 0.2027 0.3282
1 0.2029 0.3292
1 0.2031 0.3303
1 0.2032 0.3314
1 0.2033 0.3325
1 0.2034 0.3336
1 0.2000 0.3336
1 0.2000 0.3326
1 0.1999 0.3315
1 0.1998 0.3306
1 0.1996 0.3295
1 0.1994 0.3285
1 0.1990 0.3275
1 0.1987 0.3266
1 0.1983 0.3256
1 0.1979 0.3246
1 0.1974 0.3238
1 0.1969 0.3229
1 0.1963 0.3220
1 0.1957 0.3212
1 0.1950 0.3204
1 0.1943 0.3197
1 0.1936 0.3190
1 0.1928 0.3182
1 0.1920 0.3176
1 0.1912 0.3170
1 0.1903 0.3165
1 0.1894 0.3159
1 0.1885 0.3155
1 0.1875 0.3150
1 0.1866 0.3147
1 0.1856 0.3144
1 0.1846 0.3142
1 0.1836 0.3139
1 0.1826 0.3138
1 0.1815 0.3137
1 0.1805 0.3136
1 0.1795 0.3136
1 0.1785 0.3137
1 0.1774 0.3138
1 0.1764 0.3139
1 0.1754 0.3142
1 0.1744 0.3144
1 0.1734 0.3147
1 0.1725 0.3150
1 0.1715 0.3155
1 0.1706 0.3159
1 0.1697 0.3165
1 0.1688 0.3170
1 0.1680 0.3176
1 0.1672 0.3182
1 0.1664 0.3190
1 0.1657 0.3197
1 0.1650 0.3204
1 0.1643 0.3212
1 0.1637 0.3220
1 0.1631 0.3229
1 0.1626 0.3238
1 0.1621 0.3246
1 0.1617 0.3256
1 0.1613 0.3266
1 0.1610 0.3275
1 0.1606 0.3285
1 0.1604 0.3295
1 0.1602 0.3306
1 0.1601 0.3315
1 0.1600 0.3326
1 0.1600 0.3336
1 0.1600 0.3326
1 0.1599 0.3315
1 0.1598 0.3306
1 0.1596 0.3295
1 0.1594 0.3285
1 0.1590 0.3275
1 0.1587 0.3266
1 0.1583 0.3256
1 0.1579 0.3246
1 0.1574 0.3238
1 0.1569 0.3229
1 0.1563 0.3220
1 0.1557 0.3212
1 0.1550 0.3204
1 0.1543 0.3197
1 0.1536 0.3190
1 0.1528 0.3182
1 0.1520 0.3176
1 0.1512 0.3170
1 0.1503 0.3165
1 0.1494 0.3159
1 0.1485 0.3155
1 0.1475 0.3150
1 0.1466 0.3147
1 0.1456 0.3144
1 0.1446 0.3142
1 0.1436 0.3139
1 0.1426 0.3138
1 0.1415 0.3137
1 0.1405 0.3136
1 0.1395 0.3136
1 0.1385 0.3137
1 0.1374 0.3138
1 0.1364 0.3139
1 0.1354 0.3142
1 0.1344 0.3144
1 0.1334 0.3147
1 0.1325 0.3150
1 0.1315 0.3155
1 0.1306 0.3159
1 0.1297 0.3165
1 0.1288 0.3170
1 0.1280 0.3176
1 0.1272 0.3182
1 0.1264 0.3190
1 0.1257 0.3197
1 0.1250 0.3204
1 0.1243 0.3212
1 0.1237 0.3220
1 0.1231 0.3229
1 0.1226 0.3238
1 0.1221 0.3246
1 0.1217 0.3256
1 0.1213 0.3266
1 0.1210 0.3275
1 0.1206 0.3285
1 0.1204 0.3295
1 0.1202 0.3306
1 0.1201 0.3315
1 0.1200 0.3326
1 0.1200 0.3336
1 0.1200 0.3326
1 0.1199 0.3315
1 0.1198 0.3306
1 0.1196 0.3295
1 0.1194 0.3285
1 0.1190 0.3275
1 0.1187 0.3266
1 0.1183 0.3256
1 0.1179 0.3246
1 0.1174 0.3238
1 0.1169 0.3229
1 0.1163 0.3220
1 0.1157 0.3212
1 0.1150 0.3204
1 0.1143 0.3197
1 0.1136 0.3190
1 0.1128 0.3182
1 0.1120 0.3176
1 0.1112 0.3170
1 0.1103 0.3165
1 0.1094 0.3159
1 0.1085 0.3155
1 0.1075 0.3150
1 0.1066 0.3147
1 0.1056 0.3144
1 0.1046 0.3142
1 0.1036 0.3139
1 0.1026 0.3138
1 0.1015 0.3137
1 0.1005 0.3136
1 0.0995 0.3136
1 0.0985 0.3137
1 0.0974 0.3138
1 0.0964 0.3139
1 0.0954 0.3142
1 0.0944 0.3144
1 0.0934 0.3147
1 0.0925 0.3150
1 0.0915 0.3155
1 0.0906 0.3159
1 0.0897 0.3165
1 0.0888 0.3170
1 0.0880 0.3176
1 0.0872 0.3182
1 0.0864 0.3190
1 0.0857 0.3197
1 0.0850 0.3204
1 0.0843 0.3212
1 0.0837 0.3220
1 0.0831 0.3229
1 0.0826 0.3238
1 0.0821 0.3246
1 0.0817 0.3256
1 0.0813 0.3266
1 0.0810 0.3275
1 0.0806 0.3285
1 0.0804 0.3295
1 0.0802 0.3306
1 0.0801 0.3315
1 0.0800 0.3326
1 0.0800 0.3336
1 0.0800 0.3326
1 0.0799 0.3315
1 0.0798 0.3306
1 0.0796 0.3295
1 0.0794 0.3285
1 0.0790 0.3275
1 0.0787 0.3266
1 0.0783 0.3256
1 0.0779 0.3246
1 0.0774 0.3238
1 0.0769 0.3229
1 0.0763 0.3220
1 0.0757 0.3212
1 0.0750 0.3204
1 0.0743 0.3197
1 0.0736 0.3190
1 0.0728 0.3182
1 0.0720 0.3176
1 0.0712 0.3170
1 0.0703 0.3165
1 0.0694 0.3159
1 0.0685 0.3155
1 0.0675 0.3150
1 0.0666 0.3147
1 0.0656 0.3144
1 0.0646 0.3142
1 0.0636 0.3139
1 0.0626 0.3138
1 0.0615 0.3137
1 0.0605 0.3136
1 0.0595 0.3136
1 0.0585 0.3137
1 0.0574 0.3138
1 0.0564 0.3139
1 0.0554 0.3142
1 0.0544 0.3144
1 0.0534 0.3147
1 0.0525 0.3150
1 0.0515 0.3155
1 0.0506 0.3159
1 0.0497 0.3165
1 0.0488 0.3170
1 0.0480 0.3176
1 0.0472 0.3182
1 0.0464 0.3190
1 0.0457 0.3197
1 0.0450 0.3204
1 0.0443 0.3212
1 0.0437 0.3220
1 0.0431 0.3229
1 0.0426 0.3238
1 0.0421 0.3246
1 0.0417 0.3256
1 0.0413 0.3266
1 0.0410 0.3275
1 0.0406 0.3285
1 0.0404 0.3295
1 0.0402 0.3306
1 0.0401 0.3315
1 0.0400 0.3326
1 0.0400 0.3336
1 0.0400 0.3326
1 0.0399 0.3315
1 0.0398 0.3306
1 0.0396 0.3295
1 0.0394 0.3285
1 0.0390 0.3275
1 0.0387 0.3266
1 0.0383 0.3256
1 0.0379 0.3246
1 0.0374 0.3238
1 0.0369 0.3229
1 0.0363 0.3220
1 0.0357 0.3212
1 0.0350 0.3204
1 0.0343 0.3197
1 0.0336 0.3190
1 0.0328 0.3182
1 0.0320 0.3176
1 0.0312 0.3170
1 0.0303 0.3165
1 0.0294 0.3159
1 0.0285 0.3155
1 0.0275 0.3150
1 0.0266 0.3147
1 0.0256 0.3144
1 0.0246 0.3142
1 0.0236 0.3139
1 0.0226 0.3138
1 0.0215 0.3137
1 0.0205 0.3136
1 0.0195 0.3136
1 0.0185 0.3137
1 0.0174 0.3138
1 0.0164 0.3139
1 0.0154 0.3142
1 0.0144 0.3144
1 0.0134 0.3147
1 0.0125 0.3150
1 0.0115 0.3155
1 0.0106 0.3159
1 0.0097 0.3165
1 0.0088 0.3170
1 0.0080 0.3176
1 0.0072 0.3182
1 0.0064 0.3190
1 0.0057 0.3197
1 0.0050 0.3204
1 0.0043 0.3212
1 0.0037 0.3220
1 0.0031 0.3229
1 0.0026 0.3238
1 0.0021 0.3246
1 0.0017 0.3256
1 0.0013 0.3266
1 0.0010 0.3275
1 0.0006 0.3285
1 0.0004 0.3295
1 0.0002 0.3306
1 0.0001 0.3315
1 0.0000 0.3326
1 0.0000 0.3336
1 0.0000 0.3326
1 -0.0001 0.3315
1 -0.0002 0.3306
1 -0.0004 0.3295
1 -0.0006 0.3285
1 -0.0010 0.3275
1 -0.0013 0.3266
1 -0.0017 0.3256
1 -0.0021 0.3246
1 -0.0026 0.3238
1 -0.0031 0.3229
1 -0.0037 0.3220
1 -0.0043 0.3212
1 -0.0050 0.3204
1 -0.0057 0.3197
1 -0.0064 0.3190
1 -0.0072 0.3182
1 -0.0080 0.3176
1 -0.0088 0.3170
1 -0.0097 0.3165
1 -0.0106 0.3159
1 -0.0115 0.3155
1 -0.0125 0.3150
1 -0.0134 0.3147
1 -0.0144 0.3144
1 -0.0154 0.3142
1 -0.0164 0.3139
1 -0.0174 0.3138
1 -0.0185 0.3137
1 -0.0195 0.3136
1 -0.0205 0.3136
1 -0.0215 0.3137
1 -0.0226 0.3138
1 -0.0236 0.3139
1 -0.0246 0.3142
1 -0.0256 0.3144
1 -0.0266 0.3147
1 -0.0275 0.3150
1 -0.0285 0.3155
1 -0.0294 0.3159
1 -0.0303 0.3165
1 -0.0312 0.3170
1 -0.0320 0.3176
1 -0.0328 0.3182
1 -0.0336 0.3190
1 -0.0343 0.3197
1 -0.0350 0.3204
1 -0.0357 0.3212
1 -0.0363 0.3220
1 -0.0369 0.3229
1 -0.0374 0.3238
1 -0.0379 0.3246
1 -0.0383 0.3256
1 -0.0387 0.3266
1 -0.0390 0.3275
1 -0.0394 0.3285
1 -0.0396 0.3295
1 -0.0398 0.3306
1 -0.0399 0.3315
1 -0.0400 0.3326
1 -0.0400 0.3336
1 -0.0400 0.3326
1 -0.0401 0.3315
1 -0.0402 0.3306
1 -0.0404 0.3295
1 -0.0406 0.3285
1 -0.0410 0.3275
1 -0.0413 0.3266
1 -0.0417 0.3256
1 -0.0421 0.3246
1 -0.0426 0.3238
1 -0.0431 0.3229
1 -0.0437 0.3220
1 -0.0443 0.3212
1 -0.0450 0.3204
1 -0.0457 0.3197
1 -0.0464 0.3190
1 -0.0472 0.3182
1 -0.0480 0.3176
1 -0.0488 0.3170
1 -0.0497 0.3165
1 -0.0506 0.3159
1 -0.0515 0.3155
1 -0.0525 0.3150
1 -0.0534 0.3147
1 -0.0544 0.3144
1 -0.0554 0.3142
1 -0.0564 0.3139
1 -0.0574 0.3138
1 -0.0585 0.3137
1 -0.0595 0.3136
1 -0.0605 0.3136
1 -0.0615 0.3137
1 -0.0626 0.3138
1 -0.0636 0.3139
1 -0.0646 0.3142
1 -0.0656 0.3144
1 -0.0666 0.3147
1 -0.0675 0.3150
1 -0.0685 0.3155
1 -0.0694 0.3159
1 -0.0703 0.3165
1 -0.0712 0.3170
1 -0.0720 0.3176
1 -0.0728 0.3182
1 -0.0736 0.3190
1 -0.0743 0.3197
1 -0.0750 0.3204
1 -0.0757 0.3212
1 -0.0763 0.3220
1 -0.0769 0.3229
1 -0.0774 0.3238
1 -0.0779 0.3246
1 -0.0783 0.3256
1 -0.0787 0.3266
1 -0.0790 0.3275
1 -0.0794 0.3285
1 -0.0796 0.3295
1 -0.0798 0.3306
1 -0.0799 0.3315
1 -0.0800 0.3326
1 -0.0800 0.3336
1 -0.0800 0.6305
112 1250 1
0 -0.2134 0.2736
112 1250 3
0 -0.0834 0.2736
1 -0.2134 0.2736
1 -0.0834 0.2736
112 1250 157
0 0.1001 0.5598
1 0.1001 0.5610
1 0.1000 0.5623
1 0.0999 0.5636
1 0.0997 0.5649
1 0.0994 0.5662
1 0.0992 0.5674
1 0.0989 0.5686
1 0.0985 0.5699
1 0.0980 0.5711
1 0.0975 0.5723
1 0.0970 0.5734
1 0.0965 0.5746
1 0.0958 0.5758
1 0.0952 0.5769
1 0.0945 0.5779
1 0.0937 0.5790
1 0.0929 0.5800
1 0.0921 0.5810
1 0.0912 0.5819
1 0.0903 0.5828
1 0.0894 0.5837
1 0.0883 0.5846
1 0.0874 0.5854
1 0.0863 0.5861
1 0.0852 0.5868
1 0.0841 0.5874
1 0.0830 0.5881
1 0.0818 0.5886
1 0.0806 0.5892
1 0.0794 0.5897
1 0.0782 0.5901
1 0.0770 0.5905
1 0.0758 0.5908
1 0.0745 0.5911
1 0.0733 0.5914
1 0.0720 0.5915
1 0.0707 0.5917
1 0.0694 0.5918
1 0.0681 0.5918
1 0.0668 0.5918
1 0.0655 0.5917
1 0.0642 0.5915
1 0.0630 0.5914
1 0.0617 0.5911
1 0.0605 0.5908
1 0.0592 0.5905
1 0.0580 0.5901
1 0.0568 0.5897
1 0.0556 0.5892
1 0.0544 0.5886
1 0.0533 0.5881
1 0.0521 0.5874
1 0.0510 0.5868
1 0.0499 0.5861
1 0.0489 0.5854
1 0.0478 0.5846
1 0.0469 0.5837
1 0.0459 0.5828
1 0.0450 0.5819
1 0.0442 0.5810
1 0.0434 0.5800
1 0.0426 0.5790
1 0.0418 0.5779
1 0.0410 0.5769
1 0.0404 0.5758
1 0.0398 0.5746
1 0.0392 0.5734
1 0.0386 0.5723
1 0.0382 0.5711
1 0.0378 0.5699
1 0.0374 0.5686
1 0.0370 0.5674
1 0.0368 0.5662
1 0.0366 0.5649
1 0.0363 0.5636
1 0.0362 0.5623
1 0.0362 0.5610
1 0.0361 0.5598
1 0.0362 0.5585
1 0.0362 0.5572
1 0.0363 0.5559
1 0.0366 0.5546
1 0.0368 0.5534
1 0.0370 0.5521
1 0.0374 0.5509
1 0.0378 0.5496
1 0.0382 0.5484
1 0.0386 0.5472
1 0.0392 0.5460
1 0.0398 0.5449
1 0.0404 0.5438
1 0.0410 0.5426
1 0.0418 0.5416
1 0.0426 0.5406
1 0.0434 0.5395
1 0.0442 0.5386
1 0.0450 0.5376
1 0.0459 0.5366
1 0.0469 0.5358
1 0.0478 0.5350
1 0.0489 0.5342
1 0.0499 0.5334
1 0.0510 0.5327
1 0.0521 0.5320
1 0.0533 0.5314
1 0.0544 0.5308
1 0.0556 0.5303
1 0.0568 0.5298
1 0.0580 0.5294
1 0.0592 0.5290
1 0.0605 0.5286
1 0.0617 0.5284
1 0.0630 0.5282
1 0.0642 0.5280
1 0.0655 0.5278
1 0.0668 0.5278
1 0.0681 0.5278
1 0.0694 0.5278
1 0.0707 0.5278
1 0.0720 0.5280
1 0.0733 0.5282
1 0.0745 0.5284
1 0.0758 0.5286
1 0.0770 0.5290
1 0.0782 0.5294
1 0.0794 0.5298
1 0.0806 0.5303
1 0.0818 0.5308
1 0.0830 0.5314
1 0.0841 0.5320
1 0.0852 0.5327
1 0.0863 0.5334
1 0.0874 0.5342
1 0.0883 0.5350
1 0.0894 0.5358
1 0.0903 0.5366
1 0.0912 0.5376
1 0.0921 0.5386
1 0.0929 0.5395
1 0.0937 0.5406
1 0.0945 0.5416
1 0.0952 0.5426
1 0.0958 0.5438
1 0.0965 0.5449
1 0.0970 0.5460
1 0.0975 0.5472
1 0.0980 0.5484
1 0.0985 0.5496
1 0.0989 0.5509
1 0.0992 0.5521
1 0.0994 0.5534
1 0.0997 0.5546
1 0.0999 0.5559
1 0.1000 0.5572
1 0.1001 0.5585
1 0.1001 0.5598
112 1253 129
0 0.0894 0.5598
1 0.0894 0.5608
1 0.0894 0.5618
1 0.0892 0.5629
1 0.0890 0.5639
1 0.0888 0.5650
1 0.0886 0.5659
1 0.0882 0.5670
1 0.0878 0.5679
1 0.0874 0.5689
1 0.0870 0.5698
1 0.0864 0.5707
1 0.0858 0.5716
1 0.0853 0.5725
1 0.0846 0.5733
1 0.0839 0.5741
1 0.0832 0.5748
1 0.0825 0.5755
1 0.0817 0.5762
1 0.0808 0.5769
1 0.0800 0.5775
1 0.0791 0.5781
1 0.0782 0.5786
1 0.0772 0.5790
1 0.0762 0.5794
1 0.0753 0.5798
1 0.0743 0.5802
1 0.0733 0.5805
1 0.0722 0.5806
1 0.0713 0.5809
1 0.0702 0.5810
1 0.0692 0.5810
1 0.0681 0.5811
1 0.0670 0.5810
1 0.0660 0.5810
1 0.0650 0.5809
1 0.0639 0.5806
1 0.0630 0.5805
1 0.0619 0.5802
1 0.0610 0.5798
1 0.0599 0.5794
1 0.0590 0.5790
1 0.0581 0.5786
1 0.0571 0.5781
1 0.0562 0.5775
1 0.0554 0.5769
1 0.0546 0.5762
1 0.0538 0.5755
1 0.0530 0.5748
1 0.0523 0.5741
1 0.0516 0.5733
1 0.0510 0.5725
1 0.0504 0.5716
1 0.0498 0.5707
1 0.0493 0.5698
1 0.0488 0.5689
1 0.0484 0.5679
1 0.0480 0.5670
1 0.0477 0.5659
1 0.0474 0.5650
1 0.0472 0.5639
1 0.0470 0.5629
1 0.0469 0.5618
1 0.0468 0.5608
1 0.0468 0.5598
1 0.0468 0.5587
1 0.0469 0.5577
1 0.0470 0.5566
1 0.0472 0.5556
1 0.0474 0.5546
1 0.0477 0.5535
1 0.0480 0.5526
1 0.0484 0.5516
1 0.0488 0.5506
1 0.0493 0.5497
1 0.0498 0.5488
1 0.0504 0.5479
1 0.0510 0.5470
1 0.0516 0.5462
1 0.0523 0.5454
1 0.0530 0.5446
1 0.0538 0.5439
1 0.0546 0.5433
1 0.0554 0.5426
1 0.0562 0.5420
1 0.0571 0.5414
1 0.0581 0.5410
1 0.0590 0.5405
1 0.0599 0.5400
1 0.0610 0.5397
1 0.0619 0.5394
1 0.0630 0.5390
1 0.0639 0.5388
1 0.0650 0.5386
1 0.0660 0.5385
1 0.0670 0.5384
1 0.0681 0.5384
1 0.0692 0.5384
1 0.0702 0.5385
1 0.0713 0.5386
1 0.0722 0.5388
1 0.0733 0.5390
1 0.0743 0.5394
1 0.0753 0.5397
1 0.0762 0.5400
1 0.0772 0.5405
1 0.0782 0.5410
1 0.0791 0.5414
1 0.0800 0.5420
1 0.0808 0.5426
1 0.0817 0.5433
1 0.0825 0.5439
1 0.0832 0.5446
1 0.0839 0.5454
1 0.0846 0.5462
1 0.0853 0.5470
1 0.0858 0.5479
1 0.0864 0.5488
1 0.0870 0.5497
1 0.0874 0.5506
1 0.0878 0.5516
1 0.0882 0.5526
1 0.0886 0.5535
1 0.0888 0.5546
1 0.0890 0.5556
1 0.0892 0.5566
1 0.0894 0.5577
1 0.0894 0.5587
1 0.0894 0.5598
