SEcl_PE-2
3312 7 1 1 0 0 0 0 0 0 1 1
1.000
112 1253 229
0 -0.0434 1.0626
1 -0.5223 0.5837
1 -0.5235 0.5824
1 -0.5246 0.5811
1 -0.5258 0.5798
1 -0.5269 0.5786
1 -0.5279 0.5772
1 -0.5290 0.5758
1 -0.5299 0.5744
1 -0.5309 0.5729
1 -0.5318 0.5714
1 -0.5326 0.5699
1 -0.5334 0.5684
1 -0.5342 0.5669
1 -0.5349 0.5654
1 -0.5356 0.5638
1 -0.5362 0.5622
1 -0.5368 0.5606
1 -0.5374 0.5589
1 -0.5378 0.5573
1 -0.5383 0.5556
1 -0.5387 0.5539
1 -0.5391 0.5522
1 -0.5394 0.5506
1 -0.5397 0.5489
1 -0.5399 0.5471
1 -0.5401 0.5454
1 -0.5402 0.5437
1 -0.5402 0.5420
1 -0.5402 0.5402
1 -0.5402 0.5386
1 -0.5402 0.5368
1 -0.5401 0.5351
1 -0.5399 0.5334
1 -0.5397 0.5317
1 -0.5394 0.5300
1 -0.5391 0.5283
1 -0.5387 0.5266
1 -0.5383 0.5250
1 -0.5378 0.5233
1 -0.5374 0.5216
1 -0.5368 0.5200
1 -0.5362 0.5184
1 -0.5356 0.5168
1 -0.5349 0.5152
1 -0.5342 0.5137
1 -0.5334 0.5121
1 -0.5326 0.5106
1 -0.5318 0.5091
1 -0.5309 0.5076
1 -0.5299 0.5062
1 -0.5290 0.5047
1 -0.5279 0.5034
1 -0.5269 0.5020
1 -0.5258 0.5006
1 -0.5246 0.4994
1 -0.5235 0.4981
1 -0.5223 0.4969
1 -0.0434 0.0180
1 -0.0422 0.0168
1 -0.0409 0.0156
1 -0.0396 0.0145
1 -0.0382 0.0134
1 -0.0369 0.0123
1 -0.0355 0.0113
1 -0.0341 0.0103
1 -0.0326 0.0094
1 -0.0312 0.0085
1 -0.0297 0.0077
1 -0.0282 0.0069
1 -0.0266 0.0061
1 -0.0250 0.0054
1 -0.0235 0.0046
1 -0.0219 0.0040
1 -0.0202 0.0034
1 -0.0186 0.0029
1 -0.0170 0.0024
1 -0.0154 0.0019
1 -0.0137 0.0015
1 -0.0120 0.0012
1 -0.0102 0.0009
1 -0.0086 0.0006
1 -0.0069 0.0004
1 -0.0051 0.0002
1 -0.0034 0.0001
1 -0.0018 0.0000
1 0.0000 0.0000
1 0.0018 0.0000
1 0.0034 0.0001
1 0.0051 0.0002
1 0.0069 0.0004
1 0.0086 0.0006
1 0.0102 0.0009
1 0.0120 0.0012
1 0.0137 0.0015
1 0.0154 0.0019
1 0.0170 0.0024
1 0.0186 0.0029
1 0.0202 0.0034
1 0.0219 0.0040
1 0.0235 0.0046
1 0.0250 0.0054
1 0.0266 0.0061
1 0.0282 0.0069
1 0.0297 0.0077
1 0.0312 0.0085
1 0.0326 0.0094
1 0.0341 0.0103
1 0.0355 0.0113
1 0.0369 0.0123
1 0.0382 0.0134
1 0.0396 0.0145
1 0.0409 0.0156
1 0.0422 0.0168
1 0.0434 0.0180
1 0.5223 0.4969
1 0.5235 0.4981
1 0.5246 0.4994
1 0.5258 0.5006
1 0.5269 0.5020
1 0.5279 0.5034
1 0.5290 0.5047
1 0.5299 0.5062
1 0.5309 0.5076
1 0.5318 0.5091
1 0.5326 0.5106
1 0.5334 0.5121
1 0.5342 0.5137
1 0.5349 0.5152
1 0.5356 0.5168
1 0.5362 0.5184
1 0.5368 0.5200
1 0.5374 0.5216
1 0.5378 0.5233
1 0.5383 0.5250
1 0.5387 0.5266
1 0.5391 0.5283
1 0.5394 0.5300
1 0.5397 0.5317
1 0.5399 0.5334
1 0.5401 0.5351
1 0.5402 0.5368
1 0.5402 0.5386
1 0.5402 0.5402
1 0.5402 0.5420
1 0.5402 0.5437
1 0.5401 0.5454
1 0.5399 0.5471
1 0.5397 0.5489
1 0.5394 0.5506
1 0.5391 0.5522
1 0.5387 0.5539
1 0.5383 0.5556
1 0.5378 0.5573
1 0.5374 0.5589
1 0.5368 0.5606
1 0.5362 0.5622
1 0.5356 0.5638
1 0.5349 0.5654
1 0.5342 0.5669
1 0.5334 0.5684
1 0.5326 0.5699
1 0.5318 0.5714
1 0.5309 0.5729
1 0.5299 0.5744
1 0.5290 0.5758
1 0.5279 0.5772
1 0.5269 0.5786
1 0.5258 0.5798
1 0.5246 0.5811
1 0.5235 0.5824
1 0.5223 0.5837
1 0.0434 1.0626
1 0.0422 1.0638
1 0.0409 1.0650
1 0.0396 1.0661
1 0.0382 1.0671
1 0.0369 1.0682
1 0.0355 1.0692
1 0.0341 1.0702
1 0.0326 1.0711
1 0.0312 1.0720
1 0.0297 1.0729
1 0.0282 1.0737
1 0.0266 1.0745
1 0.0250 1.0752
1 0.0235 1.0758
1 0.0219 1.0765
1 0.0202 1.0771
1 0.0186 1.0776
1 0.0170 1.0782
1 0.0154 1.0786
1 0.0137 1.0790
1 0.0120 1.0794
1 0.0102 1.0797
1 0.0086 1.0799
1 0.0069 1.0802
1 0.0051 1.0803
1 0.0034 1.0804
1 0.0018 1.0805
1 0.0000 1.0806
1 -0.0018 1.0805
1 -0.0034 1.0804
1 -0.0051 1.0803
1 -0.0069 1.0802
1 -0.0086 1.0799
1 -0.0102 1.0797
1 -0.0120 1.0794
1 -0.0137 1.0790
1 -0.0154 1.0786
1 -0.0170 1.0782
1 -0.0186 1.0776
1 -0.0202 1.0771
1 -0.0219 1.0765
1 -0.0235 1.0758
1 -0.0250 1.0752
1 -0.0266 1.0745
1 -0.0282 1.0737
1 -0.0297 1.0729
1 -0.0312 1.0720
1 -0.0326 1.0711
1 -0.0341 1.0702
1 -0.0355 1.0692
1 -0.0369 1.0682
1 -0.0382 1.0671
1 -0.0396 1.0661
1 -0.0409 1.0650
1 -0.0422 1.0638
1 -0.0434 1.0626
112 1250 197
0 -0.0340 1.0531
1 -0.5129 0.5742
1 -0.5139 0.5731
1 -0.5150 0.5719
1 -0.5160 0.5707
1 -0.5170 0.5695
1 -0.5179 0.5682
1 -0.5188 0.5670
1 -0.5197 0.5656
1 -0.5205 0.5643
1 -0.5213 0.5629
1 -0.5220 0.5615
1 -0.5226 0.5601
1 -0.5233 0.5586
1 -0.5238 0.5572
1 -0.5244 0.5557
1 -0.5249 0.5542
1 -0.5253 0.5527
1 -0.5257 0.5512
1 -0.5260 0.5496
1 -0.5263 0.5481
1 -0.5266 0.5466
1 -0.5267 0.5450
1 -0.5268 0.5434
1 -0.5269 0.5418
1 -0.5270 0.5402
1 -0.5269 0.5387
1 -0.5268 0.5371
1 -0.5267 0.5356
1 -0.5266 0.5340
1 -0.5263 0.5325
1 -0.5260 0.5309
1 -0.5257 0.5294
1 -0.5253 0.5278
1 -0.5249 0.5263
1 -0.5244 0.5248
1 -0.5238 0.5234
1 -0.5233 0.5219
1 -0.5226 0.5205
1 -0.5220 0.5190
1 -0.5213 0.5176
1 -0.5205 0.5162
1 -0.5197 0.5149
1 -0.5188 0.5136
1 -0.5179 0.5123
1 -0.5170 0.5110
1 -0.5160 0.5098
1 -0.5150 0.5086
1 -0.5139 0.5074
1 -0.5129 0.5063
1 -0.0340 0.0274
1 -0.0328 0.0263
1 -0.0317 0.0253
1 -0.0305 0.0242
1 -0.0293 0.0233
1 -0.0280 0.0223
1 -0.0267 0.0214
1 -0.0254 0.0206
1 -0.0240 0.0198
1 -0.0226 0.0190
1 -0.0213 0.0183
1 -0.0198 0.0176
1 -0.0184 0.0170
1 -0.0169 0.0164
1 -0.0154 0.0159
1 -0.0139 0.0154
1 -0.0124 0.0150
1 -0.0109 0.0146
1 -0.0094 0.0142
1 -0.0078 0.0140
1 -0.0062 0.0138
1 -0.0047 0.0136
1 -0.0031 0.0134
1 -0.0016 0.0134
1 0.0000 0.0134
1 0.0016 0.0134
1 0.0031 0.0134
1 0.0047 0.0136
1 0.0062 0.0138
1 0.0078 0.0140
1 0.0094 0.0142
1 0.0109 0.0146
1 0.0124 0.0150
1 0.0139 0.0154
1 0.0154 0.0159
1 0.0169 0.0164
1 0.0184 0.0170
1 0.0198 0.0176
1 0.0213 0.0183
1 0.0226 0.0190
1 0.0240 0.0198
1 0.0254 0.0206
1 0.0267 0.0214
1 0.0280 0.0223
1 0.0292 0.0233
1 0.0305 0.0242
1 0.0317 0.0253
1 0.0328 0.0263
1 0.0340 0.0274
1 0.5129 0.5063
1 0.5139 0.5074
1 0.5150 0.5086
1 0.5160 0.5098
1 0.5170 0.5110
1 0.5179 0.5123
1 0.5188 0.5136
1 0.5197 0.5149
1 0.5205 0.5162
1 0.5213 0.5176
1 0.5220 0.5190
1 0.5226 0.5205
1 0.5233 0.5219
1 0.5238 0.5234
1 0.5244 0.5248
1 0.5249 0.5263
1 0.5253 0.5278
1 0.5257 0.5294
1 0.5260 0.5309
1 0.5263 0.5325
1 0.5266 0.5340
1 0.5267 0.5356
1 0.5268 0.5371
1 0.5269 0.5387
1 0.5270 0.5402
1 0.5269 0.5418
1 0.5268 0.5434
1 0.5267 0.5450
1 0.5266 0.5466
1 0.5263 0.5481
1 0.5260 0.5496
1 0.5257 0.5512
1 0.5253 0.5527
1 0.5249 0.5542
1 0.5244 0.5557
1 0.5238 0.5572
1 0.5233 0.5586
1 0.5226 0.5601
1 0.5220 0.5615
1 0.5213 0.5629
1 0.5205 0.5643
1 0.5197 0.5656
1 0.5188 0.5670
1 0.5179 0.5682
1 0.5170 0.5695
1 0.5160 0.5707
1 0.5150 0.5719
1 0.5139 0.5731
1 0.5129 0.5742
1 0.0340 1.0531
1 0.0328 1.0542
1 0.0317 1.0553
1 0.0305 1.0563
1 0.0292 1.0573
1 0.0280 1.0582
1 0.0267 1.0591
1 0.0254 1.0599
1 0.0240 1.0608
1 0.0226 1.0615
1 0.0213 1.0622
1 0.0198 1.0630
1 0.0184 1.0635
1 0.0169 1.0642
1 0.0154 1.0646
1 0.0139 1.0651
1 0.0124 1.0656
1 0.0109 1.0659
1 0.0094 1.0662
1 0.0078 1.0666
1 0.0062 1.0668
1 0.0047 1.0670
1 0.0031 1.0671
1 0.0016 1.0672
1 0.0000 1.0672
1 -0.0016 1.0672
1 -0.0031 1.0671
1 -0.0047 1.0670
1 -0.0062 1.0668
1 -0.0078 1.0666
1 -0.0094 1.0662
1 -0.0109 1.0659
1 -0.0124 1.0656
1 -0.0139 1.0651
1 -0.0154 1.0646
1 -0.0169 1.0642
1 -0.0184 1.0635
1 -0.0198 1.0630
1 -0.0213 1.0622
1 -0.0226 1.0615
1 -0.0240 1.0608
1 -0.0254 1.0599
1 -0.0267 1.0591
1 -0.0280 1.0582
1 -0.0293 1.0573
1 -0.0305 1.0563
1 -0.0317 1.0553
1 -0.0328 1.0542
1 -0.0340 1.0531
112 1253 133
0 -0.4940 0.5554
1 -0.0151 1.0342
1 -0.0143 1.0350
1 -0.0135 1.0357
1 -0.0127 1.0363
1 -0.0118 1.0370
1 -0.0110 1.0375
1 -0.0101 1.0380
1 -0.0091 1.0385
1 -0.0082 1.0389
1 -0.0072 1.0393
1 -0.0062 1.0396
1 -0.0052 1.0399
1 -0.0042 1.0402
1 -0.0031 1.0403
1 -0.0021 1.0404
1 -0.0010 1.0405
1 0.0000 1.0406
1 0.0010 1.0405
1 0.0021 1.0404
1 0.0031 1.0403
1 0.0042 1.0402
1 0.0052 1.0399
1 0.0062 1.0396
1 0.0072 1.0393
1 0.0082 1.0389
1 0.0091 1.0385
1 0.0101 1.0380
1 0.0110 1.0375
1 0.0118 1.0370
1 0.0127 1.0363
1 0.0135 1.0357
1 0.0143 1.0350
1 0.0151 1.0342
1 0.4940 0.5554
1 0.4947 0.5546
1 0.4954 0.5538
1 0.4961 0.5530
1 0.4966 0.5522
1 0.4972 0.5513
1 0.4978 0.5503
1 0.4982 0.5494
1 0.4986 0.5485
1 0.4990 0.5474
1 0.4994 0.5465
1 0.4996 0.5454
1 0.4998 0.5444
1 0.5000 0.5434
1 0.5002 0.5424
1 0.5002 0.5413
1 0.5002 0.5402
1 0.5002 0.5392
1 0.5002 0.5382
1 0.5000 0.5371
1 0.4998 0.5361
1 0.4996 0.5350
1 0.4994 0.5341
1 0.4990 0.5330
1 0.4986 0.5321
1 0.4982 0.5311
1 0.4978 0.5302
1 0.4972 0.5293
1 0.4966 0.5284
1 0.4961 0.5275
1 0.4954 0.5267
1 0.4947 0.5259
1 0.4940 0.5251
1 0.0151 0.0462
1 0.0143 0.0455
1 0.0135 0.0449
1 0.0127 0.0442
1 0.0118 0.0436
1 0.0110 0.0430
1 0.0101 0.0426
1 0.0091 0.0421
1 0.0082 0.0416
1 0.0072 0.0413
1 0.0062 0.0409
1 0.0052 0.0406
1 0.0042 0.0404
1 0.0031 0.0402
1 0.0021 0.0401
1 0.0010 0.0400
1 0.0000 0.0400
1 -0.0010 0.0400
1 -0.0021 0.0401
1 -0.0031 0.0402
1 -0.0042 0.0404
1 -0.0052 0.0406
1 -0.0062 0.0409
1 -0.0072 0.0413
1 -0.0082 0.0416
1 -0.0091 0.0421
1 -0.0101 0.0426
1 -0.0110 0.0430
1 -0.0118 0.0436
1 -0.0127 0.0442
1 -0.0135 0.0449
1 -0.0143 0.0455
1 -0.0151 0.0462
1 -0.4940 0.5251
1 -0.4947 0.5259
1 -0.4954 0.5267
1 -0.4961 0.5275
1 -0.4966 0.5284
1 -0.4972 0.5293
1 -0.4978 0.5302
1 -0.4982 0.5311
1 -0.4986 0.5321
1 -0.4990 0.5330
1 -0.4994 0.5341
1 -0.4996 0.5350
1 -0.4998 0.5361
1 -0.5000 0.5371
1 -0.5002 0.5382
1 -0.5002 0.5392
1 -0.5002 0.5402
1 -0.5002 0.5413
1 -0.5002 0.5424
1 -0.5000 0.5434
1 -0.4998 0.5444
1 -0.4996 0.5454
1 -0.4994 0.5465
1 -0.4990 0.5474
1 -0.4986 0.5485
1 -0.4982 0.5494
1 -0.4978 0.5503
1 -0.4972 0.5513
1 -0.4966 0.5522
1 -0.4961 0.5530
1 -0.4954 0.5538
1 -0.4947 0.5546
1 -0.4940 0.5554
112 1250 210
0 -0.1504 0.6371
1 -0.1202 0.6294
1 -0.1754 0.5730
1 -0.1761 0.5723
1 -0.1767 0.5715
1 -0.1774 0.5707
1 -0.1779 0.5698
1 -0.1785 0.5690
1 -0.1790 0.5681
1 -0.1794 0.5672
1 -0.1798 0.5662
1 -0.1802 0.5653
1 -0.1804 0.5643
1 -0.1806 0.5634
1 -0.1809 0.5623
1 -0.1810 0.5614
1 -0.1811 0.5603
1 -0.1811 0.5593
1 -0.1811 0.5583
1 -0.1810 0.5573
1 -0.1810 0.5562
1 -0.1808 0.5553
1 -0.1806 0.5542
1 -0.1803 0.5533
1 -0.1800 0.5523
1 -0.1796 0.5514
1 -0.1792 0.5505
1 -0.1787 0.5495
1 -0.1782 0.5486
1 -0.1777 0.5478
1 -0.1771 0.5470
1 -0.1765 0.5462
1 -0.1758 0.5454
1 -0.1750 0.5447
1 -0.1743 0.5440
1 -0.1735 0.5434
1 -0.1727 0.5427
1 -0.1719 0.5422
1 -0.1710 0.5417
1 -0.1710 0.5417
1 -0.0721 0.4853
1 -0.0721 0.4853
1 -0.0705 0.4843
1 -0.0690 0.4834
1 -0.0674 0.4823
1 -0.0658 0.4813
1 -0.0644 0.4802
1 -0.0629 0.4790
1 -0.0615 0.4778
1 -0.0601 0.4766
1 -0.0587 0.4753
1 -0.0574 0.4739
1 -0.0562 0.4726
1 -0.0549 0.4712
1 -0.0537 0.4698
1 -0.0525 0.4683
1 -0.0514 0.4669
1 -0.0503 0.4654
1 -0.0493 0.4638
1 -0.0482 0.4622
1 -0.0474 0.4606
1 -0.0464 0.4590
1 -0.0455 0.4574
1 -0.0447 0.4557
1 -0.0440 0.4540
1 -0.0433 0.4522
1 -0.0426 0.4505
1 -0.0420 0.4487
1 -0.0414 0.4470
1 -0.0409 0.4452
1 -0.0404 0.4434
1 -0.0400 0.4416
1 -0.0396 0.4398
1 -0.0393 0.4379
1 -0.0390 0.4361
1 -0.0388 0.4342
1 -0.0386 0.4324
1 -0.0385 0.4305
1 -0.0385 0.4286
1 -0.0385 0.4268
1 -0.0385 0.4250
1 -0.0386 0.4230
1 -0.0387 0.4212
1 -0.0390 0.4194
1 -0.0392 0.4175
1 -0.0394 0.4157
1 -0.0398 0.4138
1 -0.0402 0.4120
1 -0.0407 0.4102
1 -0.0412 0.4084
1 -0.0418 0.4066
1 -0.0423 0.4049
1 -0.0430 0.4031
1 -0.0437 0.4014
1 -0.0445 0.3997
1 -0.0452 0.3980
1 -0.0461 0.3964
1 -0.0470 0.3947
1 -0.0479 0.3931
1 -0.0489 0.3915
1 -0.0499 0.3900
1 -0.0510 0.3885
1 -0.0521 0.3870
1 -0.0532 0.3855
1 -0.0544 0.3841
1 -0.0557 0.3826
1 -0.0557 0.3826
1 -0.1506 0.2775
1 -0.2466 0.3509
1 -0.1583 0.4121
1 -0.1583 0.4121
1 -0.1572 0.4130
1 -0.1561 0.4138
1 -0.1550 0.4148
1 -0.1539 0.4158
1 -0.1529 0.4168
1 -0.1518 0.4178
1 -0.1509 0.4190
1 -0.1500 0.4201
1 -0.1491 0.4213
1 -0.1483 0.4225
1 -0.1475 0.4237
1 -0.1468 0.4250
1 -0.1461 0.4262
1 -0.1454 0.4275
1 -0.1449 0.4288
1 -0.1443 0.4302
1 -0.1438 0.4315
1 -0.1434 0.4330
1 -0.1430 0.4343
1 -0.1426 0.4358
1 -0.1423 0.4371
1 -0.1421 0.4386
1 -0.1418 0.4400
1 -0.1418 0.4414
1 -0.1417 0.4430
1 -0.1416 0.4444
1 -0.1416 0.4458
1 -0.1417 0.4473
1 -0.1418 0.4487
1 -0.1420 0.4502
1 -0.1422 0.4516
1 -0.1425 0.4530
1 -0.1428 0.4545
1 -0.1432 0.4558
1 -0.1437 0.4573
1 -0.1442 0.4586
1 -0.1446 0.4600
1 -0.1453 0.4613
1 -0.1459 0.4626
1 -0.1466 0.4639
1 -0.1473 0.4651
1 -0.1481 0.4664
1 -0.1489 0.4676
1 -0.1498 0.4688
1 -0.1506 0.4699
1 -0.1516 0.4710
1 -0.1526 0.4721
1 -0.1535 0.4731
1 -0.1546 0.4742
1 -0.1557 0.4751
1 -0.1568 0.4760
1 -0.1580 0.4769
1 -0.1580 0.4769
1 -0.2348 0.5331
1 -0.2348 0.5331
1 -0.2358 0.5338
1 -0.2366 0.5346
1 -0.2375 0.5354
1 -0.2383 0.5362
1 -0.2391 0.5370
1 -0.2398 0.5379
1 -0.2406 0.5389
1 -0.2412 0.5398
1 -0.2418 0.5408
1 -0.2425 0.5418
1 -0.2430 0.5429
1 -0.2434 0.5439
1 -0.2439 0.5450
1 -0.2443 0.5461
1 -0.2446 0.5472
1 -0.2450 0.5483
1 -0.2452 0.5494
1 -0.2454 0.5506
1 -0.2456 0.5518
1 -0.2457 0.5530
1 -0.2457 0.5542
1 -0.2457 0.5553
1 -0.2457 0.5565
1 -0.2455 0.5576
1 -0.2454 0.5588
1 -0.2452 0.5599
1 -0.2450 0.5610
1 -0.2446 0.5622
1 -0.2442 0.5633
1 -0.2438 0.5644
1 -0.2434 0.5655
1 -0.2429 0.5666
1 -0.2424 0.5676
1 -0.2418 0.5686
1 -0.2411 0.5696
1 -0.2405 0.5705
1 -0.2398 0.5714
1 -0.2390 0.5723
1 -0.2382 0.5732
1 -0.2374 0.5740
1 -0.2365 0.5748
1 -0.2356 0.5755
1 -0.2346 0.5762
1 -0.2346 0.5762
112 1250 17
0 0.0575 0.6119
1 0.0657 0.6436
1 -0.0913 0.6838
1 -0.0994 0.6522
1 -0.1308 0.6602
1 -0.1226 0.6919
1 -0.1343 0.7114
1 -0.1182 0.7741
1 -0.0984 0.7855
1 -0.0670 0.8443
1 0.1216 0.7959
1 0.1210 0.7291
1 0.1328 0.7096
1 0.1167 0.6470
1 0.0970 0.6355
1 0.0889 0.6038
1 0.0575 0.6119
112 1250 204
0 0.0376 0.5888
1 0.0679 0.5810
1 0.0514 0.5642
1 0.0514 0.5642
1 0.0507 0.5634
1 0.0501 0.5627
1 0.0494 0.5619
1 0.0489 0.5610
1 0.0484 0.5602
1 0.0479 0.5593
1 0.0474 0.5584
1 0.0470 0.5574
1 0.0467 0.5566
1 0.0464 0.5555
1 0.0462 0.5546
1 0.0460 0.5536
1 0.0458 0.5526
1 0.0458 0.5516
1 0.0457 0.5506
1 0.0457 0.5496
1 0.0458 0.5486
1 0.0458 0.5475
1 0.0460 0.5466
1 0.0462 0.5456
1 0.0465 0.5446
1 0.0468 0.5436
1 0.0472 0.5427
1 0.0476 0.5418
1 0.0480 0.5409
1 0.0485 0.5400
1 0.0490 0.5391
1 0.0496 0.5383
1 0.0502 0.5375
1 0.0509 0.5367
1 0.0516 0.5360
1 0.0523 0.5353
1 0.0531 0.5346
1 0.0539 0.5341
1 0.0547 0.5334
1 0.0556 0.5330
1 0.0565 0.5325
1 0.0565 0.5325
1 0.2136 0.4507
1 0.2153 0.4498
1 0.2169 0.4489
1 0.2185 0.4479
1 0.2200 0.4469
1 0.2215 0.4458
1 0.2230 0.4447
1 0.2245 0.4436
1 0.2259 0.4424
1 0.2274 0.4412
1 0.2287 0.4399
1 0.2300 0.4386
1 0.2314 0.4374
1 0.2326 0.4359
1 0.2338 0.4346
1 0.2350 0.4331
1 0.2361 0.4316
1 0.2372 0.4302
1 0.2382 0.4286
1 0.2393 0.4270
1 0.2402 0.4254
1 0.2412 0.4238
1 0.2421 0.4222
1 0.2429 0.4206
1 0.2437 0.4189
1 0.2444 0.4171
1 0.2451 0.4154
1 0.2458 0.4137
1 0.2463 0.4119
1 0.2469 0.4102
1 0.2474 0.4083
1 0.2478 0.4066
1 0.2482 0.4047
1 0.2486 0.4029
1 0.2488 0.4010
1 0.2490 0.3992
1 0.2493 0.3974
1 0.2494 0.3955
1 0.2494 0.3937
1 0.2495 0.3918
1 0.2495 0.3899
1 0.2494 0.3881
1 0.2493 0.3862
1 0.2491 0.3844
1 0.2489 0.3826
1 0.2486 0.3807
1 0.2483 0.3789
1 0.2479 0.3770
1 0.2474 0.3752
1 0.2470 0.3734
1 0.2465 0.3717
1 0.2459 0.3699
1 0.2453 0.3682
1 0.2446 0.3664
1 0.2438 0.3647
1 0.2430 0.3630
1 0.2422 0.3614
1 0.2414 0.3597
1 0.2405 0.3581
1 0.2395 0.3565
1 0.2395 0.3565
1 0.1906 0.2775
1 0.0974 0.3509
1 0.1337 0.3840
1 0.1337 0.3840
1 0.1347 0.3850
1 0.1358 0.3860
1 0.1367 0.3870
1 0.1377 0.3881
1 0.1386 0.3892
1 0.1394 0.3904
1 0.1402 0.3916
1 0.1410 0.3928
1 0.1417 0.3940
1 0.1424 0.3953
1 0.1430 0.3966
1 0.1436 0.3978
1 0.1442 0.3992
1 0.1446 0.4006
1 0.1450 0.4019
1 0.1454 0.4033
1 0.1458 0.4046
1 0.1461 0.4061
1 0.1463 0.4075
1 0.1466 0.4089
1 0.1466 0.4103
1 0.1468 0.4118
1 0.1468 0.4132
1 0.1468 0.4146
1 0.1467 0.4161
1 0.1466 0.4175
1 0.1465 0.4189
1 0.1462 0.4203
1 0.1460 0.4218
1 0.1457 0.4231
1 0.1453 0.4245
1 0.1449 0.4259
1 0.1444 0.4272
1 0.1439 0.4286
1 0.1433 0.4299
1 0.1427 0.4312
1 0.1421 0.4325
1 0.1414 0.4337
1 0.1406 0.4350
1 0.1398 0.4362
1 0.1390 0.4373
1 0.1382 0.4385
1 0.1372 0.4395
1 0.1362 0.4406
1 0.1353 0.4417
1 0.1342 0.4426
1 0.1332 0.4436
1 0.1321 0.4446
1 0.1310 0.4454
1 0.1298 0.4462
1 0.1298 0.4462
1 0.0137 0.5279
1 0.0137 0.5279
1 0.0127 0.5286
1 0.0118 0.5294
1 0.0110 0.5302
1 0.0101 0.5310
1 0.0093 0.5318
1 0.0085 0.5327
1 0.0078 0.5336
1 0.0071 0.5346
1 0.0064 0.5356
1 0.0058 0.5366
1 0.0053 0.5376
1 0.0048 0.5387
1 0.0043 0.5398
1 0.0039 0.5409
1 0.0035 0.5420
1 0.0032 0.5431
1 0.0030 0.5443
1 0.0027 0.5454
1 0.0026 0.5466
1 0.0024 0.5478
1 0.0024 0.5490
1 0.0024 0.5502
1 0.0024 0.5514
1 0.0025 0.5525
1 0.0026 0.5537
1 0.0029 0.5549
1 0.0031 0.5560
1 0.0034 0.5571
1 0.0038 0.5582
1 0.0042 0.5594
1 0.0046 0.5605
1 0.0051 0.5615
1 0.0057 0.5626
1 0.0062 0.5636
1 0.0069 0.5646
1 0.0076 0.5656
1 0.0083 0.5665
1 0.0090 0.5674
1 0.0098 0.5682
1 0.0107 0.5691
1 0.0116 0.5699
1 0.0125 0.5706
1 0.0134 0.5714
1 0.0134 0.5714
112 1253 5
0 -0.0825 0.7814
1 -0.0825 0.7814
1 0.1050 0.7333
1 0.1055 0.7835
1 -0.0587 0.8257
