SEcl_PE-5
3315 23 1 1 0 0 0 0 0 0 1 1
1.000
112 1253 229
0 -0.0434 1.0626
1 -0.5223 0.5837
1 -0.5235 0.5824
1 -0.5246 0.5811
1 -0.5258 0.5798
1 -0.5269 0.5786
1 -0.5279 0.5772
1 -0.5290 0.5758
1 -0.5299 0.5744
1 -0.5309 0.5729
1 -0.5318 0.5714
1 -0.5326 0.5699
1 -0.5334 0.5684
1 -0.5342 0.5669
1 -0.5349 0.5654
1 -0.5356 0.5638
1 -0.5362 0.5622
1 -0.5368 0.5606
1 -0.5374 0.5589
1 -0.5378 0.5573
1 -0.5383 0.5556
1 -0.5387 0.5539
1 -0.5391 0.5522
1 -0.5394 0.5506
1 -0.5397 0.5489
1 -0.5399 0.5471
1 -0.5401 0.5454
1 -0.5402 0.5437
1 -0.5402 0.5420
1 -0.5402 0.5402
1 -0.5402 0.5386
1 -0.5402 0.5368
1 -0.5401 0.5351
1 -0.5399 0.5334
1 -0.5397 0.5317
1 -0.5394 0.5300
1 -0.5391 0.5283
1 -0.5387 0.5266
1 -0.5383 0.5250
1 -0.5378 0.5233
1 -0.5374 0.5216
1 -0.5368 0.5200
1 -0.5362 0.5184
1 -0.5356 0.5168
1 -0.5349 0.5152
1 -0.5342 0.5137
1 -0.5334 0.5121
1 -0.5326 0.5106
1 -0.5318 0.5091
1 -0.5309 0.5076
1 -0.5299 0.5062
1 -0.5290 0.5047
1 -0.5279 0.5034
1 -0.5269 0.5020
1 -0.5258 0.5006
1 -0.5246 0.4994
1 -0.5235 0.4981
1 -0.5223 0.4969
1 -0.0434 0.0180
1 -0.0422 0.0168
1 -0.0409 0.0156
1 -0.0396 0.0145
1 -0.0382 0.0134
1 -0.0369 0.0123
1 -0.0355 0.0113
1 -0.0341 0.0103
1 -0.0326 0.0094
1 -0.0312 0.0085
1 -0.0297 0.0077
1 -0.0282 0.0069
1 -0.0266 0.0061
1 -0.0250 0.0054
1 -0.0235 0.0046
1 -0.0219 0.0040
1 -0.0202 0.0034
1 -0.0186 0.0029
1 -0.0170 0.0024
1 -0.0154 0.0019
1 -0.0137 0.0015
1 -0.0120 0.0012
1 -0.0102 0.0009
1 -0.0086 0.0006
1 -0.0069 0.0004
1 -0.0051 0.0002
1 -0.0034 0.0001
1 -0.0018 0.0000
1 0.0000 0.0000
1 0.0018 0.0000
1 0.0034 0.0001
1 0.0051 0.0002
1 0.0069 0.0004
1 0.0086 0.0006
1 0.0102 0.0009
1 0.0120 0.0012
1 0.0137 0.0015
1 0.0154 0.0019
1 0.0170 0.0024
1 0.0186 0.0029
1 0.0202 0.0034
1 0.0219 0.0040
1 0.0235 0.0046
1 0.0250 0.0054
1 0.0266 0.0061
1 0.0282 0.0069
1 0.0297 0.0077
1 0.0312 0.0085
1 0.0326 0.0094
1 0.0341 0.0103
1 0.0355 0.0113
1 0.0369 0.0123
1 0.0382 0.0134
1 0.0396 0.0145
1 0.0409 0.0156
1 0.0422 0.0168
1 0.0434 0.0180
1 0.5223 0.4969
1 0.5235 0.4981
1 0.5246 0.4994
1 0.5258 0.5006
1 0.5269 0.5020
1 0.5279 0.5034
1 0.5290 0.5047
1 0.5299 0.5062
1 0.5309 0.5076
1 0.5318 0.5091
1 0.5326 0.5106
1 0.5334 0.5121
1 0.5342 0.5137
1 0.5349 0.5152
1 0.5356 0.5168
1 0.5362 0.5184
1 0.5368 0.5200
1 0.5374 0.5216
1 0.5378 0.5233
1 0.5383 0.5250
1 0.5387 0.5266
1 0.5391 0.5283
1 0.5394 0.5300
1 0.5397 0.5317
1 0.5399 0.5334
1 0.5401 0.5351
1 0.5402 0.5368
1 0.5402 0.5386
1 0.5402 0.5402
1 0.5402 0.5420
1 0.5402 0.5437
1 0.5401 0.5454
1 0.5399 0.5471
1 0.5397 0.5489
1 0.5394 0.5506
1 0.5391 0.5522
1 0.5387 0.5539
1 0.5383 0.5556
1 0.5378 0.5573
1 0.5374 0.5589
1 0.5368 0.5606
1 0.5362 0.5622
1 0.5356 0.5638
1 0.5349 0.5654
1 0.5342 0.5669
1 0.5334 0.5684
1 0.5326 0.5699
1 0.5318 0.5714
1 0.5309 0.5729
1 0.5299 0.5744
1 0.5290 0.5758
1 0.5279 0.5772
1 0.5269 0.5786
1 0.5258 0.5798
1 0.5246 0.5811
1 0.5235 0.5824
1 0.5223 0.5837
1 0.0434 1.0626
1 0.0422 1.0638
1 0.0409 1.0650
1 0.0396 1.0661
1 0.0382 1.0671
1 0.0369 1.0682
1 0.0355 1.0692
1 0.0341 1.0702
1 0.0326 1.0711
1 0.0312 1.0720
1 0.0297 1.0729
1 0.0282 1.0737
1 0.0266 1.0745
1 0.0250 1.0752
1 0.0235 1.0758
1 0.0219 1.0765
1 0.0202 1.0771
1 0.0186 1.0776
1 0.0170 1.0782
1 0.0154 1.0786
1 0.0137 1.0790
1 0.0120 1.0794
1 0.0102 1.0797
1 0.0086 1.0799
1 0.0069 1.0802
1 0.0051 1.0803
1 0.0034 1.0804
1 0.0018 1.0805
1 0.0000 1.0806
1 -0.0018 1.0805
1 -0.0034 1.0804
1 -0.0051 1.0803
1 -0.0069 1.0802
1 -0.0086 1.0799
1 -0.0102 1.0797
1 -0.0120 1.0794
1 -0.0137 1.0790
1 -0.0154 1.0786
1 -0.0170 1.0782
1 -0.0186 1.0776
1 -0.0202 1.0771
1 -0.0219 1.0765
1 -0.0235 1.0758
1 -0.0250 1.0752
1 -0.0266 1.0745
1 -0.0282 1.0737
1 -0.0297 1.0729
1 -0.0312 1.0720
1 -0.0326 1.0711
1 -0.0341 1.0702
1 -0.0355 1.0692
1 -0.0369 1.0682
1 -0.0382 1.0671
1 -0.0396 1.0661
1 -0.0409 1.0650
1 -0.0422 1.0638
1 -0.0434 1.0626
112 1250 197
0 -0.0340 1.0531
1 -0.5129 0.5742
1 -0.5139 0.5731
1 -0.5150 0.5719
1 -0.5160 0.5707
1 -0.5170 0.5695
1 -0.5179 0.5682
1 -0.5188 0.5670
1 -0.5197 0.5656
1 -0.5205 0.5643
1 -0.5213 0.5629
1 -0.5220 0.5615
1 -0.5226 0.5601
1 -0.5233 0.5586
1 -0.5238 0.5572
1 -0.5244 0.5557
1 -0.5249 0.5542
1 -0.5253 0.5527
1 -0.5257 0.5512
1 -0.5260 0.5496
1 -0.5263 0.5481
1 -0.5266 0.5466
1 -0.5267 0.5450
1 -0.5268 0.5434
1 -0.5269 0.5418
1 -0.5270 0.5402
1 -0.5269 0.5387
1 -0.5268 0.5371
1 -0.5267 0.5356
1 -0.5266 0.5340
1 -0.5263 0.5325
1 -0.5260 0.5309
1 -0.5257 0.5294
1 -0.5253 0.5278
1 -0.5249 0.5263
1 -0.5244 0.5248
1 -0.5238 0.5234
1 -0.5233 0.5219
1 -0.5226 0.5205
1 -0.5220 0.5190
1 -0.5213 0.5176
1 -0.5205 0.5162
1 -0.5197 0.5149
1 -0.5188 0.5136
1 -0.5179 0.5123
1 -0.5170 0.5110
1 -0.5160 0.5098
1 -0.5150 0.5086
1 -0.5139 0.5074
1 -0.5129 0.5063
1 -0.0340 0.0274
1 -0.0328 0.0263
1 -0.0317 0.0253
1 -0.0305 0.0242
1 -0.0293 0.0233
1 -0.0280 0.0223
1 -0.0267 0.0214
1 -0.0254 0.0206
1 -0.0240 0.0198
1 -0.0226 0.0190
1 -0.0213 0.0183
1 -0.0198 0.0176
1 -0.0184 0.0170
1 -0.0169 0.0164
1 -0.0154 0.0159
1 -0.0139 0.0154
1 -0.0124 0.0150
1 -0.0109 0.0146
1 -0.0094 0.0142
1 -0.0078 0.0140
1 -0.0062 0.0138
1 -0.0047 0.0136
1 -0.0031 0.0134
1 -0.0016 0.0134
1 0.0000 0.0134
1 0.0016 0.0134
1 0.0031 0.0134
1 0.0047 0.0136
1 0.0062 0.0138
1 0.0078 0.0140
1 0.0094 0.0142
1 0.0109 0.0146
1 0.0124 0.0150
1 0.0139 0.0154
1 0.0154 0.0159
1 0.0169 0.0164
1 0.0184 0.0170
1 0.0198 0.0176
1 0.0213 0.0183
1 0.0226 0.0190
1 0.0240 0.0198
1 0.0254 0.0206
1 0.0267 0.0214
1 0.0280 0.0223
1 0.0292 0.0233
1 0.0305 0.0242
1 0.0317 0.0253
1 0.0328 0.0263
1 0.0340 0.0274
1 0.5129 0.5063
1 0.5139 0.5074
1 0.5150 0.5086
1 0.5160 0.5098
1 0.5170 0.5110
1 0.5179 0.5123
1 0.5188 0.5136
1 0.5197 0.5149
1 0.5205 0.5162
1 0.5213 0.5176
1 0.5220 0.5190
1 0.5226 0.5205
1 0.5233 0.5219
1 0.5238 0.5234
1 0.5244 0.5248
1 0.5249 0.5263
1 0.5253 0.5278
1 0.5257 0.5294
1 0.5260 0.5309
1 0.5263 0.5325
1 0.5266 0.5340
1 0.5267 0.5356
1 0.5268 0.5371
1 0.5269 0.5387
1 0.5270 0.5402
1 0.5269 0.5418
1 0.5268 0.5434
1 0.5267 0.5450
1 0.5266 0.5466
1 0.5263 0.5481
1 0.5260 0.5496
1 0.5257 0.5512
1 0.5253 0.5527
1 0.5249 0.5542
1 0.5244 0.5557
1 0.5238 0.5572
1 0.5233 0.5586
1 0.5226 0.5601
1 0.5220 0.5615
1 0.5213 0.5629
1 0.5205 0.5643
1 0.5197 0.5656
1 0.5188 0.5670
1 0.5179 0.5682
1 0.5170 0.5695
1 0.5160 0.5707
1 0.5150 0.5719
1 0.5139 0.5731
1 0.5129 0.5742
1 0.0340 1.0531
1 0.0328 1.0542
1 0.0317 1.0553
1 0.0305 1.0563
1 0.0292 1.0573
1 0.0280 1.0582
1 0.0267 1.0591
1 0.0254 1.0599
1 0.0240 1.0608
1 0.0226 1.0615
1 0.0213 1.0622
1 0.0198 1.0630
1 0.0184 1.0635
1 0.0169 1.0642
1 0.0154 1.0646
1 0.0139 1.0651
1 0.0124 1.0656
1 0.0109 1.0659
1 0.0094 1.0662
1 0.0078 1.0666
1 0.0062 1.0668
1 0.0047 1.0670
1 0.0031 1.0671
1 0.0016 1.0672
1 0.0000 1.0672
1 -0.0016 1.0672
1 -0.0031 1.0671
1 -0.0047 1.0670
1 -0.0062 1.0668
1 -0.0078 1.0666
1 -0.0094 1.0662
1 -0.0109 1.0659
1 -0.0124 1.0656
1 -0.0139 1.0651
1 -0.0154 1.0646
1 -0.0169 1.0642
1 -0.0184 1.0635
1 -0.0198 1.0630
1 -0.0213 1.0622
1 -0.0226 1.0615
1 -0.0240 1.0608
1 -0.0254 1.0599
1 -0.0267 1.0591
1 -0.0280 1.0582
1 -0.0293 1.0573
1 -0.0305 1.0563
1 -0.0317 1.0553
1 -0.0328 1.0542
1 -0.0340 1.0531
112 1253 133
0 -0.4940 0.5554
1 -0.0151 1.0342
1 -0.0143 1.0350
1 -0.0135 1.0357
1 -0.0127 1.0363
1 -0.0118 1.0370
1 -0.0110 1.0375
1 -0.0101 1.0380
1 -0.0091 1.0385
1 -0.0082 1.0389
1 -0.0072 1.0393
1 -0.0062 1.0396
1 -0.0052 1.0399
1 -0.0042 1.0402
1 -0.0031 1.0403
1 -0.0021 1.0404
1 -0.0010 1.0405
1 0.0000 1.0406
1 0.0010 1.0405
1 0.0021 1.0404
1 0.0031 1.0403
1 0.0042 1.0402
1 0.0052 1.0399
1 0.0062 1.0396
1 0.0072 1.0393
1 0.0082 1.0389
1 0.0091 1.0385
1 0.0101 1.0380
1 0.0110 1.0375
1 0.0118 1.0370
1 0.0127 1.0363
1 0.0135 1.0357
1 0.0143 1.0350
1 0.0151 1.0342
1 0.4940 0.5554
1 0.4947 0.5546
1 0.4954 0.5538
1 0.4961 0.5530
1 0.4966 0.5522
1 0.4972 0.5513
1 0.4978 0.5503
1 0.4982 0.5494
1 0.4986 0.5485
1 0.4990 0.5474
1 0.4994 0.5465
1 0.4996 0.5454
1 0.4998 0.5444
1 0.5000 0.5434
1 0.5002 0.5424
1 0.5002 0.5413
1 0.5002 0.5402
1 0.5002 0.5392
1 0.5002 0.5382
1 0.5000 0.5371
1 0.4998 0.5361
1 0.4996 0.5350
1 0.4994 0.5341
1 0.4990 0.5330
1 0.4986 0.5321
1 0.4982 0.5311
1 0.4978 0.5302
1 0.4972 0.5293
1 0.4966 0.5284
1 0.4961 0.5275
1 0.4954 0.5267
1 0.4947 0.5259
1 0.4940 0.5251
1 0.0151 0.0462
1 0.0143 0.0455
1 0.0135 0.0449
1 0.0127 0.0442
1 0.0118 0.0436
1 0.0110 0.0430
1 0.0101 0.0426
1 0.0091 0.0421
1 0.0082 0.0416
1 0.0072 0.0413
1 0.0062 0.0409
1 0.0052 0.0406
1 0.0042 0.0404
1 0.0031 0.0402
1 0.0021 0.0401
1 0.0010 0.0400
1 0.0000 0.0400
1 -0.0010 0.0400
1 -0.0021 0.0401
1 -0.0031 0.0402
1 -0.0042 0.0404
1 -0.0052 0.0406
1 -0.0062 0.0409
1 -0.0072 0.0413
1 -0.0082 0.0416
1 -0.0091 0.0421
1 -0.0101 0.0426
1 -0.0110 0.0430
1 -0.0118 0.0436
1 -0.0127 0.0442
1 -0.0135 0.0449
1 -0.0143 0.0455
1 -0.0151 0.0462
1 -0.4940 0.5251
1 -0.4947 0.5259
1 -0.4954 0.5267
1 -0.4961 0.5275
1 -0.4966 0.5284
1 -0.4972 0.5293
1 -0.4978 0.5302
1 -0.4982 0.5311
1 -0.4986 0.5321
1 -0.4990 0.5330
1 -0.4994 0.5341
1 -0.4996 0.5350
1 -0.4998 0.5361
1 -0.5000 0.5371
1 -0.5002 0.5382
1 -0.5002 0.5392
1 -0.5002 0.5402
1 -0.5002 0.5413
1 -0.5002 0.5424
1 -0.5000 0.5434
1 -0.4998 0.5444
1 -0.4996 0.5454
1 -0.4994 0.5465
1 -0.4990 0.5474
1 -0.4986 0.5485
1 -0.4982 0.5494
1 -0.4978 0.5503
1 -0.4972 0.5513
1 -0.4966 0.5522
1 -0.4961 0.5530
1 -0.4954 0.5538
1 -0.4947 0.5546
1 -0.4940 0.5554
112 1250 11
0 0.2534 0.3336
1 -0.2534 0.3336
1 -0.2400 0.6736
1 -0.2000 0.7402
1 -0.0432 0.7402
1 -0.0466 0.7536
1 0.0466 0.7536
1 0.0432 0.7402
1 0.2000 0.7402
1 0.2400 0.6736
1 0.2534 0.3336
112 1253 20
0 0.0911 0.6985
1 0.1187 0.7362
1 0.1952 0.7362
1 0.1187 0.6726
1 0.1172 0.6744
1 0.1157 0.6762
1 0.1141 0.6779
1 0.1125 0.6797
1 0.1108 0.6814
1 0.1091 0.6830
1 0.1074 0.6847
1 0.1058 0.6864
1 0.1040 0.6880
1 0.1022 0.6896
1 0.1004 0.6911
1 0.0986 0.6926
1 0.0968 0.6942
1 0.0949 0.6956
1 0.0930 0.6970
1 0.0911 0.6985
112 1253 16
0 -0.1442 0.6294
1 -0.2362 0.6677
1 -0.2386 0.6064
1 -0.1531 0.5946
1 -0.1527 0.5976
1 -0.1522 0.6006
1 -0.1517 0.6035
1 -0.1510 0.6064
1 -0.1504 0.6094
1 -0.1497 0.6122
1 -0.1489 0.6151
1 -0.1481 0.6180
1 -0.1472 0.6209
1 -0.1462 0.6238
1 -0.1453 0.6266
1 -0.1442 0.6294
112 1253 5
0 -0.1559 0.5402
1 -0.2412 0.5402
1 -0.2388 0.6024
1 -0.1537 0.5906
1 -0.1559 0.5402
112 1253 5
0 -0.1586 0.4714
1 -0.2439 0.4714
1 -0.2414 0.5362
1 -0.1561 0.5362
1 -0.1586 0.4714
112 1253 5
0 -0.1613 0.4025
1 -0.2466 0.4025
1 -0.2441 0.4674
1 -0.1587 0.4674
1 -0.1613 0.4025
112 1253 20
0 -0.1187 0.6726
1 -0.1952 0.7362
1 -0.1187 0.7362
1 -0.0911 0.6985
1 -0.0930 0.6970
1 -0.0949 0.6956
1 -0.0968 0.6942
1 -0.0986 0.6926
1 -0.1004 0.6911
1 -0.1022 0.6896
1 -0.1040 0.6880
1 -0.1058 0.6864
1 -0.1074 0.6847
1 -0.1091 0.6830
1 -0.1108 0.6814
1 -0.1125 0.6797
1 -0.1141 0.6779
1 -0.1157 0.6762
1 -0.1172 0.6744
1 -0.1187 0.6726
112 1253 20
0 -0.1213 0.6694
1 -0.1990 0.7342
1 -0.2361 0.6720
1 -0.1427 0.6330
1 -0.1417 0.6355
1 -0.1406 0.6379
1 -0.1394 0.6403
1 -0.1383 0.6427
1 -0.1371 0.6450
1 -0.1358 0.6474
1 -0.1346 0.6497
1 -0.1332 0.6520
1 -0.1318 0.6542
1 -0.1305 0.6565
1 -0.1290 0.6587
1 -0.1275 0.6610
1 -0.1261 0.6631
1 -0.1245 0.6653
1 -0.1229 0.6674
1 -0.1213 0.6694
112 1253 173
0 0.1506 0.5736
1 0.1598 0.3376
1 -0.1598 0.3376
1 -0.1506 0.5736
1 -0.1506 0.5764
1 -0.1505 0.5792
1 -0.1503 0.5821
1 -0.1502 0.5849
1 -0.1499 0.5877
1 -0.1497 0.5905
1 -0.1493 0.5933
1 -0.1489 0.5961
1 -0.1485 0.5988
1 -0.1480 0.6016
1 -0.1474 0.6043
1 -0.1468 0.6071
1 -0.1462 0.6098
1 -0.1454 0.6126
1 -0.1447 0.6153
1 -0.1439 0.6180
1 -0.1430 0.6206
1 -0.1422 0.6234
1 -0.1412 0.6260
1 -0.1402 0.6286
1 -0.1391 0.6312
1 -0.1380 0.6338
1 -0.1369 0.6364
1 -0.1357 0.6390
1 -0.1344 0.6414
1 -0.1331 0.6440
1 -0.1318 0.6464
1 -0.1304 0.6489
1 -0.1290 0.6513
1 -0.1275 0.6537
1 -0.1260 0.6561
1 -0.1244 0.6584
1 -0.1228 0.6607
1 -0.1212 0.6630
1 -0.1194 0.6653
1 -0.1178 0.6675
1 -0.1160 0.6697
1 -0.1142 0.6718
1 -0.1123 0.6739
1 -0.1104 0.6760
1 -0.1085 0.6781
1 -0.1065 0.6801
1 -0.1045 0.6821
1 -0.1024 0.6840
1 -0.1003 0.6859
1 -0.0982 0.6878
1 -0.0961 0.6895
1 -0.0939 0.6914
1 -0.0917 0.6930
1 -0.0894 0.6947
1 -0.0871 0.6964
1 -0.0848 0.6980
1 -0.0825 0.6996
1 -0.0802 0.7011
1 -0.0778 0.7026
1 -0.0753 0.7040
1 -0.0729 0.7054
1 -0.0704 0.7067
1 -0.0678 0.7080
1 -0.0654 0.7093
1 -0.0628 0.7105
1 -0.0602 0.7116
1 -0.0576 0.7127
1 -0.0550 0.7138
1 -0.0524 0.7148
1 -0.0498 0.7158
1 -0.0471 0.7166
1 -0.0444 0.7175
1 -0.0417 0.7183
1 -0.0390 0.7190
1 -0.0362 0.7198
1 -0.0335 0.7204
1 -0.0308 0.7210
1 -0.0280 0.7216
1 -0.0252 0.7221
1 -0.0225 0.7225
1 -0.0197 0.7229
1 -0.0169 0.7233
1 -0.0141 0.7235
1 -0.0113 0.7238
1 -0.0085 0.7239
1 -0.0057 0.7241
1 -0.0028 0.7242
1 0.0000 0.7242
1 0.0000 0.7242
1 0.0028 0.7242
1 0.0057 0.7241
1 0.0085 0.7239
1 0.0113 0.7238
1 0.0141 0.7235
1 0.0169 0.7233
1 0.0197 0.7229
1 0.0225 0.7225
1 0.0252 0.7221
1 0.0280 0.7216
1 0.0308 0.7210
1 0.0335 0.7204
1 0.0362 0.7198
1 0.0390 0.7190
1 0.0417 0.7183
1 0.0444 0.7175
1 0.0471 0.7166
1 0.0498 0.7158
1 0.0524 0.7148
1 0.0550 0.7138
1 0.0576 0.7127
1 0.0602 0.7116
1 0.0628 0.7105
1 0.0654 0.7093
1 0.0678 0.7080
1 0.0704 0.7067
1 0.0729 0.7054
1 0.0753 0.7040
1 0.0778 0.7026
1 0.0802 0.7011
1 0.0825 0.6996
1 0.0848 0.6980
1 0.0871 0.6964
1 0.0894 0.6947
1 0.0917 0.6930
1 0.0939 0.6914
1 0.0961 0.6895
1 0.0982 0.6878
1 0.1003 0.6859
1 0.1024 0.6840
1 0.1045 0.6821
1 0.1065 0.6801
1 0.1085 0.6781
1 0.1104 0.6760
1 0.1123 0.6739
1 0.1142 0.6718
1 0.1160 0.6697
1 0.1178 0.6675
1 0.1194 0.6653
1 0.1212 0.6630
1 0.1228 0.6607
1 0.1244 0.6584
1 0.1260 0.6561
1 0.1275 0.6537
1 0.1290 0.6513
1 0.1304 0.6489
1 0.1318 0.6464
1 0.1331 0.6440
1 0.1344 0.6414
1 0.1357 0.6390
1 0.1369 0.6364
1 0.1380 0.6338
1 0.1391 0.6312
1 0.1402 0.6286
1 0.1412 0.6260
1 0.1422 0.6234
1 0.1430 0.6206
1 0.1439 0.6180
1 0.1447 0.6153
1 0.1454 0.6126
1 0.1462 0.6098
1 0.1468 0.6071
1 0.1474 0.6043
1 0.1480 0.6016
1 0.1485 0.5988
1 0.1489 0.5961
1 0.1493 0.5933
1 0.1497 0.5905
1 0.1499 0.5877
1 0.1502 0.5849
1 0.1503 0.5821
1 0.1505 0.5792
1 0.1506 0.5764
1 0.1506 0.5736
112 1250 149
0 0.1106 0.5736
1 0.1106 0.5736
1 0.1106 0.5760
1 0.1105 0.5784
1 0.1103 0.5808
1 0.1102 0.5832
1 0.1099 0.5856
1 0.1097 0.5880
1 0.1093 0.5904
1 0.1089 0.5928
1 0.1085 0.5952
1 0.1080 0.5975
1 0.1074 0.5999
1 0.1068 0.6022
1 0.1062 0.6046
1 0.1054 0.6069
1 0.1047 0.6091
1 0.1039 0.6114
1 0.1030 0.6137
1 0.1022 0.6159
1 0.1012 0.6182
1 0.1002 0.6203
1 0.0992 0.6225
1 0.0981 0.6246
1 0.0970 0.6268
1 0.0958 0.6289
1 0.0946 0.6310
1 0.0933 0.6330
1 0.0919 0.6350
1 0.0906 0.6370
1 0.0892 0.6390
1 0.0878 0.6409
1 0.0862 0.6428
1 0.0847 0.6447
1 0.0831 0.6465
1 0.0815 0.6483
1 0.0799 0.6501
1 0.0782 0.6518
1 0.0765 0.6535
1 0.0747 0.6551
1 0.0730 0.6567
1 0.0711 0.6583
1 0.0692 0.6598
1 0.0674 0.6614
1 0.0654 0.6628
1 0.0634 0.6642
1 0.0614 0.6655
1 0.0594 0.6669
1 0.0574 0.6682
1 0.0553 0.6694
1 0.0532 0.6706
1 0.0510 0.6717
1 0.0489 0.6728
1 0.0467 0.6738
1 0.0446 0.6748
1 0.0423 0.6758
1 0.0401 0.6766
1 0.0378 0.6775
1 0.0355 0.6783
1 0.0333 0.6790
1 0.0310 0.6798
1 0.0286 0.6804
1 0.0263 0.6810
1 0.0239 0.6816
1 0.0216 0.6821
1 0.0192 0.6825
1 0.0168 0.6829
1 0.0145 0.6833
1 0.0121 0.6835
1 0.0097 0.6838
1 0.0073 0.6839
1 0.0048 0.6841
1 0.0024 0.6842
1 0.0000 0.6842
1 -0.0024 0.6842
1 -0.0048 0.6841
1 -0.0072 0.6839
1 -0.0096 0.6838
1 -0.0120 0.6835
1 -0.0144 0.6833
1 -0.0168 0.6829
1 -0.0192 0.6825
1 -0.0216 0.6821
1 -0.0239 0.6816
1 -0.0262 0.6810
1 -0.0286 0.6804
1 -0.0310 0.6798
1 -0.0333 0.6790
1 -0.0355 0.6783
1 -0.0378 0.6775
1 -0.0401 0.6766
1 -0.0423 0.6758
1 -0.0446 0.6748
1 -0.0467 0.6738
1 -0.0489 0.6728
1 -0.0510 0.6717
1 -0.0532 0.6706
1 -0.0553 0.6694
1 -0.0574 0.6682
1 -0.0594 0.6669
1 -0.0614 0.6655
1 -0.0634 0.6642
1 -0.0654 0.6628
1 -0.0673 0.6614
1 -0.0692 0.6598
1 -0.0710 0.6583
1 -0.0729 0.6567
1 -0.0747 0.6551
1 -0.0765 0.6535
1 -0.0782 0.6518
1 -0.0799 0.6501
1 -0.0815 0.6483
1 -0.0831 0.6466
1 -0.0847 0.6447
1 -0.0862 0.6428
1 -0.0878 0.6410
1 -0.0892 0.6390
1 -0.0906 0.6370
1 -0.0919 0.6350
1 -0.0933 0.6330
1 -0.0946 0.6310
1 -0.0958 0.6289
1 -0.0970 0.6268
1 -0.0981 0.6246
1 -0.0992 0.6225
1 -0.1002 0.6203
1 -0.1012 0.6182
1 -0.1022 0.6159
1 -0.1030 0.6137
1 -0.1039 0.6114
1 -0.1047 0.6091
1 -0.1054 0.6069
1 -0.1062 0.6046
1 -0.1068 0.6022
1 -0.1074 0.5999
1 -0.1080 0.5975
1 -0.1085 0.5952
1 -0.1089 0.5928
1 -0.1093 0.5904
1 -0.1097 0.5880
1 -0.1099 0.5857
1 -0.1102 0.5833
1 -0.1103 0.5808
1 -0.1105 0.5784
1 -0.1106 0.5760
1 -0.1106 0.5736
1 -0.1200 0.3336
1 0.1200 0.3336
1 0.1106 0.5736
112 1253 29
0 0.0349 0.7242
1 0.0415 0.7496
1 -0.0415 0.7496
1 -0.0349 0.7242
1 -0.0321 0.7248
1 -0.0292 0.7254
1 -0.0263 0.7259
1 -0.0234 0.7264
1 -0.0205 0.7268
1 -0.0176 0.7272
1 -0.0146 0.7275
1 -0.0118 0.7278
1 -0.0088 0.7279
1 -0.0059 0.7281
1 -0.0030 0.7282
1 0.0000 0.7282
1 0.0000 0.7282
1 0.0030 0.7282
1 0.0059 0.7281
1 0.0088 0.7279
1 0.0118 0.7278
1 0.0146 0.7275
1 0.0176 0.7272
1 0.0205 0.7268
1 0.0234 0.7264
1 0.0263 0.7259
1 0.0292 0.7254
1 0.0321 0.7248
1 0.0349 0.7242
112 1253 24
0 -0.0878 0.7008
1 -0.1138 0.7362
1 -0.0422 0.7362
1 -0.0388 0.7233
1 -0.0414 0.7226
1 -0.0440 0.7218
1 -0.0466 0.7210
1 -0.0492 0.7202
1 -0.0518 0.7193
1 -0.0543 0.7183
1 -0.0568 0.7174
1 -0.0594 0.7163
1 -0.0618 0.7153
1 -0.0643 0.7142
1 -0.0668 0.7130
1 -0.0692 0.7118
1 -0.0716 0.7106
1 -0.0740 0.7094
1 -0.0764 0.7080
1 -0.0787 0.7066
1 -0.0810 0.7053
1 -0.0834 0.7038
1 -0.0856 0.7023
1 -0.0878 0.7008
112 1253 24
0 0.0388 0.7233
1 0.0422 0.7362
1 0.1138 0.7362
1 0.0878 0.7008
1 0.0856 0.7023
1 0.0834 0.7038
1 0.0810 0.7053
1 0.0787 0.7066
1 0.0764 0.7080
1 0.0740 0.7094
1 0.0716 0.7106
1 0.0692 0.7118
1 0.0668 0.7130
1 0.0643 0.7142
1 0.0618 0.7153
1 0.0594 0.7163
1 0.0568 0.7174
1 0.0543 0.7183
1 0.0518 0.7193
1 0.0492 0.7202
1 0.0466 0.7210
1 0.0440 0.7218
1 0.0414 0.7226
1 0.0388 0.7233
112 1253 5
0 -0.1638 0.3376
1 -0.2492 0.3376
1 -0.2468 0.3985
1 -0.1614 0.3985
1 -0.1638 0.3376
112 1253 5
0 0.1586 0.4714
1 0.2439 0.4714
1 0.2465 0.4065
1 0.1611 0.4065
1 0.1586 0.4714
112 1253 5
0 0.1613 0.4025
1 0.2466 0.4025
1 0.2492 0.3376
1 0.1638 0.3376
1 0.1613 0.4025
112 1253 5
0 0.1559 0.5402
1 0.2412 0.5402
1 0.2438 0.4754
1 0.1585 0.4754
1 0.1559 0.5402
112 1253 20
0 0.1427 0.6330
1 0.2361 0.6720
1 0.2386 0.6064
1 0.1531 0.5946
1 0.1528 0.5971
1 0.1524 0.5996
1 0.1519 0.6020
1 0.1514 0.6045
1 0.1510 0.6070
1 0.1504 0.6094
1 0.1498 0.6118
1 0.1492 0.6142
1 0.1485 0.6166
1 0.1478 0.6190
1 0.1470 0.6214
1 0.1462 0.6238
1 0.1454 0.6261
1 0.1446 0.6284
1 0.1436 0.6307
1 0.1427 0.6330
112 1253 20
0 0.1213 0.6694
1 0.1990 0.7342
1 0.2342 0.6755
1 0.1411 0.6367
1 0.1401 0.6389
1 0.1391 0.6410
1 0.1380 0.6432
1 0.1370 0.6454
1 0.1358 0.6474
1 0.1346 0.6496
1 0.1334 0.6517
1 0.1322 0.6537
1 0.1310 0.6558
1 0.1297 0.6578
1 0.1283 0.6598
1 0.1270 0.6618
1 0.1256 0.6637
1 0.1242 0.6657
1 0.1227 0.6676
1 0.1213 0.6694
112 1253 5
0 0.1537 0.5906
1 0.2388 0.6024
1 0.2410 0.5442
1 0.1558 0.5442
1 0.1537 0.5906
