SEcl_PT-3
3325 5 1 1 0 0 0 0 0 0 1 1
1.000
112 1254 229
0 -0.0434 1.0626
1 -0.5223 0.5837
1 -0.5235 0.5824
1 -0.5246 0.5811
1 -0.5258 0.5798
1 -0.5269 0.5786
1 -0.5279 0.5772
1 -0.5290 0.5758
1 -0.5299 0.5744
1 -0.5309 0.5729
1 -0.5318 0.5714
1 -0.5326 0.5699
1 -0.5334 0.5684
1 -0.5342 0.5669
1 -0.5349 0.5654
1 -0.5356 0.5638
1 -0.5362 0.5622
1 -0.5368 0.5606
1 -0.5374 0.5589
1 -0.5378 0.5573
1 -0.5383 0.5556
1 -0.5387 0.5539
1 -0.5391 0.5522
1 -0.5394 0.5506
1 -0.5397 0.5489
1 -0.5399 0.5471
1 -0.5401 0.5454
1 -0.5402 0.5437
1 -0.5402 0.5420
1 -0.5402 0.5402
1 -0.5402 0.5386
1 -0.5402 0.5368
1 -0.5401 0.5351
1 -0.5399 0.5334
1 -0.5397 0.5317
1 -0.5394 0.5300
1 -0.5391 0.5283
1 -0.5387 0.5266
1 -0.5383 0.5250
1 -0.5378 0.5233
1 -0.5374 0.5216
1 -0.5368 0.5200
1 -0.5362 0.5184
1 -0.5356 0.5168
1 -0.5349 0.5152
1 -0.5342 0.5137
1 -0.5334 0.5121
1 -0.5326 0.5106
1 -0.5318 0.5091
1 -0.5309 0.5076
1 -0.5299 0.5062
1 -0.5290 0.5047
1 -0.5279 0.5034
1 -0.5269 0.5020
1 -0.5258 0.5006
1 -0.5246 0.4994
1 -0.5235 0.4981
1 -0.5223 0.4969
1 -0.0434 0.0180
1 -0.0422 0.0168
1 -0.0409 0.0156
1 -0.0396 0.0145
1 -0.0382 0.0134
1 -0.0369 0.0123
1 -0.0355 0.0113
1 -0.0341 0.0103
1 -0.0326 0.0094
1 -0.0312 0.0085
1 -0.0297 0.0077
1 -0.0282 0.0069
1 -0.0266 0.0061
1 -0.0250 0.0054
1 -0.0235 0.0046
1 -0.0219 0.0040
1 -0.0202 0.0034
1 -0.0186 0.0029
1 -0.0170 0.0024
1 -0.0154 0.0019
1 -0.0137 0.0015
1 -0.0120 0.0012
1 -0.0102 0.0009
1 -0.0086 0.0006
1 -0.0069 0.0004
1 -0.0051 0.0002
1 -0.0034 0.0001
1 -0.0018 0.0000
1 0.0000 0.0000
1 0.0018 0.0000
1 0.0034 0.0001
1 0.0051 0.0002
1 0.0069 0.0004
1 0.0086 0.0006
1 0.0102 0.0009
1 0.0120 0.0012
1 0.0137 0.0015
1 0.0154 0.0019
1 0.0170 0.0024
1 0.0186 0.0029
1 0.0202 0.0034
1 0.0219 0.0040
1 0.0235 0.0046
1 0.0250 0.0054
1 0.0266 0.0061
1 0.0282 0.0069
1 0.0297 0.0077
1 0.0312 0.0085
1 0.0326 0.0094
1 0.0341 0.0103
1 0.0355 0.0113
1 0.0369 0.0123
1 0.0382 0.0134
1 0.0396 0.0145
1 0.0409 0.0156
1 0.0422 0.0168
1 0.0434 0.0180
1 0.5223 0.4969
1 0.5235 0.4981
1 0.5246 0.4994
1 0.5258 0.5006
1 0.5269 0.5020
1 0.5279 0.5034
1 0.5290 0.5047
1 0.5299 0.5062
1 0.5309 0.5076
1 0.5318 0.5091
1 0.5326 0.5106
1 0.5334 0.5121
1 0.5342 0.5137
1 0.5349 0.5152
1 0.5356 0.5168
1 0.5362 0.5184
1 0.5368 0.5200
1 0.5374 0.5216
1 0.5378 0.5233
1 0.5383 0.5250
1 0.5387 0.5266
1 0.5391 0.5283
1 0.5394 0.5300
1 0.5397 0.5317
1 0.5399 0.5334
1 0.5401 0.5351
1 0.5402 0.5368
1 0.5402 0.5386
1 0.5402 0.5402
1 0.5402 0.5420
1 0.5402 0.5437
1 0.5401 0.5454
1 0.5399 0.5471
1 0.5397 0.5489
1 0.5394 0.5506
1 0.5391 0.5522
1 0.5387 0.5539
1 0.5383 0.5556
1 0.5378 0.5573
1 0.5374 0.5589
1 0.5368 0.5606
1 0.5362 0.5622
1 0.5356 0.5638
1 0.5349 0.5654
1 0.5342 0.5669
1 0.5334 0.5684
1 0.5326 0.5699
1 0.5318 0.5714
1 0.5309 0.5729
1 0.5299 0.5744
1 0.5290 0.5758
1 0.5279 0.5772
1 0.5269 0.5786
1 0.5258 0.5798
1 0.5246 0.5811
1 0.5235 0.5824
1 0.5223 0.5837
1 0.0434 1.0626
1 0.0422 1.0638
1 0.0409 1.0650
1 0.0396 1.0661
1 0.0382 1.0671
1 0.0369 1.0682
1 0.0355 1.0692
1 0.0341 1.0702
1 0.0326 1.0711
1 0.0312 1.0720
1 0.0297 1.0729
1 0.0282 1.0737
1 0.0266 1.0745
1 0.0250 1.0752
1 0.0235 1.0758
1 0.0219 1.0765
1 0.0202 1.0771
1 0.0186 1.0776
1 0.0170 1.0782
1 0.0154 1.0786
1 0.0137 1.0790
1 0.0120 1.0794
1 0.0102 1.0797
1 0.0086 1.0799
1 0.0069 1.0802
1 0.0051 1.0803
1 0.0034 1.0804
1 0.0018 1.0805
1 0.0000 1.0806
1 -0.0018 1.0805
1 -0.0034 1.0804
1 -0.0051 1.0803
1 -0.0069 1.0802
1 -0.0086 1.0799
1 -0.0102 1.0797
1 -0.0120 1.0794
1 -0.0137 1.0790
1 -0.0154 1.0786
1 -0.0170 1.0782
1 -0.0186 1.0776
1 -0.0202 1.0771
1 -0.0219 1.0765
1 -0.0235 1.0758
1 -0.0250 1.0752
1 -0.0266 1.0745
1 -0.0282 1.0737
1 -0.0297 1.0729
1 -0.0312 1.0720
1 -0.0326 1.0711
1 -0.0341 1.0702
1 -0.0355 1.0692
1 -0.0369 1.0682
1 -0.0382 1.0671
1 -0.0396 1.0661
1 -0.0409 1.0650
1 -0.0422 1.0638
1 -0.0434 1.0626
112 1250 197
0 -0.0340 1.0531
1 -0.5129 0.5742
1 -0.5139 0.5731
1 -0.5150 0.5719
1 -0.5160 0.5707
1 -0.5170 0.5695
1 -0.5179 0.5682
1 -0.5188 0.5670
1 -0.5197 0.5656
1 -0.5205 0.5643
1 -0.5213 0.5629
1 -0.5220 0.5615
1 -0.5226 0.5601
1 -0.5233 0.5586
1 -0.5238 0.5572
1 -0.5244 0.5557
1 -0.5249 0.5542
1 -0.5253 0.5527
1 -0.5257 0.5512
1 -0.5260 0.5496
1 -0.5263 0.5481
1 -0.5266 0.5466
1 -0.5267 0.5450
1 -0.5268 0.5434
1 -0.5269 0.5418
1 -0.5270 0.5402
1 -0.5269 0.5387
1 -0.5268 0.5371
1 -0.5267 0.5356
1 -0.5266 0.5340
1 -0.5263 0.5325
1 -0.5260 0.5309
1 -0.5257 0.5294
1 -0.5253 0.5278
1 -0.5249 0.5263
1 -0.5244 0.5248
1 -0.5238 0.5234
1 -0.5233 0.5219
1 -0.5226 0.5205
1 -0.5220 0.5190
1 -0.5213 0.5176
1 -0.5205 0.5162
1 -0.5197 0.5149
1 -0.5188 0.5136
1 -0.5179 0.5123
1 -0.5170 0.5110
1 -0.5160 0.5098
1 -0.5150 0.5086
1 -0.5139 0.5074
1 -0.5129 0.5063
1 -0.0340 0.0274
1 -0.0328 0.0263
1 -0.0317 0.0253
1 -0.0305 0.0242
1 -0.0293 0.0233
1 -0.0280 0.0223
1 -0.0267 0.0214
1 -0.0254 0.0206
1 -0.0240 0.0198
1 -0.0226 0.0190
1 -0.0213 0.0183
1 -0.0198 0.0176
1 -0.0184 0.0170
1 -0.0169 0.0164
1 -0.0154 0.0159
1 -0.0139 0.0154
1 -0.0124 0.0150
1 -0.0109 0.0146
1 -0.0094 0.0142
1 -0.0078 0.0140
1 -0.0062 0.0138
1 -0.0047 0.0136
1 -0.0031 0.0134
1 -0.0016 0.0134
1 0.0000 0.0134
1 0.0016 0.0134
1 0.0031 0.0134
1 0.0047 0.0136
1 0.0062 0.0138
1 0.0078 0.0140
1 0.0094 0.0142
1 0.0109 0.0146
1 0.0124 0.0150
1 0.0139 0.0154
1 0.0154 0.0159
1 0.0169 0.0164
1 0.0184 0.0170
1 0.0198 0.0176
1 0.0213 0.0183
1 0.0226 0.0190
1 0.0240 0.0198
1 0.0254 0.0206
1 0.0267 0.0214
1 0.0280 0.0223
1 0.0292 0.0233
1 0.0305 0.0242
1 0.0317 0.0253
1 0.0328 0.0263
1 0.0340 0.0274
1 0.5129 0.5063
1 0.5139 0.5074
1 0.5150 0.5086
1 0.5160 0.5098
1 0.5170 0.5110
1 0.5179 0.5123
1 0.5188 0.5136
1 0.5197 0.5149
1 0.5205 0.5162
1 0.5213 0.5176
1 0.5220 0.5190
1 0.5226 0.5205
1 0.5233 0.5219
1 0.5238 0.5234
1 0.5244 0.5248
1 0.5249 0.5263
1 0.5253 0.5278
1 0.5257 0.5294
1 0.5260 0.5309
1 0.5263 0.5325
1 0.5266 0.5340
1 0.5267 0.5356
1 0.5268 0.5371
1 0.5269 0.5387
1 0.5270 0.5402
1 0.5269 0.5418
1 0.5268 0.5434
1 0.5267 0.5450
1 0.5266 0.5466
1 0.5263 0.5481
1 0.5260 0.5496
1 0.5257 0.5512
1 0.5253 0.5527
1 0.5249 0.5542
1 0.5244 0.5557
1 0.5238 0.5572
1 0.5233 0.5586
1 0.5226 0.5601
1 0.5220 0.5615
1 0.5213 0.5629
1 0.5205 0.5643
1 0.5197 0.5656
1 0.5188 0.5670
1 0.5179 0.5682
1 0.5170 0.5695
1 0.5160 0.5707
1 0.5150 0.5719
1 0.5139 0.5731
1 0.5129 0.5742
1 0.0340 1.0531
1 0.0328 1.0542
1 0.0317 1.0553
1 0.0305 1.0563
1 0.0292 1.0573
1 0.0280 1.0582
1 0.0267 1.0591
1 0.0254 1.0599
1 0.0240 1.0608
1 0.0226 1.0615
1 0.0213 1.0622
1 0.0198 1.0630
1 0.0184 1.0635
1 0.0169 1.0642
1 0.0154 1.0646
1 0.0139 1.0651
1 0.0124 1.0656
1 0.0109 1.0659
1 0.0094 1.0662
1 0.0078 1.0666
1 0.0062 1.0668
1 0.0047 1.0670
1 0.0031 1.0671
1 0.0016 1.0672
1 0.0000 1.0672
1 -0.0016 1.0672
1 -0.0031 1.0671
1 -0.0047 1.0670
1 -0.0062 1.0668
1 -0.0078 1.0666
1 -0.0094 1.0662
1 -0.0109 1.0659
1 -0.0124 1.0656
1 -0.0139 1.0651
1 -0.0154 1.0646
1 -0.0169 1.0642
1 -0.0184 1.0635
1 -0.0198 1.0630
1 -0.0213 1.0622
1 -0.0226 1.0615
1 -0.0240 1.0608
1 -0.0254 1.0599
1 -0.0267 1.0591
1 -0.0280 1.0582
1 -0.0293 1.0573
1 -0.0305 1.0563
1 -0.0317 1.0553
1 -0.0328 1.0542
1 -0.0340 1.0531
112 1254 133
0 -0.4940 0.5554
1 -0.0151 1.0342
1 -0.0143 1.0350
1 -0.0135 1.0357
1 -0.0127 1.0363
1 -0.0118 1.0370
1 -0.0110 1.0375
1 -0.0101 1.0380
1 -0.0091 1.0385
1 -0.0082 1.0389
1 -0.0072 1.0393
1 -0.0062 1.0396
1 -0.0052 1.0399
1 -0.0042 1.0402
1 -0.0031 1.0403
1 -0.0021 1.0404
1 -0.0010 1.0405
1 0.0000 1.0406
1 0.0010 1.0405
1 0.0021 1.0404
1 0.0031 1.0403
1 0.0042 1.0402
1 0.0052 1.0399
1 0.0062 1.0396
1 0.0072 1.0393
1 0.0082 1.0389
1 0.0091 1.0385
1 0.0101 1.0380
1 0.0110 1.0375
1 0.0118 1.0370
1 0.0127 1.0363
1 0.0135 1.0357
1 0.0143 1.0350
1 0.0151 1.0342
1 0.4940 0.5554
1 0.4947 0.5546
1 0.4954 0.5538
1 0.4961 0.5530
1 0.4966 0.5522
1 0.4972 0.5513
1 0.4978 0.5503
1 0.4982 0.5494
1 0.4986 0.5485
1 0.4990 0.5474
1 0.4994 0.5465
1 0.4996 0.5454
1 0.4998 0.5444
1 0.5000 0.5434
1 0.5002 0.5424
1 0.5002 0.5413
1 0.5002 0.5402
1 0.5002 0.5392
1 0.5002 0.5382
1 0.5000 0.5371
1 0.4998 0.5361
1 0.4996 0.5350
1 0.4994 0.5341
1 0.4990 0.5330
1 0.4986 0.5321
1 0.4982 0.5311
1 0.4978 0.5302
1 0.4972 0.5293
1 0.4966 0.5284
1 0.4961 0.5275
1 0.4954 0.5267
1 0.4947 0.5259
1 0.4940 0.5251
1 0.0151 0.0462
1 0.0143 0.0455
1 0.0135 0.0449
1 0.0127 0.0442
1 0.0118 0.0436
1 0.0110 0.0430
1 0.0101 0.0426
1 0.0091 0.0421
1 0.0082 0.0416
1 0.0072 0.0413
1 0.0062 0.0409
1 0.0052 0.0406
1 0.0042 0.0404
1 0.0031 0.0402
1 0.0021 0.0401
1 0.0010 0.0400
1 0.0000 0.0400
1 -0.0010 0.0400
1 -0.0021 0.0401
1 -0.0031 0.0402
1 -0.0042 0.0404
1 -0.0052 0.0406
1 -0.0062 0.0409
1 -0.0072 0.0413
1 -0.0082 0.0416
1 -0.0091 0.0421
1 -0.0101 0.0426
1 -0.0110 0.0430
1 -0.0118 0.0436
1 -0.0127 0.0442
1 -0.0135 0.0449
1 -0.0143 0.0455
1 -0.0151 0.0462
1 -0.4940 0.5251
1 -0.4947 0.5259
1 -0.4954 0.5267
1 -0.4961 0.5275
1 -0.4966 0.5284
1 -0.4972 0.5293
1 -0.4978 0.5302
1 -0.4982 0.5311
1 -0.4986 0.5321
1 -0.4990 0.5330
1 -0.4994 0.5341
1 -0.4996 0.5350
1 -0.4998 0.5361
1 -0.5000 0.5371
1 -0.5002 0.5382
1 -0.5002 0.5392
1 -0.5002 0.5402
1 -0.5002 0.5413
1 -0.5002 0.5424
1 -0.5000 0.5434
1 -0.4998 0.5444
1 -0.4996 0.5454
1 -0.4994 0.5465
1 -0.4990 0.5474
1 -0.4986 0.5485
1 -0.4982 0.5494
1 -0.4978 0.5503
1 -0.4972 0.5513
1 -0.4966 0.5522
1 -0.4961 0.5530
1 -0.4954 0.5538
1 -0.4947 0.5546
1 -0.4940 0.5554
112 1250 218
0 0.1117 0.7050
1 0.1127 0.7065
1 0.1136 0.7081
1 0.1145 0.7097
1 0.1153 0.7113
1 0.1161 0.7129
1 0.1169 0.7146
1 0.1176 0.7163
1 0.1182 0.7180
1 0.1188 0.7197
1 0.1194 0.7215
1 0.1199 0.7232
1 0.1203 0.7250
1 0.1207 0.7268
1 0.1210 0.7285
1 0.1213 0.7303
1 0.1216 0.7322
1 0.1218 0.7340
1 0.1219 0.7358
1 0.1220 0.7376
1 0.1220 0.7394
1 0.1220 0.7394
1 0.1220 0.7413
1 0.1219 0.7431
1 0.1218 0.7449
1 0.1216 0.7467
1 0.1213 0.7485
1 0.1210 0.7503
1 0.1207 0.7521
1 0.1203 0.7539
1 0.1199 0.7556
1 0.1194 0.7574
1 0.1188 0.7591
1 0.1182 0.7609
1 0.1176 0.7626
1 0.1169 0.7642
1 0.1161 0.7659
1 0.1153 0.7676
1 0.1145 0.7692
1 0.1136 0.7708
1 0.1127 0.7723
1 0.1117 0.7739
1 0.1107 0.7754
1 0.1096 0.7769
1 0.1085 0.7783
1 0.1073 0.7797
1 0.1061 0.7811
1 0.1049 0.7824
1 0.1036 0.7837
1 0.1023 0.7850
1 0.1010 0.7862
1 0.0996 0.7874
1 0.0982 0.7886
1 0.0968 0.7897
1 0.0953 0.7908
1 0.0938 0.7918
1 0.0922 0.7928
1 0.0907 0.7937
1 0.0891 0.7946
1 0.0875 0.7954
1 0.0858 0.7962
1 0.0842 0.7970
1 0.0825 0.7977
1 0.0808 0.7983
1 0.0790 0.7989
1 0.0773 0.7995
1 0.0756 0.8000
1 0.0738 0.8004
1 0.0720 0.8008
1 0.0702 0.8011
1 0.0684 0.8014
1 0.0666 0.8017
1 0.0648 0.8019
1 0.0630 0.8020
1 0.0612 0.8021
1 0.0593 0.8021
1 0.0575 0.8021
1 0.0557 0.8020
1 0.0539 0.8019
1 0.0521 0.8017
1 0.0503 0.8014
1 0.0485 0.8011
1 0.0467 0.8008
1 0.0449 0.8004
1 0.0431 0.8000
1 0.0414 0.7995
1 0.0396 0.7989
1 0.0379 0.7983
1 0.0362 0.7977
1 0.0345 0.7970
1 0.0328 0.7962
1 0.0312 0.7954
1 0.0296 0.7946
1 0.0280 0.7937
1 0.0264 0.7928
1 0.0249 0.7918
1 0.0234 0.7908
1 0.0219 0.7897
1 0.0205 0.7886
1 0.0191 0.7874
1 0.0177 0.7862
1 0.0163 0.7850
1 0.0150 0.7837
1 0.0138 0.7824
1 0.0125 0.7811
1 0.0113 0.7797
1 0.0102 0.7783
1 0.0091 0.7769
1 0.0080 0.7754
1 0.0070 0.7739
1 0.0060 0.7723
1 0.0051 0.7708
1 0.0042 0.7692
1 0.0033 0.7676
1 0.0025 0.7659
1 0.0018 0.7642
1 0.0011 0.7626
1 0.0004 0.7609
1 -0.0002 0.7591
1 -0.0007 0.7574
1 -0.0012 0.7556
1 -0.0016 0.7539
1 -0.0020 0.7521
1 -0.0024 0.7503
1 -0.0027 0.7485
1 -0.0029 0.7467
1 -0.0031 0.7449
1 -0.0032 0.7431
1 -0.0033 0.7413
1 -0.0033 0.7394
1 -0.0033 0.7376
1 -0.0032 0.7358
1 -0.0031 0.7340
1 -0.0029 0.7322
1 -0.0027 0.7303
1 -0.0024 0.7285
1 -0.0020 0.7268
1 -0.0016 0.7250
1 -0.0012 0.7232
1 -0.0007 0.7215
1 -0.0002 0.7197
1 0.0004 0.7180
1 0.0011 0.7163
1 0.0018 0.7146
1 0.0025 0.7129
1 0.0033 0.7113
1 0.0042 0.7097
1 0.0051 0.7081
1 0.0060 0.7065
1 0.0070 0.7050
1 0.0080 0.7035
1 0.0091 0.7020
1 0.0102 0.7006
1 0.0113 0.6991
1 0.0125 0.6978
1 0.0138 0.6964
1 0.0150 0.6951
1 0.0163 0.6938
1 0.0177 0.6926
1 0.0191 0.6914
1 0.0205 0.6903
1 0.0219 0.6892
1 0.0234 0.6881
1 0.0249 0.6871
1 0.0264 0.6861
1 0.0280 0.6852
1 0.0296 0.6843
1 0.0312 0.6834
1 0.0328 0.6826
1 0.0345 0.6819
1 0.0362 0.6812
1 0.0379 0.6805
1 0.0396 0.6799
1 0.0414 0.6794
1 0.0431 0.6789
1 0.0449 0.6785
1 0.0467 0.6781
1 0.0485 0.6777
1 0.0503 0.6774
1 0.0521 0.6772
1 0.0539 0.6770
1 0.0557 0.6769
1 0.0575 0.6768
1 0.0593 0.6768
1 0.0612 0.6768
1 0.0630 0.6769
1 0.0648 0.6770
1 0.0666 0.6772
1 0.0684 0.6774
1 0.0702 0.6777
1 0.0720 0.6781
1 0.0738 0.6785
1 0.0756 0.6789
1 0.0773 0.6794
1 0.0790 0.6799
1 0.0808 0.6805
1 0.0825 0.6812
1 0.0842 0.6819
1 0.0858 0.6826
1 0.0875 0.6834
1 0.0891 0.6843
1 0.0907 0.6852
1 0.0922 0.6861
1 0.0938 0.6871
1 0.0953 0.6881
1 0.0968 0.6892
1 0.0982 0.6903
1 0.0996 0.6914
1 0.1010 0.6926
1 0.1023 0.6938
1 0.1036 0.6951
1 0.1049 0.6964
1 0.1061 0.6978
1 0.1073 0.6991
1 0.1085 0.7006
1 0.1096 0.7020
1 0.1107 0.7035
1 0.1117 0.7050
112 1250 277
0 0.1769 0.6633
1 0.2181 0.7389
1 0.2181 0.7389
1 0.2185 0.7399
1 0.2190 0.7409
1 0.2195 0.7418
1 0.2201 0.7427
1 0.2207 0.7436
1 0.2213 0.7445
1 0.2220 0.7453
1 0.2227 0.7461
1 0.2235 0.7468
1 0.2243 0.7476
1 0.2251 0.7482
1 0.2259 0.7489
1 0.2268 0.7495
1 0.2277 0.7500
1 0.2287 0.7505
1 0.2297 0.7510
1 0.2306 0.7514
1 0.2316 0.7518
1 0.2327 0.7521
1 0.2337 0.7523
1 0.2348 0.7525
1 0.2358 0.7527
1 0.2369 0.7528
1 0.2379 0.7529
1 0.2390 0.7529
1 0.2401 0.7528
1 0.2411 0.7527
1 0.2422 0.7526
1 0.2433 0.7524
1 0.2443 0.7521
1 0.2453 0.7518
1 0.2463 0.7515
1 0.2473 0.7511
1 0.2483 0.7506
1 0.2492 0.7501
1 0.2502 0.7496
1 0.2511 0.7490
1 0.2519 0.7484
1 0.2528 0.7477
1 0.2536 0.7470
1 0.2543 0.7463
1 0.2551 0.7455
1 0.2558 0.7447
1 0.2564 0.7438
1 0.2570 0.7429
1 0.2576 0.7420
1 0.2581 0.7411
1 0.2586 0.7401
1 0.2590 0.7392
1 0.2594 0.7382
1 0.2597 0.7371
1 0.2600 0.7361
1 0.2602 0.7351
1 0.2604 0.7340
1 0.2605 0.7329
1 0.2606 0.7319
1 0.2606 0.7308
1 0.2606 0.7297
1 0.2605 0.7287
1 0.2604 0.7276
1 0.2602 0.7266
1 0.2599 0.7255
1 0.2597 0.7245
1 0.2593 0.7235
1 0.2589 0.7225
1 0.2133 0.6093
1 0.1187 0.6093
1 0.1187 0.2930
1 0.1187 0.2930
1 0.1186 0.2918
1 0.1186 0.2906
1 0.1184 0.2895
1 0.1182 0.2883
1 0.1180 0.2872
1 0.1177 0.2860
1 0.1174 0.2849
1 0.1170 0.2838
1 0.1165 0.2827
1 0.1161 0.2817
1 0.1155 0.2806
1 0.1149 0.2796
1 0.1143 0.2786
1 0.1136 0.2777
1 0.1129 0.2768
1 0.1122 0.2759
1 0.1114 0.2750
1 0.1105 0.2742
1 0.1096 0.2734
1 0.1087 0.2727
1 0.1078 0.2720
1 0.1068 0.2713
1 0.1058 0.2707
1 0.1048 0.2702
1 0.1038 0.2697
1 0.1027 0.2692
1 0.1016 0.2688
1 0.1005 0.2684
1 0.0994 0.2681
1 0.0982 0.2678
1 0.0971 0.2676
1 0.0959 0.2675
1 0.0948 0.2674
1 0.0936 0.2673
1 0.0924 0.2673
1 0.0912 0.2674
1 0.0901 0.2675
1 0.0889 0.2676
1 0.0878 0.2678
1 0.0866 0.2681
1 0.0855 0.2684
1 0.0844 0.2688
1 0.0833 0.2692
1 0.0822 0.2697
1 0.0812 0.2702
1 0.0802 0.2707
1 0.0792 0.2713
1 0.0782 0.2720
1 0.0773 0.2727
1 0.0764 0.2734
1 0.0755 0.2742
1 0.0746 0.2750
1 0.0738 0.2759
1 0.0731 0.2768
1 0.0724 0.2777
1 0.0717 0.2786
1 0.0711 0.2796
1 0.0705 0.2806
1 0.0699 0.2817
1 0.0695 0.2827
1 0.0690 0.2838
1 0.0686 0.2849
1 0.0683 0.2860
1 0.0680 0.2872
1 0.0678 0.2883
1 0.0676 0.2895
1 0.0674 0.2906
1 0.0674 0.2918
1 0.0673 0.2930
1 0.0673 0.2930
1 0.0673 0.4651
1 0.0513 0.4651
1 0.0513 0.2930
1 0.0513 0.2930
1 0.0513 0.2918
1 0.0512 0.2906
1 0.0511 0.2895
1 0.0509 0.2883
1 0.0507 0.2872
1 0.0504 0.2860
1 0.0500 0.2849
1 0.0496 0.2838
1 0.0492 0.2827
1 0.0487 0.2817
1 0.0482 0.2806
1 0.0476 0.2796
1 0.0470 0.2786
1 0.0463 0.2777
1 0.0456 0.2768
1 0.0448 0.2759
1 0.0440 0.2750
1 0.0432 0.2742
1 0.0423 0.2734
1 0.0414 0.2727
1 0.0405 0.2720
1 0.0395 0.2713
1 0.0385 0.2707
1 0.0375 0.2702
1 0.0364 0.2697
1 0.0354 0.2692
1 0.0343 0.2688
1 0.0332 0.2684
1 0.0320 0.2681
1 0.0309 0.2678
1 0.0297 0.2676
1 0.0286 0.2675
1 0.0274 0.2674
1 0.0263 0.2673
1 0.0251 0.2673
1 0.0239 0.2674
1 0.0228 0.2675
1 0.0216 0.2676
1 0.0204 0.2678
1 0.0193 0.2681
1 0.0182 0.2684
1 0.0171 0.2688
1 0.0160 0.2692
1 0.0149 0.2697
1 0.0139 0.2702
1 0.0128 0.2707
1 0.0118 0.2713
1 0.0109 0.2720
1 0.0099 0.2727
1 0.0090 0.2734
1 0.0081 0.2742
1 0.0073 0.2750
1 0.0065 0.2759
1 0.0058 0.2768
1 0.0050 0.2777
1 0.0044 0.2786
1 0.0037 0.2796
1 0.0032 0.2806
1 0.0026 0.2817
1 0.0021 0.2827
1 0.0017 0.2838
1 0.0013 0.2849
1 0.0010 0.2860
1 0.0007 0.2872
1 0.0004 0.2883
1 0.0002 0.2895
1 0.0001 0.2906
1 0.0000 0.2918
1 0.0000 0.2930
1 0.0000 0.2930
1 0.0000 0.6093
1 -0.1232 0.6093
1 -0.1232 0.6093
1 -0.1243 0.6093
1 -0.1254 0.6094
1 -0.1265 0.6095
1 -0.1276 0.6097
1 -0.1287 0.6099
1 -0.1297 0.6102
1 -0.1308 0.6105
1 -0.1318 0.6109
1 -0.1328 0.6113
1 -0.1338 0.6118
1 -0.1348 0.6123
1 -0.1357 0.6129
1 -0.1366 0.6135
1 -0.1375 0.6141
1 -0.1384 0.6148
1 -0.1392 0.6156
1 -0.1400 0.6163
1 -0.1407 0.6171
1 -0.1414 0.6180
1 -0.1421 0.6189
1 -0.1427 0.6198
1 -0.1432 0.6207
1 -0.1438 0.6217
1 -0.1442 0.6227
1 -0.1447 0.6237
1 -0.1447 0.6237
1 -0.2167 0.6237
1 -0.2167 0.5229
1 -0.3147 0.5229
1 -0.3147 0.6489
1 -0.1447 0.6489
1 -0.1447 0.6489
1 -0.1442 0.6499
1 -0.1438 0.6509
1 -0.1432 0.6519
1 -0.1427 0.6528
1 -0.1421 0.6537
1 -0.1414 0.6546
1 -0.1407 0.6554
1 -0.1400 0.6562
1 -0.1392 0.6570
1 -0.1384 0.6578
1 -0.1375 0.6585
1 -0.1366 0.6591
1 -0.1357 0.6597
1 -0.1348 0.6603
1 -0.1338 0.6608
1 -0.1328 0.6613
1 -0.1318 0.6617
1 -0.1308 0.6621
1 -0.1297 0.6624
1 -0.1287 0.6627
1 -0.1276 0.6629
1 -0.1265 0.6631
1 -0.1254 0.6632
1 -0.1243 0.6633
1 -0.1232 0.6633
1 -0.1232 0.6633
