SEcl_PE-10
3320 7 1 1 0 0 0 0 0 0 1 1
1.000
112 1253 229
0 -0.0434 1.0626
1 -0.5223 0.5837
1 -0.5235 0.5824
1 -0.5246 0.5811
1 -0.5258 0.5798
1 -0.5269 0.5786
1 -0.5279 0.5772
1 -0.5290 0.5758
1 -0.5299 0.5744
1 -0.5309 0.5729
1 -0.5318 0.5714
1 -0.5326 0.5699
1 -0.5334 0.5684
1 -0.5342 0.5669
1 -0.5349 0.5654
1 -0.5356 0.5638
1 -0.5362 0.5622
1 -0.5368 0.5606
1 -0.5374 0.5589
1 -0.5378 0.5573
1 -0.5383 0.5556
1 -0.5387 0.5539
1 -0.5391 0.5522
1 -0.5394 0.5506
1 -0.5397 0.5489
1 -0.5399 0.5471
1 -0.5401 0.5454
1 -0.5402 0.5437
1 -0.5402 0.5420
1 -0.5402 0.5402
1 -0.5402 0.5386
1 -0.5402 0.5368
1 -0.5401 0.5351
1 -0.5399 0.5334
1 -0.5397 0.5317
1 -0.5394 0.5300
1 -0.5391 0.5283
1 -0.5387 0.5266
1 -0.5383 0.5250
1 -0.5378 0.5233
1 -0.5374 0.5216
1 -0.5368 0.5200
1 -0.5362 0.5184
1 -0.5356 0.5168
1 -0.5349 0.5152
1 -0.5342 0.5137
1 -0.5334 0.5121
1 -0.5326 0.5106
1 -0.5318 0.5091
1 -0.5309 0.5076
1 -0.5299 0.5062
1 -0.5290 0.5047
1 -0.5279 0.5034
1 -0.5269 0.5020
1 -0.5258 0.5006
1 -0.5246 0.4994
1 -0.5235 0.4981
1 -0.5223 0.4969
1 -0.0434 0.0180
1 -0.0422 0.0168
1 -0.0409 0.0156
1 -0.0396 0.0145
1 -0.0382 0.0134
1 -0.0369 0.0123
1 -0.0355 0.0113
1 -0.0341 0.0103
1 -0.0326 0.0094
1 -0.0312 0.0085
1 -0.0297 0.0077
1 -0.0282 0.0069
1 -0.0266 0.0061
1 -0.0250 0.0054
1 -0.0235 0.0046
1 -0.0219 0.0040
1 -0.0202 0.0034
1 -0.0186 0.0029
1 -0.0170 0.0024
1 -0.0154 0.0019
1 -0.0137 0.0015
1 -0.0120 0.0012
1 -0.0102 0.0009
1 -0.0086 0.0006
1 -0.0069 0.0004
1 -0.0051 0.0002
1 -0.0034 0.0001
1 -0.0018 0.0000
1 0.0000 0.0000
1 0.0018 0.0000
1 0.0034 0.0001
1 0.0051 0.0002
1 0.0069 0.0004
1 0.0086 0.0006
1 0.0102 0.0009
1 0.0120 0.0012
1 0.0137 0.0015
1 0.0154 0.0019
1 0.0170 0.0024
1 0.0186 0.0029
1 0.0202 0.0034
1 0.0219 0.0040
1 0.0235 0.0046
1 0.0250 0.0054
1 0.0266 0.0061
1 0.0282 0.0069
1 0.0297 0.0077
1 0.0312 0.0085
1 0.0326 0.0094
1 0.0341 0.0103
1 0.0355 0.0113
1 0.0369 0.0123
1 0.0382 0.0134
1 0.0396 0.0145
1 0.0409 0.0156
1 0.0422 0.0168
1 0.0434 0.0180
1 0.5223 0.4969
1 0.5235 0.4981
1 0.5246 0.4994
1 0.5258 0.5006
1 0.5269 0.5020
1 0.5279 0.5034
1 0.5290 0.5047
1 0.5299 0.5062
1 0.5309 0.5076
1 0.5318 0.5091
1 0.5326 0.5106
1 0.5334 0.5121
1 0.5342 0.5137
1 0.5349 0.5152
1 0.5356 0.5168
1 0.5362 0.5184
1 0.5368 0.5200
1 0.5374 0.5216
1 0.5378 0.5233
1 0.5383 0.5250
1 0.5387 0.5266
1 0.5391 0.5283
1 0.5394 0.5300
1 0.5397 0.5317
1 0.5399 0.5334
1 0.5401 0.5351
1 0.5402 0.5368
1 0.5402 0.5386
1 0.5402 0.5402
1 0.5402 0.5420
1 0.5402 0.5437
1 0.5401 0.5454
1 0.5399 0.5471
1 0.5397 0.5489
1 0.5394 0.5506
1 0.5391 0.5522
1 0.5387 0.5539
1 0.5383 0.5556
1 0.5378 0.5573
1 0.5374 0.5589
1 0.5368 0.5606
1 0.5362 0.5622
1 0.5356 0.5638
1 0.5349 0.5654
1 0.5342 0.5669
1 0.5334 0.5684
1 0.5326 0.5699
1 0.5318 0.5714
1 0.5309 0.5729
1 0.5299 0.5744
1 0.5290 0.5758
1 0.5279 0.5772
1 0.5269 0.5786
1 0.5258 0.5798
1 0.5246 0.5811
1 0.5235 0.5824
1 0.5223 0.5837
1 0.0434 1.0626
1 0.0422 1.0638
1 0.0409 1.0650
1 0.0396 1.0661
1 0.0382 1.0671
1 0.0369 1.0682
1 0.0355 1.0692
1 0.0341 1.0702
1 0.0326 1.0711
1 0.0312 1.0720
1 0.0297 1.0729
1 0.0282 1.0737
1 0.0266 1.0745
1 0.0250 1.0752
1 0.0235 1.0758
1 0.0219 1.0765
1 0.0202 1.0771
1 0.0186 1.0776
1 0.0170 1.0782
1 0.0154 1.0786
1 0.0137 1.0790
1 0.0120 1.0794
1 0.0102 1.0797
1 0.0086 1.0799
1 0.0069 1.0802
1 0.0051 1.0803
1 0.0034 1.0804
1 0.0018 1.0805
1 0.0000 1.0806
1 -0.0018 1.0805
1 -0.0034 1.0804
1 -0.0051 1.0803
1 -0.0069 1.0802
1 -0.0086 1.0799
1 -0.0102 1.0797
1 -0.0120 1.0794
1 -0.0137 1.0790
1 -0.0154 1.0786
1 -0.0170 1.0782
1 -0.0186 1.0776
1 -0.0202 1.0771
1 -0.0219 1.0765
1 -0.0235 1.0758
1 -0.0250 1.0752
1 -0.0266 1.0745
1 -0.0282 1.0737
1 -0.0297 1.0729
1 -0.0312 1.0720
1 -0.0326 1.0711
1 -0.0341 1.0702
1 -0.0355 1.0692
1 -0.0369 1.0682
1 -0.0382 1.0671
1 -0.0396 1.0661
1 -0.0409 1.0650
1 -0.0422 1.0638
1 -0.0434 1.0626
112 1250 197
0 -0.0340 1.0531
1 -0.5129 0.5742
1 -0.5139 0.5731
1 -0.5150 0.5719
1 -0.5160 0.5707
1 -0.5170 0.5695
1 -0.5179 0.5682
1 -0.5188 0.5670
1 -0.5197 0.5656
1 -0.5205 0.5643
1 -0.5213 0.5629
1 -0.5220 0.5615
1 -0.5226 0.5601
1 -0.5233 0.5586
1 -0.5238 0.5572
1 -0.5244 0.5557
1 -0.5249 0.5542
1 -0.5253 0.5527
1 -0.5257 0.5512
1 -0.5260 0.5496
1 -0.5263 0.5481
1 -0.5266 0.5466
1 -0.5267 0.5450
1 -0.5268 0.5434
1 -0.5269 0.5418
1 -0.5270 0.5402
1 -0.5269 0.5387
1 -0.5268 0.5371
1 -0.5267 0.5356
1 -0.5266 0.5340
1 -0.5263 0.5325
1 -0.5260 0.5309
1 -0.5257 0.5294
1 -0.5253 0.5278
1 -0.5249 0.5263
1 -0.5244 0.5248
1 -0.5238 0.5234
1 -0.5233 0.5219
1 -0.5226 0.5205
1 -0.5220 0.5190
1 -0.5213 0.5176
1 -0.5205 0.5162
1 -0.5197 0.5149
1 -0.5188 0.5136
1 -0.5179 0.5123
1 -0.5170 0.5110
1 -0.5160 0.5098
1 -0.5150 0.5086
1 -0.5139 0.5074
1 -0.5129 0.5063
1 -0.0340 0.0274
1 -0.0328 0.0263
1 -0.0317 0.0253
1 -0.0305 0.0242
1 -0.0293 0.0233
1 -0.0280 0.0223
1 -0.0267 0.0214
1 -0.0254 0.0206
1 -0.0240 0.0198
1 -0.0226 0.0190
1 -0.0213 0.0183
1 -0.0198 0.0176
1 -0.0184 0.0170
1 -0.0169 0.0164
1 -0.0154 0.0159
1 -0.0139 0.0154
1 -0.0124 0.0150
1 -0.0109 0.0146
1 -0.0094 0.0142
1 -0.0078 0.0140
1 -0.0062 0.0138
1 -0.0047 0.0136
1 -0.0031 0.0134
1 -0.0016 0.0134
1 0.0000 0.0134
1 0.0016 0.0134
1 0.0031 0.0134
1 0.0047 0.0136
1 0.0062 0.0138
1 0.0078 0.0140
1 0.0094 0.0142
1 0.0109 0.0146
1 0.0124 0.0150
1 0.0139 0.0154
1 0.0154 0.0159
1 0.0169 0.0164
1 0.0184 0.0170
1 0.0198 0.0176
1 0.0213 0.0183
1 0.0226 0.0190
1 0.0240 0.0198
1 0.0254 0.0206
1 0.0267 0.0214
1 0.0280 0.0223
1 0.0292 0.0233
1 0.0305 0.0242
1 0.0317 0.0253
1 0.0328 0.0263
1 0.0340 0.0274
1 0.5129 0.5063
1 0.5139 0.5074
1 0.5150 0.5086
1 0.5160 0.5098
1 0.5170 0.5110
1 0.5179 0.5123
1 0.5188 0.5136
1 0.5197 0.5149
1 0.5205 0.5162
1 0.5213 0.5176
1 0.5220 0.5190
1 0.5226 0.5205
1 0.5233 0.5219
1 0.5238 0.5234
1 0.5244 0.5248
1 0.5249 0.5263
1 0.5253 0.5278
1 0.5257 0.5294
1 0.5260 0.5309
1 0.5263 0.5325
1 0.5266 0.5340
1 0.5267 0.5356
1 0.5268 0.5371
1 0.5269 0.5387
1 0.5270 0.5402
1 0.5269 0.5418
1 0.5268 0.5434
1 0.5267 0.5450
1 0.5266 0.5466
1 0.5263 0.5481
1 0.5260 0.5496
1 0.5257 0.5512
1 0.5253 0.5527
1 0.5249 0.5542
1 0.5244 0.5557
1 0.5238 0.5572
1 0.5233 0.5586
1 0.5226 0.5601
1 0.5220 0.5615
1 0.5213 0.5629
1 0.5205 0.5643
1 0.5197 0.5656
1 0.5188 0.5670
1 0.5179 0.5682
1 0.5170 0.5695
1 0.5160 0.5707
1 0.5150 0.5719
1 0.5139 0.5731
1 0.5129 0.5742
1 0.0340 1.0531
1 0.0328 1.0542
1 0.0317 1.0553
1 0.0305 1.0563
1 0.0292 1.0573
1 0.0280 1.0582
1 0.0267 1.0591
1 0.0254 1.0599
1 0.0240 1.0608
1 0.0226 1.0615
1 0.0213 1.0622
1 0.0198 1.0630
1 0.0184 1.0635
1 0.0169 1.0642
1 0.0154 1.0646
1 0.0139 1.0651
1 0.0124 1.0656
1 0.0109 1.0659
1 0.0094 1.0662
1 0.0078 1.0666
1 0.0062 1.0668
1 0.0047 1.0670
1 0.0031 1.0671
1 0.0016 1.0672
1 0.0000 1.0672
1 -0.0016 1.0672
1 -0.0031 1.0671
1 -0.0047 1.0670
1 -0.0062 1.0668
1 -0.0078 1.0666
1 -0.0094 1.0662
1 -0.0109 1.0659
1 -0.0124 1.0656
1 -0.0139 1.0651
1 -0.0154 1.0646
1 -0.0169 1.0642
1 -0.0184 1.0635
1 -0.0198 1.0630
1 -0.0213 1.0622
1 -0.0226 1.0615
1 -0.0240 1.0608
1 -0.0254 1.0599
1 -0.0267 1.0591
1 -0.0280 1.0582
1 -0.0293 1.0573
1 -0.0305 1.0563
1 -0.0317 1.0553
1 -0.0328 1.0542
1 -0.0340 1.0531
112 1253 133
0 -0.4940 0.5554
1 -0.0151 1.0342
1 -0.0143 1.0350
1 -0.0135 1.0357
1 -0.0127 1.0363
1 -0.0118 1.0370
1 -0.0110 1.0375
1 -0.0101 1.0380
1 -0.0091 1.0385
1 -0.0082 1.0389
1 -0.0072 1.0393
1 -0.0062 1.0396
1 -0.0052 1.0399
1 -0.0042 1.0402
1 -0.0031 1.0403
1 -0.0021 1.0404
1 -0.0010 1.0405
1 0.0000 1.0406
1 0.0010 1.0405
1 0.0021 1.0404
1 0.0031 1.0403
1 0.0042 1.0402
1 0.0052 1.0399
1 0.0062 1.0396
1 0.0072 1.0393
1 0.0082 1.0389
1 0.0091 1.0385
1 0.0101 1.0380
1 0.0110 1.0375
1 0.0118 1.0370
1 0.0127 1.0363
1 0.0135 1.0357
1 0.0143 1.0350
1 0.0151 1.0342
1 0.4940 0.5554
1 0.4947 0.5546
1 0.4954 0.5538
1 0.4961 0.5530
1 0.4966 0.5522
1 0.4972 0.5513
1 0.4978 0.5503
1 0.4982 0.5494
1 0.4986 0.5485
1 0.4990 0.5474
1 0.4994 0.5465
1 0.4996 0.5454
1 0.4998 0.5444
1 0.5000 0.5434
1 0.5002 0.5424
1 0.5002 0.5413
1 0.5002 0.5402
1 0.5002 0.5392
1 0.5002 0.5382
1 0.5000 0.5371
1 0.4998 0.5361
1 0.4996 0.5350
1 0.4994 0.5341
1 0.4990 0.5330
1 0.4986 0.5321
1 0.4982 0.5311
1 0.4978 0.5302
1 0.4972 0.5293
1 0.4966 0.5284
1 0.4961 0.5275
1 0.4954 0.5267
1 0.4947 0.5259
1 0.4940 0.5251
1 0.0151 0.0462
1 0.0143 0.0455
1 0.0135 0.0449
1 0.0127 0.0442
1 0.0118 0.0436
1 0.0110 0.0430
1 0.0101 0.0426
1 0.0091 0.0421
1 0.0082 0.0416
1 0.0072 0.0413
1 0.0062 0.0409
1 0.0052 0.0406
1 0.0042 0.0404
1 0.0031 0.0402
1 0.0021 0.0401
1 0.0010 0.0400
1 0.0000 0.0400
1 -0.0010 0.0400
1 -0.0021 0.0401
1 -0.0031 0.0402
1 -0.0042 0.0404
1 -0.0052 0.0406
1 -0.0062 0.0409
1 -0.0072 0.0413
1 -0.0082 0.0416
1 -0.0091 0.0421
1 -0.0101 0.0426
1 -0.0110 0.0430
1 -0.0118 0.0436
1 -0.0127 0.0442
1 -0.0135 0.0449
1 -0.0143 0.0455
1 -0.0151 0.0462
1 -0.4940 0.5251
1 -0.4947 0.5259
1 -0.4954 0.5267
1 -0.4961 0.5275
1 -0.4966 0.5284
1 -0.4972 0.5293
1 -0.4978 0.5302
1 -0.4982 0.5311
1 -0.4986 0.5321
1 -0.4990 0.5330
1 -0.4994 0.5341
1 -0.4996 0.5350
1 -0.4998 0.5361
1 -0.5000 0.5371
1 -0.5002 0.5382
1 -0.5002 0.5392
1 -0.5002 0.5402
1 -0.5002 0.5413
1 -0.5002 0.5424
1 -0.5000 0.5434
1 -0.4998 0.5444
1 -0.4996 0.5454
1 -0.4994 0.5465
1 -0.4990 0.5474
1 -0.4986 0.5485
1 -0.4982 0.5494
1 -0.4978 0.5503
1 -0.4972 0.5513
1 -0.4966 0.5522
1 -0.4961 0.5530
1 -0.4954 0.5538
1 -0.4947 0.5546
1 -0.4940 0.5554
112 1250 7
0 0.2429 0.3532
1 0.2429 0.7863
1 0.2046 0.7863
1 0.0008 0.4334
1 -0.2083 0.4334
1 -0.2886 0.3532
1 0.2429 0.3532
112 1250 90
0 -0.0404 0.5128
1 -0.0435 0.5272
1 -0.0435 0.5272
1 -0.0399 0.5292
1 -0.0364 0.5313
1 -0.0330 0.5334
1 -0.0294 0.5355
1 -0.0260 0.5377
1 -0.0226 0.5399
1 -0.0193 0.5422
1 -0.0159 0.5445
1 -0.0126 0.5469
1 -0.0093 0.5492
1 -0.0060 0.5517
1 -0.0028 0.5542
1 0.0004 0.5566
1 0.0036 0.5592
1 0.0067 0.5618
1 0.0098 0.5645
1 0.0129 0.5671
1 0.0159 0.5698
1 0.0190 0.5726
1 0.0219 0.5754
1 0.0249 0.5782
1 0.0278 0.5810
1 0.0306 0.5839
1 0.0334 0.5869
1 0.0362 0.5898
1 0.0390 0.5929
1 0.0417 0.5959
1 0.0443 0.5990
1 0.0470 0.6021
1 0.0496 0.6052
1 0.0521 0.6084
1 0.0546 0.6116
1 0.0571 0.6148
1 0.0595 0.6181
1 0.0619 0.6214
1 0.0642 0.6247
1 0.0666 0.6281
1 0.0689 0.6314
1 0.0710 0.6349
1 0.0733 0.6383
1 0.0754 0.6418
1 0.0754 0.6418
1 0.0725 0.6435
1 0.0725 0.6435
1 0.0703 0.6400
1 0.0681 0.6366
1 0.0658 0.6331
1 0.0636 0.6298
1 0.0613 0.6263
1 0.0589 0.6230
1 0.0565 0.6197
1 0.0540 0.6164
1 0.0515 0.6131
1 0.0490 0.6099
1 0.0464 0.6067
1 0.0438 0.6036
1 0.0411 0.6005
1 0.0384 0.5974
1 0.0357 0.5943
1 0.0329 0.5913
1 0.0301 0.5883
1 0.0272 0.5854
1 0.0243 0.5825
1 0.0214 0.5796
1 0.0184 0.5768
1 0.0154 0.5740
1 0.0124 0.5712
1 0.0093 0.5685
1 0.0062 0.5658
1 0.0030 0.5632
1 -0.0002 0.5606
1 -0.0034 0.5581
1 -0.0066 0.5555
1 -0.0098 0.5530
1 -0.0132 0.5506
1 -0.0165 0.5482
1 -0.0198 0.5459
1 -0.0233 0.5436
1 -0.0267 0.5414
1 -0.0302 0.5391
1 -0.0336 0.5370
1 -0.0371 0.5349
1 -0.0406 0.5328
1 -0.0442 0.5307
1 -0.0442 0.5307
1 -0.0481 0.5513
1 -0.0814 0.5205
112 1250 381
0 -0.0466 0.6684
1 -0.0480 0.6678
1 -0.0494 0.6671
1 -0.0508 0.6664
1 -0.0522 0.6656
1 -0.0535 0.6648
1 -0.0548 0.6640
1 -0.0561 0.6631
1 -0.0574 0.6622
1 -0.0586 0.6612
1 -0.0597 0.6602
1 -0.0609 0.6591
1 -0.0620 0.6580
1 -0.0630 0.6569
1 -0.0641 0.6557
1 -0.0650 0.6545
1 -0.0660 0.6533
1 -0.0670 0.6520
1 -0.0678 0.6507
1 -0.0686 0.6494
1 -0.0694 0.6481
1 -0.0702 0.6467
1 -0.0708 0.6453
1 -0.0714 0.6438
1 -0.0720 0.6424
1 -0.0726 0.6410
1 -0.0730 0.6395
1 -0.0735 0.6380
1 -0.0739 0.6365
1 -0.0742 0.6350
1 -0.0746 0.6334
1 -0.0748 0.6319
1 -0.0750 0.6303
1 -0.0750 0.6288
1 -0.0751 0.6273
1 -0.0752 0.6257
1 -0.0752 0.6242
1 -0.0751 0.6226
1 -0.0750 0.6210
1 -0.0748 0.6194
1 -0.0763 0.6206
1 -0.0779 0.6217
1 -0.0795 0.6227
1 -0.0812 0.6238
1 -0.0829 0.6247
1 -0.0846 0.6256
1 -0.0863 0.6265
1 -0.0880 0.6273
1 -0.0898 0.6281
1 -0.0916 0.6288
1 -0.0934 0.6294
1 -0.0952 0.6301
1 -0.0970 0.6306
1 -0.0990 0.6312
1 -0.1008 0.6317
1 -0.1027 0.6321
1 -0.1046 0.6324
1 -0.1065 0.6327
1 -0.1084 0.6330
1 -0.1103 0.6332
1 -0.1122 0.6334
1 -0.1142 0.6334
1 -0.1161 0.6335
1 -0.1180 0.6335
1 -0.1199 0.6334
1 -0.1219 0.6334
1 -0.1238 0.6331
1 -0.1258 0.6330
1 -0.1276 0.6326
1 -0.1295 0.6323
1 -0.1314 0.6320
1 -0.1333 0.6315
1 -0.1352 0.6310
1 -0.1370 0.6306
1 -0.1389 0.6299
1 -0.1407 0.6293
1 -0.1425 0.6286
1 -0.1443 0.6279
1 -0.1461 0.6271
1 -0.1478 0.6263
1 -0.1495 0.6254
1 -0.1512 0.6245
1 -0.1529 0.6235
1 -0.1545 0.6225
1 -0.1562 0.6214
1 -0.1577 0.6203
1 -0.1593 0.6192
1 -0.1608 0.6180
1 -0.1622 0.6167
1 -0.1637 0.6155
1 -0.1651 0.6142
1 -0.1665 0.6128
1 -0.1678 0.6114
1 -0.1691 0.6100
1 -0.1704 0.6086
1 -0.1716 0.6070
1 -0.1728 0.6055
1 -0.1739 0.6040
1 -0.1750 0.6024
1 -0.1761 0.6008
1 -0.1771 0.5991
1 -0.1781 0.5974
1 -0.1790 0.5958
1 -0.1798 0.5940
1 -0.1806 0.5922
1 -0.1814 0.5905
1 -0.1822 0.5887
1 -0.1828 0.5869
1 -0.1834 0.5850
1 -0.1840 0.5832
1 -0.1845 0.5814
1 -0.1850 0.5795
1 -0.1854 0.5776
1 -0.1858 0.5758
1 -0.1861 0.5738
1 -0.1863 0.5719
1 -0.1866 0.5700
1 -0.1867 0.5681
1 -0.1868 0.5662
1 -0.1868 0.5642
1 -0.1868 0.5622
1 -0.1868 0.5603
1 -0.1884 0.5603
1 -0.1901 0.5602
1 -0.1917 0.5601
1 -0.1934 0.5599
1 -0.1950 0.5597
1 -0.1966 0.5594
1 -0.1982 0.5590
1 -0.1998 0.5586
1 -0.2014 0.5582
1 -0.2030 0.5578
1 -0.2046 0.5572
1 -0.2061 0.5566
1 -0.2076 0.5559
1 -0.2091 0.5553
1 -0.2106 0.5545
1 -0.2120 0.5538
1 -0.2134 0.5529
1 -0.2149 0.5520
1 -0.2162 0.5511
1 -0.2176 0.5502
1 -0.2189 0.5491
1 -0.2202 0.5481
1 -0.2214 0.5470
1 -0.2226 0.5458
1 -0.2238 0.5447
1 -0.2249 0.5435
1 -0.2260 0.5422
1 -0.2270 0.5410
1 -0.2280 0.5397
1 -0.2290 0.5383
1 -0.2299 0.5370
1 -0.2308 0.5356
1 -0.2316 0.5342
1 -0.2324 0.5327
1 -0.2331 0.5312
1 -0.2338 0.5297
1 -0.2345 0.5282
1 -0.2351 0.5266
1 -0.2356 0.5251
1 -0.2362 0.5235
1 -0.2366 0.5219
1 -0.2370 0.5203
1 -0.2373 0.5187
1 -0.2376 0.5171
1 -0.2378 0.5154
1 -0.2380 0.5138
1 -0.2382 0.5122
1 -0.2382 0.5106
1 -0.2382 0.5089
1 -0.2382 0.5072
1 -0.2382 0.5056
1 -0.2380 0.5039
1 -0.2378 0.5023
1 -0.2376 0.5006
1 -0.2373 0.4990
1 -0.2370 0.4974
1 -0.2366 0.4958
1 -0.2362 0.4942
1 -0.2357 0.4926
1 -0.2351 0.4911
1 -0.2345 0.4895
1 -0.2338 0.4881
1 -0.2332 0.4866
1 -0.2324 0.4850
1 -0.2317 0.4836
1 -0.2308 0.4822
1 -0.2299 0.4808
1 -0.2290 0.4794
1 -0.2281 0.4781
1 -0.2270 0.4768
1 -0.2260 0.4755
1 -0.2249 0.4742
1 -0.2238 0.4730
1 -0.2222 0.4718
1 -0.2205 0.4706
1 -0.2187 0.4695
1 -0.2170 0.4685
1 -0.2152 0.4674
1 -0.2134 0.4664
1 -0.2116 0.4654
1 -0.2098 0.4646
1 -0.2079 0.4637
1 -0.2060 0.4629
1 -0.2042 0.4621
1 -0.2022 0.4614
1 -0.2002 0.4607
1 -0.1983 0.4601
1 -0.1963 0.4595
1 -0.1943 0.4590
1 -0.1923 0.4586
1 -0.1903 0.4582
1 -0.1883 0.4578
1 -0.1863 0.4575
1 -0.1842 0.4572
1 -0.1822 0.4570
1 -0.1802 0.4569
1 -0.1782 0.4567
1 -0.1761 0.4567
1 -0.1740 0.4567
1 -0.1720 0.4567
1 -0.1699 0.4569
1 -0.1678 0.4570
1 -0.1658 0.4572
1 -0.1638 0.4574
1 -0.1597 0.4578
1 -0.1555 0.4582
1 -0.1514 0.4586
1 -0.1473 0.4590
1 -0.1432 0.4596
1 -0.1390 0.4602
1 -0.1350 0.4608
1 -0.1309 0.4614
1 -0.1268 0.4622
1 -0.1227 0.4630
1 -0.1186 0.4638
1 -0.1146 0.4647
1 -0.1106 0.4657
1 -0.1066 0.4666
1 -0.1026 0.4677
1 -0.0986 0.4688
1 -0.0946 0.4699
1 -0.0906 0.4711
1 -0.0866 0.4724
1 -0.0827 0.4737
1 -0.0788 0.4750
1 -0.0749 0.4764
1 -0.0710 0.4778
1 -0.0671 0.4794
1 -0.0633 0.4810
1 -0.0594 0.4825
1 -0.0557 0.4842
1 -0.0519 0.4858
1 -0.0482 0.4876
1 -0.0444 0.4894
1 -0.0406 0.4912
1 -0.0370 0.4931
1 -0.0333 0.4950
1 -0.0297 0.4970
1 -0.0261 0.4990
1 -0.0225 0.5011
1 -0.0189 0.5032
1 -0.0154 0.5054
1 -0.0118 0.5076
1 -0.0084 0.5098
1 -0.0050 0.5122
1 -0.0015 0.5145
1 0.0019 0.5169
1 0.0053 0.5193
1 0.0086 0.5218
1 0.0118 0.5243
1 0.0151 0.5268
1 0.0184 0.5294
1 0.0216 0.5321
1 0.0247 0.5347
1 0.0278 0.5374
1 0.0310 0.5402
1 0.0340 0.5430
1 0.0370 0.5458
1 0.0400 0.5487
1 0.0430 0.5516
1 0.0459 0.5546
1 0.0488 0.5576
1 0.0516 0.5606
1 0.0544 0.5637
1 0.0572 0.5667
1 0.0599 0.5698
1 0.0626 0.5730
1 0.0652 0.5762
1 0.0678 0.5794
1 0.0703 0.5827
1 0.0729 0.5860
1 0.0754 0.5894
1 0.0778 0.5927
1 0.0802 0.5961
1 0.2016 0.7830
1 0.1986 0.7796
1 0.1955 0.7763
1 0.1924 0.7730
1 0.1892 0.7698
1 0.1860 0.7666
1 0.1828 0.7634
1 0.1796 0.7603
1 0.1762 0.7573
1 0.1730 0.7542
1 0.1696 0.7512
1 0.1662 0.7482
1 0.1627 0.7453
1 0.1593 0.7424
1 0.1558 0.7395
1 0.1522 0.7367
1 0.1487 0.7339
1 0.1451 0.7312
1 0.1415 0.7285
1 0.1378 0.7258
1 0.1342 0.7232
1 0.1305 0.7206
1 0.1267 0.7182
1 0.1230 0.7157
1 0.1191 0.7132
1 0.1154 0.7108
1 0.1114 0.7085
1 0.1076 0.7062
1 0.1037 0.7038
1 0.0998 0.7017
1 0.0958 0.6994
1 0.0918 0.6974
1 0.0878 0.6953
1 0.0838 0.6932
1 0.0798 0.6912
1 0.0757 0.6893
1 0.0716 0.6874
1 0.0674 0.6855
1 0.0634 0.6837
1 0.0592 0.6819
1 0.0550 0.6802
1 0.0508 0.6786
1 0.0466 0.6770
1 0.0423 0.6754
1 0.0381 0.6738
1 0.0338 0.6724
1 0.0295 0.6710
1 0.0253 0.6696
1 0.0210 0.6682
1 0.0166 0.6670
1 0.0122 0.6658
1 0.0079 0.6646
1 0.0035 0.6634
1 -0.0009 0.6624
1 -0.0021 0.6633
1 -0.0034 0.6642
1 -0.0047 0.6650
1 -0.0061 0.6658
1 -0.0074 0.6666
1 -0.0088 0.6673
1 -0.0102 0.6679
1 -0.0117 0.6686
1 -0.0131 0.6691
1 -0.0146 0.6696
1 -0.0161 0.6701
1 -0.0176 0.6705
1 -0.0191 0.6708
1 -0.0206 0.6711
1 -0.0222 0.6714
1 -0.0237 0.6716
1 -0.0253 0.6718
1 -0.0268 0.6718
1 -0.0283 0.6719
1 -0.0299 0.6719
1 -0.0314 0.6718
1 -0.0330 0.6717
1 -0.0346 0.6715
1 -0.0361 0.6714
1 -0.0377 0.6710
1 -0.0392 0.6707
1 -0.0407 0.6704
1 -0.0422 0.6699
1 -0.0437 0.6695
1 -0.0451 0.6690
1 -0.0466 0.6684
112 1253 581
0 -0.0314 0.5000
1 -0.0278 0.5020
1 -0.0242 0.5040
1 -0.0207 0.5062
1 -0.0172 0.5082
1 -0.0138 0.5105
1 -0.0103 0.5126
1 -0.0069 0.5150
1 -0.0035 0.5173
1 -0.0002 0.5196
1 0.0032 0.5220
1 0.0065 0.5245
1 0.0098 0.5270
1 0.0130 0.5294
1 0.0162 0.5321
1 0.0194 0.5346
1 0.0225 0.5373
1 0.0255 0.5400
1 0.0286 0.5427
1 0.0317 0.5455
1 0.0346 0.5483
1 0.0376 0.5511
1 0.0405 0.5540
1 0.0434 0.5570
1 0.0462 0.5599
1 0.0490 0.5629
1 0.0518 0.5659
1 0.0546 0.5690
1 0.0573 0.5721
1 0.0599 0.5752
1 0.0625 0.5784
1 0.0650 0.5815
1 0.0676 0.5848
1 0.0701 0.5881
1 0.0726 0.5914
1 0.0750 0.5946
1 0.0773 0.5980
1 0.0773 0.5980
1 0.1817 0.7577
1 0.1817 0.7577
1 0.1784 0.7545
1 0.1750 0.7514
1 0.1715 0.7483
1 0.1681 0.7453
1 0.1646 0.7423
1 0.1610 0.7394
1 0.1575 0.7365
1 0.1539 0.7336
1 0.1503 0.7308
1 0.1466 0.7280
1 0.1430 0.7253
1 0.1392 0.7226
1 0.1355 0.7200
1 0.1317 0.7174
1 0.1279 0.7148
1 0.1241 0.7122
1 0.1202 0.7098
1 0.1163 0.7074
1 0.1124 0.7050
1 0.1084 0.7026
1 0.1044 0.7003
1 0.1004 0.6981
1 0.0964 0.6959
1 0.0923 0.6938
1 0.0882 0.6916
1 0.0842 0.6896
1 0.0801 0.6876
1 0.0759 0.6856
1 0.0718 0.6837
1 0.0675 0.6818
1 0.0633 0.6800
1 0.0590 0.6782
1 0.0548 0.6765
1 0.0506 0.6748
1 0.0462 0.6732
1 0.0419 0.6716
1 0.0376 0.6701
1 0.0333 0.6686
1 0.0289 0.6672
1 0.0245 0.6658
1 0.0202 0.6645
1 0.0157 0.6632
1 0.0113 0.6619
1 0.0069 0.6608
1 0.0024 0.6597
1 0.0035 0.6586
1 0.0046 0.6575
1 0.0056 0.6564
1 0.0066 0.6552
1 0.0076 0.6540
1 0.0085 0.6528
1 0.0094 0.6515
1 0.0102 0.6502
1 0.0110 0.6490
1 0.0118 0.6476
1 0.0125 0.6462
1 0.0131 0.6449
1 0.0138 0.6435
1 0.0143 0.6421
1 0.0148 0.6406
1 0.0153 0.6392
1 0.0157 0.6377
1 0.0161 0.6362
1 0.0164 0.6347
1 0.0167 0.6332
1 0.0169 0.6317
1 0.0171 0.6302
1 0.0172 0.6286
1 0.0173 0.6271
1 0.0173 0.6256
1 0.0139 0.6256
1 0.0138 0.6271
1 0.0138 0.6286
1 0.0137 0.6301
1 0.0134 0.6316
1 0.0132 0.6330
1 0.0130 0.6346
1 0.0126 0.6360
1 0.0122 0.6374
1 0.0118 0.6389
1 0.0113 0.6403
1 0.0107 0.6417
1 0.0102 0.6431
1 0.0095 0.6445
1 0.0089 0.6458
1 0.0082 0.6471
1 0.0074 0.6484
1 0.0066 0.6496
1 0.0057 0.6509
1 0.0047 0.6521
1 0.0038 0.6532
1 0.0028 0.6543
1 0.0018 0.6554
1 0.0007 0.6565
1 -0.0004 0.6575
1 -0.0015 0.6585
1 -0.0026 0.6594
1 -0.0038 0.6603
1 -0.0051 0.6612
1 -0.0064 0.6620
1 -0.0077 0.6628
1 -0.0090 0.6635
1 -0.0103 0.6642
1 -0.0117 0.6648
1 -0.0130 0.6654
1 -0.0145 0.6659
1 -0.0159 0.6664
1 -0.0174 0.6669
1 -0.0188 0.6672
1 -0.0202 0.6676
1 -0.0217 0.6678
1 -0.0232 0.6681
1 -0.0247 0.6682
1 -0.0262 0.6684
1 -0.0277 0.6685
1 -0.0292 0.6685
1 -0.0307 0.6684
1 -0.0322 0.6683
1 -0.0337 0.6682
1 -0.0352 0.6680
1 -0.0366 0.6678
1 -0.0381 0.6674
1 -0.0396 0.6671
1 -0.0410 0.6667
1 -0.0425 0.6662
1 -0.0438 0.6658
1 -0.0453 0.6652
1 -0.0466 0.6646
1 -0.0480 0.6640
1 -0.0494 0.6633
1 -0.0506 0.6626
1 -0.0519 0.6618
1 -0.0532 0.6610
1 -0.0544 0.6601
1 -0.0556 0.6591
1 -0.0567 0.6582
1 -0.0578 0.6572
1 -0.0590 0.6562
1 -0.0600 0.6551
1 -0.0610 0.6540
1 -0.0620 0.6529
1 -0.0630 0.6517
1 -0.0638 0.6505
1 -0.0646 0.6492
1 -0.0655 0.6480
1 -0.0662 0.6466
1 -0.0670 0.6454
1 -0.0676 0.6440
1 -0.0682 0.6426
1 -0.0688 0.6413
1 -0.0694 0.6398
1 -0.0698 0.6384
1 -0.0702 0.6370
1 -0.0706 0.6355
1 -0.0710 0.6341
1 -0.0712 0.6326
1 -0.0714 0.6311
1 -0.0716 0.6296
1 -0.0717 0.6281
1 -0.0718 0.6266
1 -0.0718 0.6251
1 -0.0717 0.6236
1 -0.0716 0.6221
1 -0.0714 0.6206
1 -0.0713 0.6191
1 -0.0710 0.6176
1 -0.0707 0.6162
1 -0.0693 0.6149
1 -0.0678 0.6135
1 -0.0665 0.6122
1 -0.0652 0.6108
1 -0.0639 0.6094
1 -0.0626 0.6079
1 -0.0614 0.6064
1 -0.0603 0.6049
1 -0.0592 0.6033
1 -0.0582 0.6017
1 -0.0571 0.6001
1 -0.0562 0.5984
1 -0.0552 0.5967
1 -0.0543 0.5950
1 -0.0534 0.5933
1 -0.0526 0.5915
1 -0.0519 0.5898
1 -0.0512 0.5880
1 -0.0506 0.5862
1 -0.0500 0.5843
1 -0.0494 0.5825
1 -0.0490 0.5806
1 -0.0485 0.5788
1 -0.0481 0.5769
1 -0.0514 0.5762
1 -0.0518 0.5781
1 -0.0522 0.5799
1 -0.0528 0.5817
1 -0.0533 0.5835
1 -0.0539 0.5853
1 -0.0546 0.5871
1 -0.0552 0.5888
1 -0.0560 0.5906
1 -0.0568 0.5922
1 -0.0576 0.5939
1 -0.0585 0.5956
1 -0.0594 0.5973
1 -0.0604 0.5989
1 -0.0614 0.6005
1 -0.0625 0.6020
1 -0.0636 0.6035
1 -0.0647 0.6050
1 -0.0659 0.6065
1 -0.0672 0.6079
1 -0.0685 0.6093
1 -0.0698 0.6106
1 -0.0711 0.6119
1 -0.0725 0.6132
1 -0.0739 0.6144
1 -0.0754 0.6156
1 -0.0769 0.6168
1 -0.0784 0.6179
1 -0.0800 0.6190
1 -0.0815 0.6200
1 -0.0832 0.6210
1 -0.0848 0.6218
1 -0.0865 0.6227
1 -0.0882 0.6236
1 -0.0898 0.6244
1 -0.0916 0.6251
1 -0.0934 0.6258
1 -0.0951 0.6265
1 -0.0969 0.6270
1 -0.0987 0.6276
1 -0.1006 0.6281
1 -0.1024 0.6285
1 -0.1042 0.6289
1 -0.1061 0.6292
1 -0.1079 0.6295
1 -0.1098 0.6297
1 -0.1117 0.6298
1 -0.1135 0.6300
1 -0.1154 0.6301
1 -0.1174 0.6301
1 -0.1192 0.6300
1 -0.1211 0.6299
1 -0.1230 0.6298
1 -0.1248 0.6296
1 -0.1267 0.6294
1 -0.1286 0.6290
1 -0.1304 0.6286
1 -0.1322 0.6282
1 -0.1341 0.6278
1 -0.1359 0.6273
1 -0.1377 0.6267
1 -0.1394 0.6261
1 -0.1412 0.6254
1 -0.1430 0.6247
1 -0.1447 0.6240
1 -0.1464 0.6231
1 -0.1481 0.6223
1 -0.1497 0.6214
1 -0.1514 0.6204
1 -0.1530 0.6194
1 -0.1545 0.6184
1 -0.1560 0.6173
1 -0.1575 0.6162
1 -0.1590 0.6150
1 -0.1605 0.6138
1 -0.1618 0.6126
1 -0.1632 0.6112
1 -0.1646 0.6099
1 -0.1658 0.6086
1 -0.1671 0.6071
1 -0.1683 0.6057
1 -0.1695 0.6042
1 -0.1706 0.6027
1 -0.1717 0.6012
1 -0.1728 0.5996
1 -0.1738 0.5980
1 -0.1747 0.5964
1 -0.1756 0.5947
1 -0.1765 0.5930
1 -0.1773 0.5914
1 -0.1781 0.5897
1 -0.1788 0.5879
1 -0.1794 0.5862
1 -0.1801 0.5843
1 -0.1806 0.5826
1 -0.1811 0.5807
1 -0.1816 0.5790
1 -0.1820 0.5771
1 -0.1824 0.5752
1 -0.1826 0.5734
1 -0.1830 0.5715
1 -0.1831 0.5697
1 -0.1833 0.5678
1 -0.1834 0.5659
1 -0.1834 0.5640
1 -0.1834 0.5621
1 -0.1834 0.5602
1 -0.1817 0.5601
1 -0.1801 0.5599
1 -0.1784 0.5597
1 -0.1768 0.5594
1 -0.1752 0.5590
1 -0.1736 0.5586
1 -0.1720 0.5582
1 -0.1704 0.5577
1 -0.1689 0.5571
1 -0.1674 0.5566
1 -0.1658 0.5559
1 -0.1643 0.5552
1 -0.1629 0.5545
1 -0.1614 0.5537
1 -0.1600 0.5529
1 -0.1586 0.5520
1 -0.1573 0.5510
1 -0.1559 0.5501
1 -0.1546 0.5490
1 -0.1534 0.5480
1 -0.1521 0.5470
1 -0.1509 0.5458
1 -0.1498 0.5446
1 -0.1486 0.5434
1 -0.1475 0.5422
1 -0.1465 0.5409
1 -0.1454 0.5396
1 -0.1445 0.5382
1 -0.1436 0.5369
1 -0.1427 0.5355
1 -0.1419 0.5341
1 -0.1411 0.5326
1 -0.1404 0.5311
1 -0.1397 0.5297
1 -0.1390 0.5282
1 -0.1384 0.5266
1 -0.1379 0.5250
1 -0.1374 0.5234
1 -0.1370 0.5219
1 -0.1366 0.5203
1 -0.1362 0.5186
1 -0.1359 0.5170
1 -0.1357 0.5154
1 -0.1355 0.5138
1 -0.1354 0.5122
1 -0.1353 0.5105
1 -0.1353 0.5089
1 -0.1353 0.5072
1 -0.1354 0.5055
1 -0.1355 0.5039
1 -0.1357 0.5022
1 -0.1359 0.5006
1 -0.1362 0.4990
1 -0.1366 0.4974
1 -0.1399 0.4982
1 -0.1396 0.4998
1 -0.1393 0.5013
1 -0.1391 0.5029
1 -0.1389 0.5045
1 -0.1388 0.5061
1 -0.1387 0.5077
1 -0.1387 0.5093
1 -0.1387 0.5109
1 -0.1389 0.5125
1 -0.1390 0.5141
1 -0.1392 0.5157
1 -0.1394 0.5173
1 -0.1398 0.5188
1 -0.1401 0.5204
1 -0.1406 0.5219
1 -0.1410 0.5234
1 -0.1415 0.5250
1 -0.1421 0.5265
1 -0.1426 0.5279
1 -0.1434 0.5294
1 -0.1440 0.5309
1 -0.1448 0.5322
1 -0.1456 0.5337
1 -0.1465 0.5350
1 -0.1474 0.5363
1 -0.1482 0.5376
1 -0.1493 0.5389
1 -0.1502 0.5402
1 -0.1514 0.5414
1 -0.1524 0.5425
1 -0.1536 0.5436
1 -0.1547 0.5447
1 -0.1559 0.5458
1 -0.1572 0.5467
1 -0.1585 0.5477
1 -0.1598 0.5486
1 -0.1611 0.5495
1 -0.1625 0.5503
1 -0.1639 0.5511
1 -0.1653 0.5518
1 -0.1667 0.5526
1 -0.1682 0.5532
1 -0.1697 0.5538
1 -0.1712 0.5543
1 -0.1727 0.5548
1 -0.1742 0.5553
1 -0.1758 0.5557
1 -0.1774 0.5560
1 -0.1790 0.5563
1 -0.1806 0.5565
1 -0.1822 0.5567
1 -0.1838 0.5568
1 -0.1854 0.5569
1 -0.1870 0.5570
1 -0.1886 0.5569
1 -0.1902 0.5568
1 -0.1917 0.5566
1 -0.1933 0.5565
1 -0.1949 0.5562
1 -0.1965 0.5559
1 -0.1980 0.5556
1 -0.1996 0.5552
1 -0.2011 0.5547
1 -0.2026 0.5542
1 -0.2042 0.5537
1 -0.2056 0.5530
1 -0.2070 0.5524
1 -0.2085 0.5518
1 -0.2099 0.5510
1 -0.2113 0.5502
1 -0.2126 0.5494
1 -0.2140 0.5485
1 -0.2153 0.5475
1 -0.2166 0.5466
1 -0.2178 0.5455
1 -0.2190 0.5445
1 -0.2202 0.5434
1 -0.2214 0.5422
1 -0.2224 0.5411
1 -0.2234 0.5399
1 -0.2245 0.5386
1 -0.2254 0.5374
1 -0.2264 0.5361
1 -0.2273 0.5347
1 -0.2281 0.5334
1 -0.2289 0.5320
1 -0.2297 0.5306
1 -0.2303 0.5291
1 -0.2310 0.5277
1 -0.2316 0.5262
1 -0.2322 0.5247
1 -0.2326 0.5232
1 -0.2331 0.5216
1 -0.2335 0.5201
1 -0.2338 0.5185
1 -0.2342 0.5170
1 -0.2344 0.5154
1 -0.2346 0.5138
1 -0.2347 0.5122
1 -0.2348 0.5106
1 -0.2348 0.5090
1 -0.2348 0.5074
1 -0.2347 0.5058
1 -0.2346 0.5042
1 -0.2344 0.5026
1 -0.2342 0.5010
1 -0.2339 0.4994
1 -0.2335 0.4978
1 -0.2332 0.4963
1 -0.2327 0.4948
1 -0.2322 0.4933
1 -0.2317 0.4918
1 -0.2311 0.4902
1 -0.2305 0.4888
1 -0.2298 0.4874
1 -0.2290 0.4859
1 -0.2282 0.4846
1 -0.2274 0.4832
1 -0.2266 0.4818
1 -0.2256 0.4806
1 -0.2246 0.4793
1 -0.2236 0.4780
1 -0.2226 0.4768
1 -0.2215 0.4756
1 -0.2198 0.4744
1 -0.2182 0.4733
1 -0.2165 0.4722
1 -0.2148 0.4711
1 -0.2130 0.4701
1 -0.2113 0.4691
1 -0.2094 0.4682
1 -0.2076 0.4674
1 -0.2058 0.4665
1 -0.2039 0.4657
1 -0.2020 0.4650
1 -0.2001 0.4643
1 -0.1982 0.4637
1 -0.1962 0.4631
1 -0.1943 0.4626
1 -0.1923 0.4621
1 -0.1903 0.4617
1 -0.1883 0.4613
1 -0.1863 0.4610
1 -0.1843 0.4607
1 -0.1823 0.4605
1 -0.1803 0.4603
1 -0.1783 0.4602
1 -0.1762 0.4602
1 -0.1742 0.4602
1 -0.1722 0.4602
1 -0.1702 0.4602
1 -0.1682 0.4604
1 -0.1662 0.4606
1 -0.1642 0.4609
1 -0.1601 0.4612
1 -0.1560 0.4616
1 -0.1519 0.4620
1 -0.1478 0.4625
1 -0.1438 0.4630
1 -0.1397 0.4635
1 -0.1356 0.4642
1 -0.1316 0.4648
1 -0.1275 0.4655
1 -0.1235 0.4663
1 -0.1195 0.4671
1 -0.1155 0.4680
1 -0.1115 0.4690
1 -0.1075 0.4699
1 -0.1035 0.4710
1 -0.0996 0.4721
1 -0.0957 0.4732
1 -0.0917 0.4744
1 -0.0878 0.4756
1 -0.0839 0.4769
1 -0.0800 0.4782
1 -0.0762 0.4796
1 -0.0723 0.4810
1 -0.0685 0.4826
1 -0.0647 0.4841
1 -0.0609 0.4856
1 -0.0571 0.4873
1 -0.0534 0.4890
1 -0.0497 0.4906
1 -0.0460 0.4924
1 -0.0423 0.4942
1 -0.0386 0.4961
1 -0.0350 0.4980
1 -0.0314 0.5000
