Simbolo
3327 19 1 1 0 0 0 0 0 0 1 1
1.000
112 1253 173
0 0.5336 0.4797
1 0.5336 0.0533
1 0.5336 0.0513
1 0.5335 0.0493
1 0.5333 0.0473
1 0.5330 0.0454
1 0.5327 0.0434
1 0.5323 0.0414
1 0.5318 0.0395
1 0.5313 0.0376
1 0.5306 0.0357
1 0.5299 0.0338
1 0.5292 0.0320
1 0.5284 0.0302
1 0.5275 0.0284
1 0.5265 0.0266
1 0.5255 0.0249
1 0.5244 0.0233
1 0.5232 0.0216
1 0.5220 0.0201
1 0.5207 0.0185
1 0.5194 0.0170
1 0.5180 0.0156
1 0.5166 0.0142
1 0.5151 0.0129
1 0.5136 0.0116
1 0.5120 0.0104
1 0.5104 0.0093
1 0.5087 0.0082
1 0.5070 0.0071
1 0.5052 0.0062
1 0.5035 0.0053
1 0.5016 0.0044
1 0.4998 0.0037
1 0.4979 0.0030
1 0.4960 0.0024
1 0.4941 0.0018
1 0.4922 0.0013
1 0.4902 0.0009
1 0.4883 0.0006
1 0.4863 0.0003
1 0.4843 0.0001
1 0.4823 0.0000
1 0.4803 0.0000
1 -0.4803 0.0000
1 -0.4823 0.0000
1 -0.4843 0.0001
1 -0.4863 0.0003
1 -0.4883 0.0006
1 -0.4902 0.0009
1 -0.4922 0.0013
1 -0.4941 0.0018
1 -0.4960 0.0024
1 -0.4979 0.0030
1 -0.4998 0.0037
1 -0.5016 0.0044
1 -0.5035 0.0053
1 -0.5052 0.0062
1 -0.5070 0.0071
1 -0.5087 0.0082
1 -0.5104 0.0093
1 -0.5120 0.0104
1 -0.5136 0.0116
1 -0.5151 0.0129
1 -0.5166 0.0142
1 -0.5180 0.0156
1 -0.5194 0.0170
1 -0.5207 0.0185
1 -0.5220 0.0201
1 -0.5232 0.0216
1 -0.5244 0.0233
1 -0.5255 0.0249
1 -0.5265 0.0266
1 -0.5275 0.0284
1 -0.5284 0.0302
1 -0.5292 0.0320
1 -0.5299 0.0338
1 -0.5306 0.0357
1 -0.5313 0.0376
1 -0.5318 0.0395
1 -0.5323 0.0414
1 -0.5327 0.0434
1 -0.5330 0.0454
1 -0.5333 0.0473
1 -0.5335 0.0493
1 -0.5336 0.0513
1 -0.5336 0.0533
1 -0.5336 0.4797
1 -0.5336 0.4817
1 -0.5335 0.4837
1 -0.5333 0.4856
1 -0.5330 0.4876
1 -0.5327 0.4896
1 -0.5323 0.4915
1 -0.5318 0.4935
1 -0.5313 0.4954
1 -0.5306 0.4973
1 -0.5299 0.4991
1 -0.5292 0.5010
1 -0.5284 0.5028
1 -0.5275 0.5046
1 -0.5265 0.5063
1 -0.5255 0.5080
1 -0.5244 0.5097
1 -0.5232 0.5113
1 -0.5220 0.5129
1 -0.5207 0.5144
1 -0.5194 0.5159
1 -0.5180 0.5174
1 -0.5166 0.5187
1 -0.5151 0.5201
1 -0.5136 0.5213
1 -0.5120 0.5226
1 -0.5104 0.5237
1 -0.5087 0.5248
1 -0.5070 0.5258
1 -0.5052 0.5268
1 -0.5035 0.5277
1 -0.5016 0.5285
1 -0.4998 0.5293
1 -0.4979 0.5300
1 -0.4960 0.5306
1 -0.4941 0.5312
1 -0.4922 0.5316
1 -0.4902 0.5320
1 -0.4883 0.5324
1 -0.4863 0.5326
1 -0.4843 0.5328
1 -0.4823 0.5329
1 -0.4803 0.5330
1 0.4803 0.5330
1 0.4823 0.5329
1 0.4843 0.5328
1 0.4863 0.5326
1 0.4883 0.5324
1 0.4902 0.5320
1 0.4922 0.5316
1 0.4941 0.5312
1 0.4960 0.5306
1 0.4979 0.5300
1 0.4998 0.5293
1 0.5016 0.5285
1 0.5035 0.5277
1 0.5052 0.5268
1 0.5070 0.5258
1 0.5087 0.5248
1 0.5104 0.5237
1 0.5120 0.5226
1 0.5136 0.5213
1 0.5151 0.5201
1 0.5166 0.5187
1 0.5180 0.5174
1 0.5194 0.5159
1 0.5207 0.5144
1 0.5220 0.5129
1 0.5232 0.5113
1 0.5244 0.5097
1 0.5255 0.5080
1 0.5265 0.5063
1 0.5275 0.5046
1 0.5284 0.5028
1 0.5292 0.5010
1 0.5299 0.4991
1 0.5306 0.4973
1 0.5313 0.4954
1 0.5318 0.4935
1 0.5323 0.4915
1 0.5327 0.4896
1 0.5330 0.4876
1 0.5333 0.4856
1 0.5335 0.4837
1 0.5336 0.4817
1 0.5336 0.4797
112 1250 153
0 0.5203 0.4797
1 0.5203 0.0533
1 0.5203 0.0516
1 0.5202 0.0499
1 0.5200 0.0482
1 0.5197 0.0465
1 0.5194 0.0449
1 0.5190 0.0432
1 0.5186 0.0416
1 0.5180 0.0400
1 0.5174 0.0384
1 0.5168 0.0368
1 0.5160 0.0353
1 0.5152 0.0338
1 0.5144 0.0323
1 0.5135 0.0309
1 0.5125 0.0295
1 0.5114 0.0282
1 0.5103 0.0269
1 0.5092 0.0256
1 0.5080 0.0244
1 0.5067 0.0233
1 0.5054 0.0222
1 0.5041 0.0212
1 0.5027 0.0202
1 0.5013 0.0193
1 0.4998 0.0184
1 0.4983 0.0176
1 0.4968 0.0169
1 0.4952 0.0162
1 0.4937 0.0156
1 0.4920 0.0151
1 0.4904 0.0146
1 0.4888 0.0142
1 0.4871 0.0139
1 0.4854 0.0136
1 0.4837 0.0135
1 0.4820 0.0134
1 0.4803 0.0133
1 -0.4803 0.0133
1 -0.4820 0.0134
1 -0.4837 0.0135
1 -0.4854 0.0136
1 -0.4871 0.0139
1 -0.4888 0.0142
1 -0.4904 0.0146
1 -0.4920 0.0151
1 -0.4937 0.0156
1 -0.4952 0.0162
1 -0.4968 0.0169
1 -0.4983 0.0176
1 -0.4998 0.0184
1 -0.5013 0.0193
1 -0.5027 0.0202
1 -0.5041 0.0212
1 -0.5054 0.0222
1 -0.5067 0.0233
1 -0.5080 0.0244
1 -0.5092 0.0256
1 -0.5103 0.0269
1 -0.5114 0.0282
1 -0.5125 0.0295
1 -0.5135 0.0309
1 -0.5144 0.0323
1 -0.5152 0.0338
1 -0.5160 0.0353
1 -0.5168 0.0368
1 -0.5174 0.0384
1 -0.5180 0.0400
1 -0.5186 0.0416
1 -0.5190 0.0432
1 -0.5194 0.0449
1 -0.5197 0.0465
1 -0.5200 0.0482
1 -0.5202 0.0499
1 -0.5203 0.0516
1 -0.5203 0.0533
1 -0.5203 0.4797
1 -0.5203 0.4814
1 -0.5202 0.4831
1 -0.5200 0.4847
1 -0.5197 0.4864
1 -0.5194 0.4881
1 -0.5190 0.4897
1 -0.5186 0.4914
1 -0.5180 0.4930
1 -0.5174 0.4946
1 -0.5168 0.4961
1 -0.5160 0.4977
1 -0.5152 0.4992
1 -0.5144 0.5006
1 -0.5135 0.5021
1 -0.5125 0.5034
1 -0.5114 0.5048
1 -0.5103 0.5061
1 -0.5092 0.5073
1 -0.5080 0.5085
1 -0.5067 0.5097
1 -0.5054 0.5108
1 -0.5041 0.5118
1 -0.5027 0.5128
1 -0.5013 0.5137
1 -0.4998 0.5146
1 -0.4983 0.5154
1 -0.4968 0.5161
1 -0.4952 0.5168
1 -0.4937 0.5174
1 -0.4920 0.5179
1 -0.4904 0.5184
1 -0.4888 0.5187
1 -0.4871 0.5191
1 -0.4854 0.5193
1 -0.4837 0.5195
1 -0.4820 0.5196
1 -0.4803 0.5196
1 0.4803 0.5196
1 0.4820 0.5196
1 0.4837 0.5195
1 0.4854 0.5193
1 0.4871 0.5191
1 0.4888 0.5187
1 0.4904 0.5184
1 0.4920 0.5179
1 0.4937 0.5174
1 0.4952 0.5168
1 0.4968 0.5161
1 0.4983 0.5154
1 0.4998 0.5146
1 0.5013 0.5137
1 0.5027 0.5128
1 0.5041 0.5118
1 0.5054 0.5108
1 0.5067 0.5097
1 0.5080 0.5085
1 0.5092 0.5073
1 0.5103 0.5061
1 0.5114 0.5048
1 0.5125 0.5034
1 0.5135 0.5021
1 0.5144 0.5006
1 0.5152 0.4992
1 0.5160 0.4977
1 0.5168 0.4961
1 0.5174 0.4946
1 0.5180 0.4930
1 0.5186 0.4914
1 0.5190 0.4897
1 0.5194 0.4881
1 0.5197 0.4864
1 0.5200 0.4847
1 0.5202 0.4831
1 0.5203 0.4814
1 0.5203 0.4797
112 1253 89
0 0.4937 0.4797
1 0.4936 0.4807
1 0.4935 0.4817
1 0.4933 0.4826
1 0.4931 0.4836
1 0.4927 0.4845
1 0.4923 0.4855
1 0.4919 0.4863
1 0.4913 0.4872
1 0.4908 0.4880
1 0.4901 0.4887
1 0.4894 0.4894
1 0.4886 0.4901
1 0.4878 0.4907
1 0.4870 0.4912
1 0.4861 0.4917
1 0.4852 0.4921
1 0.4843 0.4924
1 0.4833 0.4927
1 0.4823 0.4928
1 0.4813 0.4930
1 0.4803 0.4930
1 -0.4803 0.4930
1 -0.4813 0.4930
1 -0.4823 0.4928
1 -0.4833 0.4927
1 -0.4843 0.4924
1 -0.4852 0.4921
1 -0.4861 0.4917
1 -0.4870 0.4912
1 -0.4878 0.4907
1 -0.4886 0.4901
1 -0.4894 0.4894
1 -0.4901 0.4887
1 -0.4908 0.4880
1 -0.4913 0.4872
1 -0.4919 0.4863
1 -0.4923 0.4855
1 -0.4927 0.4845
1 -0.4931 0.4836
1 -0.4933 0.4826
1 -0.4935 0.4817
1 -0.4936 0.4807
1 -0.4937 0.4797
1 -0.4937 0.0533
1 -0.4936 0.0523
1 -0.4935 0.0513
1 -0.4933 0.0503
1 -0.4931 0.0494
1 -0.4927 0.0484
1 -0.4923 0.0475
1 -0.4919 0.0466
1 -0.4913 0.0458
1 -0.4908 0.0450
1 -0.4901 0.0442
1 -0.4894 0.0435
1 -0.4886 0.0429
1 -0.4878 0.0423
1 -0.4870 0.0418
1 -0.4861 0.0413
1 -0.4852 0.0409
1 -0.4843 0.0406
1 -0.4833 0.0403
1 -0.4823 0.0401
1 -0.4813 0.0400
1 -0.4803 0.0400
1 0.4803 0.0400
1 0.4813 0.0400
1 0.4823 0.0401
1 0.4833 0.0403
1 0.4843 0.0406
1 0.4852 0.0409
1 0.4861 0.0413
1 0.4870 0.0418
1 0.4878 0.0423
1 0.4886 0.0429
1 0.4894 0.0435
1 0.4901 0.0442
1 0.4908 0.0450
1 0.4913 0.0458
1 0.4919 0.0466
1 0.4923 0.0475
1 0.4927 0.0484
1 0.4931 0.0494
1 0.4933 0.0503
1 0.4935 0.0513
1 0.4936 0.0523
1 0.4937 0.0533
1 0.4937 0.4797
112 1250 45
0 0.0346 0.0889
1 0.0346 0.1889
1 0.0737 0.1889
1 0.0757 0.1888
1 0.0778 0.1885
1 0.0798 0.1881
1 0.0818 0.1875
1 0.0837 0.1868
1 0.0856 0.1860
1 0.0874 0.1850
1 0.0891 0.1839
1 0.0907 0.1826
1 0.0923 0.1813
1 0.0937 0.1798
1 0.0950 0.1783
1 0.0962 0.1766
1 0.0973 0.1749
1 0.0983 0.1730
1 0.0991 0.1712
1 0.0998 0.1692
1 0.1003 0.1672
1 0.1007 0.1652
1 0.1009 0.1632
1 0.1010 0.1611
1 0.1009 0.1591
1 0.1007 0.1570
1 0.1003 0.1550
1 0.0998 0.1530
1 0.0992 0.1511
1 0.0984 0.1492
1 0.0974 0.1474
1 0.0963 0.1456
1 0.0951 0.1439
1 0.0938 0.1424
1 0.0924 0.1409
1 0.0908 0.1395
1 0.0892 0.1383
1 0.0875 0.1372
1 0.0857 0.1362
1 0.1031 0.0889
1 0.0860 0.0889
1 0.0692 0.1326
1 0.0506 0.1326
1 0.0506 0.0889
1 0.0346 0.0889
112 1250 129
0 0.0986 0.3525
1 0.0986 0.3598
1 0.0820 0.3598
1 0.0820 0.2769
1 0.0986 0.2769
1 0.0986 0.3318
1 0.0987 0.3332
1 0.0989 0.3346
1 0.0993 0.3359
1 0.0998 0.3372
1 0.1005 0.3385
1 0.1013 0.3396
1 0.1023 0.3407
1 0.1033 0.3416
1 0.1045 0.3424
1 0.1057 0.3431
1 0.1070 0.3437
1 0.1084 0.3440
1 0.1098 0.3443
1 0.1112 0.3444
1 0.1126 0.3443
1 0.1140 0.3440
1 0.1153 0.3437
1 0.1166 0.3431
1 0.1179 0.3424
1 0.1190 0.3416
1 0.1201 0.3407
1 0.1210 0.3396
1 0.1218 0.3385
1 0.1225 0.3372
1 0.1230 0.3359
1 0.1234 0.3346
1 0.1237 0.3332
1 0.1237 0.3318
1 0.1237 0.2769
1 0.1403 0.2769
1 0.1403 0.3318
1 0.1404 0.3332
1 0.1407 0.3346
1 0.1410 0.3359
1 0.1416 0.3372
1 0.1423 0.3385
1 0.1431 0.3396
1 0.1440 0.3407
1 0.1451 0.3416
1 0.1462 0.3424
1 0.1475 0.3431
1 0.1488 0.3437
1 0.1501 0.3440
1 0.1515 0.3443
1 0.1529 0.3444
1 0.1543 0.3443
1 0.1557 0.3440
1 0.1571 0.3437
1 0.1584 0.3431
1 0.1596 0.3424
1 0.1608 0.3416
1 0.1618 0.3407
1 0.1628 0.3396
1 0.1636 0.3385
1 0.1642 0.3372
1 0.1648 0.3359
1 0.1652 0.3346
1 0.1654 0.3332
1 0.1655 0.3318
1 0.1655 0.2769
1 0.1821 0.2769
1 0.1821 0.3289
1 0.1820 0.3311
1 0.1818 0.3333
1 0.1815 0.3355
1 0.1810 0.3376
1 0.1804 0.3398
1 0.1797 0.3418
1 0.1788 0.3439
1 0.1778 0.3459
1 0.1767 0.3478
1 0.1755 0.3496
1 0.1742 0.3514
1 0.1727 0.3531
1 0.1715 0.3543
1 0.1702 0.3555
1 0.1688 0.3566
1 0.1673 0.3576
1 0.1658 0.3584
1 0.1642 0.3592
1 0.1625 0.3598
1 0.1608 0.3603
1 0.1591 0.3606
1 0.1574 0.3608
1 0.1556 0.3609
1 0.1538 0.3609
1 0.1521 0.3607
1 0.1504 0.3604
1 0.1486 0.3600
1 0.1470 0.3595
1 0.1453 0.3588
1 0.1438 0.3580
1 0.1423 0.3571
1 0.1408 0.3560
1 0.1395 0.3549
1 0.1382 0.3537
1 0.1370 0.3524
1 0.1360 0.3510
1 0.1342 0.3531
1 0.1330 0.3543
1 0.1318 0.3554
1 0.1305 0.3565
1 0.1291 0.3574
1 0.1276 0.3582
1 0.1261 0.3590
1 0.1245 0.3596
1 0.1229 0.3601
1 0.1213 0.3605
1 0.1196 0.3608
1 0.1179 0.3609
1 0.1163 0.3609
1 0.1146 0.3609
1 0.1129 0.3606
1 0.1112 0.3603
1 0.1096 0.3599
1 0.1080 0.3593
1 0.1065 0.3586
1 0.1050 0.3578
1 0.1036 0.3570
1 0.1022 0.3560
1 0.1009 0.3549
1 0.0997 0.3537
1 0.0986 0.3525
112 1250 73
0 0.3391 0.3308
1 0.3391 0.2769
1 0.3225 0.2769
1 0.3225 0.3808
1 0.3391 0.3875
1 0.3391 0.3539
1 0.3405 0.3552
1 0.3420 0.3564
1 0.3436 0.3575
1 0.3452 0.3584
1 0.3470 0.3592
1 0.3488 0.3599
1 0.3507 0.3604
1 0.3526 0.3607
1 0.3545 0.3609
1 0.3564 0.3609
1 0.3583 0.3608
1 0.3602 0.3605
1 0.3621 0.3601
1 0.3639 0.3595
1 0.3657 0.3588
1 0.3674 0.3579
1 0.3691 0.3569
1 0.3706 0.3557
1 0.3721 0.3544
1 0.3734 0.3531
1 0.3748 0.3514
1 0.3762 0.3496
1 0.3774 0.3478
1 0.3785 0.3459
1 0.3795 0.3439
1 0.3803 0.3418
1 0.3811 0.3398
1 0.3817 0.3376
1 0.3821 0.3355
1 0.3825 0.3333
1 0.3827 0.3311
1 0.3827 0.3289
1 0.3827 0.2769
1 0.3662 0.2769
1 0.3662 0.3308
1 0.3661 0.3321
1 0.3659 0.3335
1 0.3656 0.3347
1 0.3651 0.3360
1 0.3646 0.3372
1 0.3639 0.3383
1 0.3631 0.3394
1 0.3622 0.3404
1 0.3612 0.3413
1 0.3601 0.3421
1 0.3590 0.3428
1 0.3578 0.3433
1 0.3565 0.3438
1 0.3552 0.3441
1 0.3539 0.3443
1 0.3526 0.3444
1 0.3513 0.3443
1 0.3500 0.3441
1 0.3487 0.3438
1 0.3474 0.3433
1 0.3462 0.3428
1 0.3451 0.3421
1 0.3440 0.3413
1 0.3430 0.3404
1 0.3421 0.3394
1 0.3413 0.3383
1 0.3407 0.3372
1 0.3401 0.3360
1 0.3396 0.3347
1 0.3393 0.3335
1 0.3391 0.3321
1 0.3391 0.3308
112 1250 60
0 0.1966 0.0889
1 0.1671 0.0889
1 0.1671 0.1889
1 0.1966 0.1889
1 0.1987 0.1888
1 0.2009 0.1887
1 0.2030 0.1884
1 0.2050 0.1879
1 0.2071 0.1874
1 0.2091 0.1867
1 0.2111 0.1859
1 0.2130 0.1850
1 0.2148 0.1839
1 0.2166 0.1828
1 0.2183 0.1815
1 0.2199 0.1802
1 0.2215 0.1787
1 0.2229 0.1771
1 0.2243 0.1755
1 0.2255 0.1738
1 0.2270 0.1717
1 0.2283 0.1696
1 0.2295 0.1673
1 0.2306 0.1651
1 0.2315 0.1627
1 0.2324 0.1603
1 0.2330 0.1579
1 0.2335 0.1554
1 0.2341 0.1513
1 0.2345 0.1472
1 0.2348 0.1430
1 0.2349 0.1389
1 0.2348 0.1348
1 0.2345 0.1306
1 0.2341 0.1265
1 0.2335 0.1224
1 0.2330 0.1199
1 0.2324 0.1175
1 0.2315 0.1151
1 0.2306 0.1127
1 0.2295 0.1105
1 0.2283 0.1082
1 0.2270 0.1061
1 0.2255 0.1040
1 0.2243 0.1023
1 0.2229 0.1007
1 0.2215 0.0991
1 0.2199 0.0976
1 0.2183 0.0963
1 0.2166 0.0950
1 0.2148 0.0939
1 0.2130 0.0928
1 0.2111 0.0919
1 0.2091 0.0911
1 0.2071 0.0904
1 0.2050 0.0899
1 0.2030 0.0894
1 0.2009 0.0891
1 0.1987 0.0890
1 0.1966 0.0889
112 1253 32
0 0.0737 0.1486
1 0.0506 0.1486
1 0.0506 0.1729
1 0.0737 0.1729
1 0.0750 0.1727
1 0.0762 0.1724
1 0.0775 0.1720
1 0.0786 0.1714
1 0.0798 0.1707
1 0.0808 0.1699
1 0.0817 0.1690
1 0.0826 0.1680
1 0.0833 0.1670
1 0.0839 0.1658
1 0.0844 0.1646
1 0.0847 0.1633
1 0.0849 0.1620
1 0.0850 0.1607
1 0.0849 0.1594
1 0.0847 0.1582
1 0.0844 0.1569
1 0.0839 0.1557
1 0.0833 0.1545
1 0.0826 0.1535
1 0.0817 0.1525
1 0.0808 0.1515
1 0.0798 0.1507
1 0.0786 0.1501
1 0.0775 0.1495
1 0.0762 0.1491
1 0.0750 0.1488
1 0.0737 0.1486
112 1250 186
0 -0.0865 0.1625
1 -0.0870 0.1639
1 -0.0876 0.1652
1 -0.0884 0.1664
1 -0.0892 0.1676
1 -0.0901 0.1688
1 -0.0912 0.1698
1 -0.0923 0.1707
1 -0.0935 0.1716
1 -0.0947 0.1723
1 -0.0960 0.1729
1 -0.0974 0.1735
1 -0.0988 0.1738
1 -0.1002 0.1741
1 -0.1017 0.1743
1 -0.1031 0.1743
1 -0.1046 0.1742
1 -0.1060 0.1739
1 -0.1074 0.1736
1 -0.1088 0.1731
1 -0.1102 0.1725
1 -0.1114 0.1718
1 -0.1126 0.1710
1 -0.1138 0.1701
1 -0.1148 0.1691
1 -0.1158 0.1680
1 -0.1167 0.1668
1 -0.1174 0.1656
1 -0.1181 0.1642
1 -0.1192 0.1611
1 -0.1201 0.1579
1 -0.1209 0.1547
1 -0.1216 0.1514
1 -0.1221 0.1481
1 -0.1225 0.1448
1 -0.1227 0.1415
1 -0.1228 0.1381
1 -0.1227 0.1348
1 -0.1224 0.1315
1 -0.1220 0.1282
1 -0.1215 0.1249
1 -0.1208 0.1216
1 -0.1200 0.1184
1 -0.1190 0.1152
1 -0.1178 0.1121
1 -0.1173 0.1109
1 -0.1166 0.1097
1 -0.1158 0.1087
1 -0.1150 0.1077
1 -0.1140 0.1068
1 -0.1130 0.1060
1 -0.1119 0.1053
1 -0.1108 0.1047
1 -0.1095 0.1042
1 -0.1083 0.1038
1 -0.1070 0.1035
1 -0.1057 0.1034
1 -0.1044 0.1033
1 -0.1030 0.1033
1 -0.1017 0.1033
1 -0.1004 0.1035
1 -0.0991 0.1038
1 -0.0978 0.1043
1 -0.0965 0.1048
1 -0.0953 0.1054
1 -0.0942 0.1061
1 -0.0931 0.1069
1 -0.0921 0.1078
1 -0.0912 0.1087
1 -0.0903 0.1098
1 -0.0896 0.1109
1 -0.0889 0.1120
1 -0.0883 0.1133
1 -0.0877 0.1158
1 -0.0873 0.1184
1 -0.0870 0.1211
1 -0.0868 0.1237
1 -0.1049 0.1237
1 -0.1049 0.1397
1 -0.0706 0.1397
1 -0.0706 0.1237
1 -0.0710 0.1199
1 -0.0715 0.1160
1 -0.0722 0.1122
1 -0.0730 0.1085
1 -0.0737 0.1065
1 -0.0745 0.1047
1 -0.0754 0.1029
1 -0.0764 0.1011
1 -0.0776 0.0994
1 -0.0789 0.0979
1 -0.0802 0.0964
1 -0.0817 0.0950
1 -0.0833 0.0937
1 -0.0849 0.0925
1 -0.0867 0.0915
1 -0.0885 0.0906
1 -0.0904 0.0898
1 -0.0923 0.0891
1 -0.0942 0.0886
1 -0.0962 0.0882
1 -0.0981 0.0878
1 -0.1000 0.0875
1 -0.1019 0.0873
1 -0.1038 0.0872
1 -0.1057 0.0872
1 -0.1076 0.0874
1 -0.1095 0.0877
1 -0.1114 0.0881
1 -0.1132 0.0886
1 -0.1150 0.0892
1 -0.1168 0.0899
1 -0.1185 0.0908
1 -0.1202 0.0917
1 -0.1218 0.0928
1 -0.1233 0.0939
1 -0.1248 0.0951
1 -0.1262 0.0965
1 -0.1275 0.0979
1 -0.1287 0.0994
1 -0.1298 0.1009
1 -0.1308 0.1025
1 -0.1318 0.1042
1 -0.1326 0.1059
1 -0.1333 0.1077
1 -0.1342 0.1103
1 -0.1351 0.1130
1 -0.1359 0.1156
1 -0.1366 0.1183
1 -0.1372 0.1210
1 -0.1377 0.1237
1 -0.1382 0.1265
1 -0.1385 0.1292
1 -0.1387 0.1320
1 -0.1389 0.1348
1 -0.1389 0.1375
1 -0.1389 0.1403
1 -0.1389 0.1433
1 -0.1387 0.1464
1 -0.1384 0.1494
1 -0.1380 0.1524
1 -0.1375 0.1553
1 -0.1368 0.1583
1 -0.1360 0.1612
1 -0.1351 0.1641
1 -0.1341 0.1670
1 -0.1330 0.1698
1 -0.1317 0.1725
1 -0.1304 0.1752
1 -0.1292 0.1769
1 -0.1279 0.1785
1 -0.1265 0.1800
1 -0.1251 0.1814
1 -0.1235 0.1828
1 -0.1219 0.1840
1 -0.1202 0.1851
1 -0.1184 0.1862
1 -0.1166 0.1871
1 -0.1147 0.1879
1 -0.1127 0.1885
1 -0.1108 0.1891
1 -0.1088 0.1895
1 -0.1067 0.1899
1 -0.1047 0.1900
1 -0.1026 0.1901
1 -0.1006 0.1900
1 -0.0986 0.1898
1 -0.0965 0.1895
1 -0.0945 0.1891
1 -0.0926 0.1885
1 -0.0906 0.1878
1 -0.0887 0.1870
1 -0.0869 0.1861
1 -0.0851 0.1851
1 -0.0834 0.1839
1 -0.0818 0.1827
1 -0.0803 0.1814
1 -0.0788 0.1799
1 -0.0774 0.1784
1 -0.0761 0.1768
1 -0.0750 0.1751
1 -0.0739 0.1734
1 -0.0729 0.1716
1 -0.0721 0.1697
1 -0.0713 0.1678
1 -0.0865 0.1625
112 1250 91
0 -0.2311 0.1216
1 -0.2311 0.1889
1 -0.2152 0.1889
1 -0.2152 0.1216
1 -0.2150 0.1200
1 -0.2147 0.1185
1 -0.2143 0.1170
1 -0.2138 0.1156
1 -0.2132 0.1142
1 -0.2124 0.1128
1 -0.2115 0.1116
1 -0.2106 0.1104
1 -0.2095 0.1093
1 -0.2083 0.1083
1 -0.2071 0.1074
1 -0.2058 0.1065
1 -0.2044 0.1059
1 -0.2030 0.1053
1 -0.2015 0.1048
1 -0.2000 0.1045
1 -0.1985 0.1043
1 -0.1969 0.1043
1 -0.1954 0.1043
1 -0.1939 0.1045
1 -0.1923 0.1048
1 -0.1909 0.1053
1 -0.1894 0.1059
1 -0.1881 0.1065
1 -0.1868 0.1074
1 -0.1855 0.1083
1 -0.1844 0.1093
1 -0.1833 0.1104
1 -0.1823 0.1116
1 -0.1814 0.1128
1 -0.1807 0.1142
1 -0.1800 0.1156
1 -0.1795 0.1170
1 -0.1791 0.1185
1 -0.1788 0.1200
1 -0.1787 0.1216
1 -0.1787 0.1889
1 -0.1627 0.1889
1 -0.1627 0.1216
1 -0.1628 0.1194
1 -0.1631 0.1172
1 -0.1635 0.1150
1 -0.1641 0.1129
1 -0.1648 0.1108
1 -0.1656 0.1088
1 -0.1665 0.1068
1 -0.1676 0.1049
1 -0.1688 0.1030
1 -0.1701 0.1013
1 -0.1715 0.0996
1 -0.1731 0.0980
1 -0.1747 0.0965
1 -0.1764 0.0952
1 -0.1782 0.0939
1 -0.1801 0.0928
1 -0.1820 0.0917
1 -0.1841 0.0909
1 -0.1861 0.0901
1 -0.1882 0.0895
1 -0.1904 0.0890
1 -0.1925 0.0886
1 -0.1947 0.0884
1 -0.1969 0.0883
1 -0.1991 0.0884
1 -0.2013 0.0886
1 -0.2035 0.0890
1 -0.2056 0.0895
1 -0.2077 0.0901
1 -0.2098 0.0909
1 -0.2118 0.0917
1 -0.2137 0.0928
1 -0.2156 0.0939
1 -0.2174 0.0952
1 -0.2191 0.0965
1 -0.2208 0.0980
1 -0.2223 0.0996
1 -0.2237 0.1013
1 -0.2250 0.1030
1 -0.2262 0.1049
1 -0.2273 0.1068
1 -0.2283 0.1088
1 -0.2291 0.1108
1 -0.2298 0.1129
1 -0.2303 0.1150
1 -0.2307 0.1172
1 -0.2310 0.1194
1 -0.2311 0.1216
112 1250 227
0 -0.2746 0.1636
1 -0.2591 0.1679
1 -0.2598 0.1699
1 -0.2606 0.1718
1 -0.2616 0.1737
1 -0.2626 0.1755
1 -0.2638 0.1773
1 -0.2651 0.1789
1 -0.2665 0.1805
1 -0.2680 0.1819
1 -0.2697 0.1833
1 -0.2714 0.1845
1 -0.2731 0.1856
1 -0.2750 0.1866
1 -0.2769 0.1875
1 -0.2789 0.1882
1 -0.2809 0.1888
1 -0.2829 0.1892
1 -0.2850 0.1895
1 -0.2871 0.1897
1 -0.2892 0.1897
1 -0.2913 0.1896
1 -0.2934 0.1893
1 -0.2954 0.1889
1 -0.2975 0.1884
1 -0.2995 0.1877
1 -0.3014 0.1869
1 -0.3033 0.1859
1 -0.3051 0.1849
1 -0.3068 0.1837
1 -0.3084 0.1823
1 -0.3100 0.1809
1 -0.3114 0.1794
1 -0.3128 0.1778
1 -0.3140 0.1759
1 -0.3150 0.1739
1 -0.3160 0.1718
1 -0.3167 0.1697
1 -0.3174 0.1675
1 -0.3178 0.1653
1 -0.3181 0.1631
1 -0.3182 0.1608
1 -0.3182 0.1585
1 -0.3180 0.1563
1 -0.3176 0.1541
1 -0.3171 0.1519
1 -0.3165 0.1504
1 -0.3159 0.1490
1 -0.3152 0.1476
1 -0.3143 0.1463
1 -0.3134 0.1450
1 -0.3124 0.1439
1 -0.3114 0.1427
1 -0.3102 0.1417
1 -0.3090 0.1407
1 -0.3078 0.1398
1 -0.3065 0.1390
1 -0.3051 0.1382
1 -0.3037 0.1376
1 -0.3022 0.1370
1 -0.3007 0.1366
1 -0.2992 0.1362
1 -0.2948 0.1353
1 -0.2904 0.1342
1 -0.2859 0.1331
1 -0.2816 0.1319
1 -0.2801 0.1313
1 -0.2787 0.1305
1 -0.2774 0.1296
1 -0.2761 0.1286
1 -0.2750 0.1275
1 -0.2740 0.1262
1 -0.2731 0.1249
1 -0.2723 0.1235
1 -0.2719 0.1224
1 -0.2716 0.1211
1 -0.2714 0.1199
1 -0.2713 0.1187
1 -0.2714 0.1174
1 -0.2715 0.1162
1 -0.2718 0.1150
1 -0.2722 0.1138
1 -0.2727 0.1126
1 -0.2733 0.1115
1 -0.2740 0.1105
1 -0.2748 0.1096
1 -0.2759 0.1086
1 -0.2770 0.1077
1 -0.2782 0.1069
1 -0.2794 0.1062
1 -0.2807 0.1056
1 -0.2820 0.1051
1 -0.2834 0.1046
1 -0.2848 0.1043
1 -0.2862 0.1040
1 -0.2876 0.1039
1 -0.2890 0.1039
1 -0.2905 0.1039
1 -0.2919 0.1041
1 -0.2933 0.1043
1 -0.2947 0.1047
1 -0.2960 0.1051
1 -0.2976 0.1058
1 -0.2990 0.1066
1 -0.3004 0.1076
1 -0.3018 0.1086
1 -0.3030 0.1097
1 -0.3042 0.1110
1 -0.3052 0.1123
1 -0.3061 0.1137
1 -0.3069 0.1152
1 -0.3076 0.1167
1 -0.3082 0.1183
1 -0.3086 0.1200
1 -0.3236 0.1142
1 -0.3229 0.1121
1 -0.3221 0.1100
1 -0.3211 0.1079
1 -0.3201 0.1059
1 -0.3189 0.1040
1 -0.3175 0.1021
1 -0.3161 0.1004
1 -0.3146 0.0987
1 -0.3130 0.0971
1 -0.3112 0.0957
1 -0.3094 0.0943
1 -0.3075 0.0931
1 -0.3055 0.0920
1 -0.3035 0.0910
1 -0.3014 0.0901
1 -0.2993 0.0894
1 -0.2971 0.0888
1 -0.2949 0.0883
1 -0.2926 0.0880
1 -0.2903 0.0879
1 -0.2881 0.0878
1 -0.2858 0.0879
1 -0.2836 0.0882
1 -0.2813 0.0886
1 -0.2791 0.0891
1 -0.2770 0.0898
1 -0.2749 0.0906
1 -0.2728 0.0915
1 -0.2708 0.0926
1 -0.2689 0.0938
1 -0.2670 0.0951
1 -0.2652 0.0965
1 -0.2638 0.0978
1 -0.2625 0.0992
1 -0.2613 0.1007
1 -0.2602 0.1023
1 -0.2592 0.1039
1 -0.2583 0.1056
1 -0.2575 0.1073
1 -0.2568 0.1091
1 -0.2563 0.1109
1 -0.2559 0.1128
1 -0.2555 0.1147
1 -0.2553 0.1166
1 -0.2553 0.1185
1 -0.2553 0.1204
1 -0.2555 0.1224
1 -0.2558 0.1242
1 -0.2562 0.1261
1 -0.2568 0.1280
1 -0.2574 0.1298
1 -0.2582 0.1315
1 -0.2591 0.1332
1 -0.2601 0.1348
1 -0.2612 0.1364
1 -0.2624 0.1379
1 -0.2637 0.1393
1 -0.2650 0.1407
1 -0.2665 0.1419
1 -0.2681 0.1430
1 -0.2697 0.1441
1 -0.2713 0.1450
1 -0.2731 0.1458
1 -0.2748 0.1466
1 -0.2796 0.1481
1 -0.2846 0.1494
1 -0.2899 0.1507
1 -0.2955 0.1518
1 -0.2964 0.1520
1 -0.2973 0.1523
1 -0.2981 0.1527
1 -0.2989 0.1532
1 -0.2997 0.1538
1 -0.3003 0.1545
1 -0.3009 0.1552
1 -0.3015 0.1560
1 -0.3018 0.1571
1 -0.3021 0.1582
1 -0.3023 0.1593
1 -0.3024 0.1605
1 -0.3023 0.1616
1 -0.3022 0.1628
1 -0.3020 0.1639
1 -0.3016 0.1650
1 -0.3012 0.1660
1 -0.3006 0.1670
1 -0.3000 0.1680
1 -0.2993 0.1689
1 -0.2985 0.1697
1 -0.2976 0.1705
1 -0.2967 0.1711
1 -0.2957 0.1717
1 -0.2945 0.1723
1 -0.2933 0.1727
1 -0.2921 0.1730
1 -0.2908 0.1733
1 -0.2896 0.1734
1 -0.2883 0.1734
1 -0.2870 0.1734
1 -0.2858 0.1732
1 -0.2845 0.1729
1 -0.2833 0.1724
1 -0.2821 0.1719
1 -0.2810 0.1713
1 -0.2799 0.1706
1 -0.2789 0.1698
1 -0.2780 0.1690
1 -0.2771 0.1680
1 -0.2764 0.1670
1 -0.2757 0.1659
1 -0.2751 0.1648
1 -0.2746 0.1636
112 1250 9
0 0.2885 0.1889
1 0.2545 0.0889
1 0.2714 0.0889
1 0.2807 0.1164
1 0.3132 0.1164
1 0.3225 0.0889
1 0.3394 0.0889
1 0.3055 0.1889
1 0.2885 0.1889
112 1250 5
0 0.2271 0.2769
1 0.2909 0.3875
1 0.2773 0.3875
1 0.2135 0.2769
1 0.2271 0.2769
112 1250 13
0 0.0073 0.2769
1 0.0073 0.2996
1 0.0192 0.3163
1 0.0329 0.2769
1 0.0504 0.2769
1 0.0311 0.3328
1 0.0504 0.3598
1 0.0300 0.3598
1 0.0073 0.3281
1 0.0073 0.3875
1 -0.0093 0.3808
1 -0.0093 0.2769
1 0.0073 0.2769
112 1250 5
0 0.1271 0.1889
1 0.1271 0.0889
1 0.1431 0.0889
1 0.1431 0.1889
1 0.1271 0.1889
112 1250 13
0 0.0157 0.1889
1 0.0157 0.1729
1 -0.0303 0.1729
1 -0.0303 0.1489
1 -0.0013 0.1489
1 -0.0013 0.1329
1 -0.0303 0.1329
1 -0.0303 0.1049
1 0.0157 0.1049
1 0.0157 0.0889
1 -0.0463 0.0889
1 -0.0463 0.1889
1 0.0157 0.1889
112 1253 4
0 0.3078 0.1324
1 0.2862 0.1324
1 0.2970 0.1642
1 0.3078 0.1324
112 1253 52
0 0.1966 0.1049
1 0.1830 0.1049
1 0.1830 0.1729
1 0.1966 0.1729
1 0.1984 0.1728
1 0.2002 0.1725
1 0.2019 0.1721
1 0.2036 0.1715
1 0.2053 0.1708
1 0.2069 0.1699
1 0.2084 0.1689
1 0.2098 0.1678
1 0.2111 0.1665
1 0.2122 0.1652
1 0.2133 0.1637
1 0.2142 0.1622
1 0.2150 0.1607
1 0.2157 0.1592
1 0.2163 0.1576
1 0.2169 0.1561
1 0.2173 0.1544
1 0.2177 0.1528
1 0.2181 0.1512
1 0.2183 0.1495
1 0.2185 0.1469
1 0.2187 0.1442
1 0.2188 0.1416
1 0.2188 0.1389
1 0.2188 0.1362
1 0.2187 0.1336
1 0.2185 0.1309
1 0.2183 0.1283
1 0.2181 0.1266
1 0.2177 0.1250
1 0.2173 0.1234
1 0.2169 0.1218
1 0.2163 0.1202
1 0.2157 0.1186
1 0.2150 0.1171
1 0.2142 0.1156
1 0.2133 0.1141
1 0.2122 0.1126
1 0.2111 0.1113
1 0.2098 0.1100
1 0.2084 0.1089
1 0.2069 0.1079
1 0.2053 0.1070
1 0.2036 0.1063
1 0.2019 0.1057
1 0.2002 0.1053
1 0.1984 0.1050
1 0.1966 0.1049
31 0 2
 0 0.5203 0.4797
 1 0.5203 0.4797
