SEcl_PT-4
3326 9 1 1 0 0 0 0 0 0 1 1
1.000
112 1254 229
0 -0.0434 1.0626
1 -0.5223 0.5837
1 -0.5235 0.5824
1 -0.5246 0.5811
1 -0.5258 0.5798
1 -0.5269 0.5786
1 -0.5279 0.5772
1 -0.5290 0.5758
1 -0.5299 0.5744
1 -0.5309 0.5729
1 -0.5318 0.5714
1 -0.5326 0.5699
1 -0.5334 0.5684
1 -0.5342 0.5669
1 -0.5349 0.5654
1 -0.5356 0.5638
1 -0.5362 0.5622
1 -0.5368 0.5606
1 -0.5374 0.5589
1 -0.5378 0.5573
1 -0.5383 0.5556
1 -0.5387 0.5539
1 -0.5391 0.5522
1 -0.5394 0.5506
1 -0.5397 0.5489
1 -0.5399 0.5471
1 -0.5401 0.5454
1 -0.5402 0.5437
1 -0.5402 0.5420
1 -0.5402 0.5402
1 -0.5402 0.5386
1 -0.5402 0.5368
1 -0.5401 0.5351
1 -0.5399 0.5334
1 -0.5397 0.5317
1 -0.5394 0.5300
1 -0.5391 0.5283
1 -0.5387 0.5266
1 -0.5383 0.5250
1 -0.5378 0.5233
1 -0.5374 0.5216
1 -0.5368 0.5200
1 -0.5362 0.5184
1 -0.5356 0.5168
1 -0.5349 0.5152
1 -0.5342 0.5137
1 -0.5334 0.5121
1 -0.5326 0.5106
1 -0.5318 0.5091
1 -0.5309 0.5076
1 -0.5299 0.5062
1 -0.5290 0.5047
1 -0.5279 0.5034
1 -0.5269 0.5020
1 -0.5258 0.5006
1 -0.5246 0.4994
1 -0.5235 0.4981
1 -0.5223 0.4969
1 -0.0434 0.0180
1 -0.0422 0.0168
1 -0.0409 0.0156
1 -0.0396 0.0145
1 -0.0382 0.0134
1 -0.0369 0.0123
1 -0.0355 0.0113
1 -0.0341 0.0103
1 -0.0326 0.0094
1 -0.0312 0.0085
1 -0.0297 0.0077
1 -0.0282 0.0069
1 -0.0266 0.0061
1 -0.0250 0.0054
1 -0.0235 0.0046
1 -0.0219 0.0040
1 -0.0202 0.0034
1 -0.0186 0.0029
1 -0.0170 0.0024
1 -0.0154 0.0019
1 -0.0137 0.0015
1 -0.0120 0.0012
1 -0.0102 0.0009
1 -0.0086 0.0006
1 -0.0069 0.0004
1 -0.0051 0.0002
1 -0.0034 0.0001
1 -0.0018 0.0000
1 0.0000 0.0000
1 0.0018 0.0000
1 0.0034 0.0001
1 0.0051 0.0002
1 0.0069 0.0004
1 0.0086 0.0006
1 0.0102 0.0009
1 0.0120 0.0012
1 0.0137 0.0015
1 0.0154 0.0019
1 0.0170 0.0024
1 0.0186 0.0029
1 0.0202 0.0034
1 0.0219 0.0040
1 0.0235 0.0046
1 0.0250 0.0054
1 0.0266 0.0061
1 0.0282 0.0069
1 0.0297 0.0077
1 0.0312 0.0085
1 0.0326 0.0094
1 0.0341 0.0103
1 0.0355 0.0113
1 0.0369 0.0123
1 0.0382 0.0134
1 0.0396 0.0145
1 0.0409 0.0156
1 0.0422 0.0168
1 0.0434 0.0180
1 0.5223 0.4969
1 0.5235 0.4981
1 0.5246 0.4994
1 0.5258 0.5006
1 0.5269 0.5020
1 0.5279 0.5034
1 0.5290 0.5047
1 0.5299 0.5062
1 0.5309 0.5076
1 0.5318 0.5091
1 0.5326 0.5106
1 0.5334 0.5121
1 0.5342 0.5137
1 0.5349 0.5152
1 0.5356 0.5168
1 0.5362 0.5184
1 0.5368 0.5200
1 0.5374 0.5216
1 0.5378 0.5233
1 0.5383 0.5250
1 0.5387 0.5266
1 0.5391 0.5283
1 0.5394 0.5300
1 0.5397 0.5317
1 0.5399 0.5334
1 0.5401 0.5351
1 0.5402 0.5368
1 0.5402 0.5386
1 0.5402 0.5402
1 0.5402 0.5420
1 0.5402 0.5437
1 0.5401 0.5454
1 0.5399 0.5471
1 0.5397 0.5489
1 0.5394 0.5506
1 0.5391 0.5522
1 0.5387 0.5539
1 0.5383 0.5556
1 0.5378 0.5573
1 0.5374 0.5589
1 0.5368 0.5606
1 0.5362 0.5622
1 0.5356 0.5638
1 0.5349 0.5654
1 0.5342 0.5669
1 0.5334 0.5684
1 0.5326 0.5699
1 0.5318 0.5714
1 0.5309 0.5729
1 0.5299 0.5744
1 0.5290 0.5758
1 0.5279 0.5772
1 0.5269 0.5786
1 0.5258 0.5798
1 0.5246 0.5811
1 0.5235 0.5824
1 0.5223 0.5837
1 0.0434 1.0626
1 0.0422 1.0638
1 0.0409 1.0650
1 0.0396 1.0661
1 0.0382 1.0671
1 0.0369 1.0682
1 0.0355 1.0692
1 0.0341 1.0702
1 0.0326 1.0711
1 0.0312 1.0720
1 0.0297 1.0729
1 0.0282 1.0737
1 0.0266 1.0745
1 0.0250 1.0752
1 0.0235 1.0758
1 0.0219 1.0765
1 0.0202 1.0771
1 0.0186 1.0776
1 0.0170 1.0782
1 0.0154 1.0786
1 0.0137 1.0790
1 0.0120 1.0794
1 0.0102 1.0797
1 0.0086 1.0799
1 0.0069 1.0802
1 0.0051 1.0803
1 0.0034 1.0804
1 0.0018 1.0805
1 0.0000 1.0806
1 -0.0018 1.0805
1 -0.0034 1.0804
1 -0.0051 1.0803
1 -0.0069 1.0802
1 -0.0086 1.0799
1 -0.0102 1.0797
1 -0.0120 1.0794
1 -0.0137 1.0790
1 -0.0154 1.0786
1 -0.0170 1.0782
1 -0.0186 1.0776
1 -0.0202 1.0771
1 -0.0219 1.0765
1 -0.0235 1.0758
1 -0.0250 1.0752
1 -0.0266 1.0745
1 -0.0282 1.0737
1 -0.0297 1.0729
1 -0.0312 1.0720
1 -0.0326 1.0711
1 -0.0341 1.0702
1 -0.0355 1.0692
1 -0.0369 1.0682
1 -0.0382 1.0671
1 -0.0396 1.0661
1 -0.0409 1.0650
1 -0.0422 1.0638
1 -0.0434 1.0626
112 1250 197
0 -0.0340 1.0531
1 -0.5129 0.5742
1 -0.5139 0.5731
1 -0.5150 0.5719
1 -0.5160 0.5707
1 -0.5170 0.5695
1 -0.5179 0.5682
1 -0.5188 0.5670
1 -0.5197 0.5656
1 -0.5205 0.5643
1 -0.5213 0.5629
1 -0.5220 0.5615
1 -0.5226 0.5601
1 -0.5233 0.5586
1 -0.5238 0.5572
1 -0.5244 0.5557
1 -0.5249 0.5542
1 -0.5253 0.5527
1 -0.5257 0.5512
1 -0.5260 0.5496
1 -0.5263 0.5481
1 -0.5266 0.5466
1 -0.5267 0.5450
1 -0.5268 0.5434
1 -0.5269 0.5418
1 -0.5270 0.5402
1 -0.5269 0.5387
1 -0.5268 0.5371
1 -0.5267 0.5356
1 -0.5266 0.5340
1 -0.5263 0.5325
1 -0.5260 0.5309
1 -0.5257 0.5294
1 -0.5253 0.5278
1 -0.5249 0.5263
1 -0.5244 0.5248
1 -0.5238 0.5234
1 -0.5233 0.5219
1 -0.5226 0.5205
1 -0.5220 0.5190
1 -0.5213 0.5176
1 -0.5205 0.5162
1 -0.5197 0.5149
1 -0.5188 0.5136
1 -0.5179 0.5123
1 -0.5170 0.5110
1 -0.5160 0.5098
1 -0.5150 0.5086
1 -0.5139 0.5074
1 -0.5129 0.5063
1 -0.0340 0.0274
1 -0.0328 0.0263
1 -0.0317 0.0253
1 -0.0305 0.0242
1 -0.0293 0.0233
1 -0.0280 0.0223
1 -0.0267 0.0214
1 -0.0254 0.0206
1 -0.0240 0.0198
1 -0.0226 0.0190
1 -0.0213 0.0183
1 -0.0198 0.0176
1 -0.0184 0.0170
1 -0.0169 0.0164
1 -0.0154 0.0159
1 -0.0139 0.0154
1 -0.0124 0.0150
1 -0.0109 0.0146
1 -0.0094 0.0142
1 -0.0078 0.0140
1 -0.0062 0.0138
1 -0.0047 0.0136
1 -0.0031 0.0134
1 -0.0016 0.0134
1 0.0000 0.0134
1 0.0016 0.0134
1 0.0031 0.0134
1 0.0047 0.0136
1 0.0062 0.0138
1 0.0078 0.0140
1 0.0094 0.0142
1 0.0109 0.0146
1 0.0124 0.0150
1 0.0139 0.0154
1 0.0154 0.0159
1 0.0169 0.0164
1 0.0184 0.0170
1 0.0198 0.0176
1 0.0213 0.0183
1 0.0226 0.0190
1 0.0240 0.0198
1 0.0254 0.0206
1 0.0267 0.0214
1 0.0280 0.0223
1 0.0292 0.0233
1 0.0305 0.0242
1 0.0317 0.0253
1 0.0328 0.0263
1 0.0340 0.0274
1 0.5129 0.5063
1 0.5139 0.5074
1 0.5150 0.5086
1 0.5160 0.5098
1 0.5170 0.5110
1 0.5179 0.5123
1 0.5188 0.5136
1 0.5197 0.5149
1 0.5205 0.5162
1 0.5213 0.5176
1 0.5220 0.5190
1 0.5226 0.5205
1 0.5233 0.5219
1 0.5238 0.5234
1 0.5244 0.5248
1 0.5249 0.5263
1 0.5253 0.5278
1 0.5257 0.5294
1 0.5260 0.5309
1 0.5263 0.5325
1 0.5266 0.5340
1 0.5267 0.5356
1 0.5268 0.5371
1 0.5269 0.5387
1 0.5270 0.5402
1 0.5269 0.5418
1 0.5268 0.5434
1 0.5267 0.5450
1 0.5266 0.5466
1 0.5263 0.5481
1 0.5260 0.5496
1 0.5257 0.5512
1 0.5253 0.5527
1 0.5249 0.5542
1 0.5244 0.5557
1 0.5238 0.5572
1 0.5233 0.5586
1 0.5226 0.5601
1 0.5220 0.5615
1 0.5213 0.5629
1 0.5205 0.5643
1 0.5197 0.5656
1 0.5188 0.5670
1 0.5179 0.5682
1 0.5170 0.5695
1 0.5160 0.5707
1 0.5150 0.5719
1 0.5139 0.5731
1 0.5129 0.5742
1 0.0340 1.0531
1 0.0328 1.0542
1 0.0317 1.0553
1 0.0305 1.0563
1 0.0292 1.0573
1 0.0280 1.0582
1 0.0267 1.0591
1 0.0254 1.0599
1 0.0240 1.0608
1 0.0226 1.0615
1 0.0213 1.0622
1 0.0198 1.0630
1 0.0184 1.0635
1 0.0169 1.0642
1 0.0154 1.0646
1 0.0139 1.0651
1 0.0124 1.0656
1 0.0109 1.0659
1 0.0094 1.0662
1 0.0078 1.0666
1 0.0062 1.0668
1 0.0047 1.0670
1 0.0031 1.0671
1 0.0016 1.0672
1 0.0000 1.0672
1 -0.0016 1.0672
1 -0.0031 1.0671
1 -0.0047 1.0670
1 -0.0062 1.0668
1 -0.0078 1.0666
1 -0.0094 1.0662
1 -0.0109 1.0659
1 -0.0124 1.0656
1 -0.0139 1.0651
1 -0.0154 1.0646
1 -0.0169 1.0642
1 -0.0184 1.0635
1 -0.0198 1.0630
1 -0.0213 1.0622
1 -0.0226 1.0615
1 -0.0240 1.0608
1 -0.0254 1.0599
1 -0.0267 1.0591
1 -0.0280 1.0582
1 -0.0293 1.0573
1 -0.0305 1.0563
1 -0.0317 1.0553
1 -0.0328 1.0542
1 -0.0340 1.0531
112 1254 133
0 -0.4940 0.5554
1 -0.0151 1.0342
1 -0.0143 1.0350
1 -0.0135 1.0357
1 -0.0127 1.0363
1 -0.0118 1.0370
1 -0.0110 1.0375
1 -0.0101 1.0380
1 -0.0091 1.0385
1 -0.0082 1.0389
1 -0.0072 1.0393
1 -0.0062 1.0396
1 -0.0052 1.0399
1 -0.0042 1.0402
1 -0.0031 1.0403
1 -0.0021 1.0404
1 -0.0010 1.0405
1 0.0000 1.0406
1 0.0010 1.0405
1 0.0021 1.0404
1 0.0031 1.0403
1 0.0042 1.0402
1 0.0052 1.0399
1 0.0062 1.0396
1 0.0072 1.0393
1 0.0082 1.0389
1 0.0091 1.0385
1 0.0101 1.0380
1 0.0110 1.0375
1 0.0118 1.0370
1 0.0127 1.0363
1 0.0135 1.0357
1 0.0143 1.0350
1 0.0151 1.0342
1 0.4940 0.5554
1 0.4947 0.5546
1 0.4954 0.5538
1 0.4961 0.5530
1 0.4966 0.5522
1 0.4972 0.5513
1 0.4978 0.5503
1 0.4982 0.5494
1 0.4986 0.5485
1 0.4990 0.5474
1 0.4994 0.5465
1 0.4996 0.5454
1 0.4998 0.5444
1 0.5000 0.5434
1 0.5002 0.5424
1 0.5002 0.5413
1 0.5002 0.5402
1 0.5002 0.5392
1 0.5002 0.5382
1 0.5000 0.5371
1 0.4998 0.5361
1 0.4996 0.5350
1 0.4994 0.5341
1 0.4990 0.5330
1 0.4986 0.5321
1 0.4982 0.5311
1 0.4978 0.5302
1 0.4972 0.5293
1 0.4966 0.5284
1 0.4961 0.5275
1 0.4954 0.5267
1 0.4947 0.5259
1 0.4940 0.5251
1 0.0151 0.0462
1 0.0143 0.0455
1 0.0135 0.0449
1 0.0127 0.0442
1 0.0118 0.0436
1 0.0110 0.0430
1 0.0101 0.0426
1 0.0091 0.0421
1 0.0082 0.0416
1 0.0072 0.0413
1 0.0062 0.0409
1 0.0052 0.0406
1 0.0042 0.0404
1 0.0031 0.0402
1 0.0021 0.0401
1 0.0010 0.0400
1 0.0000 0.0400
1 -0.0010 0.0400
1 -0.0021 0.0401
1 -0.0031 0.0402
1 -0.0042 0.0404
1 -0.0052 0.0406
1 -0.0062 0.0409
1 -0.0072 0.0413
1 -0.0082 0.0416
1 -0.0091 0.0421
1 -0.0101 0.0426
1 -0.0110 0.0430
1 -0.0118 0.0436
1 -0.0127 0.0442
1 -0.0135 0.0449
1 -0.0143 0.0455
1 -0.0151 0.0462
1 -0.4940 0.5251
1 -0.4947 0.5259
1 -0.4954 0.5267
1 -0.4961 0.5275
1 -0.4966 0.5284
1 -0.4972 0.5293
1 -0.4978 0.5302
1 -0.4982 0.5311
1 -0.4986 0.5321
1 -0.4990 0.5330
1 -0.4994 0.5341
1 -0.4996 0.5350
1 -0.4998 0.5361
1 -0.5000 0.5371
1 -0.5002 0.5382
1 -0.5002 0.5392
1 -0.5002 0.5402
1 -0.5002 0.5413
1 -0.5002 0.5424
1 -0.5000 0.5434
1 -0.4998 0.5444
1 -0.4996 0.5454
1 -0.4994 0.5465
1 -0.4990 0.5474
1 -0.4986 0.5485
1 -0.4982 0.5494
1 -0.4978 0.5503
1 -0.4972 0.5513
1 -0.4966 0.5522
1 -0.4961 0.5530
1 -0.4954 0.5538
1 -0.4947 0.5546
1 -0.4940 0.5554
112 1250 239
0 -0.1280 0.4730
1 -0.1280 0.4710
1 -0.1279 0.4690
1 -0.1278 0.4670
1 -0.1276 0.4650
1 -0.1273 0.4630
1 -0.1270 0.4610
1 -0.1267 0.4591
1 -0.1263 0.4571
1 -0.1259 0.4551
1 -0.1254 0.4532
1 -0.1248 0.4513
1 -0.1242 0.4494
1 -0.1236 0.4475
1 -0.1229 0.4456
1 -0.1221 0.4437
1 -0.1213 0.4419
1 -0.1205 0.4401
1 -0.1196 0.4383
1 -0.1186 0.4365
1 -0.1177 0.4347
1 -0.1166 0.4330
1 -0.1155 0.4313
1 -0.1144 0.4297
1 -0.1132 0.4280
1 -0.1120 0.4264
1 -0.1108 0.4249
1 -0.1095 0.4233
1 -0.1082 0.4218
1 -0.1068 0.4204
1 -0.1054 0.4189
1 -0.1039 0.4176
1 -0.1025 0.4162
1 -0.1009 0.4149
1 -0.0994 0.4136
1 -0.0978 0.4124
1 -0.0962 0.4112
1 -0.0945 0.4101
1 -0.0929 0.4090
1 -0.0912 0.4079
1 -0.0894 0.4069
1 -0.0877 0.4059
1 -0.0859 0.4050
1 -0.0841 0.4041
1 -0.0822 0.4033
1 -0.0804 0.4025
1 -0.0785 0.4018
1 -0.0766 0.4011
1 -0.0747 0.4005
1 -0.0728 0.3999
1 -0.0709 0.3994
1 -0.0689 0.3989
1 -0.0670 0.3985
1 -0.0650 0.3982
1 -0.0630 0.3978
1 -0.0610 0.3976
1 -0.0590 0.3974
1 -0.0570 0.3972
1 -0.0550 0.3971
1 -0.0530 0.3970
1 -0.0510 0.3970
1 -0.0490 0.3971
1 -0.0470 0.3972
1 -0.0450 0.3974
1 -0.0430 0.3976
1 -0.0410 0.3978
1 -0.0390 0.3982
1 -0.0371 0.3985
1 -0.0351 0.3989
1 -0.0331 0.3994
1 -0.0312 0.3999
1 -0.0293 0.4005
1 -0.0274 0.4011
1 -0.0255 0.4018
1 -0.0236 0.4025
1 -0.0218 0.4033
1 -0.0199 0.4041
1 -0.0181 0.4050
1 -0.0163 0.4059
1 -0.0146 0.4069
1 -0.0128 0.4079
1 -0.0111 0.4090
1 -0.0095 0.4101
1 -0.0078 0.4112
1 -0.0062 0.4124
1 -0.0046 0.4136
1 -0.0031 0.4149
1 -0.0015 0.4162
1 -0.0001 0.4176
1 0.0014 0.4189
1 0.0028 0.4204
1 0.0042 0.4218
1 0.0055 0.4233
1 0.0068 0.4249
1 0.0080 0.4264
1 0.0092 0.4280
1 0.0104 0.4297
1 0.0115 0.4313
1 0.0126 0.4330
1 0.0136 0.4347
1 0.0146 0.4365
1 0.0156 0.4383
1 0.0165 0.4401
1 0.0173 0.4419
1 0.0181 0.4437
1 0.0189 0.4456
1 0.0196 0.4475
1 0.0202 0.4494
1 0.0208 0.4513
1 0.0214 0.4532
1 0.0219 0.4551
1 0.0223 0.4571
1 0.0227 0.4591
1 0.0230 0.4610
1 0.0233 0.4630
1 0.0236 0.4650
1 0.0238 0.4670
1 0.0239 0.4690
1 0.0240 0.4710
1 0.0240 0.4730
1 0.0240 0.4750
1 0.0239 0.4770
1 0.0238 0.4790
1 0.0236 0.4810
1 0.0233 0.4830
1 0.0230 0.4850
1 0.0227 0.4870
1 0.0223 0.4890
1 0.0219 0.4909
1 0.0214 0.4929
1 0.0208 0.4948
1 0.0202 0.4967
1 0.0196 0.4986
1 0.0189 0.5005
1 0.0181 0.5023
1 0.0173 0.5042
1 0.0165 0.5060
1 0.0156 0.5078
1 0.0146 0.5096
1 0.0136 0.5113
1 0.0126 0.5130
1 0.0115 0.5147
1 0.0104 0.5164
1 0.0092 0.5180
1 0.0080 0.5196
1 0.0068 0.5212
1 0.0055 0.5227
1 0.0042 0.5242
1 0.0028 0.5257
1 0.0014 0.5271
1 -0.0001 0.5285
1 -0.0015 0.5299
1 -0.0031 0.5312
1 -0.0046 0.5325
1 -0.0062 0.5337
1 -0.0078 0.5349
1 -0.0095 0.5360
1 -0.0111 0.5371
1 -0.0128 0.5382
1 -0.0146 0.5392
1 -0.0163 0.5401
1 -0.0181 0.5411
1 -0.0199 0.5419
1 -0.0218 0.5428
1 -0.0236 0.5435
1 -0.0255 0.5443
1 -0.0274 0.5449
1 -0.0293 0.5456
1 -0.0312 0.5461
1 -0.0331 0.5467
1 -0.0351 0.5471
1 -0.0371 0.5475
1 -0.0390 0.5479
1 -0.0410 0.5482
1 -0.0430 0.5485
1 -0.0450 0.5487
1 -0.0470 0.5489
1 -0.0490 0.5490
1 -0.0510 0.5490
1 -0.0530 0.5490
1 -0.0550 0.5490
1 -0.0570 0.5489
1 -0.0590 0.5487
1 -0.0610 0.5485
1 -0.0630 0.5482
1 -0.0650 0.5479
1 -0.0670 0.5475
1 -0.0689 0.5471
1 -0.0709 0.5467
1 -0.0728 0.5461
1 -0.0747 0.5456
1 -0.0766 0.5449
1 -0.0785 0.5443
1 -0.0804 0.5435
1 -0.0822 0.5428
1 -0.0841 0.5419
1 -0.0859 0.5411
1 -0.0877 0.5401
1 -0.0894 0.5392
1 -0.0912 0.5382
1 -0.0929 0.5371
1 -0.0945 0.5360
1 -0.0962 0.5349
1 -0.0978 0.5337
1 -0.0994 0.5325
1 -0.1009 0.5312
1 -0.1025 0.5299
1 -0.1039 0.5285
1 -0.1054 0.5271
1 -0.1068 0.5257
1 -0.1082 0.5242
1 -0.1095 0.5227
1 -0.1108 0.5212
1 -0.1120 0.5196
1 -0.1132 0.5180
1 -0.1144 0.5164
1 -0.1155 0.5147
1 -0.1166 0.5130
1 -0.1177 0.5113
1 -0.1186 0.5096
1 -0.1196 0.5078
1 -0.1205 0.5060
1 -0.1213 0.5042
1 -0.1221 0.5023
1 -0.1229 0.5005
1 -0.1236 0.4986
1 -0.1242 0.4967
1 -0.1248 0.4948
1 -0.1254 0.4929
1 -0.1259 0.4909
1 -0.1263 0.4890
1 -0.1267 0.4870
1 -0.1270 0.4850
1 -0.1273 0.4830
1 -0.1276 0.4810
1 -0.1278 0.4790
1 -0.1279 0.4770
1 -0.1280 0.4750
1 -0.1280 0.4730
112 1250 281
0 0.0000 0.6256
1 -0.1027 0.6256
1 -0.1767 0.5896
1 -0.1767 0.5669
1 -0.2087 0.5669
1 -0.2087 0.6163
1 -0.2220 0.6163
1 -0.2353 0.5669
1 -0.2593 0.5003
1 -0.3100 0.4776
1 -0.3100 0.4643
1 -0.2087 0.4643
1 -0.2087 0.5136
1 -0.1767 0.5136
1 -0.1767 0.4941
1 -0.1540 0.4749
1 -0.1413 0.4749
1 -0.1413 0.4749
1 -0.1412 0.4771
1 -0.1411 0.4793
1 -0.1409 0.4815
1 -0.1407 0.4836
1 -0.1404 0.4858
1 -0.1401 0.4879
1 -0.1397 0.4901
1 -0.1392 0.4922
1 -0.1388 0.4943
1 -0.1382 0.4965
1 -0.1376 0.4986
1 -0.1370 0.5006
1 -0.1363 0.5027
1 -0.1355 0.5047
1 -0.1347 0.5068
1 -0.1339 0.5088
1 -0.1330 0.5108
1 -0.1320 0.5127
1 -0.1310 0.5147
1 -0.1300 0.5166
1 -0.1289 0.5185
1 -0.1278 0.5203
1 -0.1266 0.5222
1 -0.1254 0.5240
1 -0.1241 0.5258
1 -0.1228 0.5275
1 -0.1215 0.5292
1 -0.1201 0.5309
1 -0.1186 0.5325
1 -0.1172 0.5341
1 -0.1157 0.5357
1 -0.1141 0.5373
1 -0.1125 0.5387
1 -0.1109 0.5402
1 -0.1092 0.5416
1 -0.1075 0.5430
1 -0.1058 0.5443
1 -0.1041 0.5456
1 -0.1023 0.5469
1 -0.1005 0.5481
1 -0.0986 0.5492
1 -0.0967 0.5504
1 -0.0948 0.5514
1 -0.0929 0.5524
1 -0.0910 0.5534
1 -0.0890 0.5543
1 -0.0870 0.5552
1 -0.0850 0.5561
1 -0.0830 0.5568
1 -0.0809 0.5576
1 -0.0788 0.5582
1 -0.0767 0.5589
1 -0.0746 0.5595
1 -0.0725 0.5600
1 -0.0704 0.5605
1 -0.0683 0.5609
1 -0.0661 0.5612
1 -0.0640 0.5616
1 -0.0618 0.5618
1 -0.0596 0.5620
1 -0.0574 0.5622
1 -0.0553 0.5623
1 -0.0531 0.5624
1 -0.0509 0.5624
1 -0.0487 0.5623
1 -0.0466 0.5622
1 -0.0444 0.5620
1 -0.0422 0.5618
1 -0.0400 0.5616
1 -0.0379 0.5612
1 -0.0357 0.5609
1 -0.0336 0.5605
1 -0.0315 0.5600
1 -0.0294 0.5595
1 -0.0273 0.5589
1 -0.0252 0.5582
1 -0.0231 0.5576
1 -0.0210 0.5568
1 -0.0190 0.5561
1 -0.0170 0.5552
1 -0.0150 0.5543
1 -0.0130 0.5534
1 -0.0111 0.5524
1 -0.0092 0.5514
1 -0.0073 0.5504
1 -0.0054 0.5492
1 -0.0035 0.5481
1 -0.0017 0.5469
1 0.0001 0.5456
1 0.0018 0.5443
1 0.0035 0.5430
1 0.0052 0.5416
1 0.0069 0.5402
1 0.0085 0.5387
1 0.0101 0.5373
1 0.0117 0.5357
1 0.0132 0.5341
1 0.0146 0.5325
1 0.0161 0.5309
1 0.0175 0.5292
1 0.0188 0.5275
1 0.0201 0.5258
1 0.0214 0.5240
1 0.0226 0.5222
1 0.0238 0.5203
1 0.0249 0.5185
1 0.0260 0.5166
1 0.0270 0.5147
1 0.0280 0.5127
1 0.0290 0.5108
1 0.0299 0.5088
1 0.0307 0.5068
1 0.0315 0.5047
1 0.0323 0.5027
1 0.0330 0.5006
1 0.0336 0.4986
1 0.0342 0.4965
1 0.0348 0.4943
1 0.0352 0.4922
1 0.0357 0.4901
1 0.0361 0.4879
1 0.0364 0.4858
1 0.0367 0.4836
1 0.0369 0.4815
1 0.0371 0.4793
1 0.0372 0.4771
1 0.0373 0.4749
1 0.0373 0.4749
1 0.0654 0.4749
1 0.0654 0.4749
1 0.0654 0.4771
1 0.0656 0.4793
1 0.0657 0.4815
1 0.0660 0.4836
1 0.0662 0.4858
1 0.0666 0.4879
1 0.0670 0.4901
1 0.0674 0.4922
1 0.0679 0.4943
1 0.0685 0.4965
1 0.0691 0.4986
1 0.0697 0.5006
1 0.0704 0.5027
1 0.0712 0.5047
1 0.0719 0.5068
1 0.0728 0.5088
1 0.0737 0.5108
1 0.0746 0.5127
1 0.0756 0.5147
1 0.0767 0.5166
1 0.0778 0.5185
1 0.0789 0.5203
1 0.0801 0.5222
1 0.0813 0.5240
1 0.0826 0.5258
1 0.0839 0.5275
1 0.0852 0.5292
1 0.0866 0.5309
1 0.0880 0.5325
1 0.0895 0.5341
1 0.0910 0.5357
1 0.0926 0.5373
1 0.0941 0.5387
1 0.0958 0.5402
1 0.0974 0.5416
1 0.0991 0.5430
1 0.1008 0.5443
1 0.1026 0.5456
1 0.1044 0.5469
1 0.1062 0.5481
1 0.1080 0.5492
1 0.1099 0.5504
1 0.1118 0.5514
1 0.1137 0.5524
1 0.1157 0.5534
1 0.1177 0.5543
1 0.1197 0.5552
1 0.1217 0.5561
1 0.1237 0.5568
1 0.1258 0.5576
1 0.1278 0.5582
1 0.1299 0.5589
1 0.1320 0.5595
1 0.1341 0.5600
1 0.1363 0.5605
1 0.1384 0.5609
1 0.1406 0.5612
1 0.1427 0.5616
1 0.1449 0.5618
1 0.1470 0.5620
1 0.1492 0.5622
1 0.1514 0.5623
1 0.1536 0.5624
1 0.1558 0.5624
1 0.1579 0.5623
1 0.1601 0.5622
1 0.1623 0.5620
1 0.1645 0.5618
1 0.1666 0.5616
1 0.1688 0.5612
1 0.1709 0.5609
1 0.1731 0.5605
1 0.1752 0.5600
1 0.1773 0.5595
1 0.1794 0.5589
1 0.1815 0.5582
1 0.1836 0.5576
1 0.1856 0.5568
1 0.1877 0.5561
1 0.1897 0.5552
1 0.1917 0.5543
1 0.1936 0.5534
1 0.1956 0.5524
1 0.1975 0.5514
1 0.1994 0.5504
1 0.2013 0.5492
1 0.2031 0.5481
1 0.2049 0.5469
1 0.2067 0.5456
1 0.2085 0.5443
1 0.2102 0.5430
1 0.2119 0.5416
1 0.2136 0.5402
1 0.2152 0.5387
1 0.2168 0.5373
1 0.2183 0.5357
1 0.2198 0.5341
1 0.2213 0.5325
1 0.2227 0.5309
1 0.2241 0.5292
1 0.2255 0.5275
1 0.2268 0.5258
1 0.2280 0.5240
1 0.2293 0.5222
1 0.2304 0.5203
1 0.2316 0.5185
1 0.2327 0.5166
1 0.2337 0.5147
1 0.2347 0.5127
1 0.2356 0.5108
1 0.2365 0.5088
1 0.2374 0.5068
1 0.2382 0.5047
1 0.2389 0.5027
1 0.2396 0.5006
1 0.2403 0.4986
1 0.2409 0.4965
1 0.2414 0.4943
1 0.2419 0.4922
1 0.2424 0.4901
1 0.2427 0.4879
1 0.2431 0.4858
1 0.2434 0.4836
1 0.2436 0.4815
1 0.2438 0.4793
1 0.2439 0.4771
1 0.2440 0.4749
1 0.2440 0.4749
1 0.2567 0.4749
1 0.2567 0.6256
1 0.1800 0.6256
1 0.1800 0.7376
1 0.0000 0.7376
112 1250 239
0 0.1089 0.5337
1 0.1105 0.5349
1 0.1121 0.5360
1 0.1138 0.5371
1 0.1155 0.5382
1 0.1172 0.5392
1 0.1190 0.5401
1 0.1208 0.5411
1 0.1226 0.5419
1 0.1244 0.5428
1 0.1263 0.5435
1 0.1281 0.5443
1 0.1300 0.5449
1 0.1319 0.5456
1 0.1339 0.5461
1 0.1358 0.5467
1 0.1378 0.5471
1 0.1397 0.5475
1 0.1417 0.5479
1 0.1437 0.5482
1 0.1457 0.5485
1 0.1477 0.5487
1 0.1497 0.5489
1 0.1517 0.5490
1 0.1537 0.5490
1 0.1557 0.5490
1 0.1577 0.5490
1 0.1597 0.5489
1 0.1617 0.5487
1 0.1637 0.5485
1 0.1657 0.5482
1 0.1676 0.5479
1 0.1696 0.5475
1 0.1716 0.5471
1 0.1735 0.5467
1 0.1755 0.5461
1 0.1774 0.5456
1 0.1793 0.5449
1 0.1812 0.5443
1 0.1831 0.5435
1 0.1849 0.5428
1 0.1867 0.5419
1 0.1885 0.5411
1 0.1903 0.5401
1 0.1921 0.5392
1 0.1938 0.5382
1 0.1955 0.5371
1 0.1972 0.5360
1 0.1988 0.5349
1 0.2005 0.5337
1 0.2021 0.5325
1 0.2036 0.5312
1 0.2051 0.5299
1 0.2066 0.5285
1 0.2081 0.5271
1 0.2095 0.5257
1 0.2108 0.5242
1 0.2122 0.5227
1 0.2135 0.5212
1 0.2147 0.5196
1 0.2159 0.5180
1 0.2171 0.5164
1 0.2182 0.5147
1 0.2193 0.5130
1 0.2203 0.5113
1 0.2213 0.5096
1 0.2222 0.5078
1 0.2231 0.5060
1 0.2240 0.5042
1 0.2248 0.5023
1 0.2255 0.5005
1 0.2262 0.4986
1 0.2269 0.4967
1 0.2275 0.4948
1 0.2280 0.4929
1 0.2285 0.4909
1 0.2290 0.4890
1 0.2294 0.4870
1 0.2297 0.4850
1 0.2300 0.4830
1 0.2302 0.4810
1 0.2304 0.4790
1 0.2306 0.4770
1 0.2306 0.4750
1 0.2307 0.4730
1 0.2306 0.4710
1 0.2306 0.4690
1 0.2304 0.4670
1 0.2302 0.4650
1 0.2300 0.4630
1 0.2297 0.4610
1 0.2294 0.4591
1 0.2290 0.4571
1 0.2285 0.4551
1 0.2280 0.4532
1 0.2275 0.4513
1 0.2269 0.4494
1 0.2262 0.4475
1 0.2255 0.4456
1 0.2248 0.4437
1 0.2240 0.4419
1 0.2231 0.4401
1 0.2222 0.4383
1 0.2213 0.4365
1 0.2203 0.4347
1 0.2193 0.4330
1 0.2182 0.4313
1 0.2171 0.4297
1 0.2159 0.4280
1 0.2147 0.4264
1 0.2135 0.4249
1 0.2122 0.4233
1 0.2108 0.4218
1 0.2095 0.4204
1 0.2081 0.4189
1 0.2066 0.4176
1 0.2051 0.4162
1 0.2036 0.4149
1 0.2021 0.4136
1 0.2005 0.4124
1 0.1988 0.4112
1 0.1972 0.4101
1 0.1955 0.4090
1 0.1938 0.4079
1 0.1921 0.4069
1 0.1903 0.4059
1 0.1885 0.4050
1 0.1867 0.4041
1 0.1849 0.4033
1 0.1831 0.4025
1 0.1812 0.4018
1 0.1793 0.4011
1 0.1774 0.4005
1 0.1755 0.3999
1 0.1735 0.3994
1 0.1716 0.3989
1 0.1696 0.3985
1 0.1676 0.3982
1 0.1657 0.3978
1 0.1637 0.3976
1 0.1617 0.3974
1 0.1597 0.3972
1 0.1577 0.3971
1 0.1557 0.3970
1 0.1537 0.3970
1 0.1517 0.3971
1 0.1497 0.3972
1 0.1477 0.3974
1 0.1457 0.3976
1 0.1437 0.3978
1 0.1417 0.3982
1 0.1397 0.3985
1 0.1378 0.3989
1 0.1358 0.3994
1 0.1339 0.3999
1 0.1319 0.4005
1 0.1300 0.4011
1 0.1281 0.4018
1 0.1263 0.4025
1 0.1244 0.4033
1 0.1226 0.4041
1 0.1208 0.4050
1 0.1190 0.4059
1 0.1172 0.4069
1 0.1155 0.4079
1 0.1138 0.4090
1 0.1121 0.4101
1 0.1105 0.4112
1 0.1089 0.4124
1 0.1073 0.4136
1 0.1057 0.4149
1 0.1042 0.4162
1 0.1027 0.4176
1 0.1013 0.4189
1 0.0999 0.4204
1 0.0985 0.4218
1 0.0972 0.4233
1 0.0959 0.4249
1 0.0946 0.4264
1 0.0934 0.4280
1 0.0923 0.4297
1 0.0911 0.4313
1 0.0900 0.4330
1 0.0890 0.4347
1 0.0880 0.4365
1 0.0871 0.4383
1 0.0862 0.4401
1 0.0853 0.4419
1 0.0845 0.4437
1 0.0838 0.4456
1 0.0831 0.4475
1 0.0824 0.4494
1 0.0818 0.4513
1 0.0813 0.4532
1 0.0808 0.4551
1 0.0804 0.4571
1 0.0800 0.4591
1 0.0796 0.4610
1 0.0793 0.4630
1 0.0791 0.4650
1 0.0789 0.4670
1 0.0788 0.4690
1 0.0787 0.4710
1 0.0787 0.4730
1 0.0787 0.4750
1 0.0788 0.4770
1 0.0789 0.4790
1 0.0791 0.4810
1 0.0793 0.4830
1 0.0796 0.4850
1 0.0800 0.4870
1 0.0804 0.4890
1 0.0808 0.4909
1 0.0813 0.4929
1 0.0818 0.4948
1 0.0824 0.4967
1 0.0831 0.4986
1 0.0838 0.5005
1 0.0845 0.5023
1 0.0853 0.5042
1 0.0862 0.5060
1 0.0871 0.5078
1 0.0880 0.5096
1 0.0890 0.5113
1 0.0900 0.5130
1 0.0911 0.5147
1 0.0923 0.5164
1 0.0934 0.5180
1 0.0946 0.5196
1 0.0959 0.5212
1 0.0972 0.5227
1 0.0985 0.5242
1 0.0999 0.5257
1 0.1013 0.5271
1 0.1027 0.5285
1 0.1042 0.5299
1 0.1057 0.5312
1 0.1073 0.5325
1 0.1089 0.5337
112 1254 156
0 0.1227 0.4730
1 0.1227 0.4717
1 0.1228 0.4704
1 0.1229 0.4691
1 0.1231 0.4678
1 0.1233 0.4666
1 0.1236 0.4653
1 0.1240 0.4640
1 0.1244 0.4628
1 0.1248 0.4615
1 0.1253 0.4603
1 0.1258 0.4592
1 0.1264 0.4580
1 0.1271 0.4568
1 0.1277 0.4557
1 0.1285 0.4547
1 0.1292 0.4536
1 0.1301 0.4526
1 0.1309 0.4516
1 0.1318 0.4506
1 0.1327 0.4497
1 0.1337 0.4489
1 0.1347 0.4480
1 0.1358 0.4472
1 0.1368 0.4465
1 0.1379 0.4458
1 0.1390 0.4451
1 0.1402 0.4445
1 0.1414 0.4439
1 0.1426 0.4434
1 0.1438 0.4429
1 0.1450 0.4425
1 0.1463 0.4422
1 0.1475 0.4418
1 0.1488 0.4416
1 0.1501 0.4414
1 0.1514 0.4412
1 0.1527 0.4411
1 0.1540 0.4410
1 0.1553 0.4410
1 0.1566 0.4411
1 0.1579 0.4412
1 0.1592 0.4414
1 0.1605 0.4416
1 0.1618 0.4418
1 0.1631 0.4422
1 0.1643 0.4425
1 0.1655 0.4429
1 0.1668 0.4434
1 0.1680 0.4439
1 0.1691 0.4445
1 0.1703 0.4451
1 0.1714 0.4458
1 0.1725 0.4465
1 0.1736 0.4472
1 0.1746 0.4480
1 0.1756 0.4489
1 0.1766 0.4497
1 0.1775 0.4506
1 0.1784 0.4516
1 0.1793 0.4526
1 0.1801 0.4536
1 0.1809 0.4547
1 0.1816 0.4557
1 0.1823 0.4568
1 0.1829 0.4580
1 0.1835 0.4592
1 0.1840 0.4603
1 0.1845 0.4615
1 0.1850 0.4628
1 0.1854 0.4640
1 0.1857 0.4653
1 0.1860 0.4666
1 0.1862 0.4678
1 0.1864 0.4691
1 0.1866 0.4704
1 0.1866 0.4717
1 0.1867 0.4730
1 0.1867 0.4730
1 0.1866 0.4743
1 0.1866 0.4756
1 0.1864 0.4769
1 0.1862 0.4782
1 0.1860 0.4795
1 0.1857 0.4808
1 0.1854 0.4820
1 0.1850 0.4833
1 0.1845 0.4845
1 0.1840 0.4857
1 0.1835 0.4869
1 0.1829 0.4881
1 0.1823 0.4892
1 0.1816 0.4903
1 0.1809 0.4914
1 0.1801 0.4925
1 0.1793 0.4935
1 0.1784 0.4945
1 0.1775 0.4954
1 0.1766 0.4963
1 0.1756 0.4972
1 0.1746 0.4981
1 0.1736 0.4988
1 0.1725 0.4996
1 0.1714 0.5003
1 0.1703 0.5010
1 0.1691 0.5016
1 0.1680 0.5021
1 0.1668 0.5027
1 0.1655 0.5031
1 0.1643 0.5035
1 0.1631 0.5039
1 0.1618 0.5042
1 0.1605 0.5045
1 0.1592 0.5047
1 0.1579 0.5049
1 0.1566 0.5050
1 0.1553 0.5050
1 0.1540 0.5050
1 0.1527 0.5050
1 0.1514 0.5049
1 0.1501 0.5047
1 0.1488 0.5045
1 0.1475 0.5042
1 0.1463 0.5039
1 0.1450 0.5035
1 0.1438 0.5031
1 0.1426 0.5027
1 0.1414 0.5021
1 0.1402 0.5016
1 0.1390 0.5010
1 0.1379 0.5003
1 0.1368 0.4996
1 0.1358 0.4988
1 0.1347 0.4981
1 0.1337 0.4972
1 0.1327 0.4963
1 0.1318 0.4954
1 0.1309 0.4945
1 0.1301 0.4935
1 0.1292 0.4925
1 0.1285 0.4914
1 0.1277 0.4903
1 0.1271 0.4892
1 0.1264 0.4881
1 0.1258 0.4869
1 0.1253 0.4857
1 0.1248 0.4845
1 0.1244 0.4833
1 0.1240 0.4820
1 0.1236 0.4808
1 0.1233 0.4795
1 0.1231 0.4782
1 0.1229 0.4769
1 0.1228 0.4756
1 0.1227 0.4743
1 0.1227 0.4730
112 1254 5
0 0.0227 0.6256
1 0.1080 0.6256
1 0.1080 0.7149
1 0.0227 0.7149
1 0.0227 0.6256
112 1254 155
0 -0.0840 0.4730
1 -0.0840 0.4717
1 -0.0839 0.4704
1 -0.0838 0.4691
1 -0.0836 0.4678
1 -0.0833 0.4666
1 -0.0830 0.4653
1 -0.0827 0.4640
1 -0.0823 0.4628
1 -0.0819 0.4615
1 -0.0814 0.4603
1 -0.0808 0.4592
1 -0.0802 0.4580
1 -0.0796 0.4568
1 -0.0789 0.4557
1 -0.0782 0.4547
1 -0.0774 0.4536
1 -0.0766 0.4526
1 -0.0758 0.4516
1 -0.0749 0.4506
1 -0.0739 0.4497
1 -0.0730 0.4489
1 -0.0720 0.4480
1 -0.0709 0.4472
1 -0.0698 0.4465
1 -0.0687 0.4458
1 -0.0676 0.4451
1 -0.0665 0.4445
1 -0.0653 0.4439
1 -0.0641 0.4434
1 -0.0629 0.4429
1 -0.0616 0.4425
1 -0.0604 0.4422
1 -0.0591 0.4418
1 -0.0578 0.4416
1 -0.0566 0.4414
1 -0.0553 0.4412
1 -0.0540 0.4411
1 -0.0527 0.4410
1 -0.0513 0.4410
1 -0.0500 0.4411
1 -0.0487 0.4412
1 -0.0474 0.4414
1 -0.0462 0.4416
1 -0.0449 0.4418
1 -0.0436 0.4422
1 -0.0424 0.4425
1 -0.0411 0.4429
1 -0.0399 0.4434
1 -0.0387 0.4439
1 -0.0375 0.4445
1 -0.0364 0.4451
1 -0.0353 0.4458
1 -0.0342 0.4465
1 -0.0331 0.4472
1 -0.0320 0.4480
1 -0.0310 0.4489
1 -0.0301 0.4497
1 -0.0291 0.4506
1 -0.0282 0.4516
1 -0.0274 0.4526
1 -0.0266 0.4536
1 -0.0258 0.4547
1 -0.0251 0.4557
1 -0.0244 0.4568
1 -0.0238 0.4580
1 -0.0232 0.4592
1 -0.0226 0.4603
1 -0.0221 0.4615
1 -0.0217 0.4628
1 -0.0213 0.4640
1 -0.0210 0.4653
1 -0.0207 0.4666
1 -0.0204 0.4678
1 -0.0202 0.4691
1 -0.0201 0.4704
1 -0.0200 0.4717
1 -0.0200 0.4730
1 -0.0200 0.4743
1 -0.0201 0.4756
1 -0.0202 0.4769
1 -0.0204 0.4782
1 -0.0207 0.4795
1 -0.0210 0.4808
1 -0.0213 0.4820
1 -0.0217 0.4833
1 -0.0221 0.4845
1 -0.0226 0.4857
1 -0.0232 0.4869
1 -0.0238 0.4881
1 -0.0244 0.4892
1 -0.0251 0.4903
1 -0.0258 0.4914
1 -0.0266 0.4925
1 -0.0274 0.4935
1 -0.0282 0.4945
1 -0.0291 0.4954
1 -0.0301 0.4963
1 -0.0310 0.4972
1 -0.0320 0.4981
1 -0.0331 0.4988
1 -0.0342 0.4996
1 -0.0353 0.5003
1 -0.0364 0.5010
1 -0.0375 0.5016
1 -0.0387 0.5021
1 -0.0399 0.5027
1 -0.0411 0.5031
1 -0.0424 0.5035
1 -0.0436 0.5039
1 -0.0449 0.5042
1 -0.0462 0.5045
1 -0.0474 0.5047
1 -0.0487 0.5049
1 -0.0500 0.5050
1 -0.0513 0.5050
1 -0.0527 0.5050
1 -0.0540 0.5050
1 -0.0553 0.5049
1 -0.0566 0.5047
1 -0.0578 0.5045
1 -0.0591 0.5042
1 -0.0604 0.5039
1 -0.0616 0.5035
1 -0.0629 0.5031
1 -0.0641 0.5027
1 -0.0653 0.5021
1 -0.0665 0.5016
1 -0.0676 0.5010
1 -0.0687 0.5003
1 -0.0698 0.4996
1 -0.0709 0.4988
1 -0.0720 0.4981
1 -0.0730 0.4972
1 -0.0739 0.4963
1 -0.0749 0.4954
1 -0.0758 0.4945
1 -0.0766 0.4935
1 -0.0774 0.4925
1 -0.0782 0.4914
1 -0.0789 0.4903
1 -0.0796 0.4892
1 -0.0802 0.4881
1 -0.0808 0.4869
1 -0.0814 0.4857
1 -0.0819 0.4845
1 -0.0823 0.4833
1 -0.0827 0.4820
1 -0.0830 0.4808
1 -0.0833 0.4795
1 -0.0836 0.4782
1 -0.0838 0.4769
1 -0.0839 0.4756
1 -0.0840 0.4743
1 -0.0840 0.4730
