SEcl_minusvalia
3328 3 1 1 0 0 0 0 0 0 1 1
1.000
112 1250 175
0 0.0205 0.0227
1 0.0200 0.0216
1 0.0194 0.0206
1 0.0187 0.0196
1 0.0180 0.0186
1 0.0173 0.0176
1 0.0165 0.0167
1 0.0157 0.0158
1 0.0148 0.0149
1 0.0139 0.0141
1 0.0129 0.0134
1 0.0119 0.0127
1 0.0109 0.0120
1 0.0099 0.0114
1 0.0088 0.0108
1 0.0077 0.0103
1 0.0065 0.0099
1 0.0054 0.0095
1 0.0042 0.0091
1 0.0030 0.0089
1 0.0019 0.0086
1 0.0007 0.0085
1 -0.0006 0.0084
1 -0.0018 0.0083
1 -0.0030 0.0083
1 -0.0042 0.0084
1 -0.0054 0.0085
1 -0.0066 0.0087
1 -0.0078 0.0090
1 -0.0090 0.0093
1 -0.0101 0.0096
1 -0.0113 0.0100
1 -0.0124 0.0105
1 -0.0135 0.0110
1 -0.0146 0.0116
1 -0.0156 0.0122
1 -0.0166 0.0129
1 -0.0176 0.0137
1 -0.0185 0.0144
1 -0.0194 0.0152
1 -0.0203 0.0161
1 -0.0211 0.0170
1 -0.0219 0.0180
1 -0.0226 0.0189
1 -0.0233 0.0199
1 -0.0239 0.0210
1 -0.0245 0.0221
1 -0.0250 0.0232
1 -0.0255 0.0243
1 -0.0259 0.0254
1 -0.0262 0.0266
1 -0.0265 0.0278
1 -0.0268 0.0290
1 -0.0270 0.0302
1 -0.0271 0.0314
1 -0.0271 0.0326
1 -0.0271 0.0338
1 -0.0271 0.0350
1 -0.0270 0.0362
1 -0.0268 0.0374
1 -0.0266 0.0386
1 -0.0263 0.0398
1 -0.0260 0.0410
1 -0.0256 0.0421
1 -0.0251 0.0432
1 -0.0246 0.0443
1 -0.0240 0.0454
1 -0.0234 0.0465
1 -0.0227 0.0475
1 -0.0220 0.0485
1 -0.0213 0.0494
1 -0.0205 0.0503
1 -0.0196 0.0512
1 -0.0187 0.0520
1 -0.0178 0.0528
1 -0.0168 0.0536
1 -0.0158 0.0542
1 -0.0148 0.0549
1 -0.0137 0.0555
1 -0.0126 0.0560
1 -0.0115 0.0565
1 -0.0115 0.0653
1 -0.0129 0.0649
1 -0.0142 0.0644
1 -0.0154 0.0639
1 -0.0167 0.0633
1 -0.0179 0.0627
1 -0.0191 0.0620
1 -0.0203 0.0613
1 -0.0215 0.0605
1 -0.0226 0.0597
1 -0.0236 0.0588
1 -0.0247 0.0579
1 -0.0257 0.0569
1 -0.0267 0.0559
1 -0.0276 0.0549
1 -0.0284 0.0538
1 -0.0293 0.0527
1 -0.0301 0.0516
1 -0.0308 0.0504
1 -0.0315 0.0492
1 -0.0321 0.0479
1 -0.0327 0.0467
1 -0.0332 0.0454
1 -0.0337 0.0441
1 -0.0341 0.0428
1 -0.0345 0.0414
1 -0.0348 0.0401
1 -0.0350 0.0387
1 -0.0352 0.0374
1 -0.0354 0.0360
1 -0.0355 0.0346
1 -0.0355 0.0332
1 -0.0355 0.0318
1 -0.0354 0.0304
1 -0.0352 0.0291
1 -0.0350 0.0277
1 -0.0348 0.0263
1 -0.0344 0.0250
1 -0.0341 0.0237
1 -0.0336 0.0223
1 -0.0331 0.0210
1 -0.0326 0.0198
1 -0.0320 0.0185
1 -0.0314 0.0173
1 -0.0307 0.0161
1 -0.0299 0.0149
1 -0.0292 0.0138
1 -0.0283 0.0127
1 -0.0274 0.0116
1 -0.0265 0.0106
1 -0.0256 0.0096
1 -0.0245 0.0086
1 -0.0235 0.0077
1 -0.0224 0.0068
1 -0.0213 0.0060
1 -0.0201 0.0053
1 -0.0190 0.0045
1 -0.0178 0.0039
1 -0.0165 0.0032
1 -0.0153 0.0027
1 -0.0140 0.0021
1 -0.0127 0.0017
1 -0.0113 0.0013
1 -0.0100 0.0009
1 -0.0086 0.0006
1 -0.0073 0.0004
1 -0.0059 0.0002
1 -0.0045 0.0001
1 -0.0031 -0.0000
1 -0.0018 -0.0000
1 -0.0004 -0.0000
1 0.0010 0.0001
1 0.0024 0.0003
1 0.0037 0.0005
1 0.0051 0.0008
1 0.0065 0.0011
1 0.0078 0.0015
1 0.0091 0.0019
1 0.0104 0.0024
1 0.0117 0.0030
1 0.0129 0.0036
1 0.0141 0.0042
1 0.0153 0.0049
1 0.0165 0.0057
1 0.0176 0.0065
1 0.0187 0.0073
1 0.0198 0.0082
1 0.0208 0.0092
1 0.0218 0.0101
1 0.0227 0.0111
1 0.0236 0.0122
1 0.0245 0.0133
1 0.0253 0.0144
1 0.0205 0.0227
112 1250 77
0 0.0065 0.0896
1 0.0064 0.0903
1 0.0063 0.0910
1 0.0062 0.0917
1 0.0060 0.0923
1 0.0058 0.0930
1 0.0054 0.0936
1 0.0051 0.0942
1 0.0047 0.0947
1 0.0042 0.0953
1 0.0038 0.0957
1 0.0032 0.0962
1 0.0027 0.0966
1 0.0021 0.0969
1 0.0015 0.0972
1 0.0008 0.0975
1 0.0002 0.0977
1 -0.0005 0.0978
1 -0.0012 0.0979
1 -0.0019 0.0980
1 -0.0026 0.0979
1 -0.0033 0.0978
1 -0.0039 0.0977
1 -0.0046 0.0975
1 -0.0052 0.0972
1 -0.0058 0.0969
1 -0.0064 0.0966
1 -0.0070 0.0962
1 -0.0075 0.0957
1 -0.0080 0.0953
1 -0.0085 0.0947
1 -0.0089 0.0942
1 -0.0092 0.0936
1 -0.0095 0.0930
1 -0.0098 0.0923
1 -0.0100 0.0917
1 -0.0101 0.0910
1 -0.0102 0.0903
1 -0.0102 0.0896
1 -0.0102 0.0889
1 -0.0101 0.0882
1 -0.0100 0.0876
1 -0.0098 0.0869
1 -0.0095 0.0863
1 -0.0092 0.0857
1 -0.0089 0.0851
1 -0.0085 0.0845
1 -0.0080 0.0840
1 -0.0075 0.0835
1 -0.0070 0.0830
1 -0.0064 0.0826
1 -0.0058 0.0823
1 -0.0052 0.0820
1 -0.0046 0.0817
1 -0.0039 0.0815
1 -0.0033 0.0814
1 -0.0026 0.0813
1 -0.0019 0.0813
1 -0.0012 0.0813
1 -0.0005 0.0814
1 0.0002 0.0815
1 0.0008 0.0817
1 0.0015 0.0820
1 0.0021 0.0823
1 0.0027 0.0826
1 0.0032 0.0830
1 0.0038 0.0835
1 0.0042 0.0840
1 0.0047 0.0845
1 0.0051 0.0851
1 0.0054 0.0857
1 0.0058 0.0863
1 0.0060 0.0869
1 0.0062 0.0876
1 0.0063 0.0882
1 0.0064 0.0889
1 0.0065 0.0896
112 1250 30
0 0.0336 0.0084
1 0.0168 0.0375
1 -0.0074 0.0375
1 -0.0074 0.0806
1 -0.0068 0.0803
1 -0.0061 0.0800
1 -0.0055 0.0797
1 -0.0048 0.0796
1 -0.0042 0.0794
1 -0.0035 0.0793
1 -0.0028 0.0792
1 -0.0022 0.0792
1 -0.0015 0.0792
1 -0.0008 0.0793
1 -0.0001 0.0794
1 0.0005 0.0796
1 0.0012 0.0798
1 0.0018 0.0800
1 0.0025 0.0803
1 0.0031 0.0806
1 0.0031 0.0729
1 0.0228 0.0729
1 0.0228 0.0625
1 0.0031 0.0625
1 0.0031 0.0479
1 0.0228 0.0479
1 0.0374 0.0227
1 0.0446 0.0268
1 0.0498 0.0178
1 0.0336 0.0084
