SEcl_PE-11
3321 11 1 1 0 0 0 0 0 0 1 1
1.000
112 1251 5
0 -0.7631 0.3000
1 -0.4181 0.0000
1 -0.6621 0.0000
1 -1.0071 0.3000
1 -0.7631 0.3000
112 1251 4
0 -1.1500 0.2121
1 -1.1500 0.2121
1 -1.1500 0.0000
1 -0.9060 0.0000
112 1251 4
0 1.1500 0.1213
1 0.9445 0.3000
1 1.1500 0.3000
1 1.1500 0.1213
112 1462 6
0 0.7006 0.3000
1 0.9445 0.3000
1 1.1500 0.1213
1 1.1500 0.0000
1 1.0456 0.0000
1 0.7006 0.3000
112 1462 6
0 -1.0071 0.3000
1 -0.6621 0.0000
1 -0.9060 0.0000
1 -1.1500 0.2121
1 -1.1500 0.3000
1 -1.0071 0.3000
112 1462 5
0 -0.7631 0.3000
1 -0.5192 0.3000
1 -0.1742 0.0000
1 -0.4181 0.0000
1 -0.7631 0.3000
112 1251 5
0 -0.5192 0.3000
1 -0.2752 0.3000
1 0.0698 0.0000
1 -0.1742 0.0000
1 -0.5192 0.3000
112 1462 5
0 -0.2752 0.3000
1 -0.0313 0.3000
1 0.3137 0.0000
1 0.0698 0.0000
1 -0.2752 0.3000
112 1251 5
0 -0.0313 0.3000
1 0.2127 0.3000
1 0.5577 0.0000
1 0.3137 0.0000
1 -0.0313 0.3000
112 1462 5
0 0.2127 0.3000
1 0.4566 0.3000
1 0.8016 0.0000
1 0.5577 0.0000
1 0.2127 0.3000
112 1251 5
0 0.4566 0.3000
1 0.7006 0.3000
1 1.0456 0.0000
1 0.8016 0.0000
1 0.4566 0.3000
