SEcl_PT-1
3323 7 1 1 0 0 0 0 0 0 1 1
1.0000
112 1253 229
 0 -0.0434 1.0626
 1 -0.5223 0.5837
 1 -0.5235 0.5824
 1 -0.5246 0.5811
 1 -0.5258 0.5798
 1 -0.5269 0.5786
 1 -0.5279 0.5772
 1 -0.5290 0.5758
 1 -0.5299 0.5744
 1 -0.5309 0.5729
 1 -0.5318 0.5714
 1 -0.5326 0.5699
 1 -0.5334 0.5684
 1 -0.5342 0.5669
 1 -0.5349 0.5654
 1 -0.5356 0.5638
 1 -0.5362 0.5622
 1 -0.5368 0.5606
 1 -0.5374 0.5589
 1 -0.5378 0.5573
 1 -0.5383 0.5556
 1 -0.5387 0.5539
 1 -0.5391 0.5522
 1 -0.5394 0.5506
 1 -0.5397 0.5489
 1 -0.5399 0.5471
 1 -0.5401 0.5454
 1 -0.5402 0.5437
 1 -0.5402 0.5420
 1 -0.5402 0.5402
 1 -0.5402 0.5386
 1 -0.5402 0.5368
 1 -0.5401 0.5351
 1 -0.5399 0.5334
 1 -0.5397 0.5317
 1 -0.5394 0.5300
 1 -0.5391 0.5283
 1 -0.5387 0.5266
 1 -0.5383 0.5250
 1 -0.5378 0.5233
 1 -0.5374 0.5216
 1 -0.5368 0.5200
 1 -0.5362 0.5184
 1 -0.5356 0.5168
 1 -0.5349 0.5152
 1 -0.5342 0.5137
 1 -0.5334 0.5121
 1 -0.5326 0.5106
 1 -0.5318 0.5091
 1 -0.5309 0.5076
 1 -0.5299 0.5062
 1 -0.5290 0.5047
 1 -0.5279 0.5034
 1 -0.5269 0.5020
 1 -0.5258 0.5006
 1 -0.5246 0.4994
 1 -0.5235 0.4981
 1 -0.5223 0.4969
 1 -0.0434 0.0180
 1 -0.0422 0.0168
 1 -0.0409 0.0156
 1 -0.0396 0.0145
 1 -0.0382 0.0134
 1 -0.0369 0.0123
 1 -0.0355 0.0113
 1 -0.0341 0.0103
 1 -0.0326 0.0094
 1 -0.0312 0.0085
 1 -0.0297 0.0077
 1 -0.0282 0.0069
 1 -0.0266 0.0061
 1 -0.0250 0.0054
 1 -0.0235 0.0046
 1 -0.0219 0.0040
 1 -0.0202 0.0034
 1 -0.0186 0.0029
 1 -0.0170 0.0024
 1 -0.0154 0.0019
 1 -0.0137 0.0015
 1 -0.0120 0.0012
 1 -0.0102 0.0009
 1 -0.0086 0.0006
 1 -0.0069 0.0004
 1 -0.0051 0.0002
 1 -0.0034 0.0001
 1 -0.0018 0.0000
 1 0.0000 0.0000
 1 0.0018 0.0000
 1 0.0034 0.0001
 1 0.0051 0.0002
 1 0.0069 0.0004
 1 0.0086 0.0006
 1 0.0102 0.0009
 1 0.0120 0.0012
 1 0.0137 0.0015
 1 0.0154 0.0019
 1 0.0170 0.0024
 1 0.0186 0.0029
 1 0.0202 0.0034
 1 0.0219 0.0040
 1 0.0235 0.0046
 1 0.0250 0.0054
 1 0.0266 0.0061
 1 0.0282 0.0069
 1 0.0297 0.0077
 1 0.0312 0.0085
 1 0.0326 0.0094
 1 0.0341 0.0103
 1 0.0355 0.0113
 1 0.0369 0.0123
 1 0.0382 0.0134
 1 0.0396 0.0145
 1 0.0409 0.0156
 1 0.0422 0.0168
 1 0.0434 0.0180
 1 0.5223 0.4969
 1 0.5235 0.4981
 1 0.5246 0.4994
 1 0.5258 0.5006
 1 0.5269 0.5020
 1 0.5279 0.5034
 1 0.5290 0.5047
 1 0.5299 0.5062
 1 0.5309 0.5076
 1 0.5318 0.5091
 1 0.5326 0.5106
 1 0.5334 0.5121
 1 0.5342 0.5137
 1 0.5349 0.5152
 1 0.5356 0.5168
 1 0.5362 0.5184
 1 0.5368 0.5200
 1 0.5374 0.5216
 1 0.5378 0.5233
 1 0.5383 0.5250
 1 0.5387 0.5266
 1 0.5391 0.5283
 1 0.5394 0.5300
 1 0.5397 0.5317
 1 0.5399 0.5334
 1 0.5401 0.5351
 1 0.5402 0.5368
 1 0.5402 0.5386
 1 0.5402 0.5402
 1 0.5402 0.5420
 1 0.5402 0.5437
 1 0.5401 0.5454
 1 0.5399 0.5471
 1 0.5397 0.5489
 1 0.5394 0.5506
 1 0.5391 0.5522
 1 0.5387 0.5539
 1 0.5383 0.5556
 1 0.5378 0.5573
 1 0.5374 0.5589
 1 0.5368 0.5606
 1 0.5362 0.5622
 1 0.5356 0.5638
 1 0.5349 0.5654
 1 0.5342 0.5669
 1 0.5334 0.5684
 1 0.5326 0.5699
 1 0.5318 0.5714
 1 0.5309 0.5729
 1 0.5299 0.5744
 1 0.5290 0.5758
 1 0.5279 0.5772
 1 0.5269 0.5786
 1 0.5258 0.5798
 1 0.5246 0.5811
 1 0.5235 0.5824
 1 0.5223 0.5837
 1 0.0434 1.0626
 1 0.0422 1.0638
 1 0.0409 1.0650
 1 0.0396 1.0661
 1 0.0382 1.0671
 1 0.0369 1.0682
 1 0.0355 1.0692
 1 0.0341 1.0702
 1 0.0326 1.0711
 1 0.0312 1.0720
 1 0.0297 1.0729
 1 0.0282 1.0737
 1 0.0266 1.0745
 1 0.0250 1.0752
 1 0.0235 1.0758
 1 0.0219 1.0765
 1 0.0202 1.0771
 1 0.0186 1.0776
 1 0.0170 1.0782
 1 0.0154 1.0786
 1 0.0137 1.0790
 1 0.0120 1.0794
 1 0.0102 1.0797
 1 0.0086 1.0799
 1 0.0069 1.0802
 1 0.0051 1.0803
 1 0.0034 1.0804
 1 0.0018 1.0805
 1 0.0000 1.0806
 1 -0.0018 1.0805
 1 -0.0034 1.0804
 1 -0.0051 1.0803
 1 -0.0069 1.0802
 1 -0.0086 1.0799
 1 -0.0102 1.0797
 1 -0.0120 1.0794
 1 -0.0137 1.0790
 1 -0.0154 1.0786
 1 -0.0170 1.0782
 1 -0.0186 1.0776
 1 -0.0202 1.0771
 1 -0.0219 1.0765
 1 -0.0235 1.0758
 1 -0.0250 1.0752
 1 -0.0266 1.0745
 1 -0.0282 1.0737
 1 -0.0297 1.0729
 1 -0.0312 1.0720
 1 -0.0326 1.0711
 1 -0.0341 1.0702
 1 -0.0355 1.0692
 1 -0.0369 1.0682
 1 -0.0382 1.0671
 1 -0.0396 1.0661
 1 -0.0409 1.0650
 1 -0.0422 1.0638
 1 -0.0434 1.0626
112 1250 197
 0 -0.0340 1.0531
 1 -0.5129 0.5742
 1 -0.5139 0.5731
 1 -0.5150 0.5719
 1 -0.5160 0.5707
 1 -0.5170 0.5695
 1 -0.5179 0.5682
 1 -0.5188 0.5670
 1 -0.5197 0.5656
 1 -0.5205 0.5643
 1 -0.5213 0.5629
 1 -0.5220 0.5615
 1 -0.5226 0.5601
 1 -0.5233 0.5586
 1 -0.5238 0.5572
 1 -0.5244 0.5557
 1 -0.5249 0.5542
 1 -0.5253 0.5527
 1 -0.5257 0.5512
 1 -0.5260 0.5496
 1 -0.5263 0.5481
 1 -0.5266 0.5466
 1 -0.5267 0.5450
 1 -0.5268 0.5434
 1 -0.5269 0.5418
 1 -0.5270 0.5402
 1 -0.5269 0.5387
 1 -0.5268 0.5371
 1 -0.5267 0.5356
 1 -0.5266 0.5340
 1 -0.5263 0.5325
 1 -0.5260 0.5309
 1 -0.5257 0.5294
 1 -0.5253 0.5278
 1 -0.5249 0.5263
 1 -0.5244 0.5248
 1 -0.5238 0.5234
 1 -0.5233 0.5219
 1 -0.5226 0.5205
 1 -0.5220 0.5190
 1 -0.5213 0.5176
 1 -0.5205 0.5162
 1 -0.5197 0.5149
 1 -0.5188 0.5136
 1 -0.5179 0.5123
 1 -0.5170 0.5110
 1 -0.5160 0.5098
 1 -0.5150 0.5086
 1 -0.5139 0.5074
 1 -0.5129 0.5063
 1 -0.0340 0.0274
 1 -0.0328 0.0263
 1 -0.0317 0.0253
 1 -0.0305 0.0242
 1 -0.0293 0.0233
 1 -0.0280 0.0223
 1 -0.0267 0.0214
 1 -0.0254 0.0206
 1 -0.0240 0.0198
 1 -0.0226 0.0190
 1 -0.0213 0.0183
 1 -0.0198 0.0176
 1 -0.0184 0.0170
 1 -0.0169 0.0164
 1 -0.0154 0.0159
 1 -0.0139 0.0154
 1 -0.0124 0.0150
 1 -0.0109 0.0146
 1 -0.0094 0.0142
 1 -0.0078 0.0140
 1 -0.0062 0.0138
 1 -0.0047 0.0136
 1 -0.0031 0.0134
 1 -0.0016 0.0134
 1 0.0000 0.0134
 1 0.0016 0.0134
 1 0.0031 0.0134
 1 0.0047 0.0136
 1 0.0062 0.0138
 1 0.0078 0.0140
 1 0.0094 0.0142
 1 0.0109 0.0146
 1 0.0124 0.0150
 1 0.0139 0.0154
 1 0.0154 0.0159
 1 0.0169 0.0164
 1 0.0184 0.0170
 1 0.0198 0.0176
 1 0.0213 0.0183
 1 0.0226 0.0190
 1 0.0240 0.0198
 1 0.0254 0.0206
 1 0.0267 0.0214
 1 0.0280 0.0223
 1 0.0292 0.0233
 1 0.0305 0.0242
 1 0.0317 0.0253
 1 0.0328 0.0263
 1 0.0340 0.0274
 1 0.5129 0.5063
 1 0.5139 0.5074
 1 0.5150 0.5086
 1 0.5160 0.5098
 1 0.5170 0.5110
 1 0.5179 0.5123
 1 0.5188 0.5136
 1 0.5197 0.5149
 1 0.5205 0.5162
 1 0.5213 0.5176
 1 0.5220 0.5190
 1 0.5226 0.5205
 1 0.5233 0.5219
 1 0.5238 0.5234
 1 0.5244 0.5248
 1 0.5249 0.5263
 1 0.5253 0.5278
 1 0.5257 0.5294
 1 0.5260 0.5309
 1 0.5263 0.5325
 1 0.5266 0.5340
 1 0.5267 0.5356
 1 0.5268 0.5371
 1 0.5269 0.5387
 1 0.5270 0.5402
 1 0.5269 0.5418
 1 0.5268 0.5434
 1 0.5267 0.5450
 1 0.5266 0.5466
 1 0.5263 0.5481
 1 0.5260 0.5496
 1 0.5257 0.5512
 1 0.5253 0.5527
 1 0.5249 0.5542
 1 0.5244 0.5557
 1 0.5238 0.5572
 1 0.5233 0.5586
 1 0.5226 0.5601
 1 0.5220 0.5615
 1 0.5213 0.5629
 1 0.5205 0.5643
 1 0.5197 0.5656
 1 0.5188 0.5670
 1 0.5179 0.5682
 1 0.5170 0.5695
 1 0.5160 0.5707
 1 0.5150 0.5719
 1 0.5139 0.5731
 1 0.5129 0.5742
 1 0.0340 1.0531
 1 0.0328 1.0542
 1 0.0317 1.0553
 1 0.0305 1.0563
 1 0.0292 1.0573
 1 0.0280 1.0582
 1 0.0267 1.0591
 1 0.0254 1.0599
 1 0.0240 1.0608
 1 0.0226 1.0615
 1 0.0213 1.0622
 1 0.0198 1.0630
 1 0.0184 1.0635
 1 0.0169 1.0642
 1 0.0154 1.0646
 1 0.0139 1.0651
 1 0.0124 1.0656
 1 0.0109 1.0659
 1 0.0094 1.0662
 1 0.0078 1.0666
 1 0.0062 1.0668
 1 0.0047 1.0670
 1 0.0031 1.0671
 1 0.0016 1.0672
 1 0.0000 1.0672
 1 -0.0016 1.0672
 1 -0.0031 1.0671
 1 -0.0047 1.0670
 1 -0.0062 1.0668
 1 -0.0078 1.0666
 1 -0.0094 1.0662
 1 -0.0109 1.0659
 1 -0.0124 1.0656
 1 -0.0139 1.0651
 1 -0.0154 1.0646
 1 -0.0169 1.0642
 1 -0.0184 1.0635
 1 -0.0198 1.0630
 1 -0.0213 1.0622
 1 -0.0226 1.0615
 1 -0.0240 1.0608
 1 -0.0254 1.0599
 1 -0.0267 1.0591
 1 -0.0280 1.0582
 1 -0.0293 1.0573
 1 -0.0305 1.0563
 1 -0.0317 1.0553
 1 -0.0328 1.0542
 1 -0.0340 1.0531
112 1253 133
 0 -0.4940 0.5554
 1 -0.0151 1.0342
 1 -0.0143 1.0350
 1 -0.0135 1.0357
 1 -0.0127 1.0363
 1 -0.0118 1.0370
 1 -0.0110 1.0375
 1 -0.0101 1.0380
 1 -0.0091 1.0385
 1 -0.0082 1.0389
 1 -0.0072 1.0393
 1 -0.0062 1.0396
 1 -0.0052 1.0399
 1 -0.0042 1.0402
 1 -0.0031 1.0403
 1 -0.0021 1.0404
 1 -0.0010 1.0405
 1 0.0000 1.0406
 1 0.0010 1.0405
 1 0.0021 1.0404
 1 0.0031 1.0403
 1 0.0042 1.0402
 1 0.0052 1.0399
 1 0.0062 1.0396
 1 0.0072 1.0393
 1 0.0082 1.0389
 1 0.0091 1.0385
 1 0.0101 1.0380
 1 0.0110 1.0375
 1 0.0118 1.0370
 1 0.0127 1.0363
 1 0.0135 1.0357
 1 0.0143 1.0350
 1 0.0151 1.0342
 1 0.4940 0.5554
 1 0.4947 0.5546
 1 0.4954 0.5538
 1 0.4961 0.5530
 1 0.4966 0.5522
 1 0.4972 0.5513
 1 0.4978 0.5503
 1 0.4982 0.5494
 1 0.4986 0.5485
 1 0.4990 0.5474
 1 0.4994 0.5465
 1 0.4996 0.5454
 1 0.4998 0.5444
 1 0.5000 0.5434
 1 0.5002 0.5424
 1 0.5002 0.5413
 1 0.5002 0.5402
 1 0.5002 0.5392
 1 0.5002 0.5382
 1 0.5000 0.5371
 1 0.4998 0.5361
 1 0.4996 0.5350
 1 0.4994 0.5341
 1 0.4990 0.5330
 1 0.4986 0.5321
 1 0.4982 0.5311
 1 0.4978 0.5302
 1 0.4972 0.5293
 1 0.4966 0.5284
 1 0.4961 0.5275
 1 0.4954 0.5267
 1 0.4947 0.5259
 1 0.4940 0.5251
 1 0.0151 0.0462
 1 0.0143 0.0455
 1 0.0135 0.0449
 1 0.0127 0.0442
 1 0.0118 0.0436
 1 0.0110 0.0430
 1 0.0101 0.0426
 1 0.0091 0.0421
 1 0.0082 0.0416
 1 0.0072 0.0413
 1 0.0062 0.0409
 1 0.0052 0.0406
 1 0.0042 0.0404
 1 0.0031 0.0402
 1 0.0021 0.0401
 1 0.0010 0.0400
 1 0.0000 0.0400
 1 -0.0010 0.0400
 1 -0.0021 0.0401
 1 -0.0031 0.0402
 1 -0.0042 0.0404
 1 -0.0052 0.0406
 1 -0.0062 0.0409
 1 -0.0072 0.0413
 1 -0.0082 0.0416
 1 -0.0091 0.0421
 1 -0.0101 0.0426
 1 -0.0110 0.0430
 1 -0.0118 0.0436
 1 -0.0127 0.0442
 1 -0.0135 0.0449
 1 -0.0143 0.0455
 1 -0.0151 0.0462
 1 -0.4940 0.5251
 1 -0.4947 0.5259
 1 -0.4954 0.5267
 1 -0.4961 0.5275
 1 -0.4966 0.5284
 1 -0.4972 0.5293
 1 -0.4978 0.5302
 1 -0.4982 0.5311
 1 -0.4986 0.5321
 1 -0.4990 0.5330
 1 -0.4994 0.5341
 1 -0.4996 0.5350
 1 -0.4998 0.5361
 1 -0.5000 0.5371
 1 -0.5002 0.5382
 1 -0.5002 0.5392
 1 -0.5002 0.5402
 1 -0.5002 0.5413
 1 -0.5002 0.5424
 1 -0.5000 0.5434
 1 -0.4998 0.5444
 1 -0.4996 0.5454
 1 -0.4994 0.5465
 1 -0.4990 0.5474
 1 -0.4986 0.5485
 1 -0.4982 0.5494
 1 -0.4978 0.5503
 1 -0.4972 0.5513
 1 -0.4966 0.5522
 1 -0.4961 0.5530
 1 -0.4954 0.5538
 1 -0.4947 0.5546
 1 -0.4940 0.5554
112 1250 229
 0 0.0582 0.7109
 1 0.0601 0.7106
 1 0.0620 0.7102
 1 0.0638 0.7100
 1 0.0658 0.7098
 1 0.0677 0.7097
 1 0.0696 0.7096
 1 0.0715 0.7096
 1 0.0734 0.7096
 1 0.0753 0.7097
 1 0.0772 0.7098
 1 0.0791 0.7100
 1 0.0810 0.7102
 1 0.0829 0.7106
 1 0.0848 0.7109
 1 0.0866 0.7113
 1 0.0885 0.7118
 1 0.0903 0.7122
 1 0.0922 0.7128
 1 0.0940 0.7134
 1 0.0958 0.7140
 1 0.0976 0.7147
 1 0.0994 0.7154
 1 0.1011 0.7162
 1 0.1028 0.7170
 1 0.1045 0.7179
 1 0.1062 0.7189
 1 0.1078 0.7198
 1 0.1094 0.7209
 1 0.1110 0.7219
 1 0.1126 0.7230
 1 0.1141 0.7242
 1 0.1156 0.7254
 1 0.1170 0.7266
 1 0.1185 0.7279
 1 0.1198 0.7292
 1 0.1212 0.7306
 1 0.1225 0.7320
 1 0.1238 0.7334
 1 0.1250 0.7349
 1 0.1262 0.7363
 1 0.1274 0.7378
 1 0.1285 0.7394
 1 0.1295 0.7410
 1 0.1306 0.7426
 1 0.1315 0.7442
 1 0.1325 0.7459
 1 0.1334 0.7476
 1 0.1342 0.7494
 1 0.1350 0.7511
 1 0.1358 0.7529
 1 0.1364 0.7546
 1 0.1370 0.7564
 1 0.1377 0.7582
 1 0.1382 0.7601
 1 0.1387 0.7619
 1 0.1391 0.7638
 1 0.1395 0.7657
 1 0.1399 0.7675
 1 0.1402 0.7694
 1 0.1404 0.7713
 1 0.1406 0.7732
 1 0.1407 0.7751
 1 0.1408 0.7770
 1 0.1408 0.7790
 1 0.1408 0.7809
 1 0.1407 0.7827
 1 0.1406 0.7846
 1 0.1404 0.7866
 1 0.1402 0.7885
 1 0.1399 0.7903
 1 0.1395 0.7922
 1 0.1391 0.7941
 1 0.1387 0.7959
 1 0.1382 0.7978
 1 0.1377 0.7996
 1 0.1370 0.8014
 1 0.1364 0.8033
 1 0.1358 0.8050
 1 0.1350 0.8068
 1 0.1342 0.8086
 1 0.1334 0.8102
 1 0.1325 0.8119
 1 0.1315 0.8136
 1 0.1306 0.8153
 1 0.1295 0.8169
 1 0.1285 0.8184
 1 0.1274 0.8200
 1 0.1262 0.8215
 1 0.1250 0.8230
 1 0.1238 0.8245
 1 0.1225 0.8259
 1 0.1212 0.8273
 1 0.1198 0.8286
 1 0.1185 0.8299
 1 0.1170 0.8312
 1 0.1156 0.8325
 1 0.1141 0.8337
 1 0.1126 0.8348
 1 0.1110 0.8359
 1 0.1094 0.8370
 1 0.1078 0.8380
 1 0.1062 0.8390
 1 0.1045 0.8399
 1 0.1028 0.8408
 1 0.1011 0.8416
 1 0.0994 0.8424
 1 0.0976 0.8432
 1 0.0958 0.8438
 1 0.0940 0.8445
 1 0.0922 0.8451
 1 0.0903 0.8457
 1 0.0885 0.8462
 1 0.0866 0.8466
 1 0.0848 0.8470
 1 0.0829 0.8474
 1 0.0810 0.8476
 1 0.0791 0.8478
 1 0.0772 0.8480
 1 0.0753 0.8482
 1 0.0734 0.8482
 1 0.0715 0.8482
 1 0.0696 0.8482
 1 0.0677 0.8482
 1 0.0658 0.8480
 1 0.0638 0.8478
 1 0.0620 0.8476
 1 0.0601 0.8474
 1 0.0582 0.8470
 1 0.0563 0.8466
 1 0.0545 0.8462
 1 0.0526 0.8457
 1 0.0508 0.8451
 1 0.0490 0.8445
 1 0.0472 0.8438
 1 0.0454 0.8432
 1 0.0437 0.8424
 1 0.0419 0.8416
 1 0.0402 0.8408
 1 0.0385 0.8399
 1 0.0368 0.8390
 1 0.0352 0.8380
 1 0.0336 0.8370
 1 0.0320 0.8359
 1 0.0304 0.8348
 1 0.0289 0.8337
 1 0.0274 0.8325
 1 0.0259 0.8312
 1 0.0246 0.8299
 1 0.0231 0.8286
 1 0.0218 0.8273
 1 0.0205 0.8259
 1 0.0192 0.8245
 1 0.0180 0.8230
 1 0.0168 0.8215
 1 0.0156 0.8200
 1 0.0145 0.8184
 1 0.0134 0.8169
 1 0.0124 0.8153
 1 0.0114 0.8136
 1 0.0105 0.8119
 1 0.0096 0.8102
 1 0.0088 0.8086
 1 0.0080 0.8068
 1 0.0073 0.8050
 1 0.0066 0.8033
 1 0.0059 0.8014
 1 0.0054 0.7996
 1 0.0048 0.7978
 1 0.0043 0.7959
 1 0.0038 0.7941
 1 0.0034 0.7922
 1 0.0031 0.7903
 1 0.0028 0.7885
 1 0.0026 0.7866
 1 0.0024 0.7846
 1 0.0022 0.7827
 1 0.0022 0.7809
 1 0.0022 0.7790
 1 0.0022 0.7770
 1 0.0022 0.7751
 1 0.0024 0.7732
 1 0.0026 0.7713
 1 0.0028 0.7694
 1 0.0031 0.7675
 1 0.0034 0.7657
 1 0.0038 0.7638
 1 0.0043 0.7619
 1 0.0048 0.7601
 1 0.0054 0.7582
 1 0.0059 0.7564
 1 0.0066 0.7546
 1 0.0073 0.7529
 1 0.0080 0.7511
 1 0.0088 0.7494
 1 0.0096 0.7476
 1 0.0105 0.7459
 1 0.0114 0.7442
 1 0.0124 0.7426
 1 0.0134 0.7410
 1 0.0145 0.7394
 1 0.0156 0.7378
 1 0.0168 0.7363
 1 0.0180 0.7349
 1 0.0192 0.7334
 1 0.0205 0.7320
 1 0.0218 0.7306
 1 0.0231 0.7292
 1 0.0246 0.7279
 1 0.0259 0.7266
 1 0.0274 0.7254
 1 0.0289 0.7242
 1 0.0304 0.7230
 1 0.0320 0.7219
 1 0.0336 0.7209
 1 0.0352 0.7198
 1 0.0368 0.7189
 1 0.0385 0.7179
 1 0.0402 0.7170
 1 0.0419 0.7162
 1 0.0437 0.7154
 1 0.0454 0.7147
 1 0.0472 0.7140
 1 0.0490 0.7134
 1 0.0508 0.7128
 1 0.0526 0.7122
 1 0.0545 0.7118
 1 0.0563 0.7113
 1 0.0582 0.7109
112 1250 396
 0 0.3836 0.4354
 1 0.1800 0.4899
 1 0.0700 0.6969
 1 0.0700 0.6969
 1 0.0693 0.6977
 1 0.0686 0.6985
 1 0.0678 0.6993
 1 0.0669 0.7000
 1 0.0661 0.7007
 1 0.0651 0.7014
 1 0.0642 0.7020
 1 0.0633 0.7026
 1 0.0623 0.7031
 1 0.0613 0.7036
 1 0.0603 0.7040
 1 0.0593 0.7044
 1 0.0582 0.7047
 1 0.0571 0.7050
 1 0.0560 0.7053
 1 0.0550 0.7054
 1 0.0538 0.7056
 1 0.0527 0.7057
 1 0.0516 0.7058
 1 0.0506 0.7058
 1 0.0494 0.7057
 1 0.0494 0.7057
 1 -0.1207 0.7057
 1 -0.1207 0.7057
 1 -0.1218 0.7056
 1 -0.1230 0.7054
 1 -0.1241 0.7052
 1 -0.1252 0.7050
 1 -0.1263 0.7046
 1 -0.1274 0.7043
 1 -0.1284 0.7038
 1 -0.1294 0.7034
 1 -0.1305 0.7030
 1 -0.1314 0.7024
 1 -0.1324 0.7018
 1 -0.1334 0.7011
 1 -0.1342 0.7005
 1 -0.1351 0.6998
 1 -0.1360 0.6990
 1 -0.1368 0.6982
 1 -0.1376 0.6974
 1 -0.1383 0.6966
 1 -0.1390 0.6957
 1 -0.1390 0.6957
 1 -0.2034 0.5926
 1 -0.2574 0.6071
 1 -0.2630 0.5866
 1 -0.2134 0.5732
 1 -0.2134 0.5732
 1 -0.2135 0.5720
 1 -0.2137 0.5708
 1 -0.2138 0.5696
 1 -0.2138 0.5684
 1 -0.2138 0.5671
 1 -0.2138 0.5659
 1 -0.2137 0.5647
 1 -0.2135 0.5635
 1 -0.2133 0.5623
 1 -0.2130 0.5611
 1 -0.2127 0.5599
 1 -0.2123 0.5588
 1 -0.2119 0.5576
 1 -0.2114 0.5565
 1 -0.2110 0.5554
 1 -0.2104 0.5543
 1 -0.2098 0.5533
 1 -0.2091 0.5522
 1 -0.2084 0.5513
 1 -0.2077 0.5503
 1 -0.2069 0.5494
 1 -0.2061 0.5485
 1 -0.2052 0.5476
 1 -0.2043 0.5468
 1 -0.2034 0.5460
 1 -0.2024 0.5453
 1 -0.2014 0.5446
 1 -0.2004 0.5439
 1 -0.1993 0.5433
 1 -0.1982 0.5427
 1 -0.1971 0.5422
 1 -0.1960 0.5418
 1 -0.1949 0.5413
 1 -0.1937 0.5410
 1 -0.1925 0.5406
 1 -0.1913 0.5404
 1 -0.1901 0.5402
 1 -0.1889 0.5400
 1 -0.1877 0.5399
 1 -0.1865 0.5398
 1 -0.1853 0.5398
 1 -0.1840 0.5399
 1 -0.1828 0.5400
 1 -0.1816 0.5402
 1 -0.1804 0.5404
 1 -0.1792 0.5406
 1 -0.1781 0.5410
 1 -0.1769 0.5413
 1 -0.1758 0.5418
 1 -0.1746 0.5422
 1 -0.1735 0.5427
 1 -0.1724 0.5433
 1 -0.1714 0.5438
 1 -0.1703 0.5446
 1 -0.1694 0.5452
 1 -0.1684 0.5460
 1 -0.1674 0.5467
 1 -0.1666 0.5476
 1 -0.1657 0.5484
 1 -0.1648 0.5494
 1 -0.1641 0.5502
 1 -0.1633 0.5512
 1 -0.1626 0.5522
 1 -0.1619 0.5533
 1 -0.1614 0.5543
 1 -0.1608 0.5554
 1 -0.1602 0.5565
 1 -0.1598 0.5576
 1 -0.1594 0.5588
 1 -0.1594 0.5588
 1 -0.1236 0.5492
 1 -0.1236 0.2056
 1 -0.1236 0.2056
 1 -0.1236 0.2043
 1 -0.1235 0.2030
 1 -0.1234 0.2018
 1 -0.1232 0.2006
 1 -0.1230 0.1993
 1 -0.1226 0.1981
 1 -0.1223 0.1969
 1 -0.1219 0.1957
 1 -0.1215 0.1945
 1 -0.1210 0.1933
 1 -0.1205 0.1922
 1 -0.1199 0.1910
 1 -0.1193 0.1899
 1 -0.1186 0.1888
 1 -0.1179 0.1878
 1 -0.1171 0.1868
 1 -0.1163 0.1858
 1 -0.1155 0.1848
 1 -0.1146 0.1839
 1 -0.1137 0.1830
 1 -0.1128 0.1822
 1 -0.1118 0.1814
 1 -0.1108 0.1806
 1 -0.1098 0.1799
 1 -0.1086 0.1793
 1 -0.1075 0.1786
 1 -0.1064 0.1781
 1 -0.1053 0.1775
 1 -0.1041 0.1770
 1 -0.1029 0.1766
 1 -0.1017 0.1762
 1 -0.1005 0.1758
 1 -0.0993 0.1756
 1 -0.0980 0.1754
 1 -0.0967 0.1752
 1 -0.0955 0.1750
 1 -0.0942 0.1750
 1 -0.0930 0.1750
 1 -0.0917 0.1750
 1 -0.0904 0.1750
 1 -0.0891 0.1752
 1 -0.0879 0.1754
 1 -0.0866 0.1756
 1 -0.0854 0.1758
 1 -0.0842 0.1762
 1 -0.0830 0.1766
 1 -0.0818 0.1770
 1 -0.0806 0.1775
 1 -0.0794 0.1781
 1 -0.0783 0.1786
 1 -0.0773 0.1793
 1 -0.0762 0.1799
 1 -0.0751 0.1806
 1 -0.0741 0.1814
 1 -0.0731 0.1822
 1 -0.0722 0.1830
 1 -0.0713 0.1839
 1 -0.0704 0.1848
 1 -0.0695 0.1858
 1 -0.0687 0.1868
 1 -0.0680 0.1878
 1 -0.0673 0.1888
 1 -0.0666 0.1899
 1 -0.0660 0.1910
 1 -0.0654 0.1922
 1 -0.0649 0.1933
 1 -0.0644 0.1945
 1 -0.0639 0.1957
 1 -0.0635 0.1969
 1 -0.0632 0.1981
 1 -0.0630 0.1993
 1 -0.0627 0.2006
 1 -0.0625 0.2018
 1 -0.0624 0.2030
 1 -0.0623 0.2043
 1 -0.0623 0.2056
 1 -0.0623 0.2056
 1 -0.0623 0.4706
 1 0.0082 0.4216
 1 -0.0154 0.3106
 1 -0.0154 0.3106
 1 -0.0157 0.3094
 1 -0.0158 0.3082
 1 -0.0160 0.3069
 1 -0.0161 0.3056
 1 -0.0161 0.3044
 1 -0.0161 0.3031
 1 -0.0160 0.3018
 1 -0.0159 0.3006
 1 -0.0157 0.2993
 1 -0.0154 0.2981
 1 -0.0152 0.2968
 1 -0.0149 0.2956
 1 -0.0145 0.2944
 1 -0.0141 0.2932
 1 -0.0136 0.2920
 1 -0.0130 0.2909
 1 -0.0125 0.2898
 1 -0.0118 0.2886
 1 -0.0112 0.2876
 1 -0.0105 0.2866
 1 -0.0097 0.2855
 1 -0.0089 0.2846
 1 -0.0081 0.2836
 1 -0.0072 0.2826
 1 -0.0062 0.2818
 1 -0.0054 0.2810
 1 -0.0043 0.2802
 1 -0.0034 0.2794
 1 -0.0023 0.2786
 1 -0.0012 0.2780
 1 -0.0001 0.2774
 1 0.0010 0.2768
 1 0.0022 0.2762
 1 0.0034 0.2758
 1 0.0046 0.2753
 1 0.0058 0.2749
 1 0.0070 0.2746
 1 0.0082 0.2742
 1 0.0094 0.2741
 1 0.0107 0.2738
 1 0.0119 0.2738
 1 0.0132 0.2736
 1 0.0145 0.2736
 1 0.0158 0.2736
 1 0.0170 0.2737
 1 0.0182 0.2738
 1 0.0195 0.2740
 1 0.0208 0.2742
 1 0.0220 0.2746
 1 0.0232 0.2749
 1 0.0244 0.2753
 1 0.0256 0.2757
 1 0.0268 0.2762
 1 0.0279 0.2767
 1 0.0290 0.2773
 1 0.0302 0.2779
 1 0.0313 0.2786
 1 0.0323 0.2793
 1 0.0334 0.2800
 1 0.0343 0.2808
 1 0.0353 0.2817
 1 0.0362 0.2826
 1 0.0370 0.2834
 1 0.0379 0.2844
 1 0.0387 0.2854
 1 0.0394 0.2864
 1 0.0402 0.2874
 1 0.0409 0.2885
 1 0.0415 0.2896
 1 0.0421 0.2907
 1 0.0426 0.2918
 1 0.0431 0.2930
 1 0.0435 0.2942
 1 0.0439 0.2954
 1 0.0442 0.2966
 1 0.0446 0.2979
 1 0.0446 0.2979
 1 0.0682 0.4089
 1 0.0682 0.4089
 1 0.0686 0.4105
 1 0.0690 0.4121
 1 0.0694 0.4137
 1 0.0697 0.4153
 1 0.0699 0.4170
 1 0.0702 0.4186
 1 0.0703 0.4202
 1 0.0705 0.4219
 1 0.0705 0.4236
 1 0.0705 0.4253
 1 0.0705 0.4270
 1 0.0704 0.4286
 1 0.0702 0.4302
 1 0.0701 0.4319
 1 0.0698 0.4335
 1 0.0695 0.4352
 1 0.0692 0.4368
 1 0.0688 0.4384
 1 0.0683 0.4400
 1 0.0678 0.4416
 1 0.0673 0.4432
 1 0.0667 0.4448
 1 0.0661 0.4463
 1 0.0654 0.4478
 1 0.0646 0.4493
 1 0.0639 0.4508
 1 0.0630 0.4522
 1 0.0622 0.4537
 1 0.0613 0.4550
 1 0.0603 0.4564
 1 0.0594 0.4578
 1 0.0583 0.4590
 1 0.0573 0.4603
 1 0.0562 0.4616
 1 0.0550 0.4628
 1 0.0538 0.4640
 1 0.0526 0.4651
 1 0.0514 0.4662
 1 0.0501 0.4673
 1 0.0487 0.4682
 1 0.0474 0.4693
 1 0.0460 0.4702
 1 0.0446 0.4711
 1 -0.0146 0.5122
 1 -0.0105 0.5189
 1 0.1198 0.4840
 1 0.1291 0.4664
 1 0.1297 0.4654
 1 0.1303 0.4643
 1 0.1310 0.4634
 1 0.1318 0.4624
 1 0.1326 0.4614
 1 0.1334 0.4606
 1 0.1342 0.4597
 1 0.1350 0.4588
 1 0.1360 0.4581
 1 0.1370 0.4573
 1 0.1379 0.4566
 1 0.1390 0.4559
 1 0.1400 0.4553
 1 0.1410 0.4547
 1 0.1421 0.4542
 1 0.1432 0.4538
 1 0.1443 0.4533
 1 0.1455 0.4529
 1 0.1466 0.4526
 1 0.1478 0.4523
 1 0.1490 0.4521
 1 0.1502 0.4519
 1 0.1514 0.4518
 1 0.1526 0.4517
 1 0.1538 0.4517
 1 0.1550 0.4517
 1 0.1562 0.4518
 1 0.1574 0.4519
 1 0.1586 0.4521
 1 0.1598 0.4523
 1 0.1610 0.4526
 1 0.1622 0.4530
 1 0.1634 0.4534
 1 0.1645 0.4538
 1 0.1656 0.4542
 1 0.1666 0.4548
 1 0.1678 0.4554
 1 0.1688 0.4560
 1 0.1698 0.4566
 1 0.1707 0.4574
 1 0.1717 0.4582
 1 0.1726 0.4590
 1 0.1735 0.4598
 1 0.1743 0.4606
 1 0.1751 0.4615
 1 0.1759 0.4625
 1 0.1766 0.4634
 1 0.1773 0.4645
 1 0.1779 0.4655
 1 0.1785 0.4666
 1 0.1790 0.4676
 1 0.1795 0.4687
 1 0.1800 0.4698
 1 0.1804 0.4710
 1 0.1807 0.4722
 1 0.1810 0.4734
 1 0.1813 0.4745
 1 0.1815 0.4757
 1 0.2241 0.4643
 1 0.2416 0.4154
 1 0.2815 0.4047
 1 0.3801 0.4225
 1 0.3836 0.4354
112 1253 5
 0 -0.1118 0.5681
 1 -0.1468 0.5775
 1 -0.1017 0.6497
 1 -0.0608 0.6497
 1 -0.1118 0.5681
112 1253 4
 0 0.0014 0.5378
 1 0.0498 0.6154
 1 0.1061 0.5098
 1 0.0014 0.5378
