SEcl_PE-12
3322 5 1 1 0 0 0 0 0 0 1 1
1.000
112 1253 229
0 -0.0542 1.3282
1 -0.6529 0.7296
1 -0.6544 0.7280
1 -0.6558 0.7264
1 -0.6572 0.7248
1 -0.6586 0.7232
1 -0.6599 0.7215
1 -0.6612 0.7197
1 -0.6624 0.7180
1 -0.6636 0.7161
1 -0.6647 0.7143
1 -0.6658 0.7124
1 -0.6668 0.7105
1 -0.6677 0.7086
1 -0.6686 0.7067
1 -0.6695 0.7047
1 -0.6703 0.7027
1 -0.6710 0.7007
1 -0.6717 0.6986
1 -0.6723 0.6966
1 -0.6729 0.6945
1 -0.6734 0.6924
1 -0.6739 0.6903
1 -0.6743 0.6882
1 -0.6746 0.6861
1 -0.6749 0.6839
1 -0.6751 0.6818
1 -0.6752 0.6796
1 -0.6753 0.6775
1 -0.6753 0.6753
1 -0.6753 0.6732
1 -0.6752 0.6710
1 -0.6751 0.6689
1 -0.6749 0.6667
1 -0.6746 0.6646
1 -0.6743 0.6625
1 -0.6739 0.6604
1 -0.6734 0.6583
1 -0.6729 0.6562
1 -0.6723 0.6541
1 -0.6717 0.6520
1 -0.6710 0.6500
1 -0.6703 0.6480
1 -0.6695 0.6460
1 -0.6686 0.6440
1 -0.6677 0.6421
1 -0.6668 0.6401
1 -0.6658 0.6382
1 -0.6647 0.6364
1 -0.6636 0.6345
1 -0.6624 0.6327
1 -0.6612 0.6309
1 -0.6599 0.6292
1 -0.6586 0.6275
1 -0.6572 0.6258
1 -0.6558 0.6242
1 -0.6544 0.6226
1 -0.6529 0.6211
1 -0.0542 0.0225
1 -0.0527 0.0210
1 -0.0511 0.0195
1 -0.0495 0.0181
1 -0.0478 0.0167
1 -0.0461 0.0154
1 -0.0444 0.0141
1 -0.0426 0.0129
1 -0.0408 0.0118
1 -0.0390 0.0106
1 -0.0371 0.0096
1 -0.0352 0.0086
1 -0.0333 0.0076
1 -0.0313 0.0067
1 -0.0294 0.0058
1 -0.0274 0.0050
1 -0.0253 0.0043
1 -0.0233 0.0036
1 -0.0212 0.0030
1 -0.0192 0.0024
1 -0.0171 0.0019
1 -0.0150 0.0015
1 -0.0128 0.0011
1 -0.0107 0.0008
1 -0.0086 0.0005
1 -0.0064 0.0003
1 -0.0043 0.0001
1 -0.0022 0.0000
1 0.0000 0.0000
1 0.0022 0.0000
1 0.0043 0.0001
1 0.0064 0.0003
1 0.0086 0.0005
1 0.0107 0.0008
1 0.0128 0.0011
1 0.0150 0.0015
1 0.0171 0.0019
1 0.0192 0.0024
1 0.0212 0.0030
1 0.0233 0.0036
1 0.0253 0.0043
1 0.0274 0.0050
1 0.0294 0.0058
1 0.0313 0.0067
1 0.0333 0.0076
1 0.0352 0.0086
1 0.0371 0.0096
1 0.0390 0.0106
1 0.0408 0.0118
1 0.0426 0.0129
1 0.0444 0.0141
1 0.0461 0.0154
1 0.0478 0.0167
1 0.0495 0.0181
1 0.0511 0.0195
1 0.0527 0.0210
1 0.0542 0.0225
1 0.6529 0.6211
1 0.6544 0.6226
1 0.6558 0.6242
1 0.6572 0.6258
1 0.6586 0.6275
1 0.6599 0.6292
1 0.6612 0.6309
1 0.6624 0.6327
1 0.6636 0.6345
1 0.6647 0.6364
1 0.6658 0.6382
1 0.6668 0.6401
1 0.6677 0.6421
1 0.6686 0.6440
1 0.6695 0.6460
1 0.6703 0.6480
1 0.6710 0.6500
1 0.6717 0.6520
1 0.6723 0.6541
1 0.6729 0.6562
1 0.6734 0.6583
1 0.6739 0.6604
1 0.6743 0.6625
1 0.6746 0.6646
1 0.6749 0.6667
1 0.6751 0.6689
1 0.6752 0.6710
1 0.6753 0.6732
1 0.6753 0.6753
1 0.6753 0.6775
1 0.6752 0.6796
1 0.6751 0.6818
1 0.6749 0.6839
1 0.6746 0.6861
1 0.6743 0.6882
1 0.6739 0.6903
1 0.6734 0.6924
1 0.6729 0.6945
1 0.6723 0.6966
1 0.6717 0.6986
1 0.6710 0.7007
1 0.6703 0.7027
1 0.6695 0.7047
1 0.6686 0.7067
1 0.6677 0.7086
1 0.6668 0.7105
1 0.6658 0.7124
1 0.6647 0.7143
1 0.6636 0.7161
1 0.6624 0.7180
1 0.6612 0.7197
1 0.6599 0.7215
1 0.6586 0.7232
1 0.6572 0.7248
1 0.6558 0.7264
1 0.6544 0.7280
1 0.6529 0.7296
1 0.0542 1.3282
1 0.0527 1.3297
1 0.0511 1.3312
1 0.0495 1.3326
1 0.0478 1.3339
1 0.0461 1.3353
1 0.0444 1.3365
1 0.0426 1.3377
1 0.0408 1.3389
1 0.0390 1.3400
1 0.0371 1.3411
1 0.0352 1.3421
1 0.0333 1.3431
1 0.0313 1.3440
1 0.0294 1.3448
1 0.0274 1.3456
1 0.0253 1.3464
1 0.0233 1.3470
1 0.0212 1.3477
1 0.0192 1.3482
1 0.0171 1.3487
1 0.0150 1.3492
1 0.0128 1.3496
1 0.0107 1.3499
1 0.0086 1.3502
1 0.0064 1.3504
1 0.0043 1.3505
1 0.0022 1.3506
1 0.0000 1.3507
1 -0.0022 1.3506
1 -0.0043 1.3505
1 -0.0064 1.3504
1 -0.0086 1.3502
1 -0.0107 1.3499
1 -0.0128 1.3496
1 -0.0150 1.3492
1 -0.0171 1.3487
1 -0.0192 1.3482
1 -0.0212 1.3477
1 -0.0233 1.3470
1 -0.0253 1.3464
1 -0.0274 1.3456
1 -0.0294 1.3448
1 -0.0313 1.3440
1 -0.0333 1.3431
1 -0.0352 1.3421
1 -0.0371 1.3411
1 -0.0390 1.3400
1 -0.0408 1.3389
1 -0.0426 1.3377
1 -0.0444 1.3365
1 -0.0461 1.3353
1 -0.0478 1.3339
1 -0.0495 1.3326
1 -0.0511 1.3312
1 -0.0527 1.3297
1 -0.0542 1.3282
112 1250 197
0 -0.0425 1.3164
1 -0.6411 0.7178
1 -0.6424 0.7164
1 -0.6438 0.7149
1 -0.6450 0.7134
1 -0.6463 0.7119
1 -0.6474 0.7103
1 -0.6485 0.7087
1 -0.6496 0.7070
1 -0.6506 0.7054
1 -0.6516 0.7036
1 -0.6525 0.7019
1 -0.6533 0.7001
1 -0.6541 0.6983
1 -0.6548 0.6965
1 -0.6555 0.6946
1 -0.6561 0.6928
1 -0.6566 0.6909
1 -0.6571 0.6890
1 -0.6575 0.6870
1 -0.6579 0.6851
1 -0.6582 0.6832
1 -0.6584 0.6812
1 -0.6585 0.6793
1 -0.6586 0.6773
1 -0.6587 0.6753
1 -0.6586 0.6734
1 -0.6585 0.6714
1 -0.6584 0.6695
1 -0.6582 0.6675
1 -0.6579 0.6656
1 -0.6575 0.6636
1 -0.6571 0.6617
1 -0.6566 0.6598
1 -0.6561 0.6579
1 -0.6555 0.6560
1 -0.6548 0.6542
1 -0.6541 0.6524
1 -0.6533 0.6506
1 -0.6525 0.6488
1 -0.6516 0.6470
1 -0.6506 0.6453
1 -0.6496 0.6436
1 -0.6485 0.6420
1 -0.6474 0.6404
1 -0.6463 0.6388
1 -0.6450 0.6372
1 -0.6438 0.6357
1 -0.6424 0.6343
1 -0.6411 0.6329
1 -0.0425 0.0343
1 -0.0410 0.0329
1 -0.0396 0.0316
1 -0.0381 0.0303
1 -0.0366 0.0291
1 -0.0350 0.0279
1 -0.0334 0.0268
1 -0.0317 0.0257
1 -0.0300 0.0247
1 -0.0283 0.0238
1 -0.0266 0.0229
1 -0.0248 0.0220
1 -0.0230 0.0212
1 -0.0211 0.0205
1 -0.0193 0.0199
1 -0.0174 0.0193
1 -0.0155 0.0187
1 -0.0136 0.0182
1 -0.0117 0.0178
1 -0.0098 0.0175
1 -0.0078 0.0172
1 -0.0059 0.0170
1 -0.0039 0.0168
1 -0.0020 0.0167
1 0.0000 0.0167
1 0.0020 0.0167
1 0.0039 0.0168
1 0.0059 0.0170
1 0.0078 0.0172
1 0.0098 0.0175
1 0.0117 0.0178
1 0.0136 0.0182
1 0.0155 0.0187
1 0.0174 0.0193
1 0.0193 0.0199
1 0.0211 0.0205
1 0.0230 0.0212
1 0.0248 0.0220
1 0.0266 0.0229
1 0.0283 0.0238
1 0.0300 0.0247
1 0.0317 0.0257
1 0.0334 0.0268
1 0.0350 0.0279
1 0.0365 0.0291
1 0.0381 0.0303
1 0.0396 0.0316
1 0.0410 0.0329
1 0.0425 0.0343
1 0.6411 0.6329
1 0.6424 0.6343
1 0.6438 0.6357
1 0.6450 0.6372
1 0.6463 0.6388
1 0.6474 0.6404
1 0.6485 0.6420
1 0.6496 0.6436
1 0.6506 0.6453
1 0.6516 0.6470
1 0.6525 0.6488
1 0.6533 0.6506
1 0.6541 0.6524
1 0.6548 0.6542
1 0.6555 0.6560
1 0.6561 0.6579
1 0.6566 0.6598
1 0.6571 0.6617
1 0.6575 0.6636
1 0.6579 0.6656
1 0.6582 0.6675
1 0.6584 0.6695
1 0.6585 0.6714
1 0.6586 0.6734
1 0.6587 0.6753
1 0.6586 0.6773
1 0.6585 0.6793
1 0.6584 0.6812
1 0.6582 0.6832
1 0.6579 0.6851
1 0.6575 0.6870
1 0.6571 0.6890
1 0.6566 0.6909
1 0.6561 0.6928
1 0.6555 0.6946
1 0.6548 0.6965
1 0.6541 0.6983
1 0.6533 0.7001
1 0.6525 0.7019
1 0.6516 0.7036
1 0.6506 0.7054
1 0.6496 0.7070
1 0.6485 0.7087
1 0.6474 0.7103
1 0.6463 0.7119
1 0.6450 0.7134
1 0.6438 0.7149
1 0.6424 0.7164
1 0.6411 0.7178
1 0.0425 1.3164
1 0.0410 1.3178
1 0.0396 1.3191
1 0.0381 1.3204
1 0.0365 1.3216
1 0.0350 1.3228
1 0.0334 1.3239
1 0.0317 1.3249
1 0.0300 1.3260
1 0.0283 1.3269
1 0.0266 1.3278
1 0.0248 1.3287
1 0.0230 1.3294
1 0.0211 1.3302
1 0.0193 1.3308
1 0.0174 1.3314
1 0.0155 1.3320
1 0.0136 1.3324
1 0.0117 1.3328
1 0.0098 1.3332
1 0.0078 1.3335
1 0.0059 1.3337
1 0.0039 1.3339
1 0.0020 1.3340
1 0.0000 1.3340
1 -0.0020 1.3340
1 -0.0039 1.3339
1 -0.0059 1.3337
1 -0.0078 1.3335
1 -0.0098 1.3332
1 -0.0117 1.3328
1 -0.0136 1.3324
1 -0.0155 1.3320
1 -0.0174 1.3314
1 -0.0193 1.3308
1 -0.0211 1.3302
1 -0.0230 1.3294
1 -0.0248 1.3287
1 -0.0266 1.3278
1 -0.0283 1.3269
1 -0.0300 1.3260
1 -0.0317 1.3249
1 -0.0334 1.3239
1 -0.0350 1.3228
1 -0.0366 1.3216
1 -0.0381 1.3204
1 -0.0396 1.3191
1 -0.0410 1.3178
1 -0.0425 1.3164
112 1253 133
0 -0.6175 0.6942
1 -0.0189 1.2928
1 -0.0179 1.2938
1 -0.0169 1.2946
1 -0.0159 1.2954
1 -0.0148 1.2962
1 -0.0137 1.2969
1 -0.0126 1.2975
1 -0.0114 1.2981
1 -0.0102 1.2986
1 -0.0090 1.2991
1 -0.0078 1.2995
1 -0.0065 1.2999
1 -0.0052 1.3002
1 -0.0039 1.3004
1 -0.0026 1.3005
1 -0.0013 1.3006
1 0.0000 1.3007
1 0.0013 1.3006
1 0.0026 1.3005
1 0.0039 1.3004
1 0.0052 1.3002
1 0.0065 1.2999
1 0.0078 1.2995
1 0.0090 1.2991
1 0.0102 1.2986
1 0.0114 1.2981
1 0.0126 1.2975
1 0.0137 1.2969
1 0.0148 1.2962
1 0.0159 1.2954
1 0.0169 1.2946
1 0.0179 1.2938
1 0.0189 1.2928
1 0.6175 0.6942
1 0.6184 0.6933
1 0.6193 0.6923
1 0.6201 0.6912
1 0.6208 0.6902
1 0.6215 0.6891
1 0.6222 0.6879
1 0.6228 0.6868
1 0.6233 0.6856
1 0.6238 0.6843
1 0.6242 0.6831
1 0.6245 0.6818
1 0.6248 0.6805
1 0.6250 0.6793
1 0.6252 0.6780
1 0.6253 0.6766
1 0.6253 0.6753
1 0.6253 0.6740
1 0.6252 0.6727
1 0.6250 0.6714
1 0.6248 0.6701
1 0.6245 0.6688
1 0.6242 0.6676
1 0.6238 0.6663
1 0.6233 0.6651
1 0.6228 0.6639
1 0.6222 0.6627
1 0.6215 0.6616
1 0.6208 0.6605
1 0.6201 0.6594
1 0.6193 0.6584
1 0.6184 0.6574
1 0.6175 0.6564
1 0.0189 0.0578
1 0.0179 0.0569
1 0.0169 0.0561
1 0.0159 0.0553
1 0.0148 0.0545
1 0.0137 0.0538
1 0.0126 0.0532
1 0.0114 0.0526
1 0.0102 0.0520
1 0.0090 0.0516
1 0.0078 0.0511
1 0.0065 0.0508
1 0.0052 0.0505
1 0.0039 0.0503
1 0.0026 0.0501
1 0.0013 0.0500
1 0.0000 0.0500
1 -0.0013 0.0500
1 -0.0026 0.0501
1 -0.0039 0.0503
1 -0.0052 0.0505
1 -0.0065 0.0508
1 -0.0078 0.0511
1 -0.0090 0.0516
1 -0.0102 0.0520
1 -0.0114 0.0526
1 -0.0126 0.0532
1 -0.0137 0.0538
1 -0.0148 0.0545
1 -0.0159 0.0553
1 -0.0169 0.0561
1 -0.0179 0.0569
1 -0.0189 0.0578
1 -0.6175 0.6564
1 -0.6184 0.6574
1 -0.6193 0.6584
1 -0.6201 0.6594
1 -0.6208 0.6605
1 -0.6215 0.6616
1 -0.6222 0.6627
1 -0.6228 0.6639
1 -0.6233 0.6651
1 -0.6238 0.6663
1 -0.6242 0.6676
1 -0.6245 0.6688
1 -0.6248 0.6701
1 -0.6250 0.6714
1 -0.6252 0.6727
1 -0.6253 0.6740
1 -0.6253 0.6753
1 -0.6253 0.6766
1 -0.6252 0.6780
1 -0.6250 0.6793
1 -0.6248 0.6805
1 -0.6245 0.6818
1 -0.6242 0.6831
1 -0.6238 0.6843
1 -0.6233 0.6856
1 -0.6228 0.6868
1 -0.6222 0.6879
1 -0.6215 0.6891
1 -0.6208 0.6902
1 -0.6201 0.6912
1 -0.6193 0.6923
1 -0.6184 0.6933
1 -0.6175 0.6942
112 1250 14
0 -0.0649 1.1259
1 -0.0492 1.1355
1 -0.0273 1.1412
1 0.0053 1.1455
1 0.0356 1.1412
1 0.0563 1.1351
1 0.0730 1.1259
1 0.0758 1.1091
1 0.0594 0.4878
1 0.0293 0.4777
1 -0.0252 0.4782
1 -0.0510 0.4878
1 -0.0687 1.1101
1 -0.0649 1.1259
112 1250 56
0 -0.0779 0.3034
1 -0.0779 0.3034
1 -0.0771 0.3142
1 -0.0748 0.3259
1 -0.0712 0.3378
1 -0.0666 0.3491
1 -0.0611 0.3590
1 -0.0552 0.3668
1 -0.0552 0.3668
1 -0.0479 0.3737
1 -0.0388 0.3800
1 -0.0284 0.3855
1 -0.0175 0.3897
1 -0.0068 0.3923
1 0.0029 0.3932
1 0.0029 0.3932
1 0.0126 0.3923
1 0.0232 0.3897
1 0.0340 0.3855
1 0.0441 0.3800
1 0.0530 0.3737
1 0.0601 0.3668
1 0.0601 0.3668
1 0.0662 0.3590
1 0.0719 0.3491
1 0.0768 0.3378
1 0.0806 0.3259
1 0.0829 0.3142
1 0.0838 0.3034
1 0.0838 0.3034
1 0.0829 0.2926
1 0.0806 0.2807
1 0.0768 0.2686
1 0.0719 0.2570
1 0.0662 0.2469
1 0.0601 0.2387
1 0.0601 0.2387
1 0.0530 0.2322
1 0.0441 0.2262
1 0.0340 0.2210
1 0.0232 0.2170
1 0.0126 0.2145
1 0.0029 0.2136
1 0.0029 0.2136
1 -0.0068 0.2145
1 -0.0175 0.2170
1 -0.0284 0.2210
1 -0.0388 0.2262
1 -0.0479 0.2322
1 -0.0552 0.2387
1 -0.0552 0.2387
1 -0.0611 0.2469
1 -0.0666 0.2570
1 -0.0712 0.2686
1 -0.0748 0.2807
1 -0.0771 0.2926
