SEcl_RPO-5a
3339 12 1 1 0 0 0 0 0 0 1 1
1.000
112 1251 213
0 -0.3150 1.1000
1 -0.3168 1.1000
1 -0.3186 1.0999
1 -0.3204 1.0998
1 -0.3222 1.0996
1 -0.3240 1.0993
1 -0.3258 1.0990
1 -0.3276 1.0987
1 -0.3294 1.0983
1 -0.3311 1.0978
1 -0.3329 1.0973
1 -0.3346 1.0967
1 -0.3363 1.0961
1 -0.3380 1.0954
1 -0.3396 1.0947
1 -0.3413 1.0939
1 -0.3429 1.0931
1 -0.3445 1.0923
1 -0.3460 1.0913
1 -0.3476 1.0904
1 -0.3491 1.0894
1 -0.3506 1.0883
1 -0.3520 1.0872
1 -0.3534 1.0861
1 -0.3548 1.0849
1 -0.3561 1.0837
1 -0.3574 1.0824
1 -0.3587 1.0811
1 -0.3599 1.0798
1 -0.3611 1.0784
1 -0.3622 1.0770
1 -0.3633 1.0756
1 -0.3644 1.0741
1 -0.3654 1.0726
1 -0.3663 1.0710
1 -0.3673 1.0695
1 -0.3681 1.0679
1 -0.3689 1.0663
1 -0.3697 1.0646
1 -0.3704 1.0630
1 -0.3711 1.0613
1 -0.3717 1.0596
1 -0.3723 1.0579
1 -0.3728 1.0561
1 -0.3733 1.0544
1 -0.3737 1.0526
1 -0.3740 1.0508
1 -0.3743 1.0490
1 -0.3746 1.0472
1 -0.3748 1.0454
1 -0.3749 1.0436
1 -0.3750 1.0418
1 -0.3750 1.0400
1 -0.3750 0.0600
1 -0.3750 0.0582
1 -0.3749 0.0564
1 -0.3748 0.0546
1 -0.3746 0.0528
1 -0.3743 0.0510
1 -0.3740 0.0492
1 -0.3737 0.0474
1 -0.3733 0.0456
1 -0.3728 0.0439
1 -0.3723 0.0421
1 -0.3717 0.0404
1 -0.3711 0.0387
1 -0.3704 0.0370
1 -0.3697 0.0354
1 -0.3689 0.0337
1 -0.3681 0.0321
1 -0.3673 0.0305
1 -0.3663 0.0290
1 -0.3654 0.0274
1 -0.3644 0.0259
1 -0.3633 0.0244
1 -0.3622 0.0230
1 -0.3611 0.0216
1 -0.3599 0.0202
1 -0.3587 0.0189
1 -0.3574 0.0176
1 -0.3561 0.0163
1 -0.3548 0.0151
1 -0.3534 0.0139
1 -0.3520 0.0128
1 -0.3506 0.0117
1 -0.3491 0.0106
1 -0.3476 0.0096
1 -0.3460 0.0087
1 -0.3445 0.0077
1 -0.3429 0.0069
1 -0.3413 0.0061
1 -0.3396 0.0053
1 -0.3380 0.0046
1 -0.3363 0.0039
1 -0.3346 0.0033
1 -0.3329 0.0027
1 -0.3311 0.0022
1 -0.3294 0.0017
1 -0.3276 0.0013
1 -0.3258 0.0010
1 -0.3240 0.0007
1 -0.3222 0.0004
1 -0.3204 0.0002
1 -0.3186 0.0001
1 -0.3168 0.0000
1 -0.3150 0.0000
1 0.3150 0.0000
1 0.3168 0.0000
1 0.3186 0.0001
1 0.3204 0.0002
1 0.3222 0.0004
1 0.3240 0.0007
1 0.3258 0.0010
1 0.3276 0.0013
1 0.3294 0.0017
1 0.3311 0.0022
1 0.3328 0.0027
1 0.3346 0.0033
1 0.3363 0.0039
1 0.3380 0.0046
1 0.3396 0.0053
1 0.3413 0.0061
1 0.3429 0.0069
1 0.3445 0.0077
1 0.3460 0.0087
1 0.3476 0.0096
1 0.3491 0.0106
1 0.3506 0.0117
1 0.3520 0.0128
1 0.3534 0.0139
1 0.3548 0.0151
1 0.3561 0.0163
1 0.3574 0.0176
1 0.3587 0.0189
1 0.3599 0.0202
1 0.3611 0.0216
1 0.3622 0.0230
1 0.3633 0.0244
1 0.3644 0.0259
1 0.3654 0.0274
1 0.3663 0.0290
1 0.3673 0.0305
1 0.3681 0.0321
1 0.3689 0.0337
1 0.3697 0.0354
1 0.3704 0.0370
1 0.3711 0.0387
1 0.3717 0.0404
1 0.3723 0.0421
1 0.3728 0.0439
1 0.3733 0.0456
1 0.3737 0.0474
1 0.3740 0.0492
1 0.3743 0.0510
1 0.3746 0.0528
1 0.3748 0.0546
1 0.3749 0.0564
1 0.3750 0.0582
1 0.3750 0.0600
1 0.3750 1.0400
1 0.3750 1.0418
1 0.3749 1.0436
1 0.3748 1.0454
1 0.3746 1.0472
1 0.3743 1.0490
1 0.3740 1.0508
1 0.3737 1.0526
1 0.3733 1.0544
1 0.3728 1.0561
1 0.3723 1.0579
1 0.3717 1.0596
1 0.3711 1.0613
1 0.3704 1.0630
1 0.3697 1.0646
1 0.3689 1.0663
1 0.3681 1.0679
1 0.3673 1.0695
1 0.3663 1.0710
1 0.3654 1.0726
1 0.3644 1.0741
1 0.3633 1.0756
1 0.3622 1.0770
1 0.3611 1.0784
1 0.3599 1.0798
1 0.3587 1.0811
1 0.3574 1.0824
1 0.3561 1.0837
1 0.3548 1.0849
1 0.3534 1.0861
1 0.3520 1.0872
1 0.3506 1.0883
1 0.3491 1.0894
1 0.3476 1.0904
1 0.3460 1.0913
1 0.3445 1.0923
1 0.3429 1.0931
1 0.3413 1.0939
1 0.3396 1.0947
1 0.3380 1.0954
1 0.3363 1.0961
1 0.3346 1.0967
1 0.3328 1.0973
1 0.3311 1.0978
1 0.3294 1.0983
1 0.3276 1.0987
1 0.3258 1.0990
1 0.3240 1.0993
1 0.3222 1.0996
1 0.3204 1.0998
1 0.3186 1.0999
1 0.3168 1.1000
1 0.3150 1.1000
1 -0.3150 1.1000
112 1250 181
0 -0.3150 1.0850
1 -0.3166 1.0850
1 -0.3182 1.0849
1 -0.3198 1.0847
1 -0.3214 1.0845
1 -0.3230 1.0843
1 -0.3246 1.0840
1 -0.3261 1.0836
1 -0.3277 1.0832
1 -0.3292 1.0827
1 -0.3307 1.0822
1 -0.3322 1.0816
1 -0.3337 1.0809
1 -0.3351 1.0802
1 -0.3366 1.0795
1 -0.3380 1.0787
1 -0.3393 1.0779
1 -0.3407 1.0770
1 -0.3420 1.0760
1 -0.3432 1.0750
1 -0.3445 1.0740
1 -0.3457 1.0729
1 -0.3468 1.0718
1 -0.3479 1.0707
1 -0.3490 1.0695
1 -0.3500 1.0682
1 -0.3510 1.0670
1 -0.3520 1.0657
1 -0.3529 1.0643
1 -0.3537 1.0630
1 -0.3545 1.0616
1 -0.3552 1.0601
1 -0.3559 1.0587
1 -0.3566 1.0572
1 -0.3572 1.0557
1 -0.3577 1.0542
1 -0.3582 1.0527
1 -0.3586 1.0511
1 -0.3590 1.0496
1 -0.3593 1.0480
1 -0.3595 1.0464
1 -0.3597 1.0448
1 -0.3599 1.0432
1 -0.3600 1.0416
1 -0.3600 1.0400
1 -0.3600 0.0600
1 -0.3600 0.0584
1 -0.3599 0.0568
1 -0.3597 0.0552
1 -0.3595 0.0536
1 -0.3593 0.0520
1 -0.3590 0.0504
1 -0.3586 0.0489
1 -0.3582 0.0473
1 -0.3577 0.0458
1 -0.3572 0.0443
1 -0.3566 0.0428
1 -0.3559 0.0413
1 -0.3552 0.0399
1 -0.3545 0.0384
1 -0.3537 0.0370
1 -0.3529 0.0357
1 -0.3520 0.0343
1 -0.3510 0.0330
1 -0.3500 0.0318
1 -0.3490 0.0305
1 -0.3479 0.0293
1 -0.3468 0.0282
1 -0.3457 0.0271
1 -0.3445 0.0260
1 -0.3432 0.0250
1 -0.3420 0.0240
1 -0.3407 0.0230
1 -0.3393 0.0221
1 -0.3380 0.0213
1 -0.3366 0.0205
1 -0.3351 0.0198
1 -0.3337 0.0191
1 -0.3322 0.0184
1 -0.3307 0.0178
1 -0.3292 0.0173
1 -0.3277 0.0168
1 -0.3261 0.0164
1 -0.3246 0.0160
1 -0.3230 0.0157
1 -0.3214 0.0155
1 -0.3198 0.0153
1 -0.3182 0.0151
1 -0.3166 0.0150
1 -0.3150 0.0150
1 0.3150 0.0150
1 0.3166 0.0150
1 0.3182 0.0151
1 0.3198 0.0153
1 0.3214 0.0155
1 0.3230 0.0157
1 0.3246 0.0160
1 0.3261 0.0164
1 0.3277 0.0168
1 0.3292 0.0173
1 0.3307 0.0178
1 0.3322 0.0184
1 0.3337 0.0191
1 0.3351 0.0198
1 0.3366 0.0205
1 0.3380 0.0213
1 0.3393 0.0221
1 0.3407 0.0230
1 0.3420 0.0240
1 0.3432 0.0250
1 0.3445 0.0260
1 0.3457 0.0271
1 0.3468 0.0282
1 0.3479 0.0293
1 0.3490 0.0305
1 0.3500 0.0318
1 0.3510 0.0330
1 0.3520 0.0343
1 0.3529 0.0357
1 0.3537 0.0370
1 0.3545 0.0384
1 0.3552 0.0399
1 0.3559 0.0413
1 0.3566 0.0428
1 0.3572 0.0443
1 0.3577 0.0458
1 0.3582 0.0473
1 0.3586 0.0489
1 0.3590 0.0504
1 0.3593 0.0520
1 0.3595 0.0536
1 0.3597 0.0552
1 0.3599 0.0568
1 0.3600 0.0584
1 0.3600 0.0600
1 0.3600 1.0400
1 0.3600 1.0416
1 0.3599 1.0432
1 0.3597 1.0448
1 0.3595 1.0464
1 0.3593 1.0480
1 0.3590 1.0496
1 0.3586 1.0511
1 0.3582 1.0527
1 0.3577 1.0542
1 0.3572 1.0557
1 0.3566 1.0572
1 0.3559 1.0587
1 0.3552 1.0601
1 0.3545 1.0616
1 0.3537 1.0630
1 0.3529 1.0643
1 0.3520 1.0657
1 0.3510 1.0670
1 0.3500 1.0682
1 0.3490 1.0695
1 0.3479 1.0707
1 0.3468 1.0718
1 0.3457 1.0729
1 0.3445 1.0740
1 0.3432 1.0750
1 0.3420 1.0760
1 0.3407 1.0770
1 0.3393 1.0779
1 0.3380 1.0787
1 0.3366 1.0795
1 0.3351 1.0802
1 0.3337 1.0809
1 0.3322 1.0816
1 0.3307 1.0822
1 0.3292 1.0827
1 0.3277 1.0832
1 0.3261 1.0836
1 0.3246 1.0840
1 0.3230 1.0843
1 0.3214 1.0845
1 0.3198 1.0847
1 0.3182 1.0849
1 0.3166 1.0850
1 0.3150 1.0850
1 -0.3150 1.0850
112 1251 112
0 0.3300 1.0400
1 0.3300 1.0409
1 0.3299 1.0418
1 0.3298 1.0427
1 0.3296 1.0436
1 0.3293 1.0445
1 0.3290 1.0453
1 0.3287 1.0462
1 0.3283 1.0470
1 0.3278 1.0478
1 0.3273 1.0485
1 0.3268 1.0493
1 0.3262 1.0499
1 0.3256 1.0506
1 0.3249 1.0512
1 0.3243 1.0518
1 0.3235 1.0523
1 0.3228 1.0528
1 0.3220 1.0533
1 0.3212 1.0537
1 0.3203 1.0540
1 0.3195 1.0543
1 0.3186 1.0546
1 0.3177 1.0548
1 0.3168 1.0549
1 0.3159 1.0550
1 0.3150 1.0550
1 0.3150 1.0550
1 -0.3150 1.0550
1 -0.3159 1.0550
1 -0.3168 1.0549
1 -0.3177 1.0548
1 -0.3186 1.0546
1 -0.3195 1.0543
1 -0.3203 1.0540
1 -0.3212 1.0537
1 -0.3220 1.0533
1 -0.3228 1.0528
1 -0.3235 1.0523
1 -0.3243 1.0518
1 -0.3249 1.0512
1 -0.3256 1.0506
1 -0.3262 1.0499
1 -0.3268 1.0493
1 -0.3273 1.0485
1 -0.3278 1.0478
1 -0.3283 1.0470
1 -0.3287 1.0462
1 -0.3290 1.0453
1 -0.3293 1.0445
1 -0.3296 1.0436
1 -0.3298 1.0427
1 -0.3299 1.0418
1 -0.3300 1.0409
1 -0.3300 1.0400
1 -0.3300 1.0400
1 -0.3300 0.0600
1 -0.3300 0.0591
1 -0.3299 0.0582
1 -0.3298 0.0573
1 -0.3296 0.0564
1 -0.3293 0.0555
1 -0.3290 0.0547
1 -0.3287 0.0538
1 -0.3283 0.0530
1 -0.3278 0.0522
1 -0.3273 0.0515
1 -0.3268 0.0507
1 -0.3262 0.0501
1 -0.3256 0.0494
1 -0.3249 0.0488
1 -0.3243 0.0482
1 -0.3235 0.0477
1 -0.3228 0.0472
1 -0.3220 0.0467
1 -0.3212 0.0463
1 -0.3203 0.0460
1 -0.3195 0.0457
1 -0.3186 0.0454
1 -0.3177 0.0452
1 -0.3168 0.0451
1 -0.3159 0.0450
1 -0.3150 0.0450
1 -0.3150 0.0450
1 0.3150 0.0450
1 0.3159 0.0450
1 0.3168 0.0451
1 0.3177 0.0452
1 0.3186 0.0454
1 0.3195 0.0457
1 0.3203 0.0460
1 0.3212 0.0463
1 0.3220 0.0467
1 0.3228 0.0472
1 0.3235 0.0477
1 0.3243 0.0482
1 0.3249 0.0488
1 0.3256 0.0494
1 0.3262 0.0501
1 0.3268 0.0507
1 0.3273 0.0515
1 0.3278 0.0522
1 0.3283 0.0530
1 0.3287 0.0538
1 0.3290 0.0547
1 0.3293 0.0555
1 0.3296 0.0564
1 0.3298 0.0573
1 0.3299 0.0582
1 0.3300 0.0591
1 0.3300 0.0600
1 0.3300 0.0600
112 1462 441
0 0.3000 0.7250
1 0.3000 0.7293
1 0.2999 0.7336
1 0.2997 0.7378
1 0.2995 0.7421
1 0.2993 0.7464
1 0.2989 0.7507
1 0.2985 0.7549
1 0.2981 0.7592
1 0.2975 0.7635
1 0.2970 0.7677
1 0.2963 0.7719
1 0.2956 0.7762
1 0.2949 0.7804
1 0.2940 0.7846
1 0.2932 0.7888
1 0.2922 0.7930
1 0.2912 0.7971
1 0.2902 0.8013
1 0.2890 0.8054
1 0.2879 0.8095
1 0.2866 0.8136
1 0.2853 0.8177
1 0.2840 0.8218
1 0.2826 0.8258
1 0.2811 0.8298
1 0.2796 0.8338
1 0.2780 0.8378
1 0.2764 0.8418
1 0.2747 0.8457
1 0.2729 0.8496
1 0.2711 0.8535
1 0.2692 0.8574
1 0.2673 0.8612
1 0.2653 0.8650
1 0.2633 0.8688
1 0.2612 0.8725
1 0.2591 0.8762
1 0.2569 0.8799
1 0.2547 0.8836
1 0.2524 0.8872
1 0.2501 0.8908
1 0.2477 0.8943
1 0.2452 0.8979
1 0.2427 0.9013
1 0.2402 0.9048
1 0.2376 0.9082
1 0.2349 0.9116
1 0.2323 0.9149
1 0.2295 0.9182
1 0.2267 0.9215
1 0.2239 0.9247
1 0.2210 0.9279
1 0.2181 0.9310
1 0.2152 0.9341
1 0.2121 0.9371
1 0.2091 0.9402
1 0.2060 0.9431
1 0.2029 0.9460
1 0.1997 0.9489
1 0.1965 0.9517
1 0.1932 0.9545
1 0.1899 0.9573
1 0.1866 0.9599
1 0.1832 0.9626
1 0.1798 0.9652
1 0.1763 0.9677
1 0.1729 0.9702
1 0.1693 0.9727
1 0.1658 0.9751
1 0.1622 0.9774
1 0.1586 0.9797
1 0.1549 0.9819
1 0.1512 0.9841
1 0.1475 0.9862
1 0.1438 0.9883
1 0.1400 0.9903
1 0.1362 0.9923
1 0.1324 0.9942
1 0.1285 0.9961
1 0.1246 0.9979
1 0.1207 0.9997
1 0.1168 1.0014
1 0.1128 1.0030
1 0.1088 1.0046
1 0.1048 1.0061
1 0.1008 1.0076
1 0.0968 1.0090
1 0.0927 1.0103
1 0.0886 1.0116
1 0.0845 1.0129
1 0.0804 1.0140
1 0.0763 1.0152
1 0.0721 1.0162
1 0.0680 1.0172
1 0.0638 1.0182
1 0.0596 1.0190
1 0.0554 1.0199
1 0.0512 1.0206
1 0.0469 1.0213
1 0.0427 1.0220
1 0.0385 1.0225
1 0.0342 1.0231
1 0.0299 1.0235
1 0.0257 1.0239
1 0.0214 1.0243
1 0.0171 1.0245
1 0.0128 1.0247
1 0.0086 1.0249
1 0.0043 1.0250
1 0.0000 1.0250
1 -0.0043 1.0250
1 -0.0086 1.0249
1 -0.0128 1.0247
1 -0.0171 1.0245
1 -0.0214 1.0243
1 -0.0257 1.0239
1 -0.0299 1.0235
1 -0.0342 1.0231
1 -0.0385 1.0225
1 -0.0427 1.0220
1 -0.0469 1.0213
1 -0.0512 1.0206
1 -0.0554 1.0199
1 -0.0596 1.0190
1 -0.0638 1.0182
1 -0.0680 1.0172
1 -0.0721 1.0162
1 -0.0763 1.0152
1 -0.0804 1.0140
1 -0.0845 1.0129
1 -0.0886 1.0116
1 -0.0927 1.0103
1 -0.0968 1.0090
1 -0.1008 1.0076
1 -0.1048 1.0061
1 -0.1088 1.0046
1 -0.1128 1.0030
1 -0.1168 1.0014
1 -0.1207 0.9997
1 -0.1246 0.9979
1 -0.1285 0.9961
1 -0.1324 0.9942
1 -0.1362 0.9923
1 -0.1400 0.9903
1 -0.1438 0.9883
1 -0.1475 0.9862
1 -0.1512 0.9841
1 -0.1549 0.9819
1 -0.1586 0.9797
1 -0.1622 0.9774
1 -0.1658 0.9751
1 -0.1693 0.9727
1 -0.1729 0.9702
1 -0.1763 0.9677
1 -0.1798 0.9652
1 -0.1832 0.9626
1 -0.1866 0.9599
1 -0.1899 0.9573
1 -0.1932 0.9545
1 -0.1965 0.9517
1 -0.1997 0.9489
1 -0.2029 0.9460
1 -0.2060 0.9431
1 -0.2091 0.9402
1 -0.2121 0.9371
1 -0.2152 0.9341
1 -0.2181 0.9310
1 -0.2210 0.9279
1 -0.2239 0.9247
1 -0.2267 0.9215
1 -0.2295 0.9182
1 -0.2323 0.9149
1 -0.2349 0.9116
1 -0.2376 0.9082
1 -0.2402 0.9048
1 -0.2427 0.9013
1 -0.2452 0.8979
1 -0.2477 0.8943
1 -0.2501 0.8908
1 -0.2524 0.8872
1 -0.2547 0.8836
1 -0.2569 0.8799
1 -0.2591 0.8762
1 -0.2612 0.8725
1 -0.2633 0.8688
1 -0.2653 0.8650
1 -0.2673 0.8612
1 -0.2692 0.8574
1 -0.2711 0.8535
1 -0.2729 0.8496
1 -0.2747 0.8457
1 -0.2764 0.8418
1 -0.2780 0.8378
1 -0.2796 0.8338
1 -0.2811 0.8298
1 -0.2826 0.8258
1 -0.2840 0.8218
1 -0.2853 0.8177
1 -0.2866 0.8136
1 -0.2879 0.8095
1 -0.2890 0.8054
1 -0.2902 0.8013
1 -0.2912 0.7971
1 -0.2922 0.7930
1 -0.2932 0.7888
1 -0.2940 0.7846
1 -0.2949 0.7804
1 -0.2956 0.7762
1 -0.2963 0.7719
1 -0.2970 0.7677
1 -0.2975 0.7635
1 -0.2981 0.7592
1 -0.2985 0.7549
1 -0.2989 0.7507
1 -0.2993 0.7464
1 -0.2995 0.7421
1 -0.2997 0.7378
1 -0.2999 0.7336
1 -0.3000 0.7293
1 -0.3000 0.7250
1 -0.3000 0.7207
1 -0.2999 0.7164
1 -0.2997 0.7122
1 -0.2995 0.7079
1 -0.2993 0.7036
1 -0.2989 0.6993
1 -0.2985 0.6951
1 -0.2981 0.6908
1 -0.2975 0.6865
1 -0.2970 0.6823
1 -0.2963 0.6781
1 -0.2956 0.6738
1 -0.2949 0.6696
1 -0.2940 0.6654
1 -0.2932 0.6612
1 -0.2922 0.6570
1 -0.2912 0.6529
1 -0.2902 0.6487
1 -0.2890 0.6446
1 -0.2879 0.6405
1 -0.2866 0.6364
1 -0.2853 0.6323
1 -0.2840 0.6282
1 -0.2826 0.6242
1 -0.2811 0.6202
1 -0.2796 0.6162
1 -0.2780 0.6122
1 -0.2764 0.6082
1 -0.2747 0.6043
1 -0.2729 0.6004
1 -0.2711 0.5965
1 -0.2692 0.5926
1 -0.2673 0.5888
1 -0.2653 0.5850
1 -0.2633 0.5812
1 -0.2612 0.5775
1 -0.2591 0.5738
1 -0.2569 0.5701
1 -0.2547 0.5664
1 -0.2524 0.5628
1 -0.2501 0.5592
1 -0.2477 0.5557
1 -0.2452 0.5521
1 -0.2427 0.5487
1 -0.2402 0.5452
1 -0.2376 0.5418
1 -0.2349 0.5384
1 -0.2323 0.5351
1 -0.2295 0.5318
1 -0.2267 0.5285
1 -0.2239 0.5253
1 -0.2210 0.5221
1 -0.2181 0.5190
1 -0.2152 0.5159
1 -0.2121 0.5129
1 -0.2091 0.5098
1 -0.2060 0.5069
1 -0.2029 0.5040
1 -0.1997 0.5011
1 -0.1965 0.4983
1 -0.1932 0.4955
1 -0.1899 0.4927
1 -0.1866 0.4901
1 -0.1832 0.4874
1 -0.1798 0.4848
1 -0.1763 0.4823
1 -0.1729 0.4798
1 -0.1693 0.4773
1 -0.1658 0.4749
1 -0.1622 0.4726
1 -0.1586 0.4703
1 -0.1549 0.4681
1 -0.1512 0.4659
1 -0.1475 0.4638
1 -0.1438 0.4617
1 -0.1400 0.4597
1 -0.1362 0.4577
1 -0.1324 0.4558
1 -0.1285 0.4539
1 -0.1246 0.4521
1 -0.1207 0.4503
1 -0.1168 0.4486
1 -0.1128 0.4470
1 -0.1088 0.4454
1 -0.1048 0.4439
1 -0.1008 0.4424
1 -0.0968 0.4410
1 -0.0927 0.4397
1 -0.0886 0.4384
1 -0.0845 0.4371
1 -0.0804 0.4360
1 -0.0763 0.4348
1 -0.0721 0.4338
1 -0.0680 0.4328
1 -0.0638 0.4318
1 -0.0596 0.4310
1 -0.0554 0.4301
1 -0.0512 0.4294
1 -0.0469 0.4287
1 -0.0427 0.4280
1 -0.0385 0.4275
1 -0.0342 0.4269
1 -0.0299 0.4265
1 -0.0257 0.4261
1 -0.0214 0.4257
1 -0.0171 0.4255
1 -0.0128 0.4253
1 -0.0086 0.4251
1 -0.0043 0.4250
1 0.0000 0.4250
1 0.0043 0.4250
1 0.0086 0.4251
1 0.0128 0.4253
1 0.0171 0.4255
1 0.0214 0.4257
1 0.0257 0.4261
1 0.0299 0.4265
1 0.0342 0.4269
1 0.0385 0.4275
1 0.0427 0.4280
1 0.0469 0.4287
1 0.0512 0.4294
1 0.0554 0.4301
1 0.0596 0.4310
1 0.0638 0.4318
1 0.0680 0.4328
1 0.0721 0.4338
1 0.0763 0.4348
1 0.0804 0.4360
1 0.0845 0.4371
1 0.0886 0.4384
1 0.0927 0.4397
1 0.0968 0.4410
1 0.1008 0.4424
1 0.1048 0.4439
1 0.1088 0.4454
1 0.1128 0.4470
1 0.1168 0.4486
1 0.1207 0.4503
1 0.1246 0.4521
1 0.1285 0.4539
1 0.1324 0.4558
1 0.1362 0.4577
1 0.1400 0.4597
1 0.1438 0.4617
1 0.1475 0.4638
1 0.1512 0.4659
1 0.1549 0.4681
1 0.1586 0.4703
1 0.1622 0.4726
1 0.1658 0.4749
1 0.1693 0.4773
1 0.1729 0.4798
1 0.1763 0.4823
1 0.1798 0.4848
1 0.1832 0.4874
1 0.1866 0.4901
1 0.1899 0.4927
1 0.1932 0.4955
1 0.1965 0.4983
1 0.1997 0.5011
1 0.2029 0.5040
1 0.2060 0.5069
1 0.2091 0.5098
1 0.2121 0.5129
1 0.2152 0.5159
1 0.2181 0.5190
1 0.2210 0.5221
1 0.2239 0.5253
1 0.2267 0.5285
1 0.2295 0.5318
1 0.2323 0.5351
1 0.2349 0.5384
1 0.2376 0.5418
1 0.2402 0.5452
1 0.2427 0.5487
1 0.2452 0.5521
1 0.2477 0.5557
1 0.2501 0.5592
1 0.2524 0.5628
1 0.2547 0.5664
1 0.2569 0.5701
1 0.2591 0.5738
1 0.2612 0.5775
1 0.2633 0.5812
1 0.2653 0.5850
1 0.2673 0.5888
1 0.2692 0.5926
1 0.2711 0.5965
1 0.2729 0.6004
1 0.2747 0.6043
1 0.2764 0.6082
1 0.2780 0.6122
1 0.2796 0.6162
1 0.2811 0.6202
1 0.2826 0.6242
1 0.2840 0.6282
1 0.2853 0.6323
1 0.2866 0.6364
1 0.2879 0.6405
1 0.2890 0.6446
1 0.2902 0.6487
1 0.2912 0.6529
1 0.2922 0.6570
1 0.2932 0.6612
1 0.2940 0.6654
1 0.2949 0.6696
1 0.2956 0.6738
1 0.2963 0.6781
1 0.2970 0.6823
1 0.2975 0.6865
1 0.2981 0.6908
1 0.2985 0.6951
1 0.2989 0.6993
1 0.2993 0.7036
1 0.2995 0.7079
1 0.2997 0.7122
1 0.2999 0.7164
1 0.3000 0.7207
1 0.3000 0.7250
112 1251 355
0 0.1810 0.5864
1 0.1833 0.5894
1 0.1855 0.5924
1 0.1876 0.5954
1 0.1897 0.5985
1 0.1918 0.6016
1 0.1937 0.6048
1 0.1957 0.6080
1 0.1976 0.6112
1 0.1994 0.6144
1 0.2012 0.6177
1 0.2029 0.6210
1 0.2046 0.6243
1 0.2062 0.6277
1 0.2078 0.6311
1 0.2093 0.6345
1 0.2107 0.6379
1 0.2121 0.6414
1 0.2135 0.6449
1 0.2148 0.6484
1 0.2160 0.6519
1 0.2171 0.6554
1 0.2182 0.6590
1 0.2193 0.6626
1 0.2203 0.6662
1 0.2212 0.6698
1 0.2221 0.6734
1 0.2229 0.6770
1 0.2237 0.6807
1 0.2244 0.6843
1 0.2250 0.6880
1 0.2256 0.6917
1 0.2261 0.6954
1 0.2265 0.6991
1 0.2269 0.7028
1 0.2273 0.7065
1 0.2275 0.7102
1 0.2277 0.7140
1 0.2279 0.7177
1 0.2280 0.7214
1 0.2280 0.7251
1 0.2280 0.7289
1 0.2279 0.7326
1 0.2277 0.7363
1 0.2275 0.7400
1 0.2272 0.7438
1 0.2269 0.7475
1 0.2265 0.7512
1 0.2261 0.7549
1 0.2255 0.7586
1 0.2250 0.7622
1 0.2243 0.7659
1 0.2236 0.7696
1 0.2229 0.7732
1 0.2220 0.7769
1 0.2212 0.7805
1 0.2202 0.7841
1 0.2192 0.7877
1 0.2182 0.7913
1 0.2171 0.7948
1 0.2159 0.7984
1 0.2147 0.8019
1 0.2134 0.8054
1 0.2120 0.8089
1 0.2106 0.8123
1 0.2092 0.8158
1 0.2077 0.8192
1 0.2061 0.8225
1 0.2045 0.8259
1 0.2028 0.8292
1 0.2011 0.8325
1 0.1993 0.8358
1 0.1974 0.8390
1 0.1956 0.8423
1 0.1936 0.8454
1 0.1916 0.8486
1 0.1896 0.8517
1 0.1875 0.8548
1 0.1853 0.8578
1 0.1831 0.8608
1 0.1809 0.8638
1 0.1786 0.8668
1 0.1762 0.8697
1 0.1739 0.8725
1 0.1714 0.8753
1 0.1689 0.8781
1 0.1664 0.8809
1 0.1638 0.8836
1 0.1612 0.8862
1 0.1586 0.8888
1 0.1559 0.8914
1 0.1531 0.8939
1 0.1503 0.8964
1 0.1475 0.8989
1 0.1447 0.9012
1 0.1418 0.9036
1 0.1388 0.9059
1 0.1358 0.9081
1 0.1328 0.9103
1 0.1298 0.9125
1 0.1267 0.9146
1 0.1236 0.9166
1 0.1204 0.9186
1 0.1173 0.9206
1 0.1140 0.9224
1 0.1108 0.9243
1 0.1075 0.9261
1 0.1042 0.9278
1 0.1009 0.9295
1 0.0975 0.9311
1 0.0942 0.9327
1 0.0908 0.9342
1 0.0873 0.9356
1 0.0839 0.9370
1 0.0804 0.9384
1 0.0769 0.9397
1 0.0734 0.9409
1 0.0698 0.9421
1 0.0663 0.9432
1 0.0627 0.9442
1 0.0591 0.9452
1 0.0555 0.9462
1 0.0519 0.9470
1 0.0482 0.9479
1 0.0446 0.9486
1 0.0409 0.9493
1 0.0372 0.9500
1 0.0336 0.9505
1 0.0299 0.9511
1 0.0262 0.9515
1 0.0225 0.9519
1 0.0188 0.9522
1 0.0150 0.9525
1 0.0113 0.9527
1 0.0076 0.9529
1 0.0039 0.9530
1 0.0001 0.9530
1 -0.0036 0.9530
1 -0.0073 0.9529
1 -0.0110 0.9527
1 -0.0148 0.9525
1 -0.0185 0.9523
1 -0.0222 0.9519
1 -0.0259 0.9515
1 -0.0296 0.9511
1 -0.0333 0.9506
1 -0.0370 0.9500
1 -0.0407 0.9494
1 -0.0443 0.9487
1 -0.0480 0.9479
1 -0.0516 0.9471
1 -0.0552 0.9462
1 -0.0588 0.9453
1 -0.0624 0.9443
1 -0.0660 0.9432
1 -0.0696 0.9421
1 -0.0731 0.9410
1 -0.0766 0.9397
1 -0.0801 0.9385
1 -0.0836 0.9371
1 -0.0871 0.9357
1 -0.0905 0.9343
1 -0.0939 0.9328
1 -0.0973 0.9312
1 -0.1007 0.9296
1 -0.1040 0.9279
1 -0.1073 0.9262
1 -0.1106 0.9244
1 -0.1138 0.9226
1 -0.1170 0.9207
1 -0.1202 0.9187
1 -0.1234 0.9168
1 -0.1265 0.9147
1 -0.1296 0.9126
1 -0.1326 0.9105
1 -0.1356 0.9083
1 -0.1386 0.9060
1 -0.1810 0.8636
1 -0.1833 0.8606
1 -0.1855 0.8576
1 -0.1876 0.8546
1 -0.1897 0.8515
1 -0.1918 0.8484
1 -0.1937 0.8452
1 -0.1957 0.8420
1 -0.1976 0.8388
1 -0.1994 0.8356
1 -0.2012 0.8323
1 -0.2029 0.8290
1 -0.2046 0.8257
1 -0.2062 0.8223
1 -0.2078 0.8189
1 -0.2093 0.8155
1 -0.2107 0.8121
1 -0.2121 0.8086
1 -0.2135 0.8051
1 -0.2147 0.8016
1 -0.2160 0.7981
1 -0.2171 0.7946
1 -0.2182 0.7910
1 -0.2193 0.7874
1 -0.2203 0.7838
1 -0.2212 0.7802
1 -0.2221 0.7766
1 -0.2229 0.7730
1 -0.2237 0.7693
1 -0.2244 0.7657
1 -0.2250 0.7620
1 -0.2256 0.7583
1 -0.2261 0.7546
1 -0.2265 0.7509
1 -0.2269 0.7472
1 -0.2273 0.7435
1 -0.2275 0.7398
1 -0.2277 0.7360
1 -0.2279 0.7323
1 -0.2280 0.7286
1 -0.2280 0.7249
1 -0.2280 0.7211
1 -0.2279 0.7174
1 -0.2277 0.7137
1 -0.2275 0.7100
1 -0.2272 0.7062
1 -0.2269 0.7025
1 -0.2265 0.6988
1 -0.2261 0.6951
1 -0.2255 0.6914
1 -0.2250 0.6878
1 -0.2243 0.6841
1 -0.2236 0.6804
1 -0.2229 0.6768
1 -0.2220 0.6731
1 -0.2212 0.6695
1 -0.2202 0.6659
1 -0.2192 0.6623
1 -0.2182 0.6587
1 -0.2171 0.6552
1 -0.2159 0.6516
1 -0.2147 0.6481
1 -0.2134 0.6446
1 -0.2120 0.6411
1 -0.2106 0.6377
1 -0.2092 0.6342
1 -0.2077 0.6308
1 -0.2061 0.6275
1 -0.2045 0.6241
1 -0.2028 0.6208
1 -0.2011 0.6175
1 -0.1993 0.6142
1 -0.1974 0.6110
1 -0.1956 0.6077
1 -0.1936 0.6046
1 -0.1916 0.6014
1 -0.1896 0.5983
1 -0.1875 0.5952
1 -0.1853 0.5922
1 -0.1831 0.5892
1 -0.1809 0.5862
1 -0.1786 0.5832
1 -0.1762 0.5803
1 -0.1739 0.5775
1 -0.1714 0.5747
1 -0.1689 0.5719
1 -0.1664 0.5691
1 -0.1638 0.5664
1 -0.1612 0.5638
1 -0.1586 0.5612
1 -0.1559 0.5586
1 -0.1531 0.5561
1 -0.1503 0.5536
1 -0.1475 0.5511
1 -0.1447 0.5488
1 -0.1418 0.5464
1 -0.1388 0.5441
1 -0.1358 0.5419
1 -0.1328 0.5397
1 -0.1298 0.5375
1 -0.1267 0.5354
1 -0.1236 0.5334
1 -0.1204 0.5314
1 -0.1173 0.5294
1 -0.1140 0.5276
1 -0.1108 0.5257
1 -0.1075 0.5239
1 -0.1042 0.5222
1 -0.1009 0.5205
1 -0.0975 0.5189
1 -0.0942 0.5173
1 -0.0908 0.5158
1 -0.0873 0.5144
1 -0.0839 0.5130
1 -0.0804 0.5116
1 -0.0769 0.5103
1 -0.0734 0.5091
1 -0.0698 0.5079
1 -0.0663 0.5068
1 -0.0627 0.5058
1 -0.0591 0.5048
1 -0.0555 0.5038
1 -0.0519 0.5030
1 -0.0482 0.5021
1 -0.0446 0.5014
1 -0.0409 0.5007
1 -0.0372 0.5000
1 -0.0336 0.4995
1 -0.0299 0.4989
1 -0.0262 0.4985
1 -0.0225 0.4981
1 -0.0188 0.4978
1 -0.0150 0.4975
1 -0.0113 0.4973
1 -0.0076 0.4971
1 -0.0039 0.4970
1 -0.0001 0.4970
1 0.0036 0.4970
1 0.0073 0.4971
1 0.0110 0.4973
1 0.0148 0.4975
1 0.0185 0.4977
1 0.0222 0.4981
1 0.0259 0.4985
1 0.0296 0.4989
1 0.0333 0.4994
1 0.0370 0.5000
1 0.0407 0.5006
1 0.0443 0.5013
1 0.0480 0.5021
1 0.0516 0.5029
1 0.0552 0.5038
1 0.0588 0.5047
1 0.0624 0.5057
1 0.0660 0.5068
1 0.0696 0.5079
1 0.0731 0.5090
1 0.0766 0.5103
1 0.0801 0.5115
1 0.0836 0.5129
1 0.0871 0.5143
1 0.0905 0.5157
1 0.0939 0.5172
1 0.0973 0.5188
1 0.1007 0.5204
1 0.1040 0.5221
1 0.1073 0.5238
1 0.1106 0.5256
1 0.1138 0.5274
1 0.1170 0.5293
1 0.1202 0.5313
1 0.1234 0.5332
1 0.1265 0.5353
1 0.1296 0.5374
1 0.1326 0.5395
1 0.1356 0.5417
1 0.1386 0.5440
1 0.1810 0.5864
112 1250 82
0 -0.0744 0.6626
1 0.0200 0.6626
1 -0.1300 0.8126
1 -0.1704 0.8126
1 -0.1704 0.6626
1 -0.1428 0.6626
1 -0.1428 0.6640
1 -0.1427 0.6654
1 -0.1425 0.6668
1 -0.1423 0.6682
1 -0.1421 0.6696
1 -0.1418 0.6710
1 -0.1414 0.6724
1 -0.1410 0.6737
1 -0.1405 0.6750
1 -0.1399 0.6763
1 -0.1393 0.6776
1 -0.1387 0.6789
1 -0.1380 0.6801
1 -0.1372 0.6813
1 -0.1364 0.6825
1 -0.1356 0.6836
1 -0.1347 0.6847
1 -0.1338 0.6858
1 -0.1328 0.6868
1 -0.1318 0.6878
1 -0.1307 0.6887
1 -0.1296 0.6896
1 -0.1285 0.6904
1 -0.1273 0.6912
1 -0.1261 0.6920
1 -0.1249 0.6927
1 -0.1236 0.6933
1 -0.1223 0.6939
1 -0.1210 0.6945
1 -0.1197 0.6949
1 -0.1184 0.6954
1 -0.1170 0.6958
1 -0.1156 0.6961
1 -0.1142 0.6963
1 -0.1128 0.6965
1 -0.1114 0.6967
1 -0.1100 0.6968
1 -0.1086 0.6968
1 -0.1072 0.6968
1 -0.1058 0.6967
1 -0.1044 0.6965
1 -0.1030 0.6963
1 -0.1016 0.6961
1 -0.1002 0.6958
1 -0.0988 0.6954
1 -0.0975 0.6949
1 -0.0962 0.6945
1 -0.0949 0.6939
1 -0.0936 0.6933
1 -0.0923 0.6927
1 -0.0911 0.6920
1 -0.0899 0.6912
1 -0.0887 0.6904
1 -0.0876 0.6896
1 -0.0865 0.6887
1 -0.0854 0.6878
1 -0.0844 0.6868
1 -0.0834 0.6858
1 -0.0825 0.6847
1 -0.0816 0.6836
1 -0.0808 0.6825
1 -0.0800 0.6813
1 -0.0792 0.6801
1 -0.0785 0.6789
1 -0.0779 0.6776
1 -0.0773 0.6763
1 -0.0767 0.6750
1 -0.0763 0.6737
1 -0.0758 0.6724
1 -0.0755 0.6710
1 -0.0751 0.6696
1 -0.0749 0.6682
1 -0.0747 0.6668
1 -0.0745 0.6654
1 -0.0744 0.6640
1 -0.0744 0.6626
112 1250 137
0 -0.0798 0.6626
1 -0.0798 0.6639
1 -0.0799 0.6653
1 -0.0801 0.6666
1 -0.0803 0.6679
1 -0.0806 0.6692
1 -0.0809 0.6705
1 -0.0813 0.6717
1 -0.0817 0.6730
1 -0.0823 0.6742
1 -0.0828 0.6754
1 -0.0834 0.6766
1 -0.0841 0.6778
1 -0.0848 0.6789
1 -0.0856 0.6800
1 -0.0864 0.6810
1 -0.0873 0.6820
1 -0.0882 0.6830
1 -0.0892 0.6839
1 -0.0902 0.6848
1 -0.0912 0.6856
1 -0.0923 0.6864
1 -0.0934 0.6871
1 -0.0946 0.6878
1 -0.0958 0.6884
1 -0.0970 0.6889
1 -0.0982 0.6895
1 -0.0995 0.6899
1 -0.1007 0.6903
1 -0.1020 0.6906
1 -0.1033 0.6909
1 -0.1046 0.6911
1 -0.1059 0.6913
1 -0.1073 0.6914
1 -0.1086 0.6914
1 -0.1099 0.6914
1 -0.1113 0.6913
1 -0.1126 0.6911
1 -0.1139 0.6909
1 -0.1152 0.6906
1 -0.1165 0.6903
1 -0.1178 0.6899
1 -0.1190 0.6895
1 -0.1202 0.6889
1 -0.1214 0.6884
1 -0.1226 0.6878
1 -0.1238 0.6871
1 -0.1249 0.6864
1 -0.1260 0.6856
1 -0.1270 0.6848
1 -0.1280 0.6839
1 -0.1290 0.6830
1 -0.1299 0.6820
1 -0.1308 0.6810
1 -0.1316 0.6800
1 -0.1324 0.6789
1 -0.1331 0.6778
1 -0.1338 0.6766
1 -0.1344 0.6754
1 -0.1350 0.6742
1 -0.1355 0.6730
1 -0.1359 0.6717
1 -0.1363 0.6705
1 -0.1366 0.6692
1 -0.1369 0.6679
1 -0.1371 0.6666
1 -0.1373 0.6653
1 -0.1374 0.6639
1 -0.1374 0.6626
1 -0.1374 0.6613
1 -0.1373 0.6599
1 -0.1371 0.6586
1 -0.1369 0.6573
1 -0.1366 0.6560
1 -0.1363 0.6547
1 -0.1359 0.6534
1 -0.1355 0.6522
1 -0.1350 0.6510
1 -0.1344 0.6498
1 -0.1338 0.6486
1 -0.1331 0.6474
1 -0.1324 0.6463
1 -0.1316 0.6452
1 -0.1308 0.6442
1 -0.1299 0.6432
1 -0.1290 0.6422
1 -0.1280 0.6413
1 -0.1270 0.6404
1 -0.1260 0.6396
1 -0.1249 0.6388
1 -0.1238 0.6381
1 -0.1226 0.6374
1 -0.1214 0.6368
1 -0.1202 0.6362
1 -0.1190 0.6357
1 -0.1178 0.6353
1 -0.1165 0.6349
1 -0.1152 0.6346
1 -0.1139 0.6343
1 -0.1126 0.6341
1 -0.1113 0.6339
1 -0.1099 0.6338
1 -0.1086 0.6338
1 -0.1073 0.6338
1 -0.1059 0.6339
1 -0.1046 0.6341
1 -0.1033 0.6343
1 -0.1020 0.6346
1 -0.1007 0.6349
1 -0.0995 0.6353
1 -0.0982 0.6357
1 -0.0970 0.6362
1 -0.0958 0.6368
1 -0.0946 0.6374
1 -0.0934 0.6381
1 -0.0923 0.6388
1 -0.0912 0.6396
1 -0.0902 0.6404
1 -0.0892 0.6413
1 -0.0882 0.6422
1 -0.0873 0.6432
1 -0.0864 0.6442
1 -0.0856 0.6452
1 -0.0848 0.6463
1 -0.0841 0.6474
1 -0.0834 0.6486
1 -0.0828 0.6498
1 -0.0823 0.6510
1 -0.0817 0.6522
1 -0.0813 0.6534
1 -0.0809 0.6547
1 -0.0806 0.6560
1 -0.0803 0.6573
1 -0.0801 0.6586
1 -0.0799 0.6599
1 -0.0798 0.6613
1 -0.0798 0.6626
112 1250 102
0 0.1336 0.6338
1 0.1350 0.6339
1 0.1363 0.6340
1 0.1376 0.6342
1 0.1389 0.6345
1 0.1402 0.6348
1 0.1415 0.6352
1 0.1427 0.6357
1 0.1440 0.6362
1 0.1452 0.6367
1 0.1464 0.6373
1 0.1475 0.6380
1 0.1487 0.6387
1 0.1498 0.6395
1 0.1508 0.6403
1 0.1518 0.6412
1 0.1528 0.6421
1 0.1537 0.6431
1 0.1546 0.6441
1 0.1554 0.6451
1 0.1562 0.6462
1 0.1570 0.6473
1 0.1577 0.6484
1 0.1583 0.6496
1 0.1589 0.6508
1 0.1594 0.6521
1 0.1598 0.6533
1 0.1602 0.6546
1 0.1606 0.6559
1 0.1609 0.6572
1 0.1611 0.6585
1 0.1612 0.6598
1 0.1613 0.6612
1 0.1614 0.6625
1 0.1613 0.6638
1 0.1613 0.6652
1 0.1611 0.6665
1 0.1609 0.6678
1 0.1606 0.6691
1 0.1603 0.6704
1 0.1599 0.6717
1 0.1594 0.6730
1 0.1589 0.6742
1 0.1584 0.6754
1 0.1578 0.6766
1 0.1571 0.6777
1 0.1563 0.6789
1 0.1556 0.6799
1 0.1547 0.6810
1 0.1539 0.6820
1 0.1529 0.6830
1 0.1520 0.6839
1 0.1510 0.6848
1 0.1499 0.6856
1 0.1488 0.6864
1 0.1477 0.6871
1 0.1466 0.6878
1 0.1454 0.6884
1 0.1442 0.6890
1 0.1429 0.6895
1 0.1417 0.6899
1 0.1404 0.6903
1 0.1391 0.6906
1 0.1378 0.6909
1 0.1365 0.6911
1 0.1351 0.6913
1 0.1338 0.6914
1 0.1325 0.6914
1 0.1311 0.6914
1 0.1298 0.6913
1 0.1285 0.6911
1 0.1272 0.6909
1 0.1259 0.6906
1 0.1246 0.6903
1 0.1233 0.6899
1 0.1220 0.6894
1 0.1208 0.6889
1 0.1196 0.6883
1 0.1184 0.6877
1 0.1173 0.6870
1 0.1162 0.6863
1 0.1151 0.6855
1 0.1140 0.6846
1 0.1130 0.6838
1 0.1121 0.6828
1 0.1112 0.6819
1 0.1103 0.6808
1 0.1095 0.6798
1 0.1087 0.6787
1 0.1080 0.6776
1 0.1073 0.6764
1 0.1067 0.6752
1 0.1061 0.6740
1 0.1056 0.6728
1 0.1052 0.6715
1 0.1048 0.6702
1 0.1045 0.6689
1 0.1042 0.6676
1 0.1040 0.6663
1 0.1039 0.6650
1 0.1038 0.6636
1 0.1336 0.6338
112 1250 83
0 0.1667 0.6640
1 0.1667 0.6654
1 0.1665 0.6668
1 0.1663 0.6682
1 0.1661 0.6696
1 0.1657 0.6710
1 0.1654 0.6723
1 0.1649 0.6737
1 0.1645 0.6750
1 0.1639 0.6763
1 0.1633 0.6776
1 0.1627 0.6788
1 0.1620 0.6801
1 0.1612 0.6813
1 0.1604 0.6824
1 0.1596 0.6835
1 0.1587 0.6846
1 0.1578 0.6857
1 0.1568 0.6867
1 0.1558 0.6877
1 0.1547 0.6886
1 0.1537 0.6895
1 0.1525 0.6904
1 0.1514 0.6912
1 0.1502 0.6919
1 0.1490 0.6926
1 0.1477 0.6933
1 0.1464 0.6939
1 0.1451 0.6944
1 0.1438 0.6949
1 0.1425 0.6953
1 0.1411 0.6957
1 0.1397 0.6960
1 0.1384 0.6963
1 0.1370 0.6965
1 0.1356 0.6967
1 0.1341 0.6968
1 0.1327 0.6968
1 0.1313 0.6968
1 0.1299 0.6967
1 0.1285 0.6966
1 0.1271 0.6964
1 0.1257 0.6961
1 0.1244 0.6958
1 0.1230 0.6954
1 0.1217 0.6950
1 0.1203 0.6945
1 0.1190 0.6940
1 0.1177 0.6934
1 0.1165 0.6928
1 0.1153 0.6921
1 0.1141 0.6914
1 0.1129 0.6906
1 0.1118 0.6897
1 0.1107 0.6889
1 0.1096 0.6879
1 0.1086 0.6870
1 0.1076 0.6859
1 0.1066 0.6849
1 0.1057 0.6838
1 0.1049 0.6827
1 0.1041 0.6815
1 0.1033 0.6803
1 0.1026 0.6791
1 0.1020 0.6779
1 0.1014 0.6766
1 0.1008 0.6753
1 0.1003 0.6740
1 0.0999 0.6726
1 0.0995 0.6713
1 0.0992 0.6699
1 0.0989 0.6685
1 -0.0452 0.8126
1 0.0576 0.8126
1 0.0576 0.7778
1 0.1104 0.7778
1 0.1236 0.7250
1 0.1764 0.7250
1 0.1764 0.6776
1 0.1950 0.6776
1 0.1950 0.6626
1 0.1668 0.6626
1 0.1667 0.6640
112 1251 5
0 0.0576 0.7250
1 0.0576 0.7694
1 0.1038 0.7694
1 0.1149 0.7250
1 0.0576 0.7250
112 1462 5
0 0.1810 0.5864
1 -0.1386 0.9060
1 -0.1810 0.8636
1 0.1386 0.5440
1 0.1810 0.5864
31 0 213
 0 -0.3150 1.1000
 1 -0.3168 1.1000
 1 -0.3186 1.0999
 1 -0.3204 1.0998
 1 -0.3222 1.0996
 1 -0.3240 1.0993
 1 -0.3258 1.0990
 1 -0.3276 1.0987
 1 -0.3294 1.0983
 1 -0.3311 1.0978
 1 -0.3329 1.0973
 1 -0.3346 1.0967
 1 -0.3363 1.0961
 1 -0.3380 1.0954
 1 -0.3396 1.0947
 1 -0.3413 1.0939
 1 -0.3429 1.0931
 1 -0.3445 1.0923
 1 -0.3460 1.0913
 1 -0.3476 1.0904
 1 -0.3491 1.0894
 1 -0.3506 1.0883
 1 -0.3520 1.0872
 1 -0.3534 1.0861
 1 -0.3548 1.0849
 1 -0.3561 1.0837
 1 -0.3574 1.0824
 1 -0.3587 1.0811
 1 -0.3599 1.0798
 1 -0.3611 1.0784
 1 -0.3622 1.0770
 1 -0.3633 1.0756
 1 -0.3644 1.0741
 1 -0.3654 1.0726
 1 -0.3663 1.0710
 1 -0.3673 1.0695
 1 -0.3681 1.0679
 1 -0.3689 1.0663
 1 -0.3697 1.0646
 1 -0.3704 1.0630
 1 -0.3711 1.0613
 1 -0.3717 1.0596
 1 -0.3723 1.0579
 1 -0.3728 1.0561
 1 -0.3733 1.0544
 1 -0.3737 1.0526
 1 -0.3740 1.0508
 1 -0.3743 1.0490
 1 -0.3746 1.0472
 1 -0.3748 1.0454
 1 -0.3749 1.0436
 1 -0.3750 1.0418
 1 -0.3750 1.0400
 1 -0.3750 0.0600
 1 -0.3750 0.0582
 1 -0.3749 0.0564
 1 -0.3748 0.0546
 1 -0.3746 0.0528
 1 -0.3743 0.0510
 1 -0.3740 0.0492
 1 -0.3737 0.0474
 1 -0.3733 0.0456
 1 -0.3728 0.0439
 1 -0.3723 0.0421
 1 -0.3717 0.0404
 1 -0.3711 0.0387
 1 -0.3704 0.0370
 1 -0.3697 0.0354
 1 -0.3689 0.0337
 1 -0.3681 0.0321
 1 -0.3673 0.0305
 1 -0.3663 0.0290
 1 -0.3654 0.0274
 1 -0.3644 0.0259
 1 -0.3633 0.0244
 1 -0.3622 0.0230
 1 -0.3611 0.0216
 1 -0.3599 0.0202
 1 -0.3587 0.0189
 1 -0.3574 0.0176
 1 -0.3561 0.0163
 1 -0.3548 0.0151
 1 -0.3534 0.0139
 1 -0.3520 0.0128
 1 -0.3506 0.0117
 1 -0.3491 0.0106
 1 -0.3476 0.0096
 1 -0.3460 0.0087
 1 -0.3445 0.0077
 1 -0.3429 0.0069
 1 -0.3413 0.0061
 1 -0.3396 0.0053
 1 -0.3380 0.0046
 1 -0.3363 0.0039
 1 -0.3346 0.0033
 1 -0.3329 0.0027
 1 -0.3311 0.0022
 1 -0.3294 0.0017
 1 -0.3276 0.0013
 1 -0.3258 0.0010
 1 -0.3240 0.0007
 1 -0.3222 0.0004
 1 -0.3204 0.0002
 1 -0.3186 0.0001
 1 -0.3168 0.0000
 1 -0.3150 0.0000
 1 0.3150 0.0000
 1 0.3168 0.0000
 1 0.3186 0.0001
 1 0.3204 0.0002
 1 0.3222 0.0004
 1 0.3240 0.0007
 1 0.3258 0.0010
 1 0.3276 0.0013
 1 0.3294 0.0017
 1 0.3311 0.0022
 1 0.3328 0.0027
 1 0.3346 0.0033
 1 0.3363 0.0039
 1 0.3380 0.0046
 1 0.3396 0.0053
 1 0.3413 0.0061
 1 0.3429 0.0069
 1 0.3445 0.0077
 1 0.3460 0.0087
 1 0.3476 0.0096
 1 0.3491 0.0106
 1 0.3506 0.0117
 1 0.3520 0.0128
 1 0.3534 0.0139
 1 0.3548 0.0151
 1 0.3561 0.0163
 1 0.3574 0.0176
 1 0.3587 0.0189
 1 0.3599 0.0202
 1 0.3611 0.0216
 1 0.3622 0.0230
 1 0.3633 0.0244
 1 0.3644 0.0259
 1 0.3654 0.0274
 1 0.3663 0.0290
 1 0.3673 0.0305
 1 0.3681 0.0321
 1 0.3689 0.0337
 1 0.3697 0.0354
 1 0.3704 0.0370
 1 0.3711 0.0387
 1 0.3717 0.0404
 1 0.3723 0.0421
 1 0.3728 0.0439
 1 0.3733 0.0456
 1 0.3737 0.0474
 1 0.3740 0.0492
 1 0.3743 0.0510
 1 0.3746 0.0528
 1 0.3748 0.0546
 1 0.3749 0.0564
 1 0.3750 0.0582
 1 0.3750 0.0600
 1 0.3750 1.0400
 1 0.3750 1.0418
 1 0.3749 1.0436
 1 0.3748 1.0454
 1 0.3746 1.0472
 1 0.3743 1.0490
 1 0.3740 1.0508
 1 0.3737 1.0526
 1 0.3733 1.0544
 1 0.3728 1.0561
 1 0.3723 1.0579
 1 0.3717 1.0596
 1 0.3711 1.0613
 1 0.3704 1.0630
 1 0.3697 1.0646
 1 0.3689 1.0663
 1 0.3681 1.0679
 1 0.3673 1.0695
 1 0.3663 1.0710
 1 0.3654 1.0726
 1 0.3644 1.0741
 1 0.3633 1.0756
 1 0.3622 1.0770
 1 0.3611 1.0784
 1 0.3599 1.0798
 1 0.3587 1.0811
 1 0.3574 1.0824
 1 0.3561 1.0837
 1 0.3548 1.0849
 1 0.3534 1.0861
 1 0.3520 1.0872
 1 0.3506 1.0883
 1 0.3491 1.0894
 1 0.3476 1.0904
 1 0.3460 1.0913
 1 0.3445 1.0923
 1 0.3429 1.0931
 1 0.3413 1.0939
 1 0.3396 1.0947
 1 0.3380 1.0954
 1 0.3363 1.0961
 1 0.3346 1.0967
 1 0.3328 1.0973
 1 0.3311 1.0978
 1 0.3294 1.0983
 1 0.3276 1.0987
 1 0.3258 1.0990
 1 0.3240 1.0993
 1 0.3222 1.0996
 1 0.3204 1.0998
 1 0.3186 1.0999
 1 0.3168 1.1000
 1 0.3150 1.1000
 1 -0.3150 1.1000
