SEcl_RPO-4
3337 33 1 1 0 0 0 0 0 0 1 1
1.000
112 1251 213
0 -0.3150 1.1000
1 -0.3168 1.1000
1 -0.3186 1.0999
1 -0.3204 1.0998
1 -0.3222 1.0996
1 -0.3240 1.0993
1 -0.3258 1.0990
1 -0.3276 1.0987
1 -0.3294 1.0983
1 -0.3311 1.0978
1 -0.3329 1.0973
1 -0.3346 1.0967
1 -0.3363 1.0961
1 -0.3380 1.0954
1 -0.3396 1.0947
1 -0.3413 1.0939
1 -0.3429 1.0931
1 -0.3445 1.0923
1 -0.3460 1.0913
1 -0.3476 1.0904
1 -0.3491 1.0894
1 -0.3506 1.0883
1 -0.3520 1.0872
1 -0.3534 1.0861
1 -0.3548 1.0849
1 -0.3561 1.0837
1 -0.3574 1.0824
1 -0.3587 1.0811
1 -0.3599 1.0798
1 -0.3611 1.0784
1 -0.3622 1.0770
1 -0.3633 1.0756
1 -0.3644 1.0741
1 -0.3654 1.0726
1 -0.3663 1.0710
1 -0.3673 1.0695
1 -0.3681 1.0679
1 -0.3689 1.0663
1 -0.3697 1.0646
1 -0.3704 1.0630
1 -0.3711 1.0613
1 -0.3717 1.0596
1 -0.3723 1.0579
1 -0.3728 1.0561
1 -0.3733 1.0544
1 -0.3737 1.0526
1 -0.3740 1.0508
1 -0.3743 1.0490
1 -0.3746 1.0472
1 -0.3748 1.0454
1 -0.3749 1.0436
1 -0.3750 1.0418
1 -0.3750 1.0400
1 -0.3750 0.0600
1 -0.3750 0.0582
1 -0.3749 0.0564
1 -0.3748 0.0546
1 -0.3746 0.0528
1 -0.3743 0.0510
1 -0.3740 0.0492
1 -0.3737 0.0474
1 -0.3733 0.0456
1 -0.3728 0.0439
1 -0.3723 0.0421
1 -0.3717 0.0404
1 -0.3711 0.0387
1 -0.3704 0.0370
1 -0.3697 0.0354
1 -0.3689 0.0337
1 -0.3681 0.0321
1 -0.3673 0.0305
1 -0.3663 0.0290
1 -0.3654 0.0274
1 -0.3644 0.0259
1 -0.3633 0.0244
1 -0.3622 0.0230
1 -0.3611 0.0216
1 -0.3599 0.0202
1 -0.3587 0.0189
1 -0.3574 0.0176
1 -0.3561 0.0163
1 -0.3548 0.0151
1 -0.3534 0.0139
1 -0.3520 0.0128
1 -0.3506 0.0117
1 -0.3491 0.0106
1 -0.3476 0.0096
1 -0.3460 0.0087
1 -0.3445 0.0077
1 -0.3429 0.0069
1 -0.3413 0.0061
1 -0.3396 0.0053
1 -0.3380 0.0046
1 -0.3363 0.0039
1 -0.3346 0.0033
1 -0.3329 0.0027
1 -0.3311 0.0022
1 -0.3294 0.0017
1 -0.3276 0.0013
1 -0.3258 0.0010
1 -0.3240 0.0007
1 -0.3222 0.0004
1 -0.3204 0.0002
1 -0.3186 0.0001
1 -0.3168 0.0000
1 -0.3150 0.0000
1 0.3150 0.0000
1 0.3168 0.0000
1 0.3186 0.0001
1 0.3204 0.0002
1 0.3222 0.0004
1 0.3240 0.0007
1 0.3258 0.0010
1 0.3276 0.0013
1 0.3294 0.0017
1 0.3311 0.0022
1 0.3328 0.0027
1 0.3346 0.0033
1 0.3363 0.0039
1 0.3380 0.0046
1 0.3396 0.0053
1 0.3413 0.0061
1 0.3429 0.0069
1 0.3445 0.0077
1 0.3460 0.0087
1 0.3476 0.0096
1 0.3491 0.0106
1 0.3506 0.0117
1 0.3520 0.0128
1 0.3534 0.0139
1 0.3548 0.0151
1 0.3561 0.0163
1 0.3574 0.0176
1 0.3587 0.0189
1 0.3599 0.0202
1 0.3611 0.0216
1 0.3622 0.0230
1 0.3633 0.0244
1 0.3644 0.0259
1 0.3654 0.0274
1 0.3663 0.0290
1 0.3673 0.0305
1 0.3681 0.0321
1 0.3689 0.0337
1 0.3697 0.0354
1 0.3704 0.0370
1 0.3711 0.0387
1 0.3717 0.0404
1 0.3723 0.0421
1 0.3728 0.0439
1 0.3733 0.0456
1 0.3737 0.0474
1 0.3740 0.0492
1 0.3743 0.0510
1 0.3746 0.0528
1 0.3748 0.0546
1 0.3749 0.0564
1 0.3750 0.0582
1 0.3750 0.0600
1 0.3750 1.0400
1 0.3750 1.0418
1 0.3749 1.0436
1 0.3748 1.0454
1 0.3746 1.0472
1 0.3743 1.0490
1 0.3740 1.0508
1 0.3737 1.0526
1 0.3733 1.0544
1 0.3728 1.0561
1 0.3723 1.0579
1 0.3717 1.0596
1 0.3711 1.0613
1 0.3704 1.0630
1 0.3697 1.0646
1 0.3689 1.0663
1 0.3681 1.0679
1 0.3673 1.0695
1 0.3663 1.0710
1 0.3654 1.0726
1 0.3644 1.0741
1 0.3633 1.0756
1 0.3622 1.0770
1 0.3611 1.0784
1 0.3599 1.0798
1 0.3587 1.0811
1 0.3574 1.0824
1 0.3561 1.0837
1 0.3548 1.0849
1 0.3534 1.0861
1 0.3520 1.0872
1 0.3506 1.0883
1 0.3491 1.0894
1 0.3476 1.0904
1 0.3460 1.0913
1 0.3445 1.0923
1 0.3429 1.0931
1 0.3413 1.0939
1 0.3396 1.0947
1 0.3380 1.0954
1 0.3363 1.0961
1 0.3346 1.0967
1 0.3328 1.0973
1 0.3311 1.0978
1 0.3294 1.0983
1 0.3276 1.0987
1 0.3258 1.0990
1 0.3240 1.0993
1 0.3222 1.0996
1 0.3204 1.0998
1 0.3186 1.0999
1 0.3168 1.1000
1 0.3150 1.1000
1 -0.3150 1.1000
112 1250 181
0 -0.3150 1.0850
1 -0.3166 1.0850
1 -0.3182 1.0849
1 -0.3198 1.0847
1 -0.3214 1.0845
1 -0.3230 1.0843
1 -0.3246 1.0840
1 -0.3261 1.0836
1 -0.3277 1.0832
1 -0.3292 1.0827
1 -0.3307 1.0822
1 -0.3322 1.0816
1 -0.3337 1.0809
1 -0.3351 1.0802
1 -0.3366 1.0795
1 -0.3380 1.0787
1 -0.3393 1.0779
1 -0.3407 1.0770
1 -0.3420 1.0760
1 -0.3432 1.0750
1 -0.3445 1.0740
1 -0.3457 1.0729
1 -0.3468 1.0718
1 -0.3479 1.0707
1 -0.3490 1.0695
1 -0.3500 1.0682
1 -0.3510 1.0670
1 -0.3520 1.0657
1 -0.3529 1.0643
1 -0.3537 1.0630
1 -0.3545 1.0616
1 -0.3552 1.0601
1 -0.3559 1.0587
1 -0.3566 1.0572
1 -0.3572 1.0557
1 -0.3577 1.0542
1 -0.3582 1.0527
1 -0.3586 1.0511
1 -0.3590 1.0496
1 -0.3593 1.0480
1 -0.3595 1.0464
1 -0.3597 1.0448
1 -0.3599 1.0432
1 -0.3600 1.0416
1 -0.3600 1.0400
1 -0.3600 0.0600
1 -0.3600 0.0584
1 -0.3599 0.0568
1 -0.3597 0.0552
1 -0.3595 0.0536
1 -0.3593 0.0520
1 -0.3590 0.0504
1 -0.3586 0.0489
1 -0.3582 0.0473
1 -0.3577 0.0458
1 -0.3572 0.0443
1 -0.3566 0.0428
1 -0.3559 0.0413
1 -0.3552 0.0399
1 -0.3545 0.0384
1 -0.3537 0.0370
1 -0.3529 0.0357
1 -0.3520 0.0343
1 -0.3510 0.0330
1 -0.3500 0.0318
1 -0.3490 0.0305
1 -0.3479 0.0293
1 -0.3468 0.0282
1 -0.3457 0.0271
1 -0.3445 0.0260
1 -0.3432 0.0250
1 -0.3420 0.0240
1 -0.3407 0.0230
1 -0.3393 0.0221
1 -0.3380 0.0213
1 -0.3366 0.0205
1 -0.3351 0.0198
1 -0.3337 0.0191
1 -0.3322 0.0184
1 -0.3307 0.0178
1 -0.3292 0.0173
1 -0.3277 0.0168
1 -0.3261 0.0164
1 -0.3246 0.0160
1 -0.3230 0.0157
1 -0.3214 0.0155
1 -0.3198 0.0153
1 -0.3182 0.0151
1 -0.3166 0.0150
1 -0.3150 0.0150
1 0.3150 0.0150
1 0.3166 0.0150
1 0.3182 0.0151
1 0.3198 0.0153
1 0.3214 0.0155
1 0.3230 0.0157
1 0.3246 0.0160
1 0.3261 0.0164
1 0.3277 0.0168
1 0.3292 0.0173
1 0.3307 0.0178
1 0.3322 0.0184
1 0.3337 0.0191
1 0.3351 0.0198
1 0.3366 0.0205
1 0.3380 0.0213
1 0.3393 0.0221
1 0.3407 0.0230
1 0.3420 0.0240
1 0.3432 0.0250
1 0.3445 0.0260
1 0.3457 0.0271
1 0.3468 0.0282
1 0.3479 0.0293
1 0.3490 0.0305
1 0.3500 0.0318
1 0.3510 0.0330
1 0.3520 0.0343
1 0.3529 0.0357
1 0.3537 0.0370
1 0.3545 0.0384
1 0.3552 0.0399
1 0.3559 0.0413
1 0.3566 0.0428
1 0.3572 0.0443
1 0.3577 0.0458
1 0.3582 0.0473
1 0.3586 0.0489
1 0.3590 0.0504
1 0.3593 0.0520
1 0.3595 0.0536
1 0.3597 0.0552
1 0.3599 0.0568
1 0.3600 0.0584
1 0.3600 0.0600
1 0.3600 1.0400
1 0.3600 1.0416
1 0.3599 1.0432
1 0.3597 1.0448
1 0.3595 1.0464
1 0.3593 1.0480
1 0.3590 1.0496
1 0.3586 1.0511
1 0.3582 1.0527
1 0.3577 1.0542
1 0.3572 1.0557
1 0.3566 1.0572
1 0.3559 1.0587
1 0.3552 1.0601
1 0.3545 1.0616
1 0.3537 1.0630
1 0.3529 1.0643
1 0.3520 1.0657
1 0.3510 1.0670
1 0.3500 1.0682
1 0.3490 1.0695
1 0.3479 1.0707
1 0.3468 1.0718
1 0.3457 1.0729
1 0.3445 1.0740
1 0.3432 1.0750
1 0.3420 1.0760
1 0.3407 1.0770
1 0.3393 1.0779
1 0.3380 1.0787
1 0.3366 1.0795
1 0.3351 1.0802
1 0.3337 1.0809
1 0.3322 1.0816
1 0.3307 1.0822
1 0.3292 1.0827
1 0.3277 1.0832
1 0.3261 1.0836
1 0.3246 1.0840
1 0.3230 1.0843
1 0.3214 1.0845
1 0.3198 1.0847
1 0.3182 1.0849
1 0.3166 1.0850
1 0.3150 1.0850
1 -0.3150 1.0850
112 1251 112
0 0.3300 1.0400
1 0.3300 1.0409
1 0.3299 1.0418
1 0.3298 1.0427
1 0.3296 1.0436
1 0.3293 1.0445
1 0.3290 1.0453
1 0.3287 1.0462
1 0.3283 1.0470
1 0.3278 1.0478
1 0.3273 1.0485
1 0.3268 1.0493
1 0.3262 1.0499
1 0.3256 1.0506
1 0.3249 1.0512
1 0.3243 1.0518
1 0.3235 1.0523
1 0.3228 1.0528
1 0.3220 1.0533
1 0.3212 1.0537
1 0.3203 1.0540
1 0.3195 1.0543
1 0.3186 1.0546
1 0.3177 1.0548
1 0.3168 1.0549
1 0.3159 1.0550
1 0.3150 1.0550
1 0.3150 1.0550
1 -0.3150 1.0550
1 -0.3159 1.0550
1 -0.3168 1.0549
1 -0.3177 1.0548
1 -0.3186 1.0546
1 -0.3195 1.0543
1 -0.3203 1.0540
1 -0.3212 1.0537
1 -0.3220 1.0533
1 -0.3228 1.0528
1 -0.3235 1.0523
1 -0.3243 1.0518
1 -0.3249 1.0512
1 -0.3256 1.0506
1 -0.3262 1.0499
1 -0.3268 1.0493
1 -0.3273 1.0485
1 -0.3278 1.0478
1 -0.3283 1.0470
1 -0.3287 1.0462
1 -0.3290 1.0453
1 -0.3293 1.0445
1 -0.3296 1.0436
1 -0.3298 1.0427
1 -0.3299 1.0418
1 -0.3300 1.0409
1 -0.3300 1.0400
1 -0.3300 1.0400
1 -0.3300 0.0600
1 -0.3300 0.0591
1 -0.3299 0.0582
1 -0.3298 0.0573
1 -0.3296 0.0564
1 -0.3293 0.0555
1 -0.3290 0.0547
1 -0.3287 0.0538
1 -0.3283 0.0530
1 -0.3278 0.0522
1 -0.3273 0.0515
1 -0.3268 0.0507
1 -0.3262 0.0501
1 -0.3256 0.0494
1 -0.3249 0.0488
1 -0.3243 0.0482
1 -0.3235 0.0477
1 -0.3228 0.0472
1 -0.3220 0.0467
1 -0.3212 0.0463
1 -0.3203 0.0460
1 -0.3195 0.0457
1 -0.3186 0.0454
1 -0.3177 0.0452
1 -0.3168 0.0451
1 -0.3159 0.0450
1 -0.3150 0.0450
1 -0.3150 0.0450
1 0.3150 0.0450
1 0.3159 0.0450
1 0.3168 0.0451
1 0.3177 0.0452
1 0.3186 0.0454
1 0.3195 0.0457
1 0.3203 0.0460
1 0.3212 0.0463
1 0.3220 0.0467
1 0.3228 0.0472
1 0.3235 0.0477
1 0.3243 0.0482
1 0.3249 0.0488
1 0.3256 0.0494
1 0.3262 0.0501
1 0.3268 0.0507
1 0.3273 0.0515
1 0.3278 0.0522
1 0.3283 0.0530
1 0.3287 0.0538
1 0.3290 0.0547
1 0.3293 0.0555
1 0.3296 0.0564
1 0.3298 0.0573
1 0.3299 0.0582
1 0.3300 0.0591
1 0.3300 0.0600
1 0.3300 0.0600
112 1462 461
0 0.3125 0.7375
1 0.3125 0.7418
1 0.3124 0.7460
1 0.3122 0.7503
1 0.3120 0.7546
1 0.3118 0.7588
1 0.3115 0.7631
1 0.3111 0.7673
1 0.3106 0.7716
1 0.3101 0.7758
1 0.3096 0.7801
1 0.3090 0.7843
1 0.3083 0.7885
1 0.3076 0.7927
1 0.3068 0.7969
1 0.3060 0.8011
1 0.3051 0.8053
1 0.3041 0.8094
1 0.3031 0.8136
1 0.3020 0.8177
1 0.3009 0.8218
1 0.2997 0.8259
1 0.2985 0.8300
1 0.2972 0.8341
1 0.2959 0.8381
1 0.2945 0.8422
1 0.2930 0.8462
1 0.2915 0.8502
1 0.2899 0.8541
1 0.2883 0.8581
1 0.2866 0.8620
1 0.2849 0.8659
1 0.2831 0.8698
1 0.2813 0.8736
1 0.2794 0.8775
1 0.2775 0.8813
1 0.2755 0.8850
1 0.2734 0.8888
1 0.2713 0.8925
1 0.2692 0.8962
1 0.2670 0.8999
1 0.2648 0.9035
1 0.2625 0.9071
1 0.2601 0.9107
1 0.2577 0.9142
1 0.2553 0.9177
1 0.2528 0.9212
1 0.2503 0.9246
1 0.2477 0.9280
1 0.2451 0.9314
1 0.2424 0.9347
1 0.2397 0.9380
1 0.2369 0.9413
1 0.2341 0.9445
1 0.2313 0.9477
1 0.2284 0.9508
1 0.2255 0.9539
1 0.2225 0.9570
1 0.2195 0.9600
1 0.2164 0.9630
1 0.2133 0.9659
1 0.2102 0.9688
1 0.2070 0.9716
1 0.2038 0.9744
1 0.2005 0.9772
1 0.1972 0.9799
1 0.1939 0.9826
1 0.1905 0.9852
1 0.1871 0.9878
1 0.1837 0.9903
1 0.1802 0.9928
1 0.1767 0.9952
1 0.1732 0.9976
1 0.1696 1.0000
1 0.1660 1.0023
1 0.1624 1.0045
1 0.1587 1.0067
1 0.1550 1.0088
1 0.1513 1.0109
1 0.1475 1.0130
1 0.1438 1.0150
1 0.1400 1.0169
1 0.1361 1.0188
1 0.1323 1.0206
1 0.1284 1.0224
1 0.1245 1.0241
1 0.1206 1.0258
1 0.1166 1.0274
1 0.1127 1.0290
1 0.1087 1.0305
1 0.1046 1.0320
1 0.1006 1.0334
1 0.0966 1.0347
1 0.0925 1.0360
1 0.0884 1.0372
1 0.0843 1.0384
1 0.0802 1.0395
1 0.0761 1.0406
1 0.0719 1.0416
1 0.0678 1.0426
1 0.0636 1.0435
1 0.0594 1.0443
1 0.0552 1.0451
1 0.0510 1.0458
1 0.0468 1.0465
1 0.0426 1.0471
1 0.0383 1.0476
1 0.0341 1.0481
1 0.0298 1.0486
1 0.0256 1.0490
1 0.0213 1.0493
1 0.0171 1.0495
1 0.0128 1.0497
1 0.0085 1.0499
1 0.0043 1.0500
1 0.0000 1.0500
1 -0.0043 1.0500
1 -0.0085 1.0499
1 -0.0128 1.0497
1 -0.0171 1.0495
1 -0.0213 1.0493
1 -0.0256 1.0490
1 -0.0298 1.0486
1 -0.0341 1.0481
1 -0.0383 1.0476
1 -0.0426 1.0471
1 -0.0468 1.0465
1 -0.0510 1.0458
1 -0.0552 1.0451
1 -0.0594 1.0443
1 -0.0636 1.0435
1 -0.0678 1.0426
1 -0.0719 1.0416
1 -0.0761 1.0406
1 -0.0802 1.0395
1 -0.0843 1.0384
1 -0.0884 1.0372
1 -0.0925 1.0360
1 -0.0966 1.0347
1 -0.1006 1.0334
1 -0.1047 1.0320
1 -0.1087 1.0305
1 -0.1127 1.0290
1 -0.1166 1.0274
1 -0.1206 1.0258
1 -0.1245 1.0241
1 -0.1284 1.0224
1 -0.1323 1.0206
1 -0.1361 1.0188
1 -0.1400 1.0169
1 -0.1438 1.0150
1 -0.1475 1.0130
1 -0.1513 1.0109
1 -0.1550 1.0088
1 -0.1587 1.0067
1 -0.1624 1.0045
1 -0.1660 1.0023
1 -0.1696 1.0000
1 -0.1732 0.9976
1 -0.1767 0.9952
1 -0.1802 0.9928
1 -0.1837 0.9903
1 -0.1871 0.9878
1 -0.1905 0.9852
1 -0.1939 0.9826
1 -0.1972 0.9799
1 -0.2005 0.9772
1 -0.2038 0.9744
1 -0.2070 0.9716
1 -0.2102 0.9688
1 -0.2133 0.9659
1 -0.2164 0.9630
1 -0.2195 0.9600
1 -0.2225 0.9570
1 -0.2255 0.9539
1 -0.2284 0.9508
1 -0.2313 0.9477
1 -0.2341 0.9445
1 -0.2369 0.9413
1 -0.2397 0.9380
1 -0.2424 0.9347
1 -0.2451 0.9314
1 -0.2477 0.9280
1 -0.2503 0.9246
1 -0.2528 0.9212
1 -0.2553 0.9177
1 -0.2577 0.9142
1 -0.2601 0.9107
1 -0.2625 0.9071
1 -0.2648 0.9035
1 -0.2670 0.8999
1 -0.2692 0.8962
1 -0.2713 0.8925
1 -0.2734 0.8888
1 -0.2755 0.8850
1 -0.2775 0.8813
1 -0.2794 0.8775
1 -0.2813 0.8736
1 -0.2831 0.8698
1 -0.2849 0.8659
1 -0.2866 0.8620
1 -0.2883 0.8581
1 -0.2899 0.8541
1 -0.2915 0.8502
1 -0.2930 0.8462
1 -0.2945 0.8422
1 -0.2959 0.8381
1 -0.2972 0.8341
1 -0.2985 0.8300
1 -0.2997 0.8259
1 -0.3009 0.8218
1 -0.3020 0.8177
1 -0.3031 0.8136
1 -0.3041 0.8094
1 -0.3051 0.8053
1 -0.3060 0.8011
1 -0.3068 0.7969
1 -0.3076 0.7927
1 -0.3083 0.7885
1 -0.3090 0.7843
1 -0.3096 0.7801
1 -0.3101 0.7758
1 -0.3106 0.7716
1 -0.3111 0.7673
1 -0.3115 0.7631
1 -0.3118 0.7588
1 -0.3120 0.7546
1 -0.3122 0.7503
1 -0.3124 0.7460
1 -0.3125 0.7418
1 -0.3125 0.7375
1 -0.3125 0.7332
1 -0.3124 0.7290
1 -0.3122 0.7247
1 -0.3120 0.7204
1 -0.3118 0.7162
1 -0.3115 0.7119
1 -0.3111 0.7077
1 -0.3106 0.7034
1 -0.3101 0.6992
1 -0.3096 0.6949
1 -0.3090 0.6907
1 -0.3083 0.6865
1 -0.3076 0.6823
1 -0.3068 0.6781
1 -0.3060 0.6739
1 -0.3051 0.6697
1 -0.3041 0.6656
1 -0.3031 0.6614
1 -0.3020 0.6573
1 -0.3009 0.6532
1 -0.2997 0.6491
1 -0.2985 0.6450
1 -0.2972 0.6409
1 -0.2959 0.6369
1 -0.2945 0.6329
1 -0.2930 0.6288
1 -0.2915 0.6248
1 -0.2899 0.6209
1 -0.2883 0.6169
1 -0.2866 0.6130
1 -0.2849 0.6091
1 -0.2831 0.6052
1 -0.2813 0.6014
1 -0.2794 0.5975
1 -0.2775 0.5937
1 -0.2755 0.5900
1 -0.2734 0.5862
1 -0.2713 0.5825
1 -0.2692 0.5788
1 -0.2670 0.5751
1 -0.2648 0.5715
1 -0.2625 0.5679
1 -0.2601 0.5643
1 -0.2577 0.5608
1 -0.2553 0.5573
1 -0.2528 0.5538
1 -0.2503 0.5504
1 -0.2477 0.5470
1 -0.2451 0.5436
1 -0.2424 0.5403
1 -0.2397 0.5370
1 -0.2369 0.5337
1 -0.2341 0.5305
1 -0.2313 0.5273
1 -0.2284 0.5242
1 -0.2255 0.5211
1 -0.2225 0.5180
1 -0.2195 0.5150
1 -0.2164 0.5120
1 -0.2133 0.5091
1 -0.2102 0.5062
1 -0.2070 0.5034
1 -0.2038 0.5006
1 -0.2005 0.4978
1 -0.1972 0.4951
1 -0.1939 0.4924
1 -0.1905 0.4898
1 -0.1871 0.4872
1 -0.1837 0.4847
1 -0.1802 0.4822
1 -0.1767 0.4798
1 -0.1732 0.4774
1 -0.1696 0.4750
1 -0.1660 0.4727
1 -0.1624 0.4705
1 -0.1587 0.4683
1 -0.1550 0.4662
1 -0.1513 0.4641
1 -0.1475 0.4620
1 -0.1438 0.4600
1 -0.1400 0.4581
1 -0.1361 0.4562
1 -0.1323 0.4544
1 -0.1284 0.4526
1 -0.1245 0.4509
1 -0.1206 0.4492
1 -0.1166 0.4476
1 -0.1127 0.4460
1 -0.1087 0.4445
1 -0.1047 0.4430
1 -0.1006 0.4416
1 -0.0966 0.4403
1 -0.0925 0.4390
1 -0.0884 0.4378
1 -0.0843 0.4366
1 -0.0802 0.4355
1 -0.0761 0.4344
1 -0.0719 0.4334
1 -0.0678 0.4324
1 -0.0636 0.4315
1 -0.0594 0.4307
1 -0.0552 0.4299
1 -0.0510 0.4292
1 -0.0468 0.4285
1 -0.0426 0.4279
1 -0.0383 0.4274
1 -0.0341 0.4269
1 -0.0298 0.4264
1 -0.0256 0.4260
1 -0.0213 0.4257
1 -0.0171 0.4255
1 -0.0128 0.4253
1 -0.0085 0.4251
1 -0.0043 0.4250
1 0.0000 0.4250
1 0.0043 0.4250
1 0.0085 0.4251
1 0.0128 0.4253
1 0.0171 0.4255
1 0.0213 0.4257
1 0.0256 0.4260
1 0.0298 0.4264
1 0.0341 0.4269
1 0.0383 0.4274
1 0.0426 0.4279
1 0.0468 0.4285
1 0.0510 0.4292
1 0.0552 0.4299
1 0.0594 0.4307
1 0.0636 0.4315
1 0.0678 0.4324
1 0.0719 0.4334
1 0.0761 0.4344
1 0.0802 0.4355
1 0.0843 0.4366
1 0.0884 0.4378
1 0.0925 0.4390
1 0.0966 0.4403
1 0.1006 0.4416
1 0.1046 0.4430
1 0.1087 0.4445
1 0.1127 0.4460
1 0.1166 0.4476
1 0.1206 0.4492
1 0.1245 0.4509
1 0.1284 0.4526
1 0.1323 0.4544
1 0.1361 0.4562
1 0.1400 0.4581
1 0.1438 0.4600
1 0.1475 0.4620
1 0.1513 0.4641
1 0.1550 0.4662
1 0.1587 0.4683
1 0.1624 0.4705
1 0.1660 0.4727
1 0.1696 0.4750
1 0.1732 0.4774
1 0.1767 0.4798
1 0.1802 0.4822
1 0.1837 0.4847
1 0.1871 0.4872
1 0.1905 0.4898
1 0.1939 0.4924
1 0.1972 0.4951
1 0.2005 0.4978
1 0.2038 0.5006
1 0.2070 0.5034
1 0.2102 0.5062
1 0.2133 0.5091
1 0.2164 0.5120
1 0.2195 0.5150
1 0.2225 0.5180
1 0.2255 0.5211
1 0.2284 0.5242
1 0.2313 0.5273
1 0.2341 0.5305
1 0.2369 0.5337
1 0.2397 0.5370
1 0.2424 0.5403
1 0.2451 0.5436
1 0.2477 0.5470
1 0.2503 0.5504
1 0.2528 0.5538
1 0.2553 0.5573
1 0.2577 0.5608
1 0.2601 0.5643
1 0.2625 0.5679
1 0.2648 0.5715
1 0.2670 0.5751
1 0.2692 0.5788
1 0.2713 0.5825
1 0.2734 0.5862
1 0.2755 0.5900
1 0.2775 0.5937
1 0.2794 0.5975
1 0.2813 0.6014
1 0.2831 0.6052
1 0.2849 0.6091
1 0.2866 0.6130
1 0.2883 0.6169
1 0.2899 0.6209
1 0.2915 0.6248
1 0.2930 0.6288
1 0.2945 0.6329
1 0.2959 0.6369
1 0.2972 0.6409
1 0.2985 0.6450
1 0.2997 0.6491
1 0.3009 0.6532
1 0.3020 0.6573
1 0.3031 0.6614
1 0.3041 0.6656
1 0.3051 0.6697
1 0.3060 0.6739
1 0.3068 0.6781
1 0.3076 0.6823
1 0.3083 0.6865
1 0.3090 0.6907
1 0.3096 0.6949
1 0.3101 0.6992
1 0.3106 0.7034
1 0.3111 0.7077
1 0.3115 0.7119
1 0.3118 0.7162
1 0.3120 0.7204
1 0.3122 0.7247
1 0.3124 0.7290
1 0.3125 0.7332
1 0.3125 0.7375
112 1251 405
0 0.1886 0.5931
1 0.1908 0.5961
1 0.1930 0.5991
1 0.1951 0.6021
1 0.1972 0.6052
1 0.1993 0.6083
1 0.2013 0.6114
1 0.2032 0.6146
1 0.2051 0.6178
1 0.2070 0.6210
1 0.2088 0.6243
1 0.2105 0.6275
1 0.2122 0.6308
1 0.2138 0.6342
1 0.2154 0.6375
1 0.2170 0.6409
1 0.2185 0.6443
1 0.2199 0.6477
1 0.2213 0.6512
1 0.2226 0.6547
1 0.2239 0.6582
1 0.2251 0.6617
1 0.2262 0.6652
1 0.2273 0.6687
1 0.2284 0.6723
1 0.2294 0.6759
1 0.2303 0.6795
1 0.2312 0.6831
1 0.2320 0.6867
1 0.2328 0.6903
1 0.2335 0.6940
1 0.2341 0.6976
1 0.2347 0.7013
1 0.2353 0.7050
1 0.2357 0.7087
1 0.2362 0.7124
1 0.2365 0.7161
1 0.2368 0.7198
1 0.2371 0.7235
1 0.2373 0.7272
1 0.2374 0.7309
1 0.2375 0.7346
1 0.2375 0.7383
1 0.2375 0.7420
1 0.2374 0.7457
1 0.2372 0.7495
1 0.2370 0.7532
1 0.2367 0.7569
1 0.2364 0.7606
1 0.2360 0.7643
1 0.2355 0.7679
1 0.2350 0.7716
1 0.2345 0.7753
1 0.2339 0.7790
1 0.2332 0.7826
1 0.2324 0.7863
1 0.2317 0.7899
1 0.2308 0.7935
1 0.2299 0.7971
1 0.2289 0.8007
1 0.2279 0.8043
1 0.2269 0.8078
1 0.2257 0.8114
1 0.2245 0.8149
1 0.2233 0.8184
1 0.2220 0.8219
1 0.2207 0.8253
1 0.2193 0.8288
1 0.2178 0.8322
1 0.2163 0.8356
1 0.2147 0.8389
1 0.2131 0.8423
1 0.2115 0.8456
1 0.2097 0.8489
1 0.2080 0.8522
1 0.2062 0.8554
1 0.2043 0.8586
1 0.2024 0.8618
1 0.2004 0.8650
1 0.1984 0.8681
1 0.1963 0.8712
1 0.1942 0.8742
1 0.1920 0.8772
1 0.1898 0.8802
1 0.1876 0.8832
1 0.1853 0.8861
1 0.1829 0.8890
1 0.1805 0.8918
1 0.1781 0.8946
1 0.1756 0.8974
1 0.1731 0.9001
1 0.1705 0.9028
1 0.1679 0.9054
1 0.1653 0.9080
1 0.1626 0.9106
1 0.1599 0.9131
1 0.1571 0.9156
1 0.1543 0.9180
1 0.1515 0.9204
1 0.1486 0.9228
1 0.1457 0.9251
1 0.1427 0.9273
1 0.1397 0.9295
1 0.1367 0.9317
1 0.1337 0.9338
1 0.1306 0.9359
1 0.1275 0.9379
1 0.1243 0.9399
1 0.1211 0.9418
1 0.1179 0.9437
1 0.1147 0.9455
1 0.1114 0.9472
1 0.1081 0.9490
1 0.1048 0.9506
1 0.1014 0.9522
1 0.0981 0.9538
1 0.0947 0.9553
1 0.0913 0.9568
1 0.0878 0.9582
1 0.0844 0.9595
1 0.0809 0.9608
1 0.0774 0.9620
1 0.0739 0.9632
1 0.0703 0.9644
1 0.0668 0.9654
1 0.0632 0.9664
1 0.0596 0.9674
1 0.0560 0.9683
1 0.0524 0.9692
1 0.0488 0.9699
1 0.0451 0.9707
1 0.0415 0.9714
1 0.0378 0.9720
1 0.0341 0.9725
1 0.0304 0.9730
1 0.0268 0.9735
1 0.0231 0.9739
1 0.0194 0.9742
1 0.0157 0.9745
1 0.0120 0.9747
1 0.0082 0.9749
1 0.0045 0.9750
1 0.0008 0.9750
1 -0.0029 0.9750
1 -0.0066 0.9749
1 -0.0103 0.9748
1 -0.0140 0.9746
1 -0.0177 0.9743
1 -0.0214 0.9740
1 -0.0251 0.9737
1 -0.0288 0.9732
1 -0.0325 0.9728
1 -0.0362 0.9722
1 -0.0399 0.9716
1 -0.0435 0.9710
1 -0.0472 0.9703
1 -0.0508 0.9695
1 -0.0544 0.9687
1 -0.0580 0.9678
1 -0.0616 0.9669
1 -0.0652 0.9659
1 -0.0688 0.9648
1 -0.0723 0.9637
1 -0.0758 0.9626
1 -0.0793 0.9614
1 -0.0828 0.9601
1 -0.0863 0.9588
1 -0.0898 0.9574
1 -0.0932 0.9560
1 -0.0966 0.9545
1 -0.1000 0.9529
1 -0.1033 0.9513
1 -0.1067 0.9497
1 -0.1100 0.9480
1 -0.1132 0.9463
1 -0.1165 0.9445
1 -0.1197 0.9426
1 -0.1229 0.9407
1 -0.1261 0.9388
1 -0.1292 0.9368
1 -0.1323 0.9347
1 -0.1354 0.9326
1 -0.1384 0.9305
1 -0.1414 0.9283
1 -0.1444 0.9261
1 -0.1444 0.9261
1 -0.1469 0.9241
1 -0.1498 0.9218
1 -0.1527 0.9194
1 -0.1555 0.9170
1 -0.1583 0.9145
1 -0.1611 0.9120
1 -0.1638 0.9095
1 -0.1665 0.9069
1 -0.1691 0.9043
1 -0.1717 0.9016
1 -0.1742 0.8989
1 -0.1767 0.8962
1 -0.1792 0.8934
1 -0.1816 0.8906
1 -0.1840 0.8877
1 -0.1863 0.8848
1 -0.1886 0.8819
1 -0.1886 0.8819
1 -0.1908 0.8789
1 -0.1930 0.8759
1 -0.1951 0.8729
1 -0.1972 0.8698
1 -0.1993 0.8667
1 -0.2013 0.8636
1 -0.2032 0.8604
1 -0.2051 0.8572
1 -0.2070 0.8540
1 -0.2088 0.8507
1 -0.2105 0.8475
1 -0.2122 0.8442
1 -0.2138 0.8408
1 -0.2154 0.8375
1 -0.2170 0.8341
1 -0.2185 0.8307
1 -0.2199 0.8273
1 -0.2213 0.8238
1 -0.2226 0.8203
1 -0.2239 0.8168
1 -0.2251 0.8133
1 -0.2262 0.8098
1 -0.2273 0.8063
1 -0.2284 0.8027
1 -0.2294 0.7991
1 -0.2303 0.7955
1 -0.2312 0.7919
1 -0.2320 0.7883
1 -0.2328 0.7847
1 -0.2335 0.7810
1 -0.2341 0.7774
1 -0.2347 0.7737
1 -0.2353 0.7700
1 -0.2357 0.7663
1 -0.2362 0.7626
1 -0.2365 0.7589
1 -0.2368 0.7552
1 -0.2371 0.7515
1 -0.2373 0.7478
1 -0.2374 0.7441
1 -0.2375 0.7404
1 -0.2375 0.7367
1 -0.2375 0.7330
1 -0.2374 0.7293
1 -0.2372 0.7255
1 -0.2370 0.7218
1 -0.2367 0.7181
1 -0.2364 0.7144
1 -0.2360 0.7107
1 -0.2355 0.7071
1 -0.2350 0.7034
1 -0.2345 0.6997
1 -0.2339 0.6960
1 -0.2332 0.6924
1 -0.2324 0.6887
1 -0.2317 0.6851
1 -0.2308 0.6815
1 -0.2299 0.6779
1 -0.2289 0.6743
1 -0.2279 0.6707
1 -0.2269 0.6672
1 -0.2257 0.6636
1 -0.2245 0.6601
1 -0.2233 0.6566
1 -0.2220 0.6531
1 -0.2207 0.6497
1 -0.2193 0.6462
1 -0.2178 0.6428
1 -0.2163 0.6394
1 -0.2147 0.6361
1 -0.2131 0.6327
1 -0.2115 0.6294
1 -0.2098 0.6261
1 -0.2080 0.6228
1 -0.2062 0.6196
1 -0.2043 0.6164
1 -0.2024 0.6132
1 -0.2004 0.6100
1 -0.1984 0.6069
1 -0.1963 0.6038
1 -0.1942 0.6008
1 -0.1920 0.5978
1 -0.1898 0.5948
1 -0.1876 0.5918
1 -0.1853 0.5889
1 -0.1829 0.5860
1 -0.1805 0.5832
1 -0.1781 0.5804
1 -0.1756 0.5776
1 -0.1731 0.5749
1 -0.1705 0.5722
1 -0.1679 0.5696
1 -0.1653 0.5670
1 -0.1626 0.5644
1 -0.1599 0.5619
1 -0.1571 0.5594
1 -0.1543 0.5570
1 -0.1515 0.5546
1 -0.1486 0.5522
1 -0.1457 0.5499
1 -0.1427 0.5477
1 -0.1397 0.5455
1 -0.1367 0.5433
1 -0.1337 0.5412
1 -0.1306 0.5391
1 -0.1275 0.5371
1 -0.1243 0.5351
1 -0.1211 0.5332
1 -0.1179 0.5313
1 -0.1147 0.5295
1 -0.1114 0.5278
1 -0.1081 0.5260
1 -0.1048 0.5244
1 -0.1014 0.5228
1 -0.0981 0.5212
1 -0.0947 0.5197
1 -0.0913 0.5182
1 -0.0878 0.5168
1 -0.0844 0.5155
1 -0.0809 0.5142
1 -0.0774 0.5130
1 -0.0739 0.5118
1 -0.0703 0.5106
1 -0.0668 0.5096
1 -0.0632 0.5086
1 -0.0596 0.5076
1 -0.0560 0.5067
1 -0.0524 0.5058
1 -0.0488 0.5051
1 -0.0451 0.5043
1 -0.0415 0.5036
1 -0.0378 0.5030
1 -0.0341 0.5025
1 -0.0304 0.5020
1 -0.0268 0.5015
1 -0.0231 0.5011
1 -0.0194 0.5008
1 -0.0157 0.5005
1 -0.0120 0.5003
1 -0.0082 0.5001
1 -0.0045 0.5000
1 -0.0008 0.5000
1 0.0029 0.5000
1 0.0066 0.5001
1 0.0103 0.5002
1 0.0140 0.5004
1 0.0177 0.5007
1 0.0214 0.5010
1 0.0251 0.5013
1 0.0288 0.5018
1 0.0325 0.5022
1 0.0362 0.5028
1 0.0399 0.5034
1 0.0435 0.5040
1 0.0472 0.5047
1 0.0508 0.5055
1 0.0544 0.5063
1 0.0580 0.5072
1 0.0616 0.5081
1 0.0652 0.5091
1 0.0688 0.5102
1 0.0723 0.5113
1 0.0758 0.5124
1 0.0793 0.5136
1 0.0828 0.5149
1 0.0863 0.5162
1 0.0898 0.5176
1 0.0932 0.5190
1 0.0966 0.5205
1 0.1000 0.5221
1 0.1033 0.5237
1 0.1067 0.5253
1 0.1100 0.5270
1 0.1132 0.5287
1 0.1165 0.5305
1 0.1197 0.5324
1 0.1229 0.5343
1 0.1261 0.5362
1 0.1292 0.5382
1 0.1323 0.5403
1 0.1354 0.5424
1 0.1384 0.5445
1 0.1414 0.5467
1 0.1444 0.5489
1 0.1469 0.5509
1 0.1498 0.5532
1 0.1527 0.5556
1 0.1555 0.5580
1 0.1583 0.5605
1 0.1611 0.5630
1 0.1638 0.5655
1 0.1665 0.5681
1 0.1691 0.5707
1 0.1717 0.5734
1 0.1742 0.5761
1 0.1767 0.5788
1 0.1792 0.5816
1 0.1816 0.5844
1 0.1840 0.5873
1 0.1863 0.5902
1 0.1886 0.5931
112 1250 263
0 0.0250 0.5013
1 0.0250 0.6683
1 0.0744 0.7073
1 0.0798 0.7099
1 0.0819 0.7107
1 0.0839 0.7115
1 0.0859 0.7124
1 0.0879 0.7133
1 0.0898 0.7143
1 0.0918 0.7154
1 0.0937 0.7165
1 0.0955 0.7177
1 0.0973 0.7189
1 0.0991 0.7201
1 0.1009 0.7214
1 0.1026 0.7228
1 0.1043 0.7242
1 0.1060 0.7256
1 0.1076 0.7271
1 0.1091 0.7286
1 0.1107 0.7302
1 0.1121 0.7318
1 0.1136 0.7335
1 0.1150 0.7352
1 0.1163 0.7369
1 0.1176 0.7387
1 0.1189 0.7405
1 0.1200 0.7423
1 0.1212 0.7442
1 0.1223 0.7461
1 0.1233 0.7480
1 0.1243 0.7500
1 0.1253 0.7520
1 0.1261 0.7540
1 0.1270 0.7560
1 0.1277 0.7580
1 0.1285 0.7601
1 0.1291 0.7622
1 0.1297 0.7643
1 0.1303 0.7664
1 0.1308 0.7686
1 0.1312 0.7707
1 0.1315 0.7729
1 0.1319 0.7751
1 0.1321 0.7772
1 0.1323 0.7794
1 0.1324 0.7816
1 0.1325 0.7838
1 0.1325 0.8587
1 0.1468 0.8575
1 0.1475 0.8575
1 0.1482 0.8575
1 0.1489 0.8576
1 0.1496 0.8578
1 0.1503 0.8580
1 0.1510 0.8582
1 0.1516 0.8585
1 0.1523 0.8589
1 0.1529 0.8593
1 0.1534 0.8598
1 0.1539 0.8603
1 0.1544 0.8609
1 0.1548 0.8614
1 0.1552 0.8621
1 0.1555 0.8627
1 0.1558 0.8634
1 0.1560 0.8641
1 0.1561 0.8648
1 0.1562 0.8655
1 0.1562 0.8662
1 0.1562 0.8669
1 0.1561 0.8677
1 0.1560 0.8684
1 0.1558 0.8691
1 0.1555 0.8697
1 0.1552 0.8704
1 0.1548 0.8710
1 0.1544 0.8716
1 0.1075 0.9325
1 0.0606 0.8716
1 0.0602 0.8710
1 0.0598 0.8704
1 0.0595 0.8697
1 0.0592 0.8691
1 0.0590 0.8684
1 0.0589 0.8677
1 0.0588 0.8669
1 0.0587 0.8662
1 0.0588 0.8655
1 0.0589 0.8648
1 0.0590 0.8641
1 0.0592 0.8634
1 0.0595 0.8627
1 0.0598 0.8621
1 0.0602 0.8614
1 0.0606 0.8609
1 0.0611 0.8603
1 0.0616 0.8598
1 0.0621 0.8593
1 0.0627 0.8589
1 0.0634 0.8585
1 0.0640 0.8582
1 0.0647 0.8580
1 0.0654 0.8578
1 0.0661 0.8576
1 0.0668 0.8575
1 0.0675 0.8575
1 0.0682 0.8575
1 0.0825 0.8587
1 0.0825 0.7905
1 0.0826 0.7891
1 0.0826 0.7876
1 0.0826 0.7862
1 0.0825 0.7848
1 0.0824 0.7833
1 0.0822 0.7819
1 0.0819 0.7805
1 0.0816 0.7791
1 0.0812 0.7777
1 0.0807 0.7763
1 0.0802 0.7750
1 0.0797 0.7737
1 0.0791 0.7724
1 0.0784 0.7711
1 0.0777 0.7699
1 0.0769 0.7686
1 0.0761 0.7675
1 0.0752 0.7663
1 0.0743 0.7652
1 0.0733 0.7642
1 0.0723 0.7631
1 0.0712 0.7622
1 0.0701 0.7612
1 0.0690 0.7604
1 0.0678 0.7595
1 0.0666 0.7587
1 0.0654 0.7580
1 0.0641 0.7573
1 0.0628 0.7567
1 0.0615 0.7562
1 0.0601 0.7557
1 0.0587 0.7552
1 0.0367 0.7450
1 0.0250 0.7567
1 0.0250 0.9326
1 -0.0250 0.9326
1 -0.0250 0.8067
1 -0.0236 0.7169
1 -0.0879 0.6870
1 -0.0902 0.6856
1 -0.0924 0.6842
1 -0.0947 0.6828
1 -0.0969 0.6813
1 -0.0991 0.6797
1 -0.1012 0.6781
1 -0.1033 0.6765
1 -0.1054 0.6748
1 -0.1074 0.6731
1 -0.1094 0.6713
1 -0.1114 0.6695
1 -0.1133 0.6676
1 -0.1152 0.6658
1 -0.1170 0.6638
1 -0.1189 0.6619
1 -0.1206 0.6599
1 -0.1224 0.6578
1 -0.1240 0.6558
1 -0.1257 0.6537
1 -0.1273 0.6515
1 -0.1289 0.6494
1 -0.1304 0.6472
1 -0.1318 0.6449
1 -0.1333 0.6427
1 -0.1346 0.6404
1 -0.1360 0.6381
1 -0.1372 0.6357
1 -0.1385 0.6334
1 -0.1397 0.6310
1 -0.1408 0.6286
1 -0.1419 0.6261
1 -0.1429 0.6237
1 -0.1439 0.6212
1 -0.1448 0.6187
1 -0.1457 0.6161
1 -0.1465 0.6136
1 -0.1473 0.6111
1 -0.1480 0.6085
1 -0.1487 0.6059
1 -0.1493 0.6033
1 -0.1499 0.6007
1 -0.1504 0.5981
1 -0.1508 0.5954
1 -0.1513 0.5928
1 -0.1513 0.5544
1 -0.1486 0.5522
1 -0.1457 0.5499
1 -0.1427 0.5477
1 -0.1397 0.5455
1 -0.1367 0.5433
1 -0.1337 0.5412
1 -0.1306 0.5391
1 -0.1275 0.5371
1 -0.1243 0.5351
1 -0.1211 0.5332
1 -0.1179 0.5313
1 -0.1147 0.5295
1 -0.1114 0.5278
1 -0.1081 0.5260
1 -0.1048 0.5244
1 -0.1013 0.5227
1 -0.1013 0.5860
1 -0.1010 0.5880
1 -0.1006 0.5900
1 -0.1002 0.5919
1 -0.0998 0.5939
1 -0.0993 0.5958
1 -0.0987 0.5978
1 -0.0981 0.5997
1 -0.0975 0.6016
1 -0.0968 0.6034
1 -0.0960 0.6053
1 -0.0952 0.6072
1 -0.0944 0.6090
1 -0.0935 0.6108
1 -0.0926 0.6126
1 -0.0916 0.6143
1 -0.0906 0.6160
1 -0.0896 0.6177
1 -0.0885 0.6194
1 -0.0873 0.6211
1 -0.0861 0.6227
1 -0.0849 0.6243
1 -0.0837 0.6258
1 -0.0824 0.6273
1 -0.0810 0.6288
1 -0.0796 0.6303
1 -0.0782 0.6317
1 -0.0768 0.6331
1 -0.0753 0.6344
1 -0.0738 0.6357
1 -0.0722 0.6370
1 -0.0706 0.6382
1 -0.0690 0.6394
1 -0.0674 0.6406
1 -0.0657 0.6417
1 -0.0640 0.6427
1 -0.0623 0.6438
1 -0.0250 0.6611
1 -0.0250 0.5013
1 -0.0231 0.5011
1 -0.0194 0.5008
1 -0.0157 0.5005
1 -0.0120 0.5003
1 -0.0082 0.5001
1 -0.0045 0.5000
1 -0.0008 0.5000
1 0.0029 0.5000
1 0.0066 0.5001
1 0.0103 0.5002
1 0.0140 0.5004
1 0.0177 0.5007
1 0.0214 0.5010
1 0.0250 0.5013
112 1250 11
0 -0.3045 0.3570
1 -0.3045 0.2664
1 -0.2916 0.2664
1 -0.2916 0.3358
1 -0.2599 0.2664
1 -0.2463 0.2664
1 -0.2463 0.3570
1 -0.2593 0.3570
1 -0.2593 0.2989
1 -0.2868 0.3570
1 -0.3045 0.3570
112 1250 78
0 -0.1782 0.2784
1 -0.1764 0.2815
1 -0.1764 0.2815
1 -0.1750 0.2842
1 -0.1738 0.2871
1 -0.1728 0.2901
1 -0.1720 0.2933
1 -0.1713 0.2967
1 -0.1707 0.3002
1 -0.1703 0.3038
1 -0.1701 0.3076
1 -0.1700 0.3116
1 -0.1701 0.3155
1 -0.1703 0.3193
1 -0.1707 0.3230
1 -0.1713 0.3265
1 -0.1720 0.3298
1 -0.1728 0.3330
1 -0.1738 0.3360
1 -0.1750 0.3389
1 -0.1764 0.3416
1 -0.1767 0.3423
1 -0.1787 0.3453
1 -0.1808 0.3480
1 -0.1831 0.3503
1 -0.1857 0.3523
1 -0.1885 0.3539
1 -0.1914 0.3552
1 -0.1946 0.3561
1 -0.1980 0.3566
1 -0.2016 0.3568
1 -0.2023 0.3568
1 -0.2059 0.3566
1 -0.2092 0.3560
1 -0.2123 0.3550
1 -0.2153 0.3536
1 -0.2180 0.3520
1 -0.2205 0.3499
1 -0.2228 0.3475
1 -0.2249 0.3447
1 -0.2268 0.3416
1 -0.2281 0.3390
1 -0.2293 0.3361
1 -0.2303 0.3331
1 -0.2312 0.3299
1 -0.2319 0.3266
1 -0.2324 0.3231
1 -0.2328 0.3194
1 -0.2331 0.3156
1 -0.2331 0.3116
1 -0.2331 0.3078
1 -0.2328 0.3040
1 -0.2324 0.3004
1 -0.2318 0.2970
1 -0.2311 0.2936
1 -0.2302 0.2904
1 -0.2291 0.2873
1 -0.2279 0.2844
1 -0.2265 0.2816
1 -0.2262 0.2810
1 -0.2242 0.2779
1 -0.2221 0.2752
1 -0.2197 0.2728
1 -0.2172 0.2708
1 -0.2145 0.2691
1 -0.2116 0.2678
1 -0.2084 0.2669
1 -0.2051 0.2663
1 -0.2016 0.2662
1 -0.2007 0.2662
1 -0.1971 0.2664
1 -0.1938 0.2671
1 -0.1907 0.2681
1 -0.1878 0.2694
1 -0.1851 0.2711
1 -0.1826 0.2732
1 -0.1803 0.2756
1 -0.1782 0.2784
112 1250 104
0 -0.0996 0.2792
1 -0.0997 0.2792
1 -0.1023 0.2794
1 -0.1047 0.2800
1 -0.1069 0.2810
1 -0.1089 0.2823
1 -0.1107 0.2840
1 -0.1123 0.2862
1 -0.1136 0.2886
1 -0.1148 0.2915
1 -0.1157 0.2948
1 -0.1165 0.2984
1 -0.1170 0.3024
1 -0.1173 0.3068
1 -0.1174 0.3116
1 -0.1174 0.3118
1 -0.1173 0.3166
1 -0.1170 0.3210
1 -0.1164 0.3250
1 -0.1157 0.3286
1 -0.1147 0.3319
1 -0.1136 0.3347
1 -0.1122 0.3372
1 -0.1106 0.3393
1 -0.1088 0.3410
1 -0.1068 0.3424
1 -0.1046 0.3433
1 -0.1022 0.3439
1 -0.0996 0.3441
1 -0.0968 0.3439
1 -0.0935 0.3429
1 -0.0903 0.3412
1 -0.0882 0.3395
1 -0.0861 0.3368
1 -0.0848 0.3337
1 -0.0711 0.3337
1 -0.0717 0.3362
1 -0.0729 0.3394
1 -0.0744 0.3424
1 -0.0763 0.3452
1 -0.0785 0.3478
1 -0.0812 0.3502
1 -0.0832 0.3518
1 -0.0862 0.3536
1 -0.0894 0.3550
1 -0.0926 0.3560
1 -0.0961 0.3566
1 -0.0996 0.3568
1 -0.1005 0.3568
1 -0.1041 0.3566
1 -0.1074 0.3559
1 -0.1105 0.3550
1 -0.1134 0.3536
1 -0.1162 0.3519
1 -0.1187 0.3499
1 -0.1210 0.3475
1 -0.1231 0.3447
1 -0.1250 0.3416
1 -0.1262 0.3390
1 -0.1274 0.3361
1 -0.1285 0.3331
1 -0.1293 0.3299
1 -0.1300 0.3266
1 -0.1306 0.3231
1 -0.1310 0.3194
1 -0.1312 0.3156
1 -0.1313 0.3116
1 -0.1312 0.3078
1 -0.1310 0.3040
1 -0.1306 0.3004
1 -0.1300 0.2970
1 -0.1293 0.2936
1 -0.1284 0.2904
1 -0.1273 0.2873
1 -0.1261 0.2844
1 -0.1247 0.2816
1 -0.1243 0.2809
1 -0.1223 0.2778
1 -0.1202 0.2751
1 -0.1179 0.2727
1 -0.1153 0.2707
1 -0.1126 0.2691
1 -0.1096 0.2678
1 -0.1065 0.2669
1 -0.1031 0.2663
1 -0.0996 0.2662
1 -0.0983 0.2662
1 -0.0948 0.2666
1 -0.0915 0.2673
1 -0.0882 0.2685
1 -0.0851 0.2700
1 -0.0821 0.2720
1 -0.0812 0.2727
1 -0.0786 0.2750
1 -0.0764 0.2776
1 -0.0745 0.2804
1 -0.0730 0.2835
1 -0.0719 0.2868
1 -0.0866 0.2868
1 -0.0878 0.2844
1 -0.0899 0.2821
1 -0.0925 0.2805
1 -0.0958 0.2795
1 -0.0996 0.2792
112 1250 9
0 -0.0221 0.3570
1 -0.0361 0.3570
1 -0.0599 0.2664
1 -0.0456 0.2664
1 -0.0407 0.2871
1 -0.0168 0.2871
1 -0.0120 0.2664
1 0.0018 0.2664
1 -0.0221 0.3570
112 1251 4
0 -0.0379 0.2970
1 -0.0198 0.2970
1 -0.0289 0.3354
1 -0.0379 0.2970
112 1250 13
0 0.0308 0.3570
1 0.0137 0.3570
1 0.0137 0.2664
1 0.0260 0.2664
1 0.0260 0.3304
1 0.0475 0.2691
1 0.0679 0.3300
1 0.0679 0.2664
1 0.0813 0.2664
1 0.0813 0.3570
1 0.0644 0.3570
1 0.0475 0.3082
1 0.0308 0.3570
112 1250 44
0 0.1445 0.2769
1 0.1426 0.2743
1 0.1425 0.2742
1 0.1401 0.2719
1 0.1374 0.2699
1 0.1344 0.2684
1 0.1311 0.2673
1 0.1275 0.2667
1 0.1235 0.2664
1 0.1231 0.2664
1 0.0947 0.2664
1 0.0947 0.3570
1 0.1233 0.3570
1 0.1269 0.3568
1 0.1303 0.3559
1 0.1334 0.3545
1 0.1363 0.3525
1 0.1390 0.3499
1 0.1390 0.3499
1 0.1412 0.3470
1 0.1429 0.3439
1 0.1442 0.3407
1 0.1450 0.3374
1 0.1452 0.3339
1 0.1452 0.3337
1 0.1450 0.3311
1 0.1441 0.3283
1 0.1426 0.3253
1 0.1406 0.3223
1 0.1380 0.3191
1 0.1353 0.3163
1 0.1384 0.3146
1 0.1411 0.3127
1 0.1434 0.3104
1 0.1453 0.3079
1 0.1468 0.3050
1 0.1478 0.3018
1 0.1485 0.2983
1 0.1487 0.2945
1 0.1487 0.2940
1 0.1486 0.2899
1 0.1481 0.2862
1 0.1472 0.2828
1 0.1460 0.2797
112 1251 19
0 0.1076 0.2784
1 0.1236 0.2784
1 0.1268 0.2790
1 0.1295 0.2808
1 0.1319 0.2837
1 0.1322 0.2842
1 0.1337 0.2874
1 0.1346 0.2908
1 0.1350 0.2943
1 0.1350 0.2948
1 0.1347 0.2984
1 0.1337 0.3017
1 0.1322 0.3047
1 0.1298 0.3075
1 0.1269 0.3091
1 0.1235 0.3097
1 0.1235 0.3097
1 0.1076 0.3097
1 0.1076 0.2784
112 1251 16
0 0.1218 0.3450
1 0.1234 0.3449
1 0.1265 0.3435
1 0.1289 0.3408
1 0.1300 0.3389
1 0.1312 0.3355
1 0.1316 0.3322
1 0.1315 0.3307
1 0.1307 0.3274
1 0.1289 0.3243
1 0.1281 0.3234
1 0.1253 0.3214
1 0.1218 0.3208
1 0.1076 0.3208
1 0.1076 0.3450
1 0.1218 0.3450
112 1250 5
0 0.1746 0.2664
1 0.1617 0.2664
1 0.1617 0.3570
1 0.1746 0.3570
1 0.1746 0.2664
112 1250 31
0 0.2860 0.3018
1 0.2718 0.3018
1 0.2718 0.2664
1 0.2588 0.2664
1 0.2588 0.3570
1 0.2935 0.3570
1 0.2969 0.3567
1 0.3001 0.3557
1 0.3029 0.3541
1 0.3055 0.3519
1 0.3078 0.3490
1 0.3087 0.3475
1 0.3103 0.3445
1 0.3115 0.3413
1 0.3125 0.3380
1 0.3131 0.3345
1 0.3133 0.3308
1 0.3134 0.3296
1 0.3132 0.3259
1 0.3128 0.3223
1 0.3120 0.3188
1 0.3110 0.3156
1 0.3101 0.3134
1 0.3083 0.3102
1 0.3063 0.3073
1 0.3039 0.3048
1 0.3011 0.3026
1 0.3000 0.3019
1 0.3125 0.2664
1 0.2977 0.2664
1 0.2860 0.3018
112 1251 16
0 0.2718 0.3142
1 0.2893 0.3142
1 0.2925 0.3148
1 0.2951 0.3168
1 0.2969 0.3196
1 0.2981 0.3227
1 0.2988 0.3262
1 0.2989 0.3291
1 0.2987 0.3327
1 0.2979 0.3362
1 0.2968 0.3391
1 0.2947 0.3424
1 0.2922 0.3444
1 0.2893 0.3450
1 0.2718 0.3450
1 0.2718 0.3142
112 1250 43
0 -0.2034 0.1191
1 -0.2060 0.1166
1 -0.2089 0.1145
1 -0.2121 0.1126
1 -0.2157 0.1111
1 -0.2196 0.1098
1 -0.2239 0.1089
1 -0.2285 0.1082
1 -0.2334 0.1079
1 -0.2368 0.1078
1 -0.2644 0.1078
1 -0.2644 0.1984
1 -0.2360 0.1984
1 -0.2313 0.1983
1 -0.2268 0.1977
1 -0.2227 0.1969
1 -0.2188 0.1957
1 -0.2151 0.1941
1 -0.2118 0.1922
1 -0.2086 0.1899
1 -0.2058 0.1873
1 -0.2032 0.1844
1 -0.2030 0.1841
1 -0.2011 0.1813
1 -0.1994 0.1784
1 -0.1980 0.1754
1 -0.1968 0.1721
1 -0.1958 0.1687
1 -0.1950 0.1652
1 -0.1945 0.1614
1 -0.1942 0.1575
1 -0.1940 0.1539
1 -0.1941 0.1493
1 -0.1944 0.1450
1 -0.1948 0.1410
1 -0.1954 0.1372
1 -0.1961 0.1337
1 -0.1970 0.1305
1 -0.1981 0.1276
1 -0.1993 0.1249
1 -0.2007 0.1225
1 -0.2011 0.1218
1 -0.2034 0.1191
112 1251 32
0 -0.2478 0.1202
1 -0.2394 0.1202
1 -0.2345 0.1205
1 -0.2301 0.1212
1 -0.2262 0.1224
1 -0.2228 0.1241
1 -0.2198 0.1263
1 -0.2173 0.1289
1 -0.2160 0.1307
1 -0.2147 0.1331
1 -0.2136 0.1360
1 -0.2127 0.1392
1 -0.2120 0.1427
1 -0.2116 0.1466
1 -0.2113 0.1509
1 -0.2113 0.1532
1 -0.2114 0.1577
1 -0.2117 0.1618
1 -0.2123 0.1655
1 -0.2130 0.1689
1 -0.2140 0.1719
1 -0.2151 0.1746
1 -0.2159 0.1759
1 -0.2180 0.1788
1 -0.2207 0.1813
1 -0.2238 0.1833
1 -0.2274 0.1848
1 -0.2315 0.1858
1 -0.2361 0.1864
1 -0.2394 0.1865
1 -0.2478 0.1865
1 -0.2478 0.1202
112 1250 13
0 -0.1263 0.1984
1 -0.1826 0.1984
1 -0.1826 0.1078
1 -0.1263 0.1078
1 -0.1263 0.1186
1 -0.1665 0.1186
1 -0.1665 0.1514
1 -0.1418 0.1514
1 -0.1418 0.1622
1 -0.1665 0.1622
1 -0.1665 0.1879
1 -0.1263 0.1879
1 -0.1263 0.1984
112 1250 30
0 -0.0173 0.1537
1 -0.0194 0.1508
1 -0.0197 0.1504
1 -0.0225 0.1477
1 -0.0258 0.1456
1 -0.0296 0.1442
1 -0.0338 0.1434
1 -0.0373 0.1432
1 -0.0642 0.1432
1 -0.0642 0.1078
1 -0.0806 0.1078
1 -0.0806 0.1984
1 -0.0373 0.1984
1 -0.0331 0.1981
1 -0.0291 0.1972
1 -0.0256 0.1956
1 -0.0223 0.1933
1 -0.0194 0.1905
1 -0.0184 0.1891
1 -0.0164 0.1860
1 -0.0149 0.1828
1 -0.0137 0.1795
1 -0.0130 0.1760
1 -0.0127 0.1723
1 -0.0126 0.1710
1 -0.0128 0.1671
1 -0.0134 0.1634
1 -0.0143 0.1600
1 -0.0156 0.1567
1 -0.0173 0.1537
112 1251 18
0 -0.0642 0.1556
1 -0.0424 0.1556
1 -0.0384 0.1562
1 -0.0349 0.1580
1 -0.0321 0.1609
1 -0.0301 0.1640
1 -0.0290 0.1674
1 -0.0287 0.1705
1 -0.0291 0.1740
1 -0.0302 0.1774
1 -0.0320 0.1806
1 -0.0321 0.1808
1 -0.0350 0.1839
1 -0.0384 0.1858
1 -0.0422 0.1865
1 -0.0424 0.1865
1 -0.0642 0.1865
1 -0.0642 0.1556
112 1250 5
0 0.0171 0.1078
1 0.0011 0.1078
1 0.0011 0.1984
1 0.0171 0.1984
1 0.0171 0.1078
112 1250 117
0 0.0690 0.1888
1 0.0694 0.1888
1 0.0736 0.1881
1 0.0773 0.1860
1 0.0777 0.1857
1 0.0802 0.1828
1 0.0816 0.1795
1 0.0968 0.1795
1 0.0966 0.1820
1 0.0957 0.1854
1 0.0941 0.1885
1 0.0917 0.1914
1 0.0887 0.1940
1 0.0858 0.1958
1 0.0820 0.1975
1 0.0779 0.1988
1 0.0736 0.1995
1 0.0690 0.1998
1 0.0664 0.1997
1 0.0617 0.1993
1 0.0574 0.1985
1 0.0533 0.1973
1 0.0496 0.1956
1 0.0462 0.1936
1 0.0448 0.1925
1 0.0421 0.1899
1 0.0399 0.1871
1 0.0385 0.1839
1 0.0375 0.1805
1 0.0372 0.1767
1 0.0373 0.1759
1 0.0377 0.1725
1 0.0387 0.1693
1 0.0404 0.1662
1 0.0427 0.1633
1 0.0456 0.1607
1 0.0491 0.1582
1 0.0518 0.1569
1 0.0557 0.1551
1 0.0596 0.1532
1 0.0635 0.1513
1 0.0674 0.1494
1 0.0712 0.1475
1 0.0716 0.1474
1 0.0758 0.1449
1 0.0790 0.1423
1 0.0814 0.1396
1 0.0828 0.1368
1 0.0832 0.1338
1 0.0831 0.1314
1 0.0825 0.1277
1 0.0812 0.1246
1 0.0793 0.1221
1 0.0768 0.1201
1 0.0737 0.1187
1 0.0700 0.1179
1 0.0656 0.1176
1 0.0649 0.1176
1 0.0609 0.1183
1 0.0572 0.1199
1 0.0536 0.1226
1 0.0529 0.1232
1 0.0502 0.1263
1 0.0485 0.1294
1 0.0479 0.1326
1 0.0325 0.1326
1 0.0328 0.1295
1 0.0336 0.1258
1 0.0348 0.1225
1 0.0364 0.1195
1 0.0385 0.1167
1 0.0411 0.1143
1 0.0440 0.1121
1 0.0474 0.1102
1 0.0513 0.1086
1 0.0538 0.1078
1 0.0583 0.1069
1 0.0626 0.1066
1 0.0645 0.1067
1 0.0694 0.1069
1 0.0740 0.1074
1 0.0782 0.1081
1 0.0820 0.1092
1 0.0855 0.1105
1 0.0886 0.1120
1 0.0913 0.1138
1 0.0937 0.1159
1 0.0957 0.1182
1 0.0974 0.1208
1 0.0987 0.1237
1 0.0996 0.1269
1 0.1001 0.1303
1 0.1003 0.1340
1 0.1003 0.1352
1 0.0998 0.1386
1 0.0986 0.1418
1 0.0969 0.1448
1 0.0946 0.1477
1 0.0918 0.1505
1 0.0883 0.1531
1 0.0874 0.1536
1 0.0854 0.1548
1 0.0822 0.1565
1 0.0780 0.1587
1 0.0726 0.1615
1 0.0662 0.1648
1 0.0631 0.1664
1 0.0592 0.1691
1 0.0564 0.1717
1 0.0547 0.1742
1 0.0542 0.1768
1 0.0545 0.1796
1 0.0559 0.1828
1 0.0584 0.1855
1 0.0605 0.1869
1 0.0644 0.1883
1 0.0690 0.1888
112 1250 9
0 0.1808 0.1984
1 0.1108 0.1984
1 0.1108 0.1857
1 0.1377 0.1857
1 0.1377 0.1078
1 0.1541 0.1078
1 0.1541 0.1857
1 0.1808 0.1857
1 0.1808 0.1984
112 1250 9
0 0.2449 0.1285
1 0.2151 0.1285
1 0.2090 0.1078
1 0.1913 0.1078
1 0.2208 0.1984
1 0.2383 0.1984
1 0.2680 0.1078
1 0.2508 0.1078
1 0.2449 0.1285
112 1251 4
0 0.2187 0.1384
1 0.2411 0.1384
1 0.2298 0.1768
1 0.2187 0.1384
112 1462 38
0 0.1886 0.5931
1 -0.1444 0.9261
1 -0.1469 0.9241
1 -0.1498 0.9218
1 -0.1527 0.9194
1 -0.1555 0.9170
1 -0.1583 0.9145
1 -0.1611 0.9120
1 -0.1638 0.9095
1 -0.1665 0.9069
1 -0.1691 0.9043
1 -0.1717 0.9016
1 -0.1742 0.8989
1 -0.1767 0.8962
1 -0.1792 0.8934
1 -0.1816 0.8906
1 -0.1840 0.8877
1 -0.1863 0.8848
1 -0.1886 0.8819
1 -0.1886 0.8819
1 0.1444 0.5489
1 0.1469 0.5509
1 0.1498 0.5532
1 0.1527 0.5556
1 0.1555 0.5580
1 0.1583 0.5605
1 0.1611 0.5630
1 0.1638 0.5655
1 0.1665 0.5681
1 0.1691 0.5707
1 0.1717 0.5734
1 0.1742 0.5761
1 0.1767 0.5788
1 0.1792 0.5816
1 0.1816 0.5844
1 0.1840 0.5873
1 0.1863 0.5902
1 0.1886 0.5931
112 1251 56
0 -0.2016 0.2792
1 -0.1989 0.2794
1 -0.1965 0.2799
1 -0.1943 0.2809
1 -0.1924 0.2822
1 -0.1906 0.2839
1 -0.1890 0.2861
1 -0.1876 0.2885
1 -0.1864 0.2914
1 -0.1855 0.2947
1 -0.1848 0.2983
1 -0.1842 0.3023
1 -0.1839 0.3066
1 -0.1838 0.3114
1 -0.1838 0.3116
1 -0.1839 0.3164
1 -0.1842 0.3208
1 -0.1847 0.3248
1 -0.1855 0.3285
1 -0.1864 0.3317
1 -0.1876 0.3346
1 -0.1889 0.3371
1 -0.1905 0.3392
1 -0.1923 0.3410
1 -0.1943 0.3423
1 -0.1964 0.3433
1 -0.1988 0.3439
1 -0.2015 0.3441
1 -0.2016 0.3441
1 -0.2042 0.3439
1 -0.2066 0.3433
1 -0.2088 0.3424
1 -0.2107 0.3410
1 -0.2125 0.3393
1 -0.2141 0.3372
1 -0.2155 0.3347
1 -0.2166 0.3318
1 -0.2175 0.3285
1 -0.2183 0.3249
1 -0.2188 0.3209
1 -0.2191 0.3165
1 -0.2192 0.3117
1 -0.2192 0.3116
1 -0.2191 0.3068
1 -0.2188 0.3024
1 -0.2183 0.2984
1 -0.2175 0.2948
1 -0.2166 0.2915
1 -0.2155 0.2886
1 -0.2141 0.2861
1 -0.2125 0.2840
1 -0.2108 0.2822
1 -0.2088 0.2809
1 -0.2066 0.2800
1 -0.2042 0.2794
1 -0.2016 0.2792
112 1250 9
0 0.2243 0.3570
1 0.2103 0.3570
1 0.1866 0.2664
1 0.2008 0.2664
1 0.2057 0.2871
1 0.2296 0.2871
1 0.2344 0.2664
1 0.2483 0.2664
1 0.2243 0.3570
112 1251 4
0 0.2086 0.2970
1 0.2266 0.2970
1 0.2175 0.3354
1 0.2086 0.2970
31 0 213
 0 -0.3150 1.1000
 1 -0.3168 1.1000
 1 -0.3186 1.0999
 1 -0.3204 1.0998
 1 -0.3222 1.0996
 1 -0.3240 1.0993
 1 -0.3258 1.0990
 1 -0.3276 1.0987
 1 -0.3294 1.0983
 1 -0.3311 1.0978
 1 -0.3329 1.0973
 1 -0.3346 1.0967
 1 -0.3363 1.0961
 1 -0.3380 1.0954
 1 -0.3396 1.0947
 1 -0.3413 1.0939
 1 -0.3429 1.0931
 1 -0.3445 1.0923
 1 -0.3460 1.0913
 1 -0.3476 1.0904
 1 -0.3491 1.0894
 1 -0.3506 1.0883
 1 -0.3520 1.0872
 1 -0.3534 1.0861
 1 -0.3548 1.0849
 1 -0.3561 1.0837
 1 -0.3574 1.0824
 1 -0.3587 1.0811
 1 -0.3599 1.0798
 1 -0.3611 1.0784
 1 -0.3622 1.0770
 1 -0.3633 1.0756
 1 -0.3644 1.0741
 1 -0.3654 1.0726
 1 -0.3663 1.0710
 1 -0.3673 1.0695
 1 -0.3681 1.0679
 1 -0.3689 1.0663
 1 -0.3697 1.0646
 1 -0.3704 1.0630
 1 -0.3711 1.0613
 1 -0.3717 1.0596
 1 -0.3723 1.0579
 1 -0.3728 1.0561
 1 -0.3733 1.0544
 1 -0.3737 1.0526
 1 -0.3740 1.0508
 1 -0.3743 1.0490
 1 -0.3746 1.0472
 1 -0.3748 1.0454
 1 -0.3749 1.0436
 1 -0.3750 1.0418
 1 -0.3750 1.0400
 1 -0.3750 0.0600
 1 -0.3750 0.0582
 1 -0.3749 0.0564
 1 -0.3748 0.0546
 1 -0.3746 0.0528
 1 -0.3743 0.0510
 1 -0.3740 0.0492
 1 -0.3737 0.0474
 1 -0.3733 0.0456
 1 -0.3728 0.0439
 1 -0.3723 0.0421
 1 -0.3717 0.0404
 1 -0.3711 0.0387
 1 -0.3704 0.0370
 1 -0.3697 0.0354
 1 -0.3689 0.0337
 1 -0.3681 0.0321
 1 -0.3673 0.0305
 1 -0.3663 0.0290
 1 -0.3654 0.0274
 1 -0.3644 0.0259
 1 -0.3633 0.0244
 1 -0.3622 0.0230
 1 -0.3611 0.0216
 1 -0.3599 0.0202
 1 -0.3587 0.0189
 1 -0.3574 0.0176
 1 -0.3561 0.0163
 1 -0.3548 0.0151
 1 -0.3534 0.0139
 1 -0.3520 0.0128
 1 -0.3506 0.0117
 1 -0.3491 0.0106
 1 -0.3476 0.0096
 1 -0.3460 0.0087
 1 -0.3445 0.0077
 1 -0.3429 0.0069
 1 -0.3413 0.0061
 1 -0.3396 0.0053
 1 -0.3380 0.0046
 1 -0.3363 0.0039
 1 -0.3346 0.0033
 1 -0.3329 0.0027
 1 -0.3311 0.0022
 1 -0.3294 0.0017
 1 -0.3276 0.0013
 1 -0.3258 0.0010
 1 -0.3240 0.0007
 1 -0.3222 0.0004
 1 -0.3204 0.0002
 1 -0.3186 0.0001
 1 -0.3168 0.0000
 1 -0.3150 0.0000
 1 0.3150 0.0000
 1 0.3168 0.0000
 1 0.3186 0.0001
 1 0.3204 0.0002
 1 0.3222 0.0004
 1 0.3240 0.0007
 1 0.3258 0.0010
 1 0.3276 0.0013
 1 0.3294 0.0017
 1 0.3311 0.0022
 1 0.3328 0.0027
 1 0.3346 0.0033
 1 0.3363 0.0039
 1 0.3380 0.0046
 1 0.3396 0.0053
 1 0.3413 0.0061
 1 0.3429 0.0069
 1 0.3445 0.0077
 1 0.3460 0.0087
 1 0.3476 0.0096
 1 0.3491 0.0106
 1 0.3506 0.0117
 1 0.3520 0.0128
 1 0.3534 0.0139
 1 0.3548 0.0151
 1 0.3561 0.0163
 1 0.3574 0.0176
 1 0.3587 0.0189
 1 0.3599 0.0202
 1 0.3611 0.0216
 1 0.3622 0.0230
 1 0.3633 0.0244
 1 0.3644 0.0259
 1 0.3654 0.0274
 1 0.3663 0.0290
 1 0.3673 0.0305
 1 0.3681 0.0321
 1 0.3689 0.0337
 1 0.3697 0.0354
 1 0.3704 0.0370
 1 0.3711 0.0387
 1 0.3717 0.0404
 1 0.3723 0.0421
 1 0.3728 0.0439
 1 0.3733 0.0456
 1 0.3737 0.0474
 1 0.3740 0.0492
 1 0.3743 0.0510
 1 0.3746 0.0528
 1 0.3748 0.0546
 1 0.3749 0.0564
 1 0.3750 0.0582
 1 0.3750 0.0600
 1 0.3750 1.0400
 1 0.3750 1.0418
 1 0.3749 1.0436
 1 0.3748 1.0454
 1 0.3746 1.0472
 1 0.3743 1.0490
 1 0.3740 1.0508
 1 0.3737 1.0526
 1 0.3733 1.0544
 1 0.3728 1.0561
 1 0.3723 1.0579
 1 0.3717 1.0596
 1 0.3711 1.0613
 1 0.3704 1.0630
 1 0.3697 1.0646
 1 0.3689 1.0663
 1 0.3681 1.0679
 1 0.3673 1.0695
 1 0.3663 1.0710
 1 0.3654 1.0726
 1 0.3644 1.0741
 1 0.3633 1.0756
 1 0.3622 1.0770
 1 0.3611 1.0784
 1 0.3599 1.0798
 1 0.3587 1.0811
 1 0.3574 1.0824
 1 0.3561 1.0837
 1 0.3548 1.0849
 1 0.3534 1.0861
 1 0.3520 1.0872
 1 0.3506 1.0883
 1 0.3491 1.0894
 1 0.3476 1.0904
 1 0.3460 1.0913
 1 0.3445 1.0923
 1 0.3429 1.0931
 1 0.3413 1.0939
 1 0.3396 1.0947
 1 0.3380 1.0954
 1 0.3363 1.0961
 1 0.3346 1.0967
 1 0.3328 1.0973
 1 0.3311 1.0978
 1 0.3294 1.0983
 1 0.3276 1.0987
 1 0.3258 1.0990
 1 0.3240 1.0993
 1 0.3222 1.0996
 1 0.3204 1.0998
 1 0.3186 1.0999
 1 0.3168 1.1000
 1 0.3150 1.1000
 1 -0.3150 1.1000
