SEcl_RPI-2
3331 10 1 1 0 0 0 0 0 0 1 1
1.000
112 1251 9
0 -0.3749 0.5302
1 -0.1553 0.7498
1 0.1553 0.7498
1 0.3749 0.5302
1 0.3749 0.2196
1 0.1553 0.0000
1 -0.1553 0.0000
1 -0.3749 0.2196
1 -0.3749 0.5302
112 1462 9
0 0.3593 0.5237
1 0.1488 0.7342
1 -0.1488 0.7342
1 -0.3593 0.5237
1 -0.3593 0.2261
1 -0.1488 0.0156
1 0.1488 0.0156
1 0.3593 0.2261
1 0.3593 0.5237
112 1251 54
0 -0.3308 0.2860
1 -0.3308 0.4735
1 -0.2700 0.4735
1 -0.2700 0.4735
1 -0.2607 0.4734
1 -0.2513 0.4731
1 -0.2425 0.4727
1 -0.2349 0.4721
1 -0.2289 0.4714
1 -0.2250 0.4707
1 -0.2250 0.4707
1 -0.2204 0.4691
1 -0.2155 0.4667
1 -0.2104 0.4636
1 -0.2056 0.4599
1 -0.2014 0.4561
1 -0.1980 0.4523
1 -0.1980 0.4523
1 -0.1952 0.4479
1 -0.1926 0.4422
1 -0.1903 0.4358
1 -0.1886 0.4289
1 -0.1875 0.4221
1 -0.1871 0.4158
1 -0.1871 0.4158
1 -0.1873 0.4110
1 -0.1880 0.4056
1 -0.1890 0.4002
1 -0.1903 0.3950
1 -0.1918 0.3904
1 -0.1934 0.3868
1 -0.1934 0.3868
1 -0.1953 0.3835
1 -0.1978 0.3800
1 -0.2007 0.3765
1 -0.2037 0.3732
1 -0.2066 0.3704
1 -0.2094 0.3682
1 -0.2094 0.3682
1 -0.2122 0.3665
1 -0.2155 0.3646
1 -0.2191 0.3629
1 -0.2227 0.3614
1 -0.2260 0.3602
1 -0.2289 0.3594
1 -0.2289 0.3594
1 -0.2333 0.3587
1 -0.2392 0.3581
1 -0.2461 0.3575
1 -0.2535 0.3571
1 -0.2611 0.3568
1 -0.2682 0.3567
1 -0.2929 0.3567
1 -0.2929 0.2860
112 1251 9
0 0.0037 0.2860
1 -0.0375 0.2860
1 -0.0539 0.3286
1 -0.1288 0.3286
1 -0.1443 0.2860
1 -0.1845 0.2860
1 -0.1114 0.4735
1 -0.0714 0.4735
1 0.0037 0.2860
112 1251 78
0 0.0145 0.2860
1 0.0145 0.4735
1 0.0942 0.4735
1 0.0942 0.4735
1 0.1024 0.4733
1 0.1110 0.4728
1 0.1194 0.4720
1 0.1270 0.4710
1 0.1333 0.4697
1 0.1378 0.4684
1 0.1378 0.4684
1 0.1416 0.4667
1 0.1457 0.4642
1 0.1499 0.4611
1 0.1537 0.4576
1 0.1571 0.4540
1 0.1597 0.4505
1 0.1597 0.4505
1 0.1618 0.4466
1 0.1638 0.4418
1 0.1655 0.4365
1 0.1668 0.4310
1 0.1676 0.4257
1 0.1678 0.4209
1 0.1678 0.4209
1 0.1674 0.4150
1 0.1662 0.4085
1 0.1642 0.4020
1 0.1616 0.3958
1 0.1587 0.3903
1 0.1554 0.3860
1 0.1554 0.3860
1 0.1514 0.3824
1 0.1459 0.3787
1 0.1394 0.3753
1 0.1324 0.3724
1 0.1252 0.3702
1 0.1184 0.3688
1 0.1184 0.3688
1 0.1218 0.3666
1 0.1256 0.3640
1 0.1294 0.3612
1 0.1329 0.3583
1 0.1361 0.3555
1 0.1386 0.3530
1 0.1386 0.3530
1 0.1411 0.3501
1 0.1444 0.3458
1 0.1482 0.3406
1 0.1523 0.3347
1 0.1564 0.3285
1 0.1602 0.3226
1 0.1831 0.2860
1 0.1378 0.2860
1 0.1104 0.3268
1 0.1104 0.3268
1 0.1065 0.3327
1 0.1024 0.3385
1 0.0985 0.3439
1 0.0951 0.3486
1 0.0924 0.3521
1 0.0905 0.3543
1 0.0905 0.3543
1 0.0889 0.3559
1 0.0870 0.3575
1 0.0849 0.3590
1 0.0828 0.3603
1 0.0808 0.3614
1 0.0791 0.3621
1 0.0791 0.3621
1 0.0771 0.3627
1 0.0743 0.3632
1 0.0710 0.3636
1 0.0674 0.3640
1 0.0636 0.3642
1 0.0600 0.3643
1 0.0524 0.3643
1 0.0524 0.2860
112 1251 13
0 0.1942 0.2860
1 0.1942 0.4735
1 0.3332 0.4735
1 0.3332 0.4418
1 0.2320 0.4418
1 0.2320 0.4002
1 0.3261 0.4002
1 0.3261 0.3686
1 0.2320 0.3686
1 0.2320 0.3176
1 0.3368 0.3176
1 0.3368 0.2860
1 0.1942 0.2860
112 1462 45
0 -0.2929 0.4418
1 -0.2929 0.3886
1 -0.2722 0.3886
1 -0.2722 0.3886
1 -0.2661 0.3887
1 -0.2600 0.3890
1 -0.2541 0.3894
1 -0.2490 0.3901
1 -0.2450 0.3908
1 -0.2422 0.3915
1 -0.2422 0.3915
1 -0.2402 0.3925
1 -0.2379 0.3938
1 -0.2357 0.3954
1 -0.2336 0.3972
1 -0.2318 0.3990
1 -0.2305 0.4007
1 -0.2305 0.4007
1 -0.2294 0.4026
1 -0.2283 0.4050
1 -0.2274 0.4076
1 -0.2267 0.4103
1 -0.2263 0.4130
1 -0.2261 0.4153
1 -0.2261 0.4153
1 -0.2263 0.4182
1 -0.2269 0.4213
1 -0.2279 0.4245
1 -0.2291 0.4275
1 -0.2306 0.4301
1 -0.2321 0.4322
1 -0.2321 0.4322
1 -0.2340 0.4340
1 -0.2364 0.4357
1 -0.2391 0.4374
1 -0.2420 0.4388
1 -0.2448 0.4399
1 -0.2474 0.4405
1 -0.2474 0.4405
1 -0.2498 0.4408
1 -0.2535 0.4412
1 -0.2582 0.4414
1 -0.2635 0.4416
1 -0.2691 0.4417
1 -0.2746 0.4418
112 1462 4
0 -0.0660 0.3602
1 -0.0919 0.4298
1 -0.1172 0.3602
1 -0.0660 0.3602
112 1462 45
0 0.0524 0.3942
1 0.0804 0.3942
1 0.0804 0.3942
1 0.0876 0.3943
1 0.0949 0.3945
1 0.1016 0.3949
1 0.1073 0.3954
1 0.1117 0.3959
1 0.1144 0.3965
1 0.1144 0.3965
1 0.1163 0.3973
1 0.1183 0.3984
1 0.1203 0.3998
1 0.1222 0.4013
1 0.1238 0.4029
1 0.1250 0.4044
1 0.1250 0.4044
1 0.1260 0.4062
1 0.1269 0.4084
1 0.1277 0.4109
1 0.1283 0.4135
1 0.1287 0.4161
1 0.1288 0.4185
1 0.1288 0.4185
1 0.1287 0.4212
1 0.1282 0.4240
1 0.1273 0.4269
1 0.1263 0.4296
1 0.1250 0.4319
1 0.1237 0.4337
1 0.1237 0.4337
1 0.1221 0.4353
1 0.1200 0.4369
1 0.1175 0.4383
1 0.1148 0.4396
1 0.1121 0.4406
1 0.1095 0.4412
1 0.1095 0.4412
1 0.1075 0.4413
1 0.1041 0.4415
1 0.0995 0.4416
1 0.0940 0.4417
1 0.0880 0.4418
1 0.0819 0.4418
1 0.0524 0.4418
31 0 9
 0 -0.3749 0.5302
 1 -0.1553 0.7498
 1 0.1553 0.7498
 1 0.3749 0.5302
 1 0.3749 0.2196
 1 0.1553 0.0000
 1 -0.1553 0.0000
 1 -0.3749 0.2196
 1 -0.3749 0.5302
