SEcl_RPO-2c
3335 4 1 1 0 0 0 0 0 0 1 1
1.000
112 1462 441
0 0.3000 0.3000
1 0.3000 0.3043
1 0.2999 0.3086
1 0.2997 0.3128
1 0.2995 0.3171
1 0.2993 0.3214
1 0.2989 0.3257
1 0.2985 0.3299
1 0.2981 0.3342
1 0.2975 0.3385
1 0.2970 0.3427
1 0.2963 0.3469
1 0.2956 0.3512
1 0.2949 0.3554
1 0.2940 0.3596
1 0.2932 0.3638
1 0.2922 0.3680
1 0.2912 0.3721
1 0.2902 0.3763
1 0.2890 0.3804
1 0.2879 0.3845
1 0.2866 0.3886
1 0.2853 0.3927
1 0.2840 0.3968
1 0.2826 0.4008
1 0.2811 0.4048
1 0.2796 0.4088
1 0.2780 0.4128
1 0.2764 0.4168
1 0.2747 0.4207
1 0.2729 0.4246
1 0.2711 0.4285
1 0.2692 0.4324
1 0.2673 0.4362
1 0.2653 0.4400
1 0.2633 0.4438
1 0.2612 0.4475
1 0.2591 0.4512
1 0.2569 0.4549
1 0.2547 0.4586
1 0.2524 0.4622
1 0.2501 0.4658
1 0.2477 0.4693
1 0.2452 0.4729
1 0.2427 0.4763
1 0.2402 0.4798
1 0.2376 0.4832
1 0.2349 0.4866
1 0.2323 0.4899
1 0.2295 0.4932
1 0.2267 0.4965
1 0.2239 0.4997
1 0.2210 0.5029
1 0.2181 0.5060
1 0.2152 0.5091
1 0.2121 0.5121
1 0.2091 0.5152
1 0.2060 0.5181
1 0.2029 0.5210
1 0.1997 0.5239
1 0.1965 0.5267
1 0.1932 0.5295
1 0.1899 0.5323
1 0.1866 0.5349
1 0.1832 0.5376
1 0.1798 0.5402
1 0.1763 0.5427
1 0.1729 0.5452
1 0.1693 0.5477
1 0.1658 0.5501
1 0.1622 0.5524
1 0.1586 0.5547
1 0.1549 0.5569
1 0.1512 0.5591
1 0.1475 0.5612
1 0.1438 0.5633
1 0.1400 0.5653
1 0.1362 0.5673
1 0.1324 0.5692
1 0.1285 0.5711
1 0.1246 0.5729
1 0.1207 0.5747
1 0.1168 0.5764
1 0.1128 0.5780
1 0.1088 0.5796
1 0.1048 0.5811
1 0.1008 0.5826
1 0.0968 0.5840
1 0.0927 0.5853
1 0.0886 0.5866
1 0.0845 0.5879
1 0.0804 0.5890
1 0.0763 0.5902
1 0.0721 0.5912
1 0.0680 0.5922
1 0.0638 0.5932
1 0.0596 0.5940
1 0.0554 0.5949
1 0.0512 0.5956
1 0.0469 0.5963
1 0.0427 0.5970
1 0.0385 0.5975
1 0.0342 0.5981
1 0.0299 0.5985
1 0.0257 0.5989
1 0.0214 0.5993
1 0.0171 0.5995
1 0.0128 0.5997
1 0.0086 0.5999
1 0.0043 0.6000
1 0.0000 0.6000
1 -0.0043 0.6000
1 -0.0086 0.5999
1 -0.0128 0.5997
1 -0.0171 0.5995
1 -0.0214 0.5993
1 -0.0257 0.5989
1 -0.0299 0.5985
1 -0.0342 0.5981
1 -0.0385 0.5975
1 -0.0427 0.5970
1 -0.0469 0.5963
1 -0.0512 0.5956
1 -0.0554 0.5949
1 -0.0596 0.5940
1 -0.0638 0.5932
1 -0.0680 0.5922
1 -0.0721 0.5912
1 -0.0763 0.5902
1 -0.0804 0.5890
1 -0.0845 0.5879
1 -0.0886 0.5866
1 -0.0927 0.5853
1 -0.0968 0.5840
1 -0.1008 0.5826
1 -0.1048 0.5811
1 -0.1088 0.5796
1 -0.1128 0.5780
1 -0.1168 0.5764
1 -0.1207 0.5747
1 -0.1246 0.5729
1 -0.1285 0.5711
1 -0.1324 0.5692
1 -0.1362 0.5673
1 -0.1400 0.5653
1 -0.1438 0.5633
1 -0.1475 0.5612
1 -0.1512 0.5591
1 -0.1549 0.5569
1 -0.1586 0.5547
1 -0.1622 0.5524
1 -0.1658 0.5501
1 -0.1693 0.5477
1 -0.1729 0.5452
1 -0.1763 0.5427
1 -0.1798 0.5402
1 -0.1832 0.5376
1 -0.1866 0.5349
1 -0.1899 0.5323
1 -0.1932 0.5295
1 -0.1965 0.5267
1 -0.1997 0.5239
1 -0.2029 0.5210
1 -0.2060 0.5181
1 -0.2091 0.5152
1 -0.2121 0.5121
1 -0.2152 0.5091
1 -0.2181 0.5060
1 -0.2210 0.5029
1 -0.2239 0.4997
1 -0.2267 0.4965
1 -0.2295 0.4932
1 -0.2323 0.4899
1 -0.2349 0.4866
1 -0.2376 0.4832
1 -0.2402 0.4798
1 -0.2427 0.4763
1 -0.2452 0.4729
1 -0.2477 0.4693
1 -0.2501 0.4658
1 -0.2524 0.4622
1 -0.2547 0.4586
1 -0.2569 0.4549
1 -0.2591 0.4512
1 -0.2612 0.4475
1 -0.2633 0.4438
1 -0.2653 0.4400
1 -0.2673 0.4362
1 -0.2692 0.4324
1 -0.2711 0.4285
1 -0.2729 0.4246
1 -0.2747 0.4207
1 -0.2764 0.4168
1 -0.2780 0.4128
1 -0.2796 0.4088
1 -0.2811 0.4048
1 -0.2826 0.4008
1 -0.2840 0.3968
1 -0.2853 0.3927
1 -0.2866 0.3886
1 -0.2879 0.3845
1 -0.2890 0.3804
1 -0.2902 0.3763
1 -0.2912 0.3721
1 -0.2922 0.3680
1 -0.2932 0.3638
1 -0.2940 0.3596
1 -0.2949 0.3554
1 -0.2956 0.3512
1 -0.2963 0.3469
1 -0.2970 0.3427
1 -0.2975 0.3385
1 -0.2981 0.3342
1 -0.2985 0.3299
1 -0.2989 0.3257
1 -0.2993 0.3214
1 -0.2995 0.3171
1 -0.2997 0.3128
1 -0.2999 0.3086
1 -0.3000 0.3043
1 -0.3000 0.3000
1 -0.3000 0.2957
1 -0.2999 0.2914
1 -0.2997 0.2872
1 -0.2995 0.2829
1 -0.2993 0.2786
1 -0.2989 0.2743
1 -0.2985 0.2701
1 -0.2981 0.2658
1 -0.2975 0.2615
1 -0.2970 0.2573
1 -0.2963 0.2531
1 -0.2956 0.2488
1 -0.2949 0.2446
1 -0.2940 0.2404
1 -0.2932 0.2362
1 -0.2922 0.2320
1 -0.2912 0.2279
1 -0.2902 0.2237
1 -0.2890 0.2196
1 -0.2879 0.2155
1 -0.2866 0.2114
1 -0.2853 0.2073
1 -0.2840 0.2032
1 -0.2826 0.1992
1 -0.2811 0.1952
1 -0.2796 0.1912
1 -0.2780 0.1872
1 -0.2764 0.1832
1 -0.2747 0.1793
1 -0.2729 0.1754
1 -0.2711 0.1715
1 -0.2692 0.1676
1 -0.2673 0.1638
1 -0.2653 0.1600
1 -0.2633 0.1562
1 -0.2612 0.1525
1 -0.2591 0.1488
1 -0.2569 0.1451
1 -0.2547 0.1414
1 -0.2524 0.1378
1 -0.2501 0.1342
1 -0.2477 0.1307
1 -0.2452 0.1271
1 -0.2427 0.1237
1 -0.2402 0.1202
1 -0.2376 0.1168
1 -0.2349 0.1134
1 -0.2323 0.1101
1 -0.2295 0.1068
1 -0.2267 0.1035
1 -0.2239 0.1003
1 -0.2210 0.0971
1 -0.2181 0.0940
1 -0.2152 0.0909
1 -0.2121 0.0879
1 -0.2091 0.0848
1 -0.2060 0.0819
1 -0.2029 0.0790
1 -0.1997 0.0761
1 -0.1965 0.0733
1 -0.1932 0.0705
1 -0.1899 0.0677
1 -0.1866 0.0651
1 -0.1832 0.0624
1 -0.1798 0.0598
1 -0.1763 0.0573
1 -0.1729 0.0548
1 -0.1693 0.0523
1 -0.1658 0.0499
1 -0.1622 0.0476
1 -0.1586 0.0453
1 -0.1549 0.0431
1 -0.1512 0.0409
1 -0.1475 0.0388
1 -0.1438 0.0367
1 -0.1400 0.0347
1 -0.1362 0.0327
1 -0.1324 0.0308
1 -0.1285 0.0289
1 -0.1246 0.0271
1 -0.1207 0.0253
1 -0.1168 0.0236
1 -0.1128 0.0220
1 -0.1088 0.0204
1 -0.1048 0.0189
1 -0.1008 0.0174
1 -0.0968 0.0160
1 -0.0927 0.0147
1 -0.0886 0.0134
1 -0.0845 0.0121
1 -0.0804 0.0110
1 -0.0763 0.0098
1 -0.0721 0.0088
1 -0.0680 0.0078
1 -0.0638 0.0068
1 -0.0596 0.0060
1 -0.0554 0.0051
1 -0.0512 0.0044
1 -0.0469 0.0037
1 -0.0427 0.0030
1 -0.0385 0.0025
1 -0.0342 0.0019
1 -0.0299 0.0015
1 -0.0257 0.0011
1 -0.0214 0.0007
1 -0.0171 0.0005
1 -0.0128 0.0003
1 -0.0086 0.0001
1 -0.0043 0.0000
1 0.0000 0.0000
1 0.0043 0.0000
1 0.0086 0.0001
1 0.0128 0.0003
1 0.0171 0.0005
1 0.0214 0.0007
1 0.0257 0.0011
1 0.0299 0.0015
1 0.0342 0.0019
1 0.0385 0.0025
1 0.0427 0.0030
1 0.0469 0.0037
1 0.0512 0.0044
1 0.0554 0.0051
1 0.0596 0.0060
1 0.0638 0.0068
1 0.0680 0.0078
1 0.0721 0.0088
1 0.0763 0.0098
1 0.0804 0.0110
1 0.0845 0.0121
1 0.0886 0.0134
1 0.0927 0.0147
1 0.0968 0.0160
1 0.1008 0.0174
1 0.1048 0.0189
1 0.1088 0.0204
1 0.1128 0.0220
1 0.1168 0.0236
1 0.1207 0.0253
1 0.1246 0.0271
1 0.1285 0.0289
1 0.1324 0.0308
1 0.1362 0.0327
1 0.1400 0.0347
1 0.1438 0.0367
1 0.1475 0.0388
1 0.1512 0.0409
1 0.1549 0.0431
1 0.1586 0.0453
1 0.1622 0.0476
1 0.1658 0.0499
1 0.1693 0.0523
1 0.1729 0.0548
1 0.1763 0.0573
1 0.1798 0.0598
1 0.1832 0.0624
1 0.1866 0.0651
1 0.1899 0.0677
1 0.1932 0.0705
1 0.1965 0.0733
1 0.1997 0.0761
1 0.2029 0.0790
1 0.2060 0.0819
1 0.2091 0.0848
1 0.2121 0.0879
1 0.2152 0.0909
1 0.2181 0.0940
1 0.2210 0.0971
1 0.2239 0.1003
1 0.2267 0.1035
1 0.2295 0.1068
1 0.2323 0.1101
1 0.2349 0.1134
1 0.2376 0.1168
1 0.2402 0.1202
1 0.2427 0.1237
1 0.2452 0.1271
1 0.2477 0.1307
1 0.2501 0.1342
1 0.2524 0.1378
1 0.2547 0.1414
1 0.2569 0.1451
1 0.2591 0.1488
1 0.2612 0.1525
1 0.2633 0.1562
1 0.2653 0.1600
1 0.2673 0.1638
1 0.2692 0.1676
1 0.2711 0.1715
1 0.2729 0.1754
1 0.2747 0.1793
1 0.2764 0.1832
1 0.2780 0.1872
1 0.2796 0.1912
1 0.2811 0.1952
1 0.2826 0.1992
1 0.2840 0.2032
1 0.2853 0.2073
1 0.2866 0.2114
1 0.2879 0.2155
1 0.2890 0.2196
1 0.2902 0.2237
1 0.2912 0.2279
1 0.2922 0.2320
1 0.2932 0.2362
1 0.2940 0.2404
1 0.2949 0.2446
1 0.2956 0.2488
1 0.2963 0.2531
1 0.2970 0.2573
1 0.2975 0.2615
1 0.2981 0.2658
1 0.2985 0.2701
1 0.2989 0.2743
1 0.2993 0.2786
1 0.2995 0.2829
1 0.2997 0.2872
1 0.2999 0.2914
1 0.3000 0.2957
1 0.3000 0.3000
112 1251 355
0 0.1810 0.1614
1 0.1833 0.1644
1 0.1855 0.1674
1 0.1876 0.1704
1 0.1897 0.1735
1 0.1918 0.1766
1 0.1937 0.1798
1 0.1957 0.1830
1 0.1976 0.1862
1 0.1994 0.1894
1 0.2012 0.1927
1 0.2029 0.1960
1 0.2046 0.1993
1 0.2062 0.2027
1 0.2078 0.2061
1 0.2093 0.2095
1 0.2107 0.2129
1 0.2121 0.2164
1 0.2135 0.2199
1 0.2148 0.2234
1 0.2160 0.2269
1 0.2171 0.2304
1 0.2182 0.2340
1 0.2193 0.2376
1 0.2203 0.2412
1 0.2212 0.2448
1 0.2221 0.2484
1 0.2229 0.2520
1 0.2237 0.2557
1 0.2244 0.2593
1 0.2250 0.2630
1 0.2256 0.2667
1 0.2261 0.2704
1 0.2265 0.2741
1 0.2269 0.2778
1 0.2273 0.2815
1 0.2275 0.2852
1 0.2277 0.2890
1 0.2279 0.2927
1 0.2280 0.2964
1 0.2280 0.3001
1 0.2280 0.3039
1 0.2279 0.3076
1 0.2277 0.3113
1 0.2275 0.3150
1 0.2272 0.3188
1 0.2269 0.3225
1 0.2265 0.3262
1 0.2261 0.3299
1 0.2255 0.3336
1 0.2250 0.3372
1 0.2243 0.3409
1 0.2236 0.3446
1 0.2229 0.3482
1 0.2220 0.3519
1 0.2212 0.3555
1 0.2202 0.3591
1 0.2192 0.3627
1 0.2182 0.3663
1 0.2171 0.3698
1 0.2159 0.3734
1 0.2147 0.3769
1 0.2134 0.3804
1 0.2120 0.3839
1 0.2106 0.3873
1 0.2092 0.3908
1 0.2077 0.3942
1 0.2061 0.3975
1 0.2045 0.4009
1 0.2028 0.4042
1 0.2011 0.4075
1 0.1993 0.4108
1 0.1974 0.4140
1 0.1956 0.4173
1 0.1936 0.4204
1 0.1916 0.4236
1 0.1896 0.4267
1 0.1875 0.4298
1 0.1853 0.4328
1 0.1831 0.4358
1 0.1809 0.4388
1 0.1786 0.4418
1 0.1762 0.4447
1 0.1739 0.4475
1 0.1714 0.4503
1 0.1689 0.4531
1 0.1664 0.4559
1 0.1638 0.4586
1 0.1612 0.4612
1 0.1586 0.4638
1 0.1559 0.4664
1 0.1531 0.4689
1 0.1503 0.4714
1 0.1475 0.4739
1 0.1447 0.4762
1 0.1418 0.4786
1 0.1388 0.4809
1 0.1358 0.4831
1 0.1328 0.4853
1 0.1298 0.4875
1 0.1267 0.4896
1 0.1236 0.4916
1 0.1204 0.4936
1 0.1173 0.4956
1 0.1140 0.4974
1 0.1108 0.4993
1 0.1075 0.5011
1 0.1042 0.5028
1 0.1009 0.5045
1 0.0975 0.5061
1 0.0942 0.5077
1 0.0908 0.5092
1 0.0873 0.5106
1 0.0839 0.5120
1 0.0804 0.5134
1 0.0769 0.5147
1 0.0734 0.5159
1 0.0698 0.5171
1 0.0663 0.5182
1 0.0627 0.5192
1 0.0591 0.5202
1 0.0555 0.5212
1 0.0519 0.5220
1 0.0482 0.5229
1 0.0446 0.5236
1 0.0409 0.5243
1 0.0372 0.5250
1 0.0336 0.5255
1 0.0299 0.5261
1 0.0262 0.5265
1 0.0225 0.5269
1 0.0188 0.5272
1 0.0150 0.5275
1 0.0113 0.5277
1 0.0076 0.5279
1 0.0039 0.5280
1 0.0001 0.5280
1 -0.0036 0.5280
1 -0.0073 0.5279
1 -0.0110 0.5277
1 -0.0148 0.5275
1 -0.0185 0.5273
1 -0.0222 0.5269
1 -0.0259 0.5265
1 -0.0296 0.5261
1 -0.0333 0.5256
1 -0.0370 0.5250
1 -0.0407 0.5244
1 -0.0443 0.5237
1 -0.0480 0.5229
1 -0.0516 0.5221
1 -0.0552 0.5212
1 -0.0588 0.5203
1 -0.0624 0.5193
1 -0.0660 0.5182
1 -0.0696 0.5171
1 -0.0731 0.5160
1 -0.0766 0.5147
1 -0.0801 0.5135
1 -0.0836 0.5121
1 -0.0871 0.5107
1 -0.0905 0.5093
1 -0.0939 0.5078
1 -0.0973 0.5062
1 -0.1007 0.5046
1 -0.1040 0.5029
1 -0.1073 0.5012
1 -0.1106 0.4994
1 -0.1138 0.4976
1 -0.1170 0.4957
1 -0.1202 0.4937
1 -0.1234 0.4918
1 -0.1265 0.4897
1 -0.1296 0.4876
1 -0.1326 0.4855
1 -0.1356 0.4833
1 -0.1386 0.4810
1 -0.1810 0.4386
1 -0.1833 0.4356
1 -0.1855 0.4326
1 -0.1876 0.4296
1 -0.1897 0.4265
1 -0.1918 0.4234
1 -0.1937 0.4202
1 -0.1957 0.4170
1 -0.1976 0.4138
1 -0.1994 0.4106
1 -0.2012 0.4073
1 -0.2029 0.4040
1 -0.2046 0.4007
1 -0.2062 0.3973
1 -0.2078 0.3939
1 -0.2093 0.3905
1 -0.2107 0.3871
1 -0.2121 0.3836
1 -0.2135 0.3801
1 -0.2147 0.3766
1 -0.2160 0.3731
1 -0.2171 0.3696
1 -0.2182 0.3660
1 -0.2193 0.3624
1 -0.2203 0.3588
1 -0.2212 0.3552
1 -0.2221 0.3516
1 -0.2229 0.3480
1 -0.2237 0.3443
1 -0.2244 0.3407
1 -0.2250 0.3370
1 -0.2256 0.3333
1 -0.2261 0.3296
1 -0.2265 0.3259
1 -0.2269 0.3222
1 -0.2273 0.3185
1 -0.2275 0.3148
1 -0.2277 0.3110
1 -0.2279 0.3073
1 -0.2280 0.3036
1 -0.2280 0.2999
1 -0.2280 0.2961
1 -0.2279 0.2924
1 -0.2277 0.2887
1 -0.2275 0.2850
1 -0.2272 0.2812
1 -0.2269 0.2775
1 -0.2265 0.2738
1 -0.2261 0.2701
1 -0.2255 0.2664
1 -0.2250 0.2628
1 -0.2243 0.2591
1 -0.2236 0.2554
1 -0.2229 0.2518
1 -0.2220 0.2481
1 -0.2212 0.2445
1 -0.2202 0.2409
1 -0.2192 0.2373
1 -0.2182 0.2337
1 -0.2171 0.2302
1 -0.2159 0.2266
1 -0.2147 0.2231
1 -0.2134 0.2196
1 -0.2120 0.2161
1 -0.2106 0.2127
1 -0.2092 0.2092
1 -0.2077 0.2058
1 -0.2061 0.2025
1 -0.2045 0.1991
1 -0.2028 0.1958
1 -0.2011 0.1925
1 -0.1993 0.1892
1 -0.1974 0.1860
1 -0.1956 0.1827
1 -0.1936 0.1796
1 -0.1916 0.1764
1 -0.1896 0.1733
1 -0.1875 0.1702
1 -0.1853 0.1672
1 -0.1831 0.1642
1 -0.1809 0.1612
1 -0.1786 0.1582
1 -0.1762 0.1553
1 -0.1739 0.1525
1 -0.1714 0.1497
1 -0.1689 0.1469
1 -0.1664 0.1441
1 -0.1638 0.1414
1 -0.1612 0.1388
1 -0.1586 0.1362
1 -0.1559 0.1336
1 -0.1531 0.1311
1 -0.1503 0.1286
1 -0.1475 0.1261
1 -0.1447 0.1238
1 -0.1418 0.1214
1 -0.1388 0.1191
1 -0.1358 0.1169
1 -0.1328 0.1147
1 -0.1298 0.1125
1 -0.1267 0.1104
1 -0.1236 0.1084
1 -0.1204 0.1064
1 -0.1173 0.1044
1 -0.1140 0.1026
1 -0.1108 0.1007
1 -0.1075 0.0989
1 -0.1042 0.0972
1 -0.1009 0.0955
1 -0.0975 0.0939
1 -0.0942 0.0923
1 -0.0908 0.0908
1 -0.0873 0.0894
1 -0.0839 0.0880
1 -0.0804 0.0866
1 -0.0769 0.0853
1 -0.0734 0.0841
1 -0.0698 0.0829
1 -0.0663 0.0818
1 -0.0627 0.0808
1 -0.0591 0.0798
1 -0.0555 0.0788
1 -0.0519 0.0780
1 -0.0482 0.0771
1 -0.0446 0.0764
1 -0.0409 0.0757
1 -0.0372 0.0750
1 -0.0336 0.0745
1 -0.0299 0.0739
1 -0.0262 0.0735
1 -0.0225 0.0731
1 -0.0188 0.0728
1 -0.0150 0.0725
1 -0.0113 0.0723
1 -0.0076 0.0721
1 -0.0039 0.0720
1 -0.0001 0.0720
1 0.0036 0.0720
1 0.0073 0.0721
1 0.0110 0.0723
1 0.0148 0.0725
1 0.0185 0.0727
1 0.0222 0.0731
1 0.0259 0.0735
1 0.0296 0.0739
1 0.0333 0.0744
1 0.0370 0.0750
1 0.0407 0.0756
1 0.0443 0.0763
1 0.0480 0.0771
1 0.0516 0.0779
1 0.0552 0.0788
1 0.0588 0.0797
1 0.0624 0.0807
1 0.0660 0.0818
1 0.0696 0.0829
1 0.0731 0.0840
1 0.0766 0.0853
1 0.0801 0.0865
1 0.0836 0.0879
1 0.0871 0.0893
1 0.0905 0.0907
1 0.0939 0.0922
1 0.0973 0.0938
1 0.1007 0.0954
1 0.1040 0.0971
1 0.1073 0.0988
1 0.1106 0.1006
1 0.1138 0.1024
1 0.1170 0.1043
1 0.1202 0.1063
1 0.1234 0.1082
1 0.1265 0.1103
1 0.1296 0.1124
1 0.1326 0.1145
1 0.1356 0.1167
1 0.1386 0.1190
1 0.1810 0.1614
112 1250 293
0 0.1224 0.1092
1 0.0540 0.1092
1 0.0540 0.3684
1 0.0540 0.3703
1 0.0539 0.3721
1 0.0537 0.3740
1 0.0535 0.3758
1 0.0533 0.3776
1 0.0530 0.3795
1 0.0526 0.3813
1 0.0522 0.3831
1 0.0517 0.3849
1 0.0512 0.3866
1 0.0506 0.3884
1 0.0499 0.3901
1 0.0492 0.3918
1 0.0485 0.3935
1 0.0477 0.3952
1 0.0468 0.3969
1 0.0459 0.3985
1 0.0450 0.4001
1 0.0440 0.4016
1 0.0429 0.4031
1 0.0418 0.4046
1 0.0407 0.4061
1 0.0395 0.4075
1 0.0383 0.4089
1 0.0370 0.4103
1 0.0357 0.4116
1 0.0343 0.4128
1 0.0329 0.4141
1 0.0315 0.4152
1 0.0300 0.4164
1 0.0285 0.4175
1 0.0270 0.4185
1 0.0255 0.4195
1 0.0239 0.4204
1 0.0222 0.4213
1 0.0206 0.4222
1 0.0189 0.4230
1 0.0172 0.4237
1 0.0155 0.4244
1 0.0138 0.4251
1 0.0120 0.4256
1 0.0102 0.4262
1 0.0084 0.4266
1 0.0066 0.4271
1 0.0048 0.4274
1 0.0030 0.4277
1 0.0012 0.4280
1 -0.0007 0.4282
1 -0.0025 0.4283
1 -0.0044 0.4284
1 -0.0062 0.4284
1 -0.0081 0.4284
1 -0.0099 0.4283
1 -0.0118 0.4281
1 -0.0136 0.4279
1 -0.0155 0.4277
1 -0.0173 0.4273
1 -0.0191 0.4270
1 -0.0209 0.4265
1 -0.0227 0.4260
1 -0.0245 0.4255
1 -0.0262 0.4249
1 -0.0280 0.4242
1 -0.0297 0.4235
1 -0.0314 0.4228
1 -0.0330 0.4220
1 -0.0347 0.4211
1 -0.0363 0.4202
1 -0.0379 0.4192
1 -0.0394 0.4182
1 -0.0409 0.4172
1 -0.0424 0.4161
1 -0.0439 0.4149
1 -0.0453 0.4137
1 -0.0467 0.4125
1 -0.0480 0.4112
1 -0.0493 0.4099
1 -0.0506 0.4086
1 -0.0518 0.4072
1 -0.0530 0.4057
1 -0.0541 0.4043
1 -0.0552 0.4028
1 -0.0562 0.4012
1 -0.0572 0.3997
1 -0.0654 0.3230
1 -0.0654 0.2402
1 -0.0259 0.2533
1 -0.0272 0.2529
1 -0.0264 0.2532
1 -0.0255 0.2534
1 -0.0246 0.2536
1 -0.0238 0.2537
1 -0.0229 0.2538
1 -0.0220 0.2538
1 -0.0211 0.2538
1 -0.0202 0.2537
1 -0.0193 0.2535
1 -0.0185 0.2533
1 -0.0176 0.2530
1 -0.0168 0.2527
1 -0.0160 0.2523
1 -0.0152 0.2519
1 -0.0145 0.2514
1 -0.0137 0.2509
1 -0.0130 0.2503
1 -0.0124 0.2497
1 -0.0118 0.2491
1 -0.0112 0.2484
1 -0.0107 0.2476
1 -0.0102 0.2469
1 -0.0098 0.2461
1 -0.0095 0.2453
1 -0.0091 0.2445
1 -0.0089 0.2436
1 -0.0087 0.2428
1 -0.0085 0.2419
1 -0.0084 0.2410
1 -0.0084 0.2401
1 -0.0084 0.2392
1 -0.0085 0.2383
1 -0.0086 0.2374
1 -0.0088 0.2366
1 -0.0091 0.2357
1 -0.0094 0.2349
1 -0.0097 0.2341
1 -0.0101 0.2333
1 -0.0106 0.2325
1 -0.0111 0.2318
1 -0.0996 0.1092
1 -0.1881 0.2318
1 -0.1886 0.2325
1 -0.1891 0.2333
1 -0.1895 0.2341
1 -0.1898 0.2349
1 -0.1901 0.2357
1 -0.1904 0.2366
1 -0.1906 0.2374
1 -0.1907 0.2383
1 -0.1908 0.2392
1 -0.1908 0.2401
1 -0.1908 0.2410
1 -0.1907 0.2419
1 -0.1905 0.2428
1 -0.1903 0.2436
1 -0.1901 0.2445
1 -0.1898 0.2453
1 -0.1894 0.2461
1 -0.1890 0.2469
1 -0.1885 0.2476
1 -0.1880 0.2484
1 -0.1874 0.2491
1 -0.1868 0.2497
1 -0.1862 0.2503
1 -0.1855 0.2509
1 -0.1848 0.2514
1 -0.1840 0.2519
1 -0.1832 0.2523
1 -0.1824 0.2527
1 -0.1816 0.2530
1 -0.1807 0.2533
1 -0.1799 0.2535
1 -0.1790 0.2537
1 -0.1781 0.2538
1 -0.1772 0.2538
1 -0.1763 0.2538
1 -0.1755 0.2537
1 -0.1746 0.2536
1 -0.1737 0.2534
1 -0.1728 0.2532
1 -0.1720 0.2529
1 -0.1733 0.2533
1 -0.1338 0.2402
1 -0.1338 0.3893
1 -0.1335 0.3911
1 -0.1067 0.4492
1 -0.1049 0.4513
1 -0.1031 0.4535
1 -0.1012 0.4556
1 -0.0992 0.4576
1 -0.0972 0.4596
1 -0.0952 0.4616
1 -0.0931 0.4635
1 -0.0910 0.4654
1 -0.0888 0.4672
1 -0.0866 0.4690
1 -0.0844 0.4707
1 -0.0821 0.4724
1 -0.0798 0.4740
1 -0.0775 0.4756
1 -0.0751 0.4771
1 -0.0727 0.4786
1 -0.0702 0.4800
1 -0.0678 0.4814
1 -0.0653 0.4827
1 -0.0627 0.4840
1 -0.0602 0.4852
1 -0.0576 0.4863
1 -0.0550 0.4874
1 -0.0523 0.4884
1 -0.0497 0.4894
1 -0.0470 0.4903
1 -0.0443 0.4912
1 -0.0416 0.4920
1 -0.0389 0.4927
1 -0.0361 0.4934
1 -0.0334 0.4940
1 -0.0306 0.4946
1 -0.0278 0.4951
1 -0.0250 0.4955
1 -0.0222 0.4959
1 -0.0194 0.4962
1 -0.0166 0.4964
1 -0.0138 0.4966
1 -0.0110 0.4967
1 -0.0081 0.4968
1 -0.0053 0.4968
1 -0.0025 0.4967
1 0.0004 0.4966
1 0.0032 0.4964
1 0.0060 0.4962
1 0.0088 0.4959
1 0.0116 0.4955
1 0.0144 0.4951
1 0.0172 0.4946
1 0.0200 0.4940
1 0.0227 0.4934
1 0.0255 0.4928
1 0.0282 0.4920
1 0.0309 0.4912
1 0.0336 0.4904
1 0.0363 0.4895
1 0.0389 0.4885
1 0.0416 0.4875
1 0.0442 0.4864
1 0.0468 0.4853
1 0.0493 0.4841
1 0.0519 0.4828
1 0.0544 0.4815
1 0.0568 0.4801
1 0.0593 0.4787
1 0.0617 0.4772
1 0.0641 0.4757
1 0.0664 0.4741
1 0.0688 0.4725
1 0.0710 0.4708
1 0.0733 0.4691
1 0.0755 0.4673
1 0.0776 0.4655
1 0.0798 0.4637
1 0.0818 0.4617
1 0.0839 0.4598
1 0.0859 0.4578
1 0.0878 0.4557
1 0.0897 0.4536
1 0.0916 0.4515
1 0.0934 0.4493
1 0.0951 0.4471
1 0.0969 0.4449
1 0.0985 0.4426
1 0.1001 0.4403
1 0.1017 0.4379
1 0.1032 0.4355
1 0.1047 0.4331
1 0.1061 0.4306
1 0.1074 0.4282
1 0.1087 0.4256
1 0.1100 0.4231
1 0.1111 0.4205
1 0.1123 0.4179
1 0.1133 0.4153
1 0.1144 0.4127
1 0.1153 0.4100
1 0.1162 0.4073
1 0.1170 0.4046
1 0.1178 0.4019
1 0.1185 0.3992
1 0.1192 0.3964
1 0.1198 0.3937
1 0.1203 0.3909
1 0.1208 0.3881
1 0.1212 0.3853
1 0.1216 0.3825
1 0.1219 0.3797
1 0.1221 0.3769
1 0.1223 0.3741
1 0.1224 0.3712
1 0.1224 0.3684
1 0.1224 0.1092
1 0.0540 0.1092
1 0.1224 0.1092
112 1462 5
0 0.1810 0.1614
1 -0.1386 0.4810
1 -0.1810 0.4386
1 0.1386 0.1190
1 0.1810 0.1614
