SEcl_RPI-1
3330 2 1 1 0 0 0 0 0 0 1 1
1.000
112 1462 28
0 0.4345 0.6773
1 0.4421 0.6952
1 0.4446 0.7147
1 0.4421 0.7343
1 0.4345 0.7525
1 0.4226 0.7682
1 0.4068 0.7802
1 0.3886 0.7877
1 0.3690 0.7903
1 -0.3690 0.7903
1 -0.3886 0.7877
1 -0.4068 0.7802
1 -0.4226 0.7682
1 -0.4345 0.7525
1 -0.4421 0.7343
1 -0.4446 0.7147
1 -0.4421 0.6952
1 -0.4345 0.6770
1 -0.0654 0.0377
1 -0.0534 0.0221
1 -0.0378 0.0101
1 -0.0195 0.0025
1 0.0000 0.0000
1 0.0195 0.0025
1 0.0378 0.0101
1 0.0534 0.0221
1 0.0654 0.0379
1 0.4345 0.6773
112 1251 10
0 0.3482 0.7125
1 -0.3482 0.7125
1 -0.3567 0.7077
1 -0.3567 0.6978
1 -0.0085 0.0947
1 0.0000 0.0897
1 0.0085 0.0947
1 0.3567 0.6978
1 0.3567 0.7077
1 0.3482 0.7125
