SEcl_RPO-7
3340 11 1 1 0 0 0 0 0 0 1 1
1.000
112 1462 441
0 0.3000 0.3000
1 0.3000 0.3043
1 0.2999 0.3086
1 0.2997 0.3128
1 0.2995 0.3171
1 0.2993 0.3214
1 0.2989 0.3257
1 0.2985 0.3299
1 0.2981 0.3342
1 0.2975 0.3385
1 0.2970 0.3427
1 0.2963 0.3469
1 0.2956 0.3512
1 0.2949 0.3554
1 0.2940 0.3596
1 0.2932 0.3638
1 0.2922 0.3680
1 0.2912 0.3721
1 0.2902 0.3763
1 0.2890 0.3804
1 0.2879 0.3845
1 0.2866 0.3886
1 0.2853 0.3927
1 0.2840 0.3968
1 0.2826 0.4008
1 0.2811 0.4048
1 0.2796 0.4088
1 0.2780 0.4128
1 0.2764 0.4168
1 0.2747 0.4207
1 0.2729 0.4246
1 0.2711 0.4285
1 0.2692 0.4324
1 0.2673 0.4362
1 0.2653 0.4400
1 0.2633 0.4438
1 0.2612 0.4475
1 0.2591 0.4512
1 0.2569 0.4549
1 0.2547 0.4586
1 0.2524 0.4622
1 0.2501 0.4658
1 0.2477 0.4693
1 0.2452 0.4729
1 0.2427 0.4763
1 0.2402 0.4798
1 0.2376 0.4832
1 0.2349 0.4866
1 0.2323 0.4899
1 0.2295 0.4932
1 0.2267 0.4965
1 0.2239 0.4997
1 0.2210 0.5029
1 0.2181 0.5060
1 0.2152 0.5091
1 0.2121 0.5121
1 0.2091 0.5152
1 0.2060 0.5181
1 0.2029 0.5210
1 0.1997 0.5239
1 0.1965 0.5267
1 0.1932 0.5295
1 0.1899 0.5323
1 0.1866 0.5349
1 0.1832 0.5376
1 0.1798 0.5402
1 0.1763 0.5427
1 0.1729 0.5452
1 0.1693 0.5477
1 0.1658 0.5501
1 0.1622 0.5524
1 0.1586 0.5547
1 0.1549 0.5569
1 0.1512 0.5591
1 0.1475 0.5612
1 0.1438 0.5633
1 0.1400 0.5653
1 0.1362 0.5673
1 0.1324 0.5692
1 0.1285 0.5711
1 0.1246 0.5729
1 0.1207 0.5747
1 0.1168 0.5764
1 0.1128 0.5780
1 0.1088 0.5796
1 0.1048 0.5811
1 0.1008 0.5826
1 0.0968 0.5840
1 0.0927 0.5853
1 0.0886 0.5866
1 0.0845 0.5879
1 0.0804 0.5890
1 0.0763 0.5902
1 0.0721 0.5912
1 0.0680 0.5922
1 0.0638 0.5932
1 0.0596 0.5940
1 0.0554 0.5949
1 0.0512 0.5956
1 0.0469 0.5963
1 0.0427 0.5970
1 0.0385 0.5975
1 0.0342 0.5981
1 0.0299 0.5985
1 0.0257 0.5989
1 0.0214 0.5993
1 0.0171 0.5995
1 0.0128 0.5997
1 0.0086 0.5999
1 0.0043 0.6000
1 0.0000 0.6000
1 -0.0043 0.6000
1 -0.0086 0.5999
1 -0.0128 0.5997
1 -0.0171 0.5995
1 -0.0214 0.5993
1 -0.0257 0.5989
1 -0.0299 0.5985
1 -0.0342 0.5981
1 -0.0385 0.5975
1 -0.0427 0.5970
1 -0.0469 0.5963
1 -0.0512 0.5956
1 -0.0554 0.5949
1 -0.0596 0.5940
1 -0.0638 0.5932
1 -0.0680 0.5922
1 -0.0721 0.5912
1 -0.0763 0.5902
1 -0.0804 0.5890
1 -0.0845 0.5879
1 -0.0886 0.5866
1 -0.0927 0.5853
1 -0.0968 0.5840
1 -0.1008 0.5826
1 -0.1048 0.5811
1 -0.1088 0.5796
1 -0.1128 0.5780
1 -0.1168 0.5764
1 -0.1207 0.5747
1 -0.1246 0.5729
1 -0.1285 0.5711
1 -0.1324 0.5692
1 -0.1362 0.5673
1 -0.1400 0.5653
1 -0.1438 0.5633
1 -0.1475 0.5612
1 -0.1512 0.5591
1 -0.1549 0.5569
1 -0.1586 0.5547
1 -0.1622 0.5524
1 -0.1658 0.5501
1 -0.1693 0.5477
1 -0.1729 0.5452
1 -0.1763 0.5427
1 -0.1798 0.5402
1 -0.1832 0.5376
1 -0.1866 0.5349
1 -0.1899 0.5323
1 -0.1932 0.5295
1 -0.1965 0.5267
1 -0.1997 0.5239
1 -0.2029 0.5210
1 -0.2060 0.5181
1 -0.2091 0.5152
1 -0.2121 0.5121
1 -0.2152 0.5091
1 -0.2181 0.5060
1 -0.2210 0.5029
1 -0.2239 0.4997
1 -0.2267 0.4965
1 -0.2295 0.4932
1 -0.2323 0.4899
1 -0.2349 0.4866
1 -0.2376 0.4832
1 -0.2402 0.4798
1 -0.2427 0.4763
1 -0.2452 0.4729
1 -0.2477 0.4693
1 -0.2501 0.4658
1 -0.2524 0.4622
1 -0.2547 0.4586
1 -0.2569 0.4549
1 -0.2591 0.4512
1 -0.2612 0.4475
1 -0.2633 0.4438
1 -0.2653 0.4400
1 -0.2673 0.4362
1 -0.2692 0.4324
1 -0.2711 0.4285
1 -0.2729 0.4246
1 -0.2747 0.4207
1 -0.2764 0.4168
1 -0.2780 0.4128
1 -0.2796 0.4088
1 -0.2811 0.4048
1 -0.2826 0.4008
1 -0.2840 0.3968
1 -0.2853 0.3927
1 -0.2866 0.3886
1 -0.2879 0.3845
1 -0.2890 0.3804
1 -0.2902 0.3763
1 -0.2912 0.3721
1 -0.2922 0.3680
1 -0.2932 0.3638
1 -0.2940 0.3596
1 -0.2949 0.3554
1 -0.2956 0.3512
1 -0.2963 0.3469
1 -0.2970 0.3427
1 -0.2975 0.3385
1 -0.2981 0.3342
1 -0.2985 0.3299
1 -0.2989 0.3257
1 -0.2993 0.3214
1 -0.2995 0.3171
1 -0.2997 0.3128
1 -0.2999 0.3086
1 -0.3000 0.3043
1 -0.3000 0.3000
1 -0.3000 0.2957
1 -0.2999 0.2914
1 -0.2997 0.2872
1 -0.2995 0.2829
1 -0.2993 0.2786
1 -0.2989 0.2743
1 -0.2985 0.2701
1 -0.2981 0.2658
1 -0.2975 0.2615
1 -0.2970 0.2573
1 -0.2963 0.2531
1 -0.2956 0.2488
1 -0.2949 0.2446
1 -0.2940 0.2404
1 -0.2932 0.2362
1 -0.2922 0.2320
1 -0.2912 0.2279
1 -0.2902 0.2237
1 -0.2890 0.2196
1 -0.2879 0.2155
1 -0.2866 0.2114
1 -0.2853 0.2073
1 -0.2840 0.2032
1 -0.2826 0.1992
1 -0.2811 0.1952
1 -0.2796 0.1912
1 -0.2780 0.1872
1 -0.2764 0.1832
1 -0.2747 0.1793
1 -0.2729 0.1754
1 -0.2711 0.1715
1 -0.2692 0.1676
1 -0.2673 0.1638
1 -0.2653 0.1600
1 -0.2633 0.1562
1 -0.2612 0.1525
1 -0.2591 0.1488
1 -0.2569 0.1451
1 -0.2547 0.1414
1 -0.2524 0.1378
1 -0.2501 0.1342
1 -0.2477 0.1307
1 -0.2452 0.1271
1 -0.2427 0.1237
1 -0.2402 0.1202
1 -0.2376 0.1168
1 -0.2349 0.1134
1 -0.2323 0.1101
1 -0.2295 0.1068
1 -0.2267 0.1035
1 -0.2239 0.1003
1 -0.2210 0.0971
1 -0.2181 0.0940
1 -0.2152 0.0909
1 -0.2121 0.0879
1 -0.2091 0.0848
1 -0.2060 0.0819
1 -0.2029 0.0790
1 -0.1997 0.0761
1 -0.1965 0.0733
1 -0.1932 0.0705
1 -0.1899 0.0677
1 -0.1866 0.0651
1 -0.1832 0.0624
1 -0.1798 0.0598
1 -0.1763 0.0573
1 -0.1729 0.0548
1 -0.1693 0.0523
1 -0.1658 0.0499
1 -0.1622 0.0476
1 -0.1586 0.0453
1 -0.1549 0.0431
1 -0.1512 0.0409
1 -0.1475 0.0388
1 -0.1438 0.0367
1 -0.1400 0.0347
1 -0.1362 0.0327
1 -0.1324 0.0308
1 -0.1285 0.0289
1 -0.1246 0.0271
1 -0.1207 0.0253
1 -0.1168 0.0236
1 -0.1128 0.0220
1 -0.1088 0.0204
1 -0.1048 0.0189
1 -0.1008 0.0174
1 -0.0968 0.0160
1 -0.0927 0.0147
1 -0.0886 0.0134
1 -0.0845 0.0121
1 -0.0804 0.0110
1 -0.0763 0.0098
1 -0.0721 0.0088
1 -0.0680 0.0078
1 -0.0638 0.0068
1 -0.0596 0.0060
1 -0.0554 0.0051
1 -0.0512 0.0044
1 -0.0469 0.0037
1 -0.0427 0.0030
1 -0.0385 0.0025
1 -0.0342 0.0019
1 -0.0299 0.0015
1 -0.0257 0.0011
1 -0.0214 0.0007
1 -0.0171 0.0005
1 -0.0128 0.0003
1 -0.0086 0.0001
1 -0.0043 0.0000
1 0.0000 0.0000
1 0.0043 0.0000
1 0.0086 0.0001
1 0.0128 0.0003
1 0.0171 0.0005
1 0.0214 0.0007
1 0.0257 0.0011
1 0.0299 0.0015
1 0.0342 0.0019
1 0.0385 0.0025
1 0.0427 0.0030
1 0.0469 0.0037
1 0.0512 0.0044
1 0.0554 0.0051
1 0.0596 0.0060
1 0.0638 0.0068
1 0.0680 0.0078
1 0.0721 0.0088
1 0.0763 0.0098
1 0.0804 0.0110
1 0.0845 0.0121
1 0.0886 0.0134
1 0.0927 0.0147
1 0.0968 0.0160
1 0.1008 0.0174
1 0.1048 0.0189
1 0.1088 0.0204
1 0.1128 0.0220
1 0.1168 0.0236
1 0.1207 0.0253
1 0.1246 0.0271
1 0.1285 0.0289
1 0.1324 0.0308
1 0.1362 0.0327
1 0.1400 0.0347
1 0.1438 0.0367
1 0.1475 0.0388
1 0.1512 0.0409
1 0.1549 0.0431
1 0.1586 0.0453
1 0.1622 0.0476
1 0.1658 0.0499
1 0.1693 0.0523
1 0.1729 0.0548
1 0.1763 0.0573
1 0.1798 0.0598
1 0.1832 0.0624
1 0.1866 0.0651
1 0.1899 0.0677
1 0.1932 0.0705
1 0.1965 0.0733
1 0.1997 0.0761
1 0.2029 0.0790
1 0.2060 0.0819
1 0.2091 0.0848
1 0.2121 0.0879
1 0.2152 0.0909
1 0.2181 0.0940
1 0.2210 0.0971
1 0.2239 0.1003
1 0.2267 0.1035
1 0.2295 0.1068
1 0.2323 0.1101
1 0.2349 0.1134
1 0.2376 0.1168
1 0.2402 0.1202
1 0.2427 0.1237
1 0.2452 0.1271
1 0.2477 0.1307
1 0.2501 0.1342
1 0.2524 0.1378
1 0.2547 0.1414
1 0.2569 0.1451
1 0.2591 0.1488
1 0.2612 0.1525
1 0.2633 0.1562
1 0.2653 0.1600
1 0.2673 0.1638
1 0.2692 0.1676
1 0.2711 0.1715
1 0.2729 0.1754
1 0.2747 0.1793
1 0.2764 0.1832
1 0.2780 0.1872
1 0.2796 0.1912
1 0.2811 0.1952
1 0.2826 0.1992
1 0.2840 0.2032
1 0.2853 0.2073
1 0.2866 0.2114
1 0.2879 0.2155
1 0.2890 0.2196
1 0.2902 0.2237
1 0.2912 0.2279
1 0.2922 0.2320
1 0.2932 0.2362
1 0.2940 0.2404
1 0.2949 0.2446
1 0.2956 0.2488
1 0.2963 0.2531
1 0.2970 0.2573
1 0.2975 0.2615
1 0.2981 0.2658
1 0.2985 0.2701
1 0.2989 0.2743
1 0.2993 0.2786
1 0.2995 0.2829
1 0.2997 0.2872
1 0.2999 0.2914
1 0.3000 0.2957
1 0.3000 0.3000
112 1251 355
0 0.1810 0.1614
1 0.1833 0.1644
1 0.1855 0.1674
1 0.1876 0.1704
1 0.1897 0.1735
1 0.1918 0.1766
1 0.1937 0.1798
1 0.1957 0.1830
1 0.1976 0.1862
1 0.1994 0.1894
1 0.2012 0.1927
1 0.2029 0.1960
1 0.2046 0.1993
1 0.2062 0.2027
1 0.2078 0.2061
1 0.2093 0.2095
1 0.2107 0.2129
1 0.2121 0.2164
1 0.2135 0.2199
1 0.2148 0.2234
1 0.2160 0.2269
1 0.2171 0.2304
1 0.2182 0.2340
1 0.2193 0.2376
1 0.2203 0.2412
1 0.2212 0.2448
1 0.2221 0.2484
1 0.2229 0.2520
1 0.2237 0.2557
1 0.2244 0.2593
1 0.2250 0.2630
1 0.2256 0.2667
1 0.2261 0.2704
1 0.2265 0.2741
1 0.2269 0.2778
1 0.2273 0.2815
1 0.2275 0.2852
1 0.2277 0.2890
1 0.2279 0.2927
1 0.2280 0.2964
1 0.2280 0.3001
1 0.2280 0.3039
1 0.2279 0.3076
1 0.2277 0.3113
1 0.2275 0.3150
1 0.2272 0.3188
1 0.2269 0.3225
1 0.2265 0.3262
1 0.2261 0.3299
1 0.2255 0.3336
1 0.2250 0.3372
1 0.2243 0.3409
1 0.2236 0.3446
1 0.2229 0.3482
1 0.2220 0.3519
1 0.2212 0.3555
1 0.2202 0.3591
1 0.2192 0.3627
1 0.2182 0.3663
1 0.2171 0.3698
1 0.2159 0.3734
1 0.2147 0.3769
1 0.2134 0.3804
1 0.2120 0.3839
1 0.2106 0.3873
1 0.2092 0.3908
1 0.2077 0.3942
1 0.2061 0.3975
1 0.2045 0.4009
1 0.2028 0.4042
1 0.2011 0.4075
1 0.1993 0.4108
1 0.1974 0.4140
1 0.1956 0.4173
1 0.1936 0.4204
1 0.1916 0.4236
1 0.1896 0.4267
1 0.1875 0.4298
1 0.1853 0.4328
1 0.1831 0.4358
1 0.1809 0.4388
1 0.1786 0.4418
1 0.1762 0.4447
1 0.1739 0.4475
1 0.1714 0.4503
1 0.1689 0.4531
1 0.1664 0.4559
1 0.1638 0.4586
1 0.1612 0.4612
1 0.1586 0.4638
1 0.1559 0.4664
1 0.1531 0.4689
1 0.1503 0.4714
1 0.1475 0.4739
1 0.1447 0.4762
1 0.1418 0.4786
1 0.1388 0.4809
1 0.1358 0.4831
1 0.1328 0.4853
1 0.1298 0.4875
1 0.1267 0.4896
1 0.1236 0.4916
1 0.1204 0.4936
1 0.1173 0.4956
1 0.1140 0.4974
1 0.1108 0.4993
1 0.1075 0.5011
1 0.1042 0.5028
1 0.1009 0.5045
1 0.0975 0.5061
1 0.0942 0.5077
1 0.0908 0.5092
1 0.0873 0.5106
1 0.0839 0.5120
1 0.0804 0.5134
1 0.0769 0.5147
1 0.0734 0.5159
1 0.0698 0.5171
1 0.0663 0.5182
1 0.0627 0.5192
1 0.0591 0.5202
1 0.0555 0.5212
1 0.0519 0.5220
1 0.0482 0.5229
1 0.0446 0.5236
1 0.0409 0.5243
1 0.0372 0.5250
1 0.0336 0.5255
1 0.0299 0.5261
1 0.0262 0.5265
1 0.0225 0.5269
1 0.0188 0.5272
1 0.0150 0.5275
1 0.0113 0.5277
1 0.0076 0.5279
1 0.0039 0.5280
1 0.0001 0.5280
1 -0.0036 0.5280
1 -0.0073 0.5279
1 -0.0110 0.5277
1 -0.0148 0.5275
1 -0.0185 0.5273
1 -0.0222 0.5269
1 -0.0259 0.5265
1 -0.0296 0.5261
1 -0.0333 0.5256
1 -0.0370 0.5250
1 -0.0407 0.5244
1 -0.0443 0.5237
1 -0.0480 0.5229
1 -0.0516 0.5221
1 -0.0552 0.5212
1 -0.0588 0.5203
1 -0.0624 0.5193
1 -0.0660 0.5182
1 -0.0696 0.5171
1 -0.0731 0.5160
1 -0.0766 0.5147
1 -0.0801 0.5135
1 -0.0836 0.5121
1 -0.0871 0.5107
1 -0.0905 0.5093
1 -0.0939 0.5078
1 -0.0973 0.5062
1 -0.1007 0.5046
1 -0.1040 0.5029
1 -0.1073 0.5012
1 -0.1106 0.4994
1 -0.1138 0.4976
1 -0.1170 0.4957
1 -0.1202 0.4937
1 -0.1234 0.4918
1 -0.1265 0.4897
1 -0.1296 0.4876
1 -0.1326 0.4855
1 -0.1356 0.4833
1 -0.1386 0.4810
1 -0.1810 0.4386
1 -0.1833 0.4356
1 -0.1855 0.4326
1 -0.1876 0.4296
1 -0.1897 0.4265
1 -0.1918 0.4234
1 -0.1937 0.4202
1 -0.1957 0.4170
1 -0.1976 0.4138
1 -0.1994 0.4106
1 -0.2012 0.4073
1 -0.2029 0.4040
1 -0.2046 0.4007
1 -0.2062 0.3973
1 -0.2078 0.3939
1 -0.2093 0.3905
1 -0.2107 0.3871
1 -0.2121 0.3836
1 -0.2135 0.3801
1 -0.2147 0.3766
1 -0.2160 0.3731
1 -0.2171 0.3696
1 -0.2182 0.3660
1 -0.2193 0.3624
1 -0.2203 0.3588
1 -0.2212 0.3552
1 -0.2221 0.3516
1 -0.2229 0.3480
1 -0.2237 0.3443
1 -0.2244 0.3407
1 -0.2250 0.3370
1 -0.2256 0.3333
1 -0.2261 0.3296
1 -0.2265 0.3259
1 -0.2269 0.3222
1 -0.2273 0.3185
1 -0.2275 0.3148
1 -0.2277 0.3110
1 -0.2279 0.3073
1 -0.2280 0.3036
1 -0.2280 0.2999
1 -0.2280 0.2961
1 -0.2279 0.2924
1 -0.2277 0.2887
1 -0.2275 0.2850
1 -0.2272 0.2812
1 -0.2269 0.2775
1 -0.2265 0.2738
1 -0.2261 0.2701
1 -0.2255 0.2664
1 -0.2250 0.2628
1 -0.2243 0.2591
1 -0.2236 0.2554
1 -0.2229 0.2518
1 -0.2220 0.2481
1 -0.2212 0.2445
1 -0.2202 0.2409
1 -0.2192 0.2373
1 -0.2182 0.2337
1 -0.2171 0.2302
1 -0.2159 0.2266
1 -0.2147 0.2231
1 -0.2134 0.2196
1 -0.2120 0.2161
1 -0.2106 0.2127
1 -0.2092 0.2092
1 -0.2077 0.2058
1 -0.2061 0.2025
1 -0.2045 0.1991
1 -0.2028 0.1958
1 -0.2011 0.1925
1 -0.1993 0.1892
1 -0.1974 0.1860
1 -0.1956 0.1827
1 -0.1936 0.1796
1 -0.1916 0.1764
1 -0.1896 0.1733
1 -0.1875 0.1702
1 -0.1853 0.1672
1 -0.1831 0.1642
1 -0.1809 0.1612
1 -0.1786 0.1582
1 -0.1762 0.1553
1 -0.1739 0.1525
1 -0.1714 0.1497
1 -0.1689 0.1469
1 -0.1664 0.1441
1 -0.1638 0.1414
1 -0.1612 0.1388
1 -0.1586 0.1362
1 -0.1559 0.1336
1 -0.1531 0.1311
1 -0.1503 0.1286
1 -0.1475 0.1261
1 -0.1447 0.1238
1 -0.1418 0.1214
1 -0.1388 0.1191
1 -0.1358 0.1169
1 -0.1328 0.1147
1 -0.1298 0.1125
1 -0.1267 0.1104
1 -0.1236 0.1084
1 -0.1204 0.1064
1 -0.1173 0.1044
1 -0.1140 0.1026
1 -0.1108 0.1007
1 -0.1075 0.0989
1 -0.1042 0.0972
1 -0.1009 0.0955
1 -0.0975 0.0939
1 -0.0942 0.0923
1 -0.0908 0.0908
1 -0.0873 0.0894
1 -0.0839 0.0880
1 -0.0804 0.0866
1 -0.0769 0.0853
1 -0.0734 0.0841
1 -0.0698 0.0829
1 -0.0663 0.0818
1 -0.0627 0.0808
1 -0.0591 0.0798
1 -0.0555 0.0788
1 -0.0519 0.0780
1 -0.0482 0.0771
1 -0.0446 0.0764
1 -0.0409 0.0757
1 -0.0372 0.0750
1 -0.0336 0.0745
1 -0.0299 0.0739
1 -0.0262 0.0735
1 -0.0225 0.0731
1 -0.0188 0.0728
1 -0.0150 0.0725
1 -0.0113 0.0723
1 -0.0076 0.0721
1 -0.0039 0.0720
1 -0.0001 0.0720
1 0.0036 0.0720
1 0.0073 0.0721
1 0.0110 0.0723
1 0.0148 0.0725
1 0.0185 0.0727
1 0.0222 0.0731
1 0.0259 0.0735
1 0.0296 0.0739
1 0.0333 0.0744
1 0.0370 0.0750
1 0.0407 0.0756
1 0.0443 0.0763
1 0.0480 0.0771
1 0.0516 0.0779
1 0.0552 0.0788
1 0.0588 0.0797
1 0.0624 0.0807
1 0.0660 0.0818
1 0.0696 0.0829
1 0.0731 0.0840
1 0.0766 0.0853
1 0.0801 0.0865
1 0.0836 0.0879
1 0.0871 0.0893
1 0.0905 0.0907
1 0.0939 0.0922
1 0.0973 0.0938
1 0.1007 0.0954
1 0.1040 0.0971
1 0.1073 0.0988
1 0.1106 0.1006
1 0.1138 0.1024
1 0.1170 0.1043
1 0.1202 0.1063
1 0.1234 0.1082
1 0.1265 0.1103
1 0.1296 0.1124
1 0.1326 0.1145
1 0.1356 0.1167
1 0.1386 0.1190
1 0.1810 0.1614
112 1250 137
0 -0.0744 0.2544
1 -0.0744 0.2557
1 -0.0745 0.2569
1 -0.0747 0.2582
1 -0.0749 0.2595
1 -0.0751 0.2607
1 -0.0755 0.2620
1 -0.0758 0.2632
1 -0.0763 0.2644
1 -0.0768 0.2655
1 -0.0773 0.2667
1 -0.0779 0.2678
1 -0.0785 0.2689
1 -0.0792 0.2700
1 -0.0800 0.2710
1 -0.0808 0.2720
1 -0.0816 0.2730
1 -0.0825 0.2739
1 -0.0834 0.2748
1 -0.0844 0.2756
1 -0.0854 0.2764
1 -0.0864 0.2772
1 -0.0875 0.2779
1 -0.0886 0.2785
1 -0.0897 0.2791
1 -0.0909 0.2796
1 -0.0920 0.2801
1 -0.0932 0.2806
1 -0.0945 0.2809
1 -0.0957 0.2813
1 -0.0969 0.2815
1 -0.0982 0.2817
1 -0.0995 0.2819
1 -0.1007 0.2820
1 -0.1020 0.2820
1 -0.1033 0.2820
1 -0.1046 0.2819
1 -0.1058 0.2817
1 -0.1071 0.2815
1 -0.1083 0.2813
1 -0.1096 0.2809
1 -0.1108 0.2806
1 -0.1120 0.2801
1 -0.1132 0.2796
1 -0.1143 0.2791
1 -0.1154 0.2785
1 -0.1165 0.2779
1 -0.1176 0.2772
1 -0.1186 0.2764
1 -0.1196 0.2756
1 -0.1206 0.2748
1 -0.1215 0.2739
1 -0.1224 0.2730
1 -0.1232 0.2720
1 -0.1240 0.2710
1 -0.1248 0.2700
1 -0.1255 0.2689
1 -0.1261 0.2678
1 -0.1267 0.2667
1 -0.1273 0.2655
1 -0.1277 0.2644
1 -0.1282 0.2632
1 -0.1286 0.2620
1 -0.1289 0.2607
1 -0.1291 0.2595
1 -0.1293 0.2582
1 -0.1295 0.2569
1 -0.1296 0.2557
1 -0.1296 0.2544
1 -0.1296 0.2531
1 -0.1295 0.2519
1 -0.1293 0.2506
1 -0.1291 0.2493
1 -0.1289 0.2481
1 -0.1286 0.2468
1 -0.1282 0.2456
1 -0.1277 0.2444
1 -0.1273 0.2432
1 -0.1267 0.2421
1 -0.1261 0.2410
1 -0.1255 0.2399
1 -0.1248 0.2388
1 -0.1240 0.2378
1 -0.1232 0.2368
1 -0.1224 0.2358
1 -0.1215 0.2349
1 -0.1206 0.2340
1 -0.1196 0.2332
1 -0.1186 0.2324
1 -0.1176 0.2316
1 -0.1165 0.2309
1 -0.1154 0.2303
1 -0.1143 0.2297
1 -0.1132 0.2291
1 -0.1120 0.2287
1 -0.1108 0.2282
1 -0.1096 0.2278
1 -0.1083 0.2275
1 -0.1071 0.2273
1 -0.1058 0.2271
1 -0.1046 0.2269
1 -0.1033 0.2268
1 -0.1020 0.2268
1 -0.1007 0.2268
1 -0.0995 0.2269
1 -0.0982 0.2271
1 -0.0969 0.2273
1 -0.0957 0.2275
1 -0.0945 0.2278
1 -0.0932 0.2282
1 -0.0920 0.2287
1 -0.0909 0.2291
1 -0.0897 0.2297
1 -0.0886 0.2303
1 -0.0875 0.2309
1 -0.0864 0.2316
1 -0.0854 0.2324
1 -0.0844 0.2332
1 -0.0834 0.2340
1 -0.0825 0.2349
1 -0.0816 0.2358
1 -0.0808 0.2368
1 -0.0800 0.2378
1 -0.0792 0.2388
1 -0.0785 0.2399
1 -0.0779 0.2410
1 -0.0773 0.2421
1 -0.0768 0.2432
1 -0.0763 0.2444
1 -0.0758 0.2456
1 -0.0755 0.2468
1 -0.0751 0.2481
1 -0.0749 0.2493
1 -0.0747 0.2506
1 -0.0745 0.2519
1 -0.0744 0.2531
1 -0.0744 0.2544
112 1250 89
0 -0.2040 0.3768
1 -0.1192 0.3768
1 -0.0988 0.3564
1 -0.1404 0.3564
1 -0.1404 0.3156
1 -0.0690 0.3156
1 -0.0690 0.3266
1 -0.0630 0.3206
1 -0.0630 0.3156
1 -0.0580 0.3156
1 0.0032 0.2544
1 -0.0711 0.2544
1 -0.0714 0.2544
1 -0.0714 0.2557
1 -0.0715 0.2571
1 -0.0717 0.2584
1 -0.0719 0.2597
1 -0.0721 0.2610
1 -0.0724 0.2623
1 -0.0728 0.2636
1 -0.0733 0.2649
1 -0.0737 0.2661
1 -0.0743 0.2673
1 -0.0749 0.2685
1 -0.0755 0.2697
1 -0.0762 0.2708
1 -0.0769 0.2719
1 -0.0777 0.2730
1 -0.0786 0.2741
1 -0.0794 0.2751
1 -0.0804 0.2760
1 -0.0813 0.2770
1 -0.0823 0.2778
1 -0.0834 0.2787
1 -0.0845 0.2795
1 -0.0856 0.2802
1 -0.0867 0.2809
1 -0.0879 0.2815
1 -0.0891 0.2821
1 -0.0903 0.2827
1 -0.0915 0.2832
1 -0.0928 0.2836
1 -0.0941 0.2840
1 -0.0954 0.2843
1 -0.0967 0.2845
1 -0.0980 0.2847
1 -0.0993 0.2849
1 -0.1007 0.2850
1 -0.1020 0.2850
1 -0.1033 0.2850
1 -0.1047 0.2849
1 -0.1060 0.2847
1 -0.1073 0.2845
1 -0.1086 0.2843
1 -0.1099 0.2840
1 -0.1112 0.2836
1 -0.1125 0.2832
1 -0.1137 0.2827
1 -0.1149 0.2821
1 -0.1161 0.2815
1 -0.1173 0.2809
1 -0.1184 0.2802
1 -0.1196 0.2795
1 -0.1206 0.2787
1 -0.1217 0.2778
1 -0.1227 0.2770
1 -0.1236 0.2760
1 -0.1246 0.2751
1 -0.1254 0.2741
1 -0.1263 0.2730
1 -0.1271 0.2719
1 -0.1278 0.2708
1 -0.1285 0.2697
1 -0.1292 0.2685
1 -0.1297 0.2673
1 -0.1303 0.2661
1 -0.1308 0.2649
1 -0.1312 0.2636
1 -0.1316 0.2623
1 -0.1319 0.2610
1 -0.1321 0.2597
1 -0.1323 0.2584
1 -0.1325 0.2571
1 -0.1326 0.2557
1 -0.1326 0.2544
1 -0.2094 0.2544
1 -0.2094 0.2748
1 -0.2040 0.2748
1 -0.2040 0.3768
112 1251 5
0 -0.1860 0.3156
1 -0.1860 0.3564
1 -0.2004 0.3564
1 -0.2004 0.3156
1 -0.1860 0.3156
112 1251 5
0 -0.1464 0.3564
1 -0.1812 0.3564
1 -0.1812 0.2574
1 -0.1464 0.2574
1 -0.1464 0.3564
112 1250 89
0 0.1326 0.2544
1 0.0880 0.2544
1 0.0268 0.3156
1 0.0858 0.3156
1 0.0858 0.3564
1 0.0144 0.3564
1 0.0144 0.3280
1 0.0084 0.3340
1 0.0084 0.3564
1 -0.0140 0.3564
1 -0.0344 0.3768
1 0.1836 0.3768
1 0.2040 0.3156
1 0.2040 0.2748
1 0.2094 0.2748
1 0.2094 0.2544
1 0.1938 0.2544
1 0.1938 0.2557
1 0.1937 0.2571
1 0.1936 0.2584
1 0.1933 0.2597
1 0.1931 0.2610
1 0.1928 0.2623
1 0.1924 0.2636
1 0.1920 0.2649
1 0.1915 0.2661
1 0.1909 0.2673
1 0.1904 0.2685
1 0.1897 0.2697
1 0.1890 0.2708
1 0.1883 0.2719
1 0.1875 0.2730
1 0.1867 0.2741
1 0.1858 0.2751
1 0.1848 0.2760
1 0.1839 0.2770
1 0.1829 0.2778
1 0.1818 0.2787
1 0.1808 0.2795
1 0.1797 0.2802
1 0.1785 0.2809
1 0.1773 0.2815
1 0.1761 0.2821
1 0.1749 0.2827
1 0.1737 0.2832
1 0.1724 0.2836
1 0.1711 0.2840
1 0.1698 0.2843
1 0.1685 0.2845
1 0.1672 0.2847
1 0.1659 0.2849
1 0.1645 0.2850
1 0.1632 0.2850
1 0.1619 0.2850
1 0.1605 0.2849
1 0.1592 0.2847
1 0.1579 0.2845
1 0.1566 0.2843
1 0.1553 0.2840
1 0.1540 0.2836
1 0.1527 0.2832
1 0.1515 0.2827
1 0.1503 0.2821
1 0.1491 0.2815
1 0.1479 0.2809
1 0.1468 0.2802
1 0.1457 0.2795
1 0.1446 0.2787
1 0.1435 0.2778
1 0.1425 0.2770
1 0.1416 0.2760
1 0.1406 0.2751
1 0.1398 0.2741
1 0.1389 0.2730
1 0.1381 0.2719
1 0.1374 0.2708
1 0.1367 0.2697
1 0.1361 0.2685
1 0.1355 0.2673
1 0.1349 0.2661
1 0.1345 0.2649
1 0.1340 0.2636
1 0.1337 0.2623
1 0.1333 0.2610
1 0.1331 0.2597
1 0.1329 0.2584
1 0.1327 0.2571
1 0.1326 0.2557
1 0.1326 0.2544
112 1251 5
0 0.1266 0.3564
1 0.0918 0.3564
1 0.0918 0.2574
1 0.1266 0.2574
1 0.1266 0.3564
112 1250 137
0 0.1908 0.2544
1 0.1908 0.2557
1 0.1907 0.2569
1 0.1905 0.2582
1 0.1903 0.2595
1 0.1901 0.2607
1 0.1898 0.2620
1 0.1894 0.2632
1 0.1889 0.2644
1 0.1885 0.2655
1 0.1879 0.2667
1 0.1873 0.2678
1 0.1867 0.2689
1 0.1860 0.2700
1 0.1852 0.2710
1 0.1844 0.2720
1 0.1836 0.2730
1 0.1827 0.2739
1 0.1818 0.2748
1 0.1808 0.2756
1 0.1798 0.2764
1 0.1788 0.2772
1 0.1777 0.2779
1 0.1766 0.2785
1 0.1755 0.2791
1 0.1744 0.2796
1 0.1732 0.2801
1 0.1720 0.2806
1 0.1708 0.2809
1 0.1695 0.2813
1 0.1683 0.2815
1 0.1670 0.2817
1 0.1658 0.2819
1 0.1645 0.2820
1 0.1632 0.2820
1 0.1619 0.2820
1 0.1607 0.2819
1 0.1594 0.2817
1 0.1581 0.2815
1 0.1569 0.2813
1 0.1557 0.2809
1 0.1544 0.2806
1 0.1532 0.2801
1 0.1521 0.2796
1 0.1509 0.2791
1 0.1498 0.2785
1 0.1487 0.2779
1 0.1476 0.2772
1 0.1466 0.2764
1 0.1456 0.2756
1 0.1446 0.2748
1 0.1437 0.2739
1 0.1428 0.2730
1 0.1420 0.2720
1 0.1412 0.2710
1 0.1404 0.2700
1 0.1397 0.2689
1 0.1391 0.2678
1 0.1385 0.2667
1 0.1380 0.2655
1 0.1375 0.2644
1 0.1370 0.2632
1 0.1367 0.2620
1 0.1363 0.2607
1 0.1361 0.2595
1 0.1359 0.2582
1 0.1357 0.2569
1 0.1356 0.2557
1 0.1356 0.2544
1 0.1356 0.2531
1 0.1357 0.2519
1 0.1359 0.2506
1 0.1361 0.2493
1 0.1363 0.2481
1 0.1367 0.2468
1 0.1370 0.2456
1 0.1375 0.2444
1 0.1380 0.2432
1 0.1385 0.2421
1 0.1391 0.2410
1 0.1397 0.2399
1 0.1404 0.2388
1 0.1412 0.2378
1 0.1420 0.2368
1 0.1428 0.2358
1 0.1437 0.2349
1 0.1446 0.2340
1 0.1456 0.2332
1 0.1466 0.2324
1 0.1476 0.2316
1 0.1487 0.2309
1 0.1498 0.2303
1 0.1509 0.2297
1 0.1521 0.2291
1 0.1532 0.2287
1 0.1544 0.2282
1 0.1557 0.2278
1 0.1569 0.2275
1 0.1581 0.2273
1 0.1594 0.2271
1 0.1607 0.2269
1 0.1619 0.2268
1 0.1632 0.2268
1 0.1645 0.2268
1 0.1658 0.2269
1 0.1670 0.2271
1 0.1683 0.2273
1 0.1695 0.2275
1 0.1708 0.2278
1 0.1720 0.2282
1 0.1732 0.2287
1 0.1744 0.2291
1 0.1755 0.2297
1 0.1766 0.2303
1 0.1777 0.2309
1 0.1788 0.2316
1 0.1798 0.2324
1 0.1808 0.2332
1 0.1818 0.2340
1 0.1827 0.2349
1 0.1836 0.2358
1 0.1844 0.2368
1 0.1852 0.2378
1 0.1860 0.2388
1 0.1867 0.2399
1 0.1873 0.2410
1 0.1879 0.2421
1 0.1885 0.2432
1 0.1889 0.2444
1 0.1894 0.2456
1 0.1898 0.2468
1 0.1901 0.2481
1 0.1903 0.2493
1 0.1905 0.2506
1 0.1907 0.2519
1 0.1908 0.2531
1 0.1908 0.2544
112 1251 5
0 0.1860 0.3564
1 0.1326 0.3564
1 0.1326 0.3156
1 0.1996 0.3156
1 0.1860 0.3564
112 1462 5
0 0.1810 0.1614
1 -0.1386 0.4810
1 -0.1810 0.4386
1 0.1386 0.1190
1 0.1810 0.1614
