SEcl_RPO-9
3342 10 1 1 0 0 0 0 0 0 1 1
1.000
112 1462 441
0 0.3000 0.3000
1 0.3000 0.3043
1 0.2999 0.3086
1 0.2997 0.3128
1 0.2995 0.3171
1 0.2993 0.3214
1 0.2989 0.3257
1 0.2985 0.3299
1 0.2981 0.3342
1 0.2975 0.3385
1 0.2970 0.3427
1 0.2963 0.3469
1 0.2956 0.3512
1 0.2949 0.3554
1 0.2940 0.3596
1 0.2932 0.3638
1 0.2922 0.3680
1 0.2912 0.3721
1 0.2902 0.3763
1 0.2890 0.3804
1 0.2879 0.3845
1 0.2866 0.3886
1 0.2853 0.3927
1 0.2840 0.3968
1 0.2826 0.4008
1 0.2811 0.4048
1 0.2796 0.4088
1 0.2780 0.4128
1 0.2764 0.4168
1 0.2747 0.4207
1 0.2729 0.4246
1 0.2711 0.4285
1 0.2692 0.4324
1 0.2673 0.4362
1 0.2653 0.4400
1 0.2633 0.4438
1 0.2612 0.4475
1 0.2591 0.4512
1 0.2569 0.4549
1 0.2547 0.4586
1 0.2524 0.4622
1 0.2501 0.4658
1 0.2477 0.4693
1 0.2452 0.4729
1 0.2427 0.4763
1 0.2402 0.4798
1 0.2376 0.4832
1 0.2349 0.4866
1 0.2323 0.4899
1 0.2295 0.4932
1 0.2267 0.4965
1 0.2239 0.4997
1 0.2210 0.5029
1 0.2181 0.5060
1 0.2152 0.5091
1 0.2121 0.5121
1 0.2091 0.5152
1 0.2060 0.5181
1 0.2029 0.5210
1 0.1997 0.5239
1 0.1965 0.5267
1 0.1932 0.5295
1 0.1899 0.5323
1 0.1866 0.5349
1 0.1832 0.5376
1 0.1798 0.5402
1 0.1763 0.5427
1 0.1729 0.5452
1 0.1693 0.5477
1 0.1658 0.5501
1 0.1622 0.5524
1 0.1586 0.5547
1 0.1549 0.5569
1 0.1512 0.5591
1 0.1475 0.5612
1 0.1438 0.5633
1 0.1400 0.5653
1 0.1362 0.5673
1 0.1324 0.5692
1 0.1285 0.5711
1 0.1246 0.5729
1 0.1207 0.5747
1 0.1168 0.5764
1 0.1128 0.5780
1 0.1088 0.5796
1 0.1048 0.5811
1 0.1008 0.5826
1 0.0968 0.5840
1 0.0927 0.5853
1 0.0886 0.5866
1 0.0845 0.5879
1 0.0804 0.5890
1 0.0763 0.5902
1 0.0721 0.5912
1 0.0680 0.5922
1 0.0638 0.5932
1 0.0596 0.5940
1 0.0554 0.5949
1 0.0512 0.5956
1 0.0469 0.5963
1 0.0427 0.5970
1 0.0385 0.5975
1 0.0342 0.5981
1 0.0299 0.5985
1 0.0257 0.5989
1 0.0214 0.5993
1 0.0171 0.5995
1 0.0128 0.5997
1 0.0086 0.5999
1 0.0043 0.6000
1 0.0000 0.6000
1 -0.0043 0.6000
1 -0.0086 0.5999
1 -0.0128 0.5997
1 -0.0171 0.5995
1 -0.0214 0.5993
1 -0.0257 0.5989
1 -0.0299 0.5985
1 -0.0342 0.5981
1 -0.0385 0.5975
1 -0.0427 0.5970
1 -0.0469 0.5963
1 -0.0512 0.5956
1 -0.0554 0.5949
1 -0.0596 0.5940
1 -0.0638 0.5932
1 -0.0680 0.5922
1 -0.0721 0.5912
1 -0.0763 0.5902
1 -0.0804 0.5890
1 -0.0845 0.5879
1 -0.0886 0.5866
1 -0.0927 0.5853
1 -0.0968 0.5840
1 -0.1008 0.5826
1 -0.1048 0.5811
1 -0.1088 0.5796
1 -0.1128 0.5780
1 -0.1168 0.5764
1 -0.1207 0.5747
1 -0.1246 0.5729
1 -0.1285 0.5711
1 -0.1324 0.5692
1 -0.1362 0.5673
1 -0.1400 0.5653
1 -0.1438 0.5633
1 -0.1475 0.5612
1 -0.1512 0.5591
1 -0.1549 0.5569
1 -0.1586 0.5547
1 -0.1622 0.5524
1 -0.1658 0.5501
1 -0.1693 0.5477
1 -0.1729 0.5452
1 -0.1763 0.5427
1 -0.1798 0.5402
1 -0.1832 0.5376
1 -0.1866 0.5349
1 -0.1899 0.5323
1 -0.1932 0.5295
1 -0.1965 0.5267
1 -0.1997 0.5239
1 -0.2029 0.5210
1 -0.2060 0.5181
1 -0.2091 0.5152
1 -0.2121 0.5121
1 -0.2152 0.5091
1 -0.2181 0.5060
1 -0.2210 0.5029
1 -0.2239 0.4997
1 -0.2267 0.4965
1 -0.2295 0.4932
1 -0.2323 0.4899
1 -0.2349 0.4866
1 -0.2376 0.4832
1 -0.2402 0.4798
1 -0.2427 0.4763
1 -0.2452 0.4729
1 -0.2477 0.4693
1 -0.2501 0.4658
1 -0.2524 0.4622
1 -0.2547 0.4586
1 -0.2569 0.4549
1 -0.2591 0.4512
1 -0.2612 0.4475
1 -0.2633 0.4438
1 -0.2653 0.4400
1 -0.2673 0.4362
1 -0.2692 0.4324
1 -0.2711 0.4285
1 -0.2729 0.4246
1 -0.2747 0.4207
1 -0.2764 0.4168
1 -0.2780 0.4128
1 -0.2796 0.4088
1 -0.2811 0.4048
1 -0.2826 0.4008
1 -0.2840 0.3968
1 -0.2853 0.3927
1 -0.2866 0.3886
1 -0.2879 0.3845
1 -0.2890 0.3804
1 -0.2902 0.3763
1 -0.2912 0.3721
1 -0.2922 0.3680
1 -0.2932 0.3638
1 -0.2940 0.3596
1 -0.2949 0.3554
1 -0.2956 0.3512
1 -0.2963 0.3469
1 -0.2970 0.3427
1 -0.2975 0.3385
1 -0.2981 0.3342
1 -0.2985 0.3299
1 -0.2989 0.3257
1 -0.2993 0.3214
1 -0.2995 0.3171
1 -0.2997 0.3128
1 -0.2999 0.3086
1 -0.3000 0.3043
1 -0.3000 0.3000
1 -0.3000 0.2957
1 -0.2999 0.2914
1 -0.2997 0.2872
1 -0.2995 0.2829
1 -0.2993 0.2786
1 -0.2989 0.2743
1 -0.2985 0.2701
1 -0.2981 0.2658
1 -0.2975 0.2615
1 -0.2970 0.2573
1 -0.2963 0.2531
1 -0.2956 0.2488
1 -0.2949 0.2446
1 -0.2940 0.2404
1 -0.2932 0.2362
1 -0.2922 0.2320
1 -0.2912 0.2279
1 -0.2902 0.2237
1 -0.2890 0.2196
1 -0.2879 0.2155
1 -0.2866 0.2114
1 -0.2853 0.2073
1 -0.2840 0.2032
1 -0.2826 0.1992
1 -0.2811 0.1952
1 -0.2796 0.1912
1 -0.2780 0.1872
1 -0.2764 0.1832
1 -0.2747 0.1793
1 -0.2729 0.1754
1 -0.2711 0.1715
1 -0.2692 0.1676
1 -0.2673 0.1638
1 -0.2653 0.1600
1 -0.2633 0.1562
1 -0.2612 0.1525
1 -0.2591 0.1488
1 -0.2569 0.1451
1 -0.2547 0.1414
1 -0.2524 0.1378
1 -0.2501 0.1342
1 -0.2477 0.1307
1 -0.2452 0.1271
1 -0.2427 0.1237
1 -0.2402 0.1202
1 -0.2376 0.1168
1 -0.2349 0.1134
1 -0.2323 0.1101
1 -0.2295 0.1068
1 -0.2267 0.1035
1 -0.2239 0.1003
1 -0.2210 0.0971
1 -0.2181 0.0940
1 -0.2152 0.0909
1 -0.2121 0.0879
1 -0.2091 0.0848
1 -0.2060 0.0819
1 -0.2029 0.0790
1 -0.1997 0.0761
1 -0.1965 0.0733
1 -0.1932 0.0705
1 -0.1899 0.0677
1 -0.1866 0.0651
1 -0.1832 0.0624
1 -0.1798 0.0598
1 -0.1763 0.0573
1 -0.1729 0.0548
1 -0.1693 0.0523
1 -0.1658 0.0499
1 -0.1622 0.0476
1 -0.1586 0.0453
1 -0.1549 0.0431
1 -0.1512 0.0409
1 -0.1475 0.0388
1 -0.1438 0.0367
1 -0.1400 0.0347
1 -0.1362 0.0327
1 -0.1324 0.0308
1 -0.1285 0.0289
1 -0.1246 0.0271
1 -0.1207 0.0253
1 -0.1168 0.0236
1 -0.1128 0.0220
1 -0.1088 0.0204
1 -0.1048 0.0189
1 -0.1008 0.0174
1 -0.0968 0.0160
1 -0.0927 0.0147
1 -0.0886 0.0134
1 -0.0845 0.0121
1 -0.0804 0.0110
1 -0.0763 0.0098
1 -0.0721 0.0088
1 -0.0680 0.0078
1 -0.0638 0.0068
1 -0.0596 0.0060
1 -0.0554 0.0051
1 -0.0512 0.0044
1 -0.0469 0.0037
1 -0.0427 0.0030
1 -0.0385 0.0025
1 -0.0342 0.0019
1 -0.0299 0.0015
1 -0.0257 0.0011
1 -0.0214 0.0007
1 -0.0171 0.0005
1 -0.0128 0.0003
1 -0.0086 0.0001
1 -0.0043 -0.0000
1 0.0000 -0.0000
1 0.0043 -0.0000
1 0.0086 0.0001
1 0.0128 0.0003
1 0.0171 0.0005
1 0.0214 0.0007
1 0.0257 0.0011
1 0.0299 0.0015
1 0.0342 0.0019
1 0.0385 0.0025
1 0.0427 0.0030
1 0.0469 0.0037
1 0.0512 0.0044
1 0.0554 0.0051
1 0.0596 0.0060
1 0.0638 0.0068
1 0.0680 0.0078
1 0.0721 0.0088
1 0.0763 0.0098
1 0.0804 0.0110
1 0.0845 0.0121
1 0.0886 0.0134
1 0.0927 0.0147
1 0.0968 0.0160
1 0.1008 0.0174
1 0.1048 0.0189
1 0.1088 0.0204
1 0.1128 0.0220
1 0.1168 0.0236
1 0.1207 0.0253
1 0.1246 0.0271
1 0.1285 0.0289
1 0.1324 0.0308
1 0.1362 0.0327
1 0.1400 0.0347
1 0.1438 0.0367
1 0.1475 0.0388
1 0.1512 0.0409
1 0.1549 0.0431
1 0.1586 0.0453
1 0.1622 0.0476
1 0.1658 0.0499
1 0.1693 0.0523
1 0.1729 0.0548
1 0.1763 0.0573
1 0.1798 0.0598
1 0.1832 0.0624
1 0.1866 0.0651
1 0.1899 0.0677
1 0.1932 0.0705
1 0.1965 0.0733
1 0.1997 0.0761
1 0.2029 0.0790
1 0.2060 0.0819
1 0.2091 0.0848
1 0.2121 0.0879
1 0.2152 0.0909
1 0.2181 0.0940
1 0.2210 0.0971
1 0.2239 0.1003
1 0.2267 0.1035
1 0.2295 0.1068
1 0.2323 0.1101
1 0.2349 0.1134
1 0.2376 0.1168
1 0.2402 0.1202
1 0.2427 0.1237
1 0.2452 0.1271
1 0.2477 0.1307
1 0.2501 0.1342
1 0.2524 0.1378
1 0.2547 0.1414
1 0.2569 0.1451
1 0.2591 0.1488
1 0.2612 0.1525
1 0.2633 0.1562
1 0.2653 0.1600
1 0.2673 0.1638
1 0.2692 0.1676
1 0.2711 0.1715
1 0.2729 0.1754
1 0.2747 0.1793
1 0.2764 0.1832
1 0.2780 0.1872
1 0.2796 0.1912
1 0.2811 0.1952
1 0.2826 0.1992
1 0.2840 0.2032
1 0.2853 0.2073
1 0.2866 0.2114
1 0.2879 0.2155
1 0.2890 0.2196
1 0.2902 0.2237
1 0.2912 0.2279
1 0.2922 0.2320
1 0.2932 0.2362
1 0.2940 0.2404
1 0.2949 0.2446
1 0.2956 0.2488
1 0.2963 0.2531
1 0.2970 0.2573
1 0.2975 0.2615
1 0.2981 0.2658
1 0.2985 0.2701
1 0.2989 0.2743
1 0.2993 0.2786
1 0.2995 0.2829
1 0.2997 0.2872
1 0.2999 0.2914
1 0.3000 0.2957
1 0.3000 0.3000
112 1251 355
0 0.1810 0.1614
1 0.1833 0.1644
1 0.1855 0.1674
1 0.1876 0.1704
1 0.1897 0.1735
1 0.1918 0.1766
1 0.1937 0.1798
1 0.1957 0.1830
1 0.1976 0.1862
1 0.1994 0.1894
1 0.2012 0.1927
1 0.2029 0.1960
1 0.2046 0.1993
1 0.2062 0.2027
1 0.2078 0.2061
1 0.2093 0.2095
1 0.2107 0.2129
1 0.2121 0.2164
1 0.2135 0.2199
1 0.2148 0.2234
1 0.2160 0.2269
1 0.2171 0.2304
1 0.2182 0.2340
1 0.2193 0.2376
1 0.2203 0.2412
1 0.2212 0.2448
1 0.2221 0.2484
1 0.2229 0.2520
1 0.2237 0.2557
1 0.2244 0.2593
1 0.2250 0.2630
1 0.2256 0.2667
1 0.2261 0.2704
1 0.2265 0.2741
1 0.2269 0.2778
1 0.2273 0.2815
1 0.2275 0.2852
1 0.2277 0.2890
1 0.2279 0.2927
1 0.2280 0.2964
1 0.2280 0.3001
1 0.2280 0.3039
1 0.2279 0.3076
1 0.2277 0.3113
1 0.2275 0.3150
1 0.2272 0.3188
1 0.2269 0.3225
1 0.2265 0.3262
1 0.2261 0.3299
1 0.2255 0.3336
1 0.2250 0.3372
1 0.2243 0.3409
1 0.2236 0.3446
1 0.2229 0.3482
1 0.2220 0.3519
1 0.2212 0.3555
1 0.2202 0.3591
1 0.2192 0.3627
1 0.2182 0.3663
1 0.2171 0.3698
1 0.2159 0.3734
1 0.2147 0.3769
1 0.2134 0.3804
1 0.2120 0.3839
1 0.2106 0.3873
1 0.2092 0.3908
1 0.2077 0.3942
1 0.2061 0.3975
1 0.2045 0.4009
1 0.2028 0.4042
1 0.2011 0.4075
1 0.1993 0.4108
1 0.1974 0.4140
1 0.1956 0.4173
1 0.1936 0.4204
1 0.1916 0.4236
1 0.1896 0.4267
1 0.1875 0.4298
1 0.1853 0.4328
1 0.1831 0.4358
1 0.1809 0.4388
1 0.1786 0.4418
1 0.1762 0.4447
1 0.1739 0.4475
1 0.1714 0.4503
1 0.1689 0.4531
1 0.1664 0.4559
1 0.1638 0.4586
1 0.1612 0.4612
1 0.1586 0.4638
1 0.1559 0.4664
1 0.1531 0.4689
1 0.1503 0.4714
1 0.1475 0.4739
1 0.1447 0.4762
1 0.1418 0.4786
1 0.1388 0.4809
1 0.1358 0.4831
1 0.1328 0.4853
1 0.1298 0.4875
1 0.1267 0.4896
1 0.1236 0.4916
1 0.1204 0.4936
1 0.1173 0.4956
1 0.1140 0.4974
1 0.1108 0.4993
1 0.1075 0.5011
1 0.1042 0.5028
1 0.1009 0.5045
1 0.0975 0.5061
1 0.0942 0.5077
1 0.0908 0.5092
1 0.0873 0.5106
1 0.0839 0.5120
1 0.0804 0.5134
1 0.0769 0.5147
1 0.0734 0.5159
1 0.0698 0.5171
1 0.0663 0.5182
1 0.0627 0.5192
1 0.0591 0.5202
1 0.0555 0.5212
1 0.0519 0.5220
1 0.0482 0.5229
1 0.0446 0.5236
1 0.0409 0.5243
1 0.0372 0.5250
1 0.0336 0.5255
1 0.0299 0.5261
1 0.0262 0.5265
1 0.0225 0.5269
1 0.0188 0.5272
1 0.0150 0.5275
1 0.0113 0.5277
1 0.0076 0.5279
1 0.0039 0.5280
1 0.0001 0.5280
1 -0.0036 0.5280
1 -0.0073 0.5279
1 -0.0110 0.5277
1 -0.0148 0.5275
1 -0.0185 0.5273
1 -0.0222 0.5269
1 -0.0259 0.5265
1 -0.0296 0.5261
1 -0.0333 0.5256
1 -0.0370 0.5250
1 -0.0407 0.5244
1 -0.0443 0.5237
1 -0.0480 0.5229
1 -0.0516 0.5221
1 -0.0552 0.5212
1 -0.0588 0.5203
1 -0.0624 0.5193
1 -0.0660 0.5182
1 -0.0696 0.5171
1 -0.0731 0.5160
1 -0.0766 0.5147
1 -0.0801 0.5135
1 -0.0836 0.5121
1 -0.0871 0.5107
1 -0.0905 0.5093
1 -0.0939 0.5078
1 -0.0973 0.5062
1 -0.1007 0.5046
1 -0.1040 0.5029
1 -0.1073 0.5012
1 -0.1106 0.4994
1 -0.1138 0.4976
1 -0.1170 0.4957
1 -0.1202 0.4937
1 -0.1234 0.4918
1 -0.1265 0.4897
1 -0.1296 0.4876
1 -0.1326 0.4855
1 -0.1356 0.4833
1 -0.1386 0.4810
1 -0.1810 0.4386
1 -0.1833 0.4356
1 -0.1855 0.4326
1 -0.1876 0.4296
1 -0.1897 0.4265
1 -0.1918 0.4234
1 -0.1937 0.4202
1 -0.1957 0.4170
1 -0.1976 0.4138
1 -0.1994 0.4106
1 -0.2012 0.4073
1 -0.2029 0.4040
1 -0.2046 0.4007
1 -0.2062 0.3973
1 -0.2078 0.3939
1 -0.2093 0.3905
1 -0.2107 0.3871
1 -0.2121 0.3836
1 -0.2135 0.3801
1 -0.2147 0.3766
1 -0.2160 0.3731
1 -0.2171 0.3696
1 -0.2182 0.3660
1 -0.2193 0.3624
1 -0.2203 0.3588
1 -0.2212 0.3552
1 -0.2221 0.3516
1 -0.2229 0.3480
1 -0.2237 0.3443
1 -0.2244 0.3407
1 -0.2250 0.3370
1 -0.2256 0.3333
1 -0.2261 0.3296
1 -0.2265 0.3259
1 -0.2269 0.3222
1 -0.2273 0.3185
1 -0.2275 0.3148
1 -0.2277 0.3110
1 -0.2279 0.3073
1 -0.2280 0.3036
1 -0.2280 0.2999
1 -0.2280 0.2961
1 -0.2279 0.2924
1 -0.2277 0.2887
1 -0.2275 0.2850
1 -0.2272 0.2812
1 -0.2269 0.2775
1 -0.2265 0.2738
1 -0.2261 0.2701
1 -0.2255 0.2664
1 -0.2250 0.2628
1 -0.2243 0.2591
1 -0.2236 0.2554
1 -0.2229 0.2518
1 -0.2220 0.2481
1 -0.2212 0.2445
1 -0.2202 0.2409
1 -0.2192 0.2373
1 -0.2182 0.2337
1 -0.2171 0.2302
1 -0.2159 0.2266
1 -0.2147 0.2231
1 -0.2134 0.2196
1 -0.2120 0.2161
1 -0.2106 0.2127
1 -0.2092 0.2092
1 -0.2077 0.2058
1 -0.2061 0.2025
1 -0.2045 0.1991
1 -0.2028 0.1958
1 -0.2011 0.1925
1 -0.1993 0.1892
1 -0.1974 0.1860
1 -0.1956 0.1827
1 -0.1936 0.1796
1 -0.1916 0.1764
1 -0.1896 0.1733
1 -0.1875 0.1702
1 -0.1853 0.1672
1 -0.1831 0.1642
1 -0.1809 0.1612
1 -0.1786 0.1582
1 -0.1762 0.1553
1 -0.1739 0.1525
1 -0.1714 0.1497
1 -0.1689 0.1469
1 -0.1664 0.1441
1 -0.1638 0.1414
1 -0.1612 0.1388
1 -0.1586 0.1362
1 -0.1559 0.1336
1 -0.1531 0.1311
1 -0.1503 0.1286
1 -0.1475 0.1261
1 -0.1447 0.1238
1 -0.1418 0.1214
1 -0.1388 0.1191
1 -0.1358 0.1169
1 -0.1328 0.1147
1 -0.1298 0.1125
1 -0.1267 0.1104
1 -0.1236 0.1084
1 -0.1204 0.1064
1 -0.1173 0.1044
1 -0.1140 0.1026
1 -0.1108 0.1007
1 -0.1075 0.0989
1 -0.1042 0.0972
1 -0.1009 0.0955
1 -0.0975 0.0939
1 -0.0942 0.0923
1 -0.0908 0.0908
1 -0.0873 0.0894
1 -0.0839 0.0880
1 -0.0804 0.0866
1 -0.0769 0.0853
1 -0.0734 0.0841
1 -0.0698 0.0829
1 -0.0663 0.0818
1 -0.0627 0.0808
1 -0.0591 0.0798
1 -0.0555 0.0788
1 -0.0519 0.0780
1 -0.0482 0.0771
1 -0.0446 0.0764
1 -0.0409 0.0757
1 -0.0372 0.0750
1 -0.0336 0.0745
1 -0.0299 0.0739
1 -0.0262 0.0735
1 -0.0225 0.0731
1 -0.0188 0.0728
1 -0.0150 0.0725
1 -0.0113 0.0723
1 -0.0076 0.0721
1 -0.0039 0.0720
1 -0.0001 0.0720
1 0.0036 0.0720
1 0.0073 0.0721
1 0.0110 0.0723
1 0.0148 0.0725
1 0.0185 0.0727
1 0.0222 0.0731
1 0.0259 0.0735
1 0.0296 0.0739
1 0.0333 0.0744
1 0.0370 0.0750
1 0.0407 0.0756
1 0.0443 0.0763
1 0.0480 0.0771
1 0.0516 0.0779
1 0.0552 0.0788
1 0.0588 0.0797
1 0.0624 0.0807
1 0.0660 0.0818
1 0.0696 0.0829
1 0.0731 0.0840
1 0.0766 0.0853
1 0.0801 0.0865
1 0.0836 0.0879
1 0.0871 0.0893
1 0.0905 0.0907
1 0.0939 0.0922
1 0.0973 0.0938
1 0.1007 0.0954
1 0.1040 0.0971
1 0.1073 0.0988
1 0.1106 0.1006
1 0.1138 0.1024
1 0.1170 0.1043
1 0.1202 0.1063
1 0.1234 0.1082
1 0.1265 0.1103
1 0.1296 0.1124
1 0.1326 0.1145
1 0.1356 0.1167
1 0.1386 0.1190
1 0.1810 0.1614
112 1250 17
0 0.0254 0.4212
1 0.0482 0.4212
1 0.0488 0.4211
1 0.0494 0.4209
1 0.0499 0.4207
1 0.0504 0.4204
1 0.0509 0.4201
1 0.0514 0.4198
1 0.0518 0.4194
1 0.0522 0.4189
1 0.0525 0.4185
1 0.0528 0.4180
1 0.0531 0.4174
1 0.0533 0.4169
1 0.0534 0.4163
1 0.0729 0.3826
1 0.0254 0.4212
112 1250 222
0 -0.0293 0.2460
1 -0.0272 0.2460
1 -0.0250 0.2462
1 -0.0229 0.2463
1 -0.0208 0.2466
1 -0.0187 0.2468
1 -0.0166 0.2472
1 -0.0145 0.2476
1 -0.0124 0.2481
1 -0.0103 0.2486
1 -0.0083 0.2492
1 -0.0062 0.2499
1 -0.0042 0.2506
1 -0.0022 0.2513
1 -0.0003 0.2522
1 0.0017 0.2530
1 0.0036 0.2540
1 -0.0988 0.3564
1 -0.1498 0.3564
1 -0.1498 0.3540
1 -0.1684 0.3540
1 -0.1684 0.3516
1 -0.1840 0.3516
1 -0.1876 0.3324
1 -0.1700 0.3276
1 -0.1700 0.3243
1 -0.1716 0.3235
1 -0.1732 0.3226
1 -0.1747 0.3218
1 -0.1762 0.3208
1 -0.1776 0.3199
1 -0.1791 0.3189
1 -0.1805 0.3178
1 -0.1819 0.3167
1 -0.1832 0.3156
1 -0.1845 0.3144
1 -0.1858 0.3132
1 -0.1870 0.3120
1 -0.1882 0.3107
1 -0.1894 0.3094
1 -0.1905 0.3080
1 -0.1916 0.3066
1 -0.1927 0.3052
1 -0.1937 0.3038
1 -0.1946 0.3023
1 -0.1955 0.3008
1 -0.1964 0.2993
1 -0.1972 0.2977
1 -0.1980 0.2962
1 -0.1988 0.2946
1 -0.1994 0.2930
1 -0.2001 0.2913
1 -0.2007 0.2897
1 -0.2012 0.2880
1 -0.1898 0.2880
1 -0.1892 0.2896
1 -0.1885 0.2911
1 -0.1877 0.2926
1 -0.1870 0.2941
1 -0.1861 0.2955
1 -0.1852 0.2969
1 -0.1843 0.2983
1 -0.1833 0.2997
1 -0.1823 0.3010
1 -0.1812 0.3023
1 -0.1801 0.3036
1 -0.1790 0.3048
1 -0.1778 0.3060
1 -0.1765 0.3071
1 -0.1753 0.3082
1 -0.1740 0.3092
1 -0.1726 0.3102
1 -0.1712 0.3112
1 -0.1698 0.3121
1 -0.1684 0.3129
1 -0.1669 0.3137
1 -0.1654 0.3145
1 -0.1639 0.3152
1 -0.1624 0.3159
1 -0.1624 0.3123
1 -0.1512 0.3028
1 -0.1530 0.3022
1 -0.1548 0.3015
1 -0.1565 0.3008
1 -0.1582 0.3000
1 -0.1599 0.2991
1 -0.1615 0.2982
1 -0.1631 0.2973
1 -0.1647 0.2963
1 -0.1663 0.2952
1 -0.1678 0.2941
1 -0.1693 0.2930
1 -0.1708 0.2918
1 -0.1722 0.2906
1 -0.1736 0.2893
1 -0.1749 0.2880
1 -0.1762 0.2866
1 -0.1774 0.2852
1 -0.1786 0.2838
1 -0.1798 0.2823
1 -0.1809 0.2808
1 -0.1820 0.2792
1 -0.1830 0.2776
1 -0.1840 0.2760
1 -0.1849 0.2744
1 -0.1857 0.2727
1 -0.1865 0.2710
1 -0.1873 0.2693
1 -0.1880 0.2676
1 -0.1887 0.2658
1 -0.1892 0.2640
1 -0.1898 0.2622
1 -0.1903 0.2604
1 -0.1907 0.2586
1 -0.1910 0.2567
1 -0.1914 0.2549
1 -0.1916 0.2530
1 -0.1918 0.2511
1 -0.1919 0.2492
1 -0.1920 0.2474
1 -0.1920 0.2455
1 -0.1920 0.2436
1 -0.1919 0.2417
1 -0.1917 0.2399
1 -0.1915 0.2380
1 -0.1912 0.2361
1 -0.1909 0.2343
1 -0.1905 0.2324
1 -0.1900 0.2306
1 -0.1895 0.2288
1 -0.1889 0.2270
1 -0.1883 0.2252
1 -0.1876 0.2235
1 -0.1869 0.2218
1 -0.1861 0.2200
1 -0.1853 0.2184
1 -0.1844 0.2167
1 -0.1834 0.2151
1 -0.1824 0.2135
1 -0.1814 0.2119
1 -0.1803 0.2104
1 -0.1792 0.2089
1 -0.1780 0.2074
1 -0.1768 0.2060
1 -0.1755 0.2046
1 -0.1742 0.2033
1 -0.1728 0.2020
1 -0.1714 0.2007
1 -0.1700 0.1995
1 -0.1685 0.1984
1 -0.1670 0.1972
1 -0.1654 0.1962
1 -0.1639 0.1951
1 -0.1623 0.1942
1 -0.1606 0.1933
1 -0.1590 0.1924
1 -0.1573 0.1916
1 -0.1555 0.1908
1 -0.1538 0.1901
1 -0.1520 0.1894
1 -0.1503 0.1888
1 -0.1485 0.1883
1 -0.1466 0.1878
1 -0.1448 0.1874
1 -0.1430 0.1870
1 -0.1411 0.1867
1 -0.1393 0.1864
1 -0.1374 0.1862
1 -0.1355 0.1861
1 -0.1336 0.1860
1 -0.1318 0.1860
1 -0.1299 0.1860
1 -0.1280 0.1861
1 -0.1261 0.1863
1 -0.1243 0.1865
1 -0.1224 0.1868
1 -0.1205 0.1871
1 -0.1187 0.1875
1 -0.1169 0.1879
1 -0.1151 0.1884
1 -0.1133 0.1890
1 -0.1115 0.1896
1 -0.1097 0.1903
1 -0.1080 0.1910
1 -0.1063 0.1918
1 -0.1046 0.1926
1 -0.1029 0.1935
1 -0.1013 0.1944
1 -0.0997 0.1954
1 -0.0981 0.1965
1 -0.0966 0.1975
1 -0.0951 0.1987
1 -0.0936 0.1999
1 -0.0922 0.2011
1 -0.0908 0.2023
1 -0.0895 0.2037
1 -0.0882 0.2050
1 -0.0869 0.2064
1 -0.0857 0.2078
1 -0.0845 0.2093
1 -0.0834 0.2108
1 -0.0823 0.2123
1 -0.0813 0.2139
1 -0.0803 0.2155
1 -0.0794 0.2172
1 -0.0785 0.2188
1 -0.0777 0.2205
1 -0.0769 0.2222
1 -0.0762 0.2240
1 -0.0755 0.2257
1 -0.0749 0.2275
1 -0.0744 0.2293
1 -0.0739 0.2311
1 -0.0734 0.2329
1 -0.0731 0.2348
1 -0.0727 0.2366
1 -0.0725 0.2385
1 -0.0723 0.2404
1 -0.0721 0.2422
1 -0.0720 0.2441
1 -0.0720 0.2460
1 -0.0293 0.2460
112 1250 748
0 0.0578 0.3810
1 0.0544 0.3807
1 0.0509 0.3804
1 0.0475 0.3800
1 0.0441 0.3795
1 0.0407 0.3790
1 0.0373 0.3784
1 0.0340 0.3778
1 0.0306 0.3771
1 0.0272 0.3764
1 0.0239 0.3756
1 0.0206 0.3747
1 0.0173 0.3738
1 0.0140 0.3729
1 0.0107 0.3719
1 0.0074 0.3708
1 0.0042 0.3697
1 0.0009 0.3685
1 -0.0023 0.3673
1 -0.0055 0.3660
1 -0.0086 0.3647
1 -0.0118 0.3633
1 -0.0149 0.3619
1 -0.0180 0.3604
1 0.0461 0.2963
1 0.0761 0.3320
1 0.0908 0.3065
1 0.0893 0.3053
1 0.0878 0.3041
1 0.0863 0.3028
1 0.0848 0.3014
1 0.0834 0.3001
1 0.0820 0.2987
1 0.0806 0.2973
1 0.0793 0.2958
1 0.0780 0.2943
1 0.0767 0.2928
1 0.0755 0.2913
1 0.0743 0.2897
1 0.0732 0.2881
1 0.0721 0.2865
1 0.0710 0.2848
1 0.0699 0.2832
1 0.0690 0.2814
1 0.0680 0.2797
1 0.0671 0.2780
1 0.0662 0.2762
1 0.0720 0.2704
1 0.0727 0.2722
1 0.0735 0.2739
1 0.0743 0.2755
1 0.0752 0.2772
1 0.0761 0.2788
1 0.0771 0.2804
1 0.0781 0.2820
1 0.0792 0.2835
1 0.0803 0.2850
1 0.0814 0.2865
1 0.0826 0.2879
1 0.0838 0.2894
1 0.0851 0.2907
1 0.0864 0.2921
1 0.0878 0.2934
1 0.0892 0.2946
1 0.0906 0.2958
1 0.0920 0.2970
1 0.0935 0.2981
1 0.0950 0.2992
1 0.0975 0.2950
1 0.0960 0.2940
1 0.0946 0.2929
1 0.0932 0.2917
1 0.0918 0.2905
1 0.0905 0.2893
1 0.0892 0.2880
1 0.0879 0.2867
1 0.0867 0.2854
1 0.0855 0.2840
1 0.0844 0.2825
1 0.0833 0.2811
1 0.0823 0.2796
1 0.0813 0.2781
1 0.0804 0.2765
1 0.0795 0.2750
1 0.0786 0.2734
1 0.0778 0.2717
1 0.0771 0.2701
1 0.0764 0.2684
1 0.0757 0.2667
1 0.0985 0.2440
1 0.0984 0.2453
1 0.0984 0.2466
1 0.0985 0.2479
1 0.0986 0.2493
1 0.0987 0.2506
1 0.0989 0.2519
1 0.0992 0.2532
1 0.0995 0.2545
1 0.0999 0.2557
1 0.1003 0.2570
1 0.1007 0.2582
1 0.1012 0.2595
1 0.1018 0.2607
1 0.1024 0.2619
1 0.1030 0.2630
1 0.1037 0.2641
1 0.1045 0.2652
1 0.1052 0.2663
1 0.1061 0.2673
1 0.1069 0.2684
1 0.1078 0.2693
1 0.1088 0.2703
1 0.1097 0.2712
1 0.1107 0.2720
1 0.1175 0.2603
1 0.1167 0.2595
1 0.1160 0.2586
1 0.1153 0.2577
1 0.1147 0.2568
1 0.1141 0.2558
1 0.1136 0.2548
1 0.1132 0.2538
1 0.1128 0.2527
1 0.1124 0.2517
1 0.1121 0.2506
1 0.1119 0.2495
1 0.1117 0.2484
1 0.1116 0.2472
1 0.1116 0.2461
1 0.1116 0.2450
1 0.1117 0.2439
1 0.1119 0.2427
1 0.1121 0.2416
1 0.1124 0.2405
1 0.1127 0.2395
1 0.1131 0.2384
1 0.1135 0.2374
1 0.1140 0.2364
1 0.1146 0.2354
1 0.1152 0.2344
1 0.1159 0.2335
1 0.1166 0.2327
1 0.1173 0.2318
1 0.1181 0.2310
1 0.1190 0.2303
1 0.1199 0.2296
1 0.1208 0.2289
1 0.1218 0.2284
1 0.1227 0.2278
1 0.1238 0.2273
1 0.1248 0.2269
1 0.1259 0.2265
1 0.1270 0.2262
1 0.1281 0.2260
1 0.1292 0.2258
1 0.1303 0.2257
1 0.1314 0.2256
1 0.1325 0.2256
1 0.1337 0.2257
1 0.1348 0.2258
1 0.1359 0.2260
1 0.1370 0.2262
1 0.1381 0.2265
1 0.1392 0.2269
1 0.1402 0.2273
1 0.1412 0.2278
1 0.1422 0.2283
1 0.1432 0.2289
1 0.1441 0.2296
1 0.1450 0.2303
1 0.1458 0.2310
1 0.1466 0.2318
1 0.1474 0.2326
1 0.1481 0.2335
1 0.1488 0.2344
1 0.1494 0.2353
1 0.1500 0.2363
1 0.1505 0.2373
1 0.1509 0.2384
1 0.1513 0.2394
1 0.1517 0.2405
1 0.1519 0.2416
1 0.1521 0.2427
1 0.1523 0.2438
1 0.1524 0.2449
1 0.1524 0.2461
1 0.1524 0.2472
1 0.1523 0.2483
1 0.1521 0.2494
1 0.1519 0.2505
1 0.1516 0.2516
1 0.1513 0.2527
1 0.1509 0.2537
1 0.1504 0.2548
1 0.1499 0.2558
1 0.1493 0.2568
1 0.1487 0.2577
1 0.1481 0.2586
1 0.1473 0.2595
1 0.1466 0.2603
1 0.1458 0.2611
1 0.1449 0.2618
1 0.1440 0.2625
1 0.1431 0.2631
1 0.1421 0.2637
1 0.1411 0.2643
1 0.1401 0.2647
1 0.1390 0.2651
1 0.1380 0.2655
1 0.1369 0.2658
1 0.1358 0.2660
1 0.1347 0.2662
1 0.1336 0.2663
1 0.1324 0.2664
1 0.1313 0.2664
1 0.1302 0.2663
1 0.1291 0.2662
1 0.1279 0.2660
1 0.1268 0.2657
1 0.1201 0.2774
1 0.1214 0.2779
1 0.1228 0.2783
1 0.1242 0.2787
1 0.1256 0.2790
1 0.1270 0.2792
1 0.1284 0.2794
1 0.1298 0.2795
1 0.1312 0.2796
1 0.1327 0.2796
1 0.1341 0.2795
1 0.1355 0.2794
1 0.1369 0.2792
1 0.1383 0.2790
1 0.1397 0.2787
1 0.1411 0.2783
1 0.1425 0.2779
1 0.1438 0.2775
1 0.1451 0.2769
1 0.1464 0.2763
1 0.1477 0.2757
1 0.1490 0.2750
1 0.1502 0.2743
1 0.1514 0.2735
1 0.1525 0.2726
1 0.1536 0.2717
1 0.1547 0.2708
1 0.1557 0.2698
1 0.1567 0.2688
1 0.1577 0.2677
1 0.1586 0.2666
1 0.1594 0.2655
1 0.1602 0.2643
1 0.1610 0.2631
1 0.1617 0.2618
1 0.1623 0.2605
1 0.1629 0.2592
1 0.1634 0.2579
1 0.1639 0.2566
1 0.1643 0.2552
1 0.1647 0.2538
1 0.1650 0.2524
1 0.1652 0.2510
1 0.1654 0.2496
1 0.1655 0.2482
1 0.1656 0.2468
1 0.1656 0.2454
1 0.1655 0.2439
1 0.1654 0.2425
1 0.1653 0.2411
1 0.1650 0.2397
1 0.1647 0.2383
1 0.1644 0.2369
1 0.1639 0.2356
1 0.1635 0.2342
1 0.1629 0.2329
1 0.1624 0.2316
1 0.1617 0.2303
1 0.1610 0.2291
1 0.1603 0.2278
1 0.1595 0.2267
1 0.1586 0.2255
1 0.1578 0.2244
1 0.1568 0.2233
1 0.1558 0.2223
1 0.1548 0.2213
1 0.1537 0.2204
1 0.1526 0.2195
1 0.1515 0.2186
1 0.1503 0.2178
1 0.1491 0.2171
1 0.1479 0.2164
1 0.1466 0.2157
1 0.1453 0.2151
1 0.1440 0.2146
1 0.1426 0.2141
1 0.1413 0.2137
1 0.1399 0.2133
1 0.1385 0.2130
1 0.1371 0.2128
1 0.1357 0.2126
1 0.1342 0.2125
1 0.1328 0.2124
1 0.1314 0.2124
1 0.1300 0.2125
1 0.1527 0.1897
1 0.1545 0.1904
1 0.1563 0.1911
1 0.1581 0.1920
1 0.1598 0.1928
1 0.1615 0.1937
1 0.1632 0.1947
1 0.1648 0.1958
1 0.1664 0.1968
1 0.1680 0.1980
1 0.1695 0.1992
1 0.1710 0.2004
1 0.1724 0.2017
1 0.1739 0.2030
1 0.1752 0.2044
1 0.1765 0.2058
1 0.1778 0.2072
1 0.1790 0.2087
1 0.1802 0.2103
1 0.1813 0.2118
1 0.1824 0.2134
1 0.1834 0.2151
1 0.1844 0.2168
1 0.1853 0.2185
1 0.1862 0.2202
1 0.1870 0.2219
1 0.1877 0.2237
1 0.1884 0.2255
1 0.1890 0.2274
1 0.1896 0.2292
1 0.1901 0.2311
1 0.1906 0.2330
1 0.1910 0.2348
1 0.1913 0.2368
1 0.1916 0.2387
1 0.1918 0.2406
1 0.1919 0.2425
1 0.1920 0.2445
1 0.1920 0.2464
1 0.1920 0.2483
1 0.1919 0.2502
1 0.1917 0.2522
1 0.1915 0.2541
1 0.1912 0.2560
1 0.1908 0.2579
1 0.1904 0.2598
1 0.1899 0.2617
1 0.1894 0.2635
1 0.1888 0.2654
1 0.1881 0.2672
1 0.1874 0.2690
1 0.1867 0.2708
1 0.1858 0.2725
1 0.1850 0.2742
1 0.1840 0.2759
1 0.1830 0.2776
1 0.1820 0.2792
1 0.1809 0.2808
1 0.1797 0.2824
1 0.1785 0.2839
1 0.1773 0.2854
1 0.1760 0.2868
1 0.1747 0.2882
1 0.1733 0.2895
1 0.1719 0.2908
1 0.1704 0.2921
1 0.1689 0.2933
1 0.1674 0.2945
1 0.1658 0.2956
1 0.1642 0.2967
1 0.1625 0.2977
1 0.1608 0.2986
1 0.1591 0.2995
1 0.1574 0.3004
1 0.1556 0.3012
1 0.1538 0.3019
1 0.1520 0.3026
1 0.1502 0.3032
1 0.1483 0.3037
1 0.1465 0.3042
1 0.1446 0.3047
1 0.1427 0.3050
1 0.1408 0.3054
1 0.1389 0.3056
1 0.1369 0.3058
1 0.1350 0.3059
1 0.1331 0.3060
1 0.1311 0.3060
1 0.1292 0.3059
1 0.1273 0.3058
1 0.1253 0.3056
1 0.1234 0.3054
1 0.1215 0.3051
1 0.1196 0.3047
1 0.1177 0.3043
1 0.1159 0.3038
1 0.1140 0.3032
1 0.1122 0.3026
1 0.1104 0.3020
1 0.1086 0.3012
1 0.1068 0.3004
1 0.1044 0.3046
1 0.1062 0.3054
1 0.1081 0.3062
1 0.1099 0.3069
1 0.1118 0.3076
1 0.1137 0.3082
1 0.1156 0.3087
1 0.1176 0.3092
1 0.1195 0.3096
1 0.1215 0.3099
1 0.1234 0.3102
1 0.1254 0.3105
1 0.1274 0.3106
1 0.1294 0.3107
1 0.1314 0.3108
1 0.1334 0.3108
1 0.1354 0.3107
1 0.1374 0.3106
1 0.1394 0.3104
1 0.1413 0.3101
1 0.1433 0.3098
1 0.1453 0.3094
1 0.1472 0.3090
1 0.1491 0.3085
1 0.1510 0.3079
1 0.1529 0.3073
1 0.1548 0.3067
1 0.1567 0.3059
1 0.1585 0.3051
1 0.1603 0.3043
1 0.1621 0.3034
1 0.1638 0.3024
1 0.1656 0.3014
1 0.1640 0.3090
1 0.1621 0.3099
1 0.1603 0.3108
1 0.1584 0.3117
1 0.1565 0.3125
1 0.1546 0.3132
1 0.1526 0.3139
1 0.1507 0.3146
1 0.1487 0.3151
1 0.1467 0.3157
1 0.1447 0.3161
1 0.1426 0.3166
1 0.1406 0.3169
1 0.1386 0.3172
1 0.1365 0.3174
1 0.1345 0.3176
1 0.1324 0.3178
1 0.1303 0.3178
1 0.1283 0.3178
1 0.1262 0.3178
1 0.1242 0.3177
1 0.1221 0.3175
1 0.1200 0.3173
1 0.1180 0.3170
1 0.1160 0.3167
1 0.1139 0.3163
1 0.1119 0.3158
1 0.1099 0.3153
1 0.1079 0.3147
1 0.1060 0.3141
1 0.1040 0.3134
1 0.1021 0.3127
1 0.1002 0.3119
1 0.0830 0.3416
1 0.0981 0.3404
1 0.0981 0.3728
1 0.0851 0.3718
1 0.0849 0.3718
1 0.0847 0.3719
1 0.0846 0.3719
1 0.0844 0.3720
1 0.0842 0.3721
1 0.0841 0.3722
1 0.0839 0.3724
1 0.0838 0.3726
1 0.0836 0.3728
1 0.0835 0.3730
1 0.0834 0.3732
1 0.0833 0.3735
1 0.0832 0.3738
1 0.0832 0.3741
1 0.0831 0.3745
1 0.0831 0.3748
1 0.0831 0.3751
1 0.0832 0.3755
1 0.0832 0.3758
1 0.0833 0.3761
1 0.0834 0.3764
1 0.0835 0.3767
1 0.0836 0.3769
1 0.0838 0.3772
1 0.0840 0.3774
1 0.0842 0.3776
1 0.0843 0.3778
1 0.0846 0.3780
1 0.0848 0.3782
1 0.0850 0.3784
1 0.0852 0.3786
1 0.0854 0.3788
1 0.0857 0.3790
1 0.0859 0.3792
1 0.0861 0.3794
1 0.0864 0.3796
1 0.0866 0.3798
1 0.0868 0.3800
1 0.0870 0.3802
1 0.0872 0.3805
1 0.0874 0.3807
1 0.0876 0.3809
1 0.0878 0.3812
1 0.0880 0.3814
1 0.0882 0.3817
1 0.0884 0.3819
1 0.0885 0.3822
1 0.0887 0.3825
1 0.0888 0.3828
1 0.0889 0.3830
1 0.0891 0.3833
1 0.0892 0.3837
1 0.0893 0.3840
1 0.0893 0.3843
1 0.0894 0.3846
1 0.0894 0.3849
1 0.0894 0.3852
1 0.0894 0.3856
1 0.0894 0.3859
1 0.0894 0.3862
1 0.0893 0.3865
1 0.0893 0.3868
1 0.0891 0.3871
1 0.0890 0.3874
1 0.0889 0.3876
1 0.0887 0.3879
1 0.0885 0.3882
1 0.0883 0.3884
1 0.0881 0.3886
1 0.0878 0.3888
1 0.0876 0.3890
1 0.0873 0.3892
1 0.0870 0.3894
1 0.0867 0.3895
1 0.0864 0.3896
1 0.0861 0.3898
1 0.0858 0.3898
1 0.0855 0.3899
1 0.0852 0.3900
1 0.0848 0.3900
1 0.0845 0.3901
1 0.0842 0.3901
1 0.0839 0.3901
1 0.0836 0.3900
1 0.0832 0.3900
1 0.0829 0.3899
1 0.0826 0.3898
1 0.0823 0.3897
1 0.0821 0.3896
1 0.0818 0.3895
1 0.0815 0.3893
1 0.0813 0.3892
1 0.0810 0.3890
1 0.0808 0.3888
1 0.0805 0.3886
1 0.0803 0.3884
1 0.0801 0.3881
1 0.0799 0.3879
1 0.0797 0.3876
1 0.0795 0.3874
1 0.0793 0.3871
1 0.0791 0.3868
1 0.0790 0.3865
1 0.0788 0.3862
1 0.0787 0.3859
1 0.0786 0.3856
1 0.0784 0.3853
1 0.0783 0.3850
1 0.0782 0.3847
1 0.0780 0.3844
1 0.0779 0.3841
1 0.0777 0.3838
1 0.0776 0.3836
1 0.0774 0.3834
1 0.0772 0.3832
1 0.0770 0.3830
1 0.0767 0.3829
1 0.0765 0.3828
1 0.0762 0.3827
1 0.0759 0.3826
1 0.0756 0.3826
1 0.0753 0.3825
1 0.0750 0.3825
1 0.0746 0.3825
1 0.0743 0.3825
1 0.0739 0.3826
1 0.0736 0.3826
1 0.0732 0.3826
1 0.0729 0.3826
1 0.0534 0.4163
1 0.0532 0.4169
1 0.0530 0.4175
1 0.0527 0.4181
1 0.0524 0.4186
1 0.0520 0.4191
1 0.0516 0.4196
1 0.0511 0.4200
1 0.0506 0.4203
1 0.0500 0.4207
1 0.0494 0.4209
1 0.0488 0.4211
1 0.0482 0.4212
1 0.0254 0.4212
1 0.0253 0.4213
1 0.0252 0.4213
1 0.0251 0.4213
1 0.0250 0.4213
1 0.0248 0.4214
1 0.0247 0.4214
1 0.0246 0.4214
1 0.0245 0.4214
1 0.0244 0.4215
1 0.0243 0.4215
1 0.0242 0.4215
1 0.0241 0.4215
1 0.0240 0.4215
1 0.0238 0.4215
1 0.0237 0.4215
1 0.0236 0.4215
1 0.0235 0.4215
1 0.0235 0.4215
1 0.0234 0.4215
1 0.0233 0.4215
1 0.0232 0.4215
1 0.0231 0.4215
1 0.0230 0.4214
1 0.0229 0.4214
1 0.0229 0.4214
1 0.0228 0.4213
1 0.0227 0.4213
1 0.0227 0.4212
1 0.0226 0.4212
1 0.0225 0.4211
1 0.0225 0.4211
1 0.0224 0.4210
1 0.0224 0.4209
1 0.0224 0.4208
1 0.0223 0.4207
1 0.0223 0.4207
1 0.0222 0.4206
1 0.0222 0.4205
1 0.0222 0.4204
1 0.0221 0.4203
1 0.0221 0.4202
1 0.0221 0.4201
1 0.0221 0.4200
1 0.0220 0.4199
1 0.0220 0.4197
1 0.0220 0.4196
1 0.0220 0.4195
1 0.0220 0.4194
1 0.0219 0.4193
1 0.0220 0.4188
1 0.0221 0.4183
1 0.0222 0.4178
1 0.0223 0.4173
1 0.0224 0.4168
1 0.0225 0.4164
1 0.0227 0.4159
1 0.0228 0.4154
1 0.0229 0.4149
1 0.0230 0.4145
1 0.0231 0.4140
1 0.0233 0.4136
1 0.0234 0.4131
1 0.0235 0.4127
1 0.0237 0.4122
1 0.0238 0.4118
1 0.0240 0.4114
1 0.0242 0.4110
1 0.0243 0.4106
1 0.0245 0.4102
1 0.0247 0.4099
1 0.0249 0.4095
1 0.0251 0.4091
1 0.0254 0.4088
1 0.0256 0.4085
1 0.0258 0.4082
1 0.0261 0.4079
1 0.0264 0.4076
1 0.0267 0.4074
1 0.0270 0.4071
1 0.0273 0.4069
1 0.0276 0.4067
1 0.0279 0.4065
1 0.0283 0.4064
1 0.0287 0.4062
1 0.0290 0.4061
1 0.0294 0.4060
1 0.0298 0.4059
1 0.0303 0.4058
1 0.0307 0.4057
1 0.0311 0.4057
1 0.0315 0.4056
1 0.0320 0.4056
1 0.0324 0.4055
1 0.0329 0.4055
1 0.0333 0.4055
1 0.0338 0.4055
1 0.0343 0.4056
1 0.0347 0.4056
1 0.0352 0.4056
1 0.0356 0.4057
1 0.0361 0.4057
1 0.0366 0.4058
1 0.0370 0.4058
1 0.0375 0.4059
1 0.0379 0.4059
1 0.0383 0.4060
1 0.0388 0.4061
1 0.0392 0.4061
1 0.0396 0.4062
1 0.0400 0.4063
1 0.0404 0.4065
1 0.0408 0.4067
1 0.0412 0.4069
1 0.0416 0.4072
1 0.0420 0.4075
1 0.0424 0.4078
1 0.0428 0.4080
1 0.0432 0.4083
1 0.0435 0.4085
1 0.0439 0.4086
1 0.0442 0.4086
1 0.0446 0.4086
1 0.0449 0.4084
1 0.0452 0.4082
1 0.0456 0.4079
1 0.0459 0.4075
1 0.0462 0.4071
1 0.0465 0.4067
1 0.0612 0.3812
1 0.0578 0.3810
112 1251 17
0 -0.1141 0.2638
1 -0.1142 0.2637
1 -0.1070 0.2602
1 -0.0984 0.2620
1 -0.0990 0.2632
1 -0.0997 0.2645
1 -0.1004 0.2656
1 -0.1012 0.2668
1 -0.1020 0.2679
1 -0.1028 0.2690
1 -0.1037 0.2701
1 -0.1046 0.2712
1 -0.1056 0.2722
1 -0.1065 0.2731
1 -0.1076 0.2741
1 -0.1086 0.2749
1 -0.1141 0.2638
112 1251 199
0 -0.1340 0.2831
1 -0.1355 0.2830
1 -0.1370 0.2829
1 -0.1385 0.2826
1 -0.1400 0.2823
1 -0.1414 0.2820
1 -0.1429 0.2816
1 -0.1443 0.2811
1 -0.1457 0.2806
1 -0.1471 0.2800
1 -0.1484 0.2794
1 -0.1498 0.2787
1 -0.1511 0.2779
1 -0.1523 0.2772
1 -0.1536 0.2763
1 -0.1548 0.2754
1 -0.1559 0.2745
1 -0.1571 0.2735
1 -0.1582 0.2725
1 -0.1592 0.2714
1 -0.1602 0.2703
1 -0.1612 0.2691
1 -0.1621 0.2679
1 -0.1629 0.2667
1 -0.1637 0.2654
1 -0.1645 0.2641
1 -0.1652 0.2628
1 -0.1658 0.2615
1 -0.1664 0.2601
1 -0.1670 0.2587
1 -0.1675 0.2573
1 -0.1679 0.2558
1 -0.1683 0.2544
1 -0.1686 0.2529
1 -0.1688 0.2514
1 -0.1690 0.2500
1 -0.1691 0.2485
1 -0.1692 0.2470
1 -0.1692 0.2455
1 -0.1692 0.2440
1 -0.1690 0.2425
1 -0.1689 0.2410
1 -0.1686 0.2395
1 -0.1683 0.2380
1 -0.1680 0.2366
1 -0.1676 0.2351
1 -0.1671 0.2337
1 -0.1666 0.2323
1 -0.1660 0.2309
1 -0.1654 0.2296
1 -0.1647 0.2282
1 -0.1640 0.2269
1 -0.1632 0.2257
1 -0.1623 0.2244
1 -0.1614 0.2232
1 -0.1605 0.2221
1 -0.1595 0.2209
1 -0.1585 0.2198
1 -0.1574 0.2188
1 -0.1563 0.2178
1 -0.1551 0.2168
1 -0.1539 0.2159
1 -0.1527 0.2151
1 -0.1514 0.2143
1 -0.1501 0.2135
1 -0.1488 0.2128
1 -0.1475 0.2122
1 -0.1461 0.2116
1 -0.1447 0.2110
1 -0.1433 0.2105
1 -0.1418 0.2101
1 -0.1404 0.2098
1 -0.1389 0.2094
1 -0.1374 0.2092
1 -0.1360 0.2090
1 -0.1345 0.2089
1 -0.1330 0.2088
1 -0.1315 0.2088
1 -0.1300 0.2088
1 -0.1285 0.2090
1 -0.1270 0.2091
1 -0.1255 0.2094
1 -0.1240 0.2097
1 -0.1226 0.2100
1 -0.1211 0.2104
1 -0.1197 0.2109
1 -0.1183 0.2114
1 -0.1169 0.2120
1 -0.1156 0.2126
1 -0.1142 0.2133
1 -0.1129 0.2140
1 -0.1117 0.2148
1 -0.1104 0.2157
1 -0.1092 0.2166
1 -0.1081 0.2175
1 -0.1069 0.2185
1 -0.1059 0.2195
1 -0.1048 0.2206
1 -0.1038 0.2217
1 -0.1029 0.2229
1 -0.1019 0.2241
1 -0.1011 0.2253
1 -0.1003 0.2266
1 -0.0995 0.2279
1 -0.0988 0.2292
1 -0.0982 0.2305
1 -0.0976 0.2319
1 -0.0970 0.2333
1 -0.0966 0.2347
1 -0.0961 0.2362
1 -0.0958 0.2376
1 -0.0955 0.2391
1 -0.0952 0.2406
1 -0.1080 0.2382
1 -0.1085 0.2370
1 -0.1089 0.2359
1 -0.1094 0.2348
1 -0.1100 0.2337
1 -0.1106 0.2327
1 -0.1113 0.2317
1 -0.1120 0.2307
1 -0.1127 0.2297
1 -0.1135 0.2288
1 -0.1144 0.2280
1 -0.1153 0.2271
1 -0.1162 0.2264
1 -0.1172 0.2256
1 -0.1182 0.2249
1 -0.1192 0.2243
1 -0.1203 0.2237
1 -0.1214 0.2232
1 -0.1225 0.2227
1 -0.1236 0.2222
1 -0.1247 0.2219
1 -0.1259 0.2215
1 -0.1271 0.2213
1 -0.1283 0.2211
1 -0.1295 0.2209
1 -0.1307 0.2208
1 -0.1319 0.2208
1 -0.1331 0.2208
1 -0.1343 0.2209
1 -0.1356 0.2210
1 -0.1368 0.2212
1 -0.1379 0.2215
1 -0.1391 0.2218
1 -0.1403 0.2222
1 -0.1414 0.2226
1 -0.1425 0.2231
1 -0.1436 0.2236
1 -0.1447 0.2242
1 -0.1457 0.2248
1 -0.1467 0.2255
1 -0.1477 0.2263
1 -0.1486 0.2270
1 -0.1495 0.2279
1 -0.1504 0.2287
1 -0.1512 0.2296
1 -0.1519 0.2306
1 -0.1527 0.2315
1 -0.1533 0.2326
1 -0.1539 0.2336
1 -0.1545 0.2347
1 -0.1550 0.2358
1 -0.1555 0.2369
1 -0.1559 0.2380
1 -0.1563 0.2392
1 -0.1566 0.2404
1 -0.1568 0.2415
1 -0.1570 0.2427
1 -0.1571 0.2440
1 -0.1572 0.2452
1 -0.1572 0.2464
1 -0.1572 0.2476
1 -0.1571 0.2488
1 -0.1569 0.2500
1 -0.1567 0.2512
1 -0.1564 0.2524
1 -0.1561 0.2535
1 -0.1557 0.2547
1 -0.1552 0.2558
1 -0.1547 0.2569
1 -0.1542 0.2580
1 -0.1536 0.2591
1 -0.1529 0.2601
1 -0.1522 0.2611
1 -0.1515 0.2620
1 -0.1507 0.2629
1 -0.1498 0.2638
1 -0.1489 0.2647
1 -0.1480 0.2655
1 -0.1471 0.2662
1 -0.1461 0.2669
1 -0.1451 0.2676
1 -0.1440 0.2682
1 -0.1429 0.2687
1 -0.1418 0.2692
1 -0.1407 0.2697
1 -0.1340 0.2831
112 1250 4
0 -0.1140 0.2636
1 -0.1141 0.2637
1 -0.1141 0.2638
1 -0.1140 0.2636
112 1250 1
0 -0.1700 0.3276
112 1462 5
0 0.1810 0.1614
1 -0.1386 0.4810
1 -0.1810 0.4386
1 0.1386 0.1190
1 0.1810 0.1614
