SEcl_RPO-14
3348 9 1 1 0 0 0 0 0 0 1 1
1.0000
112 1251 213
 0 -0.3150 1.1000
 1 -0.3168 1.1000
 1 -0.3186 1.0999
 1 -0.3204 1.0998
 1 -0.3222 1.0996
 1 -0.3240 1.0993
 1 -0.3258 1.0990
 1 -0.3276 1.0987
 1 -0.3294 1.0983
 1 -0.3311 1.0978
 1 -0.3329 1.0973
 1 -0.3346 1.0967
 1 -0.3363 1.0961
 1 -0.3380 1.0954
 1 -0.3396 1.0947
 1 -0.3413 1.0939
 1 -0.3429 1.0931
 1 -0.3445 1.0923
 1 -0.3460 1.0913
 1 -0.3476 1.0904
 1 -0.3491 1.0894
 1 -0.3506 1.0883
 1 -0.3520 1.0872
 1 -0.3534 1.0861
 1 -0.3548 1.0849
 1 -0.3561 1.0837
 1 -0.3574 1.0824
 1 -0.3587 1.0811
 1 -0.3599 1.0798
 1 -0.3611 1.0784
 1 -0.3622 1.0770
 1 -0.3633 1.0756
 1 -0.3644 1.0741
 1 -0.3654 1.0726
 1 -0.3663 1.0710
 1 -0.3673 1.0695
 1 -0.3681 1.0679
 1 -0.3689 1.0663
 1 -0.3697 1.0646
 1 -0.3704 1.0630
 1 -0.3711 1.0613
 1 -0.3717 1.0596
 1 -0.3723 1.0579
 1 -0.3728 1.0561
 1 -0.3733 1.0544
 1 -0.3737 1.0526
 1 -0.3740 1.0508
 1 -0.3743 1.0490
 1 -0.3746 1.0472
 1 -0.3748 1.0454
 1 -0.3749 1.0436
 1 -0.3750 1.0418
 1 -0.3750 1.0400
 1 -0.3750 0.0600
 1 -0.3750 0.0582
 1 -0.3749 0.0564
 1 -0.3748 0.0546
 1 -0.3746 0.0528
 1 -0.3743 0.0510
 1 -0.3740 0.0492
 1 -0.3737 0.0474
 1 -0.3733 0.0456
 1 -0.3728 0.0439
 1 -0.3723 0.0421
 1 -0.3717 0.0404
 1 -0.3711 0.0387
 1 -0.3704 0.0370
 1 -0.3697 0.0354
 1 -0.3689 0.0337
 1 -0.3681 0.0321
 1 -0.3673 0.0305
 1 -0.3663 0.0290
 1 -0.3654 0.0274
 1 -0.3644 0.0259
 1 -0.3633 0.0244
 1 -0.3622 0.0230
 1 -0.3611 0.0216
 1 -0.3599 0.0202
 1 -0.3587 0.0189
 1 -0.3574 0.0176
 1 -0.3561 0.0163
 1 -0.3548 0.0151
 1 -0.3534 0.0139
 1 -0.3520 0.0128
 1 -0.3506 0.0117
 1 -0.3491 0.0106
 1 -0.3476 0.0096
 1 -0.3460 0.0087
 1 -0.3445 0.0077
 1 -0.3429 0.0069
 1 -0.3413 0.0061
 1 -0.3396 0.0053
 1 -0.3380 0.0046
 1 -0.3363 0.0039
 1 -0.3346 0.0033
 1 -0.3329 0.0027
 1 -0.3311 0.0022
 1 -0.3294 0.0017
 1 -0.3276 0.0013
 1 -0.3258 0.0010
 1 -0.3240 0.0007
 1 -0.3222 0.0004
 1 -0.3204 0.0002
 1 -0.3186 0.0001
 1 -0.3168 0.0000
 1 -0.3150 0.0000
 1 0.3150 0.0000
 1 0.3168 0.0000
 1 0.3186 0.0001
 1 0.3204 0.0002
 1 0.3222 0.0004
 1 0.3240 0.0007
 1 0.3258 0.0010
 1 0.3276 0.0013
 1 0.3294 0.0017
 1 0.3311 0.0022
 1 0.3328 0.0027
 1 0.3346 0.0033
 1 0.3363 0.0039
 1 0.3380 0.0046
 1 0.3396 0.0053
 1 0.3413 0.0061
 1 0.3429 0.0069
 1 0.3445 0.0077
 1 0.3460 0.0087
 1 0.3476 0.0096
 1 0.3491 0.0106
 1 0.3506 0.0117
 1 0.3520 0.0128
 1 0.3534 0.0139
 1 0.3548 0.0151
 1 0.3561 0.0163
 1 0.3574 0.0176
 1 0.3587 0.0189
 1 0.3599 0.0202
 1 0.3611 0.0216
 1 0.3622 0.0230
 1 0.3633 0.0244
 1 0.3644 0.0259
 1 0.3654 0.0274
 1 0.3663 0.0290
 1 0.3673 0.0305
 1 0.3681 0.0321
 1 0.3689 0.0337
 1 0.3697 0.0354
 1 0.3704 0.0370
 1 0.3711 0.0387
 1 0.3717 0.0404
 1 0.3723 0.0421
 1 0.3728 0.0439
 1 0.3733 0.0456
 1 0.3737 0.0474
 1 0.3740 0.0492
 1 0.3743 0.0510
 1 0.3746 0.0528
 1 0.3748 0.0546
 1 0.3749 0.0564
 1 0.3750 0.0582
 1 0.3750 0.0600
 1 0.3750 1.0400
 1 0.3750 1.0418
 1 0.3749 1.0436
 1 0.3748 1.0454
 1 0.3746 1.0472
 1 0.3743 1.0490
 1 0.3740 1.0508
 1 0.3737 1.0526
 1 0.3733 1.0544
 1 0.3728 1.0561
 1 0.3723 1.0579
 1 0.3717 1.0596
 1 0.3711 1.0613
 1 0.3704 1.0630
 1 0.3697 1.0646
 1 0.3689 1.0663
 1 0.3681 1.0679
 1 0.3673 1.0695
 1 0.3663 1.0710
 1 0.3654 1.0726
 1 0.3644 1.0741
 1 0.3633 1.0756
 1 0.3622 1.0770
 1 0.3611 1.0784
 1 0.3599 1.0798
 1 0.3587 1.0811
 1 0.3574 1.0824
 1 0.3561 1.0837
 1 0.3548 1.0849
 1 0.3534 1.0861
 1 0.3520 1.0872
 1 0.3506 1.0883
 1 0.3491 1.0894
 1 0.3476 1.0904
 1 0.3460 1.0913
 1 0.3445 1.0923
 1 0.3429 1.0931
 1 0.3413 1.0939
 1 0.3396 1.0947
 1 0.3380 1.0954
 1 0.3363 1.0961
 1 0.3346 1.0967
 1 0.3328 1.0973
 1 0.3311 1.0978
 1 0.3294 1.0983
 1 0.3276 1.0987
 1 0.3258 1.0990
 1 0.3240 1.0993
 1 0.3222 1.0996
 1 0.3204 1.0998
 1 0.3186 1.0999
 1 0.3168 1.1000
 1 0.3150 1.1000
 1 -0.3150 1.1000
112 1250 181
 0 -0.3150 1.0850
 1 -0.3166 1.0850
 1 -0.3182 1.0849
 1 -0.3198 1.0847
 1 -0.3214 1.0845
 1 -0.3230 1.0843
 1 -0.3246 1.0840
 1 -0.3261 1.0836
 1 -0.3277 1.0832
 1 -0.3292 1.0827
 1 -0.3307 1.0822
 1 -0.3322 1.0816
 1 -0.3337 1.0809
 1 -0.3351 1.0802
 1 -0.3366 1.0795
 1 -0.3380 1.0787
 1 -0.3393 1.0779
 1 -0.3407 1.0770
 1 -0.3420 1.0760
 1 -0.3432 1.0750
 1 -0.3445 1.0740
 1 -0.3457 1.0729
 1 -0.3468 1.0718
 1 -0.3479 1.0707
 1 -0.3490 1.0695
 1 -0.3500 1.0682
 1 -0.3510 1.0670
 1 -0.3520 1.0657
 1 -0.3529 1.0643
 1 -0.3537 1.0630
 1 -0.3545 1.0616
 1 -0.3552 1.0601
 1 -0.3559 1.0587
 1 -0.3566 1.0572
 1 -0.3572 1.0557
 1 -0.3577 1.0542
 1 -0.3582 1.0527
 1 -0.3586 1.0511
 1 -0.3590 1.0496
 1 -0.3593 1.0480
 1 -0.3595 1.0464
 1 -0.3597 1.0448
 1 -0.3599 1.0432
 1 -0.3600 1.0416
 1 -0.3600 1.0400
 1 -0.3600 0.0600
 1 -0.3600 0.0584
 1 -0.3599 0.0568
 1 -0.3597 0.0552
 1 -0.3595 0.0536
 1 -0.3593 0.0520
 1 -0.3590 0.0504
 1 -0.3586 0.0489
 1 -0.3582 0.0473
 1 -0.3577 0.0458
 1 -0.3572 0.0443
 1 -0.3566 0.0428
 1 -0.3559 0.0413
 1 -0.3552 0.0399
 1 -0.3545 0.0384
 1 -0.3537 0.0370
 1 -0.3529 0.0357
 1 -0.3520 0.0343
 1 -0.3510 0.0330
 1 -0.3500 0.0318
 1 -0.3490 0.0305
 1 -0.3479 0.0293
 1 -0.3468 0.0282
 1 -0.3457 0.0271
 1 -0.3445 0.0260
 1 -0.3432 0.0250
 1 -0.3420 0.0240
 1 -0.3407 0.0230
 1 -0.3393 0.0221
 1 -0.3380 0.0213
 1 -0.3366 0.0205
 1 -0.3351 0.0198
 1 -0.3337 0.0191
 1 -0.3322 0.0184
 1 -0.3307 0.0178
 1 -0.3292 0.0173
 1 -0.3277 0.0168
 1 -0.3261 0.0164
 1 -0.3246 0.0160
 1 -0.3230 0.0157
 1 -0.3214 0.0155
 1 -0.3198 0.0153
 1 -0.3182 0.0151
 1 -0.3166 0.0150
 1 -0.3150 0.0150
 1 0.3150 0.0150
 1 0.3166 0.0150
 1 0.3182 0.0151
 1 0.3198 0.0153
 1 0.3214 0.0155
 1 0.3230 0.0157
 1 0.3246 0.0160
 1 0.3261 0.0164
 1 0.3277 0.0168
 1 0.3292 0.0173
 1 0.3307 0.0178
 1 0.3322 0.0184
 1 0.3337 0.0191
 1 0.3351 0.0198
 1 0.3366 0.0205
 1 0.3380 0.0213
 1 0.3393 0.0221
 1 0.3407 0.0230
 1 0.3420 0.0240
 1 0.3432 0.0250
 1 0.3445 0.0260
 1 0.3457 0.0271
 1 0.3468 0.0282
 1 0.3479 0.0293
 1 0.3490 0.0305
 1 0.3500 0.0318
 1 0.3510 0.0330
 1 0.3520 0.0343
 1 0.3529 0.0357
 1 0.3537 0.0370
 1 0.3545 0.0384
 1 0.3552 0.0399
 1 0.3559 0.0413
 1 0.3566 0.0428
 1 0.3572 0.0443
 1 0.3577 0.0458
 1 0.3582 0.0473
 1 0.3586 0.0489
 1 0.3590 0.0504
 1 0.3593 0.0520
 1 0.3595 0.0536
 1 0.3597 0.0552
 1 0.3599 0.0568
 1 0.3600 0.0584
 1 0.3600 0.0600
 1 0.3600 1.0400
 1 0.3600 1.0416
 1 0.3599 1.0432
 1 0.3597 1.0448
 1 0.3595 1.0464
 1 0.3593 1.0480
 1 0.3590 1.0496
 1 0.3586 1.0511
 1 0.3582 1.0527
 1 0.3577 1.0542
 1 0.3572 1.0557
 1 0.3566 1.0572
 1 0.3559 1.0587
 1 0.3552 1.0601
 1 0.3545 1.0616
 1 0.3537 1.0630
 1 0.3529 1.0643
 1 0.3520 1.0657
 1 0.3510 1.0670
 1 0.3500 1.0682
 1 0.3490 1.0695
 1 0.3479 1.0707
 1 0.3468 1.0718
 1 0.3457 1.0729
 1 0.3445 1.0740
 1 0.3432 1.0750
 1 0.3420 1.0760
 1 0.3407 1.0770
 1 0.3393 1.0779
 1 0.3380 1.0787
 1 0.3366 1.0795
 1 0.3351 1.0802
 1 0.3337 1.0809
 1 0.3322 1.0816
 1 0.3307 1.0822
 1 0.3292 1.0827
 1 0.3277 1.0832
 1 0.3261 1.0836
 1 0.3246 1.0840
 1 0.3230 1.0843
 1 0.3214 1.0845
 1 0.3198 1.0847
 1 0.3182 1.0849
 1 0.3166 1.0850
 1 0.3150 1.0850
 1 -0.3150 1.0850
112 1251 112
 0 0.3300 1.0400
 1 0.3300 1.0409
 1 0.3299 1.0418
 1 0.3298 1.0427
 1 0.3296 1.0436
 1 0.3293 1.0445
 1 0.3290 1.0453
 1 0.3287 1.0462
 1 0.3283 1.0470
 1 0.3278 1.0478
 1 0.3273 1.0485
 1 0.3268 1.0493
 1 0.3262 1.0499
 1 0.3256 1.0506
 1 0.3249 1.0512
 1 0.3243 1.0518
 1 0.3235 1.0523
 1 0.3228 1.0528
 1 0.3220 1.0533
 1 0.3212 1.0537
 1 0.3203 1.0540
 1 0.3195 1.0543
 1 0.3186 1.0546
 1 0.3177 1.0548
 1 0.3168 1.0549
 1 0.3159 1.0550
 1 0.3150 1.0550
 1 0.3150 1.0550
 1 -0.3150 1.0550
 1 -0.3159 1.0550
 1 -0.3168 1.0549
 1 -0.3177 1.0548
 1 -0.3186 1.0546
 1 -0.3195 1.0543
 1 -0.3203 1.0540
 1 -0.3212 1.0537
 1 -0.3220 1.0533
 1 -0.3228 1.0528
 1 -0.3235 1.0523
 1 -0.3243 1.0518
 1 -0.3249 1.0512
 1 -0.3256 1.0506
 1 -0.3262 1.0499
 1 -0.3268 1.0493
 1 -0.3273 1.0485
 1 -0.3278 1.0478
 1 -0.3283 1.0470
 1 -0.3287 1.0462
 1 -0.3290 1.0453
 1 -0.3293 1.0445
 1 -0.3296 1.0436
 1 -0.3298 1.0427
 1 -0.3299 1.0418
 1 -0.3300 1.0409
 1 -0.3300 1.0400
 1 -0.3300 1.0400
 1 -0.3300 0.0600
 1 -0.3300 0.0591
 1 -0.3299 0.0582
 1 -0.3298 0.0573
 1 -0.3296 0.0564
 1 -0.3293 0.0555
 1 -0.3290 0.0547
 1 -0.3287 0.0538
 1 -0.3283 0.0530
 1 -0.3278 0.0522
 1 -0.3273 0.0515
 1 -0.3268 0.0507
 1 -0.3262 0.0501
 1 -0.3256 0.0494
 1 -0.3249 0.0488
 1 -0.3243 0.0482
 1 -0.3235 0.0477
 1 -0.3228 0.0472
 1 -0.3220 0.0467
 1 -0.3212 0.0463
 1 -0.3203 0.0460
 1 -0.3195 0.0457
 1 -0.3186 0.0454
 1 -0.3177 0.0452
 1 -0.3168 0.0451
 1 -0.3159 0.0450
 1 -0.3150 0.0450
 1 -0.3150 0.0450
 1 0.3150 0.0450
 1 0.3159 0.0450
 1 0.3168 0.0451
 1 0.3177 0.0452
 1 0.3186 0.0454
 1 0.3195 0.0457
 1 0.3203 0.0460
 1 0.3212 0.0463
 1 0.3220 0.0467
 1 0.3228 0.0472
 1 0.3235 0.0477
 1 0.3243 0.0482
 1 0.3249 0.0488
 1 0.3256 0.0494
 1 0.3262 0.0501
 1 0.3268 0.0507
 1 0.3273 0.0515
 1 0.3278 0.0522
 1 0.3283 0.0530
 1 0.3287 0.0538
 1 0.3290 0.0547
 1 0.3293 0.0555
 1 0.3296 0.0564
 1 0.3298 0.0573
 1 0.3299 0.0582
 1 0.3300 0.0591
 1 0.3300 0.0600
 1 0.3300 0.0600
112 1462 461
 0 0.3125 0.7375
 1 0.3125 0.7418
 1 0.3124 0.7460
 1 0.3122 0.7503
 1 0.3120 0.7546
 1 0.3118 0.7588
 1 0.3115 0.7631
 1 0.3111 0.7673
 1 0.3106 0.7716
 1 0.3101 0.7758
 1 0.3096 0.7801
 1 0.3090 0.7843
 1 0.3083 0.7885
 1 0.3076 0.7927
 1 0.3068 0.7969
 1 0.3060 0.8011
 1 0.3051 0.8053
 1 0.3041 0.8094
 1 0.3031 0.8136
 1 0.3020 0.8177
 1 0.3009 0.8218
 1 0.2997 0.8259
 1 0.2985 0.8300
 1 0.2972 0.8341
 1 0.2959 0.8381
 1 0.2945 0.8422
 1 0.2930 0.8462
 1 0.2915 0.8502
 1 0.2899 0.8541
 1 0.2883 0.8581
 1 0.2866 0.8620
 1 0.2849 0.8659
 1 0.2831 0.8698
 1 0.2813 0.8736
 1 0.2794 0.8775
 1 0.2775 0.8813
 1 0.2755 0.8850
 1 0.2734 0.8888
 1 0.2713 0.8925
 1 0.2692 0.8962
 1 0.2670 0.8999
 1 0.2648 0.9035
 1 0.2625 0.9071
 1 0.2601 0.9107
 1 0.2577 0.9142
 1 0.2553 0.9177
 1 0.2528 0.9212
 1 0.2503 0.9246
 1 0.2477 0.9280
 1 0.2451 0.9314
 1 0.2424 0.9347
 1 0.2397 0.9380
 1 0.2369 0.9413
 1 0.2341 0.9445
 1 0.2313 0.9477
 1 0.2284 0.9508
 1 0.2255 0.9539
 1 0.2225 0.9570
 1 0.2195 0.9600
 1 0.2164 0.9630
 1 0.2133 0.9659
 1 0.2102 0.9688
 1 0.2070 0.9716
 1 0.2038 0.9744
 1 0.2005 0.9772
 1 0.1972 0.9799
 1 0.1939 0.9826
 1 0.1905 0.9852
 1 0.1871 0.9878
 1 0.1837 0.9903
 1 0.1802 0.9928
 1 0.1767 0.9952
 1 0.1732 0.9976
 1 0.1696 1.0000
 1 0.1660 1.0023
 1 0.1624 1.0045
 1 0.1587 1.0067
 1 0.1550 1.0088
 1 0.1513 1.0109
 1 0.1475 1.0130
 1 0.1438 1.0150
 1 0.1400 1.0169
 1 0.1361 1.0188
 1 0.1323 1.0206
 1 0.1284 1.0224
 1 0.1245 1.0241
 1 0.1206 1.0258
 1 0.1166 1.0274
 1 0.1127 1.0290
 1 0.1087 1.0305
 1 0.1046 1.0320
 1 0.1006 1.0334
 1 0.0966 1.0347
 1 0.0925 1.0360
 1 0.0884 1.0372
 1 0.0843 1.0384
 1 0.0802 1.0395
 1 0.0761 1.0406
 1 0.0719 1.0416
 1 0.0678 1.0426
 1 0.0636 1.0435
 1 0.0594 1.0443
 1 0.0552 1.0451
 1 0.0510 1.0458
 1 0.0468 1.0465
 1 0.0426 1.0471
 1 0.0383 1.0476
 1 0.0341 1.0481
 1 0.0298 1.0486
 1 0.0256 1.0490
 1 0.0213 1.0493
 1 0.0171 1.0495
 1 0.0128 1.0497
 1 0.0085 1.0499
 1 0.0043 1.0500
 1 0.0000 1.0500
 1 -0.0043 1.0500
 1 -0.0085 1.0499
 1 -0.0128 1.0497
 1 -0.0171 1.0495
 1 -0.0213 1.0493
 1 -0.0256 1.0490
 1 -0.0298 1.0486
 1 -0.0341 1.0481
 1 -0.0383 1.0476
 1 -0.0426 1.0471
 1 -0.0468 1.0465
 1 -0.0510 1.0458
 1 -0.0552 1.0451
 1 -0.0594 1.0443
 1 -0.0636 1.0435
 1 -0.0678 1.0426
 1 -0.0719 1.0416
 1 -0.0761 1.0406
 1 -0.0802 1.0395
 1 -0.0843 1.0384
 1 -0.0884 1.0372
 1 -0.0925 1.0360
 1 -0.0966 1.0347
 1 -0.1006 1.0334
 1 -0.1047 1.0320
 1 -0.1087 1.0305
 1 -0.1127 1.0290
 1 -0.1166 1.0274
 1 -0.1206 1.0258
 1 -0.1245 1.0241
 1 -0.1284 1.0224
 1 -0.1323 1.0206
 1 -0.1361 1.0188
 1 -0.1400 1.0169
 1 -0.1438 1.0150
 1 -0.1475 1.0130
 1 -0.1513 1.0109
 1 -0.1550 1.0088
 1 -0.1587 1.0067
 1 -0.1624 1.0045
 1 -0.1660 1.0023
 1 -0.1696 1.0000
 1 -0.1732 0.9976
 1 -0.1767 0.9952
 1 -0.1802 0.9928
 1 -0.1837 0.9903
 1 -0.1871 0.9878
 1 -0.1905 0.9852
 1 -0.1939 0.9826
 1 -0.1972 0.9799
 1 -0.2005 0.9772
 1 -0.2038 0.9744
 1 -0.2070 0.9716
 1 -0.2102 0.9688
 1 -0.2133 0.9659
 1 -0.2164 0.9630
 1 -0.2195 0.9600
 1 -0.2225 0.9570
 1 -0.2255 0.9539
 1 -0.2284 0.9508
 1 -0.2313 0.9477
 1 -0.2341 0.9445
 1 -0.2369 0.9413
 1 -0.2397 0.9380
 1 -0.2424 0.9347
 1 -0.2451 0.9314
 1 -0.2477 0.9280
 1 -0.2503 0.9246
 1 -0.2528 0.9212
 1 -0.2553 0.9177
 1 -0.2577 0.9142
 1 -0.2601 0.9107
 1 -0.2625 0.9071
 1 -0.2648 0.9035
 1 -0.2670 0.8999
 1 -0.2692 0.8962
 1 -0.2713 0.8925
 1 -0.2734 0.8888
 1 -0.2755 0.8850
 1 -0.2775 0.8813
 1 -0.2794 0.8775
 1 -0.2813 0.8736
 1 -0.2831 0.8698
 1 -0.2849 0.8659
 1 -0.2866 0.8620
 1 -0.2883 0.8581
 1 -0.2899 0.8541
 1 -0.2915 0.8502
 1 -0.2930 0.8462
 1 -0.2945 0.8422
 1 -0.2959 0.8381
 1 -0.2972 0.8341
 1 -0.2985 0.8300
 1 -0.2997 0.8259
 1 -0.3009 0.8218
 1 -0.3020 0.8177
 1 -0.3031 0.8136
 1 -0.3041 0.8094
 1 -0.3051 0.8053
 1 -0.3060 0.8011
 1 -0.3068 0.7969
 1 -0.3076 0.7927
 1 -0.3083 0.7885
 1 -0.3090 0.7843
 1 -0.3096 0.7801
 1 -0.3101 0.7758
 1 -0.3106 0.7716
 1 -0.3111 0.7673
 1 -0.3115 0.7631
 1 -0.3118 0.7588
 1 -0.3120 0.7546
 1 -0.3122 0.7503
 1 -0.3124 0.7460
 1 -0.3125 0.7418
 1 -0.3125 0.7375
 1 -0.3125 0.7332
 1 -0.3124 0.7290
 1 -0.3122 0.7247
 1 -0.3120 0.7204
 1 -0.3118 0.7162
 1 -0.3115 0.7119
 1 -0.3111 0.7077
 1 -0.3106 0.7034
 1 -0.3101 0.6992
 1 -0.3096 0.6949
 1 -0.3090 0.6907
 1 -0.3083 0.6865
 1 -0.3076 0.6823
 1 -0.3068 0.6781
 1 -0.3060 0.6739
 1 -0.3051 0.6697
 1 -0.3041 0.6656
 1 -0.3031 0.6614
 1 -0.3020 0.6573
 1 -0.3009 0.6532
 1 -0.2997 0.6491
 1 -0.2985 0.6450
 1 -0.2972 0.6409
 1 -0.2959 0.6369
 1 -0.2945 0.6329
 1 -0.2930 0.6288
 1 -0.2915 0.6248
 1 -0.2899 0.6209
 1 -0.2883 0.6169
 1 -0.2866 0.6130
 1 -0.2849 0.6091
 1 -0.2831 0.6052
 1 -0.2813 0.6014
 1 -0.2794 0.5975
 1 -0.2775 0.5937
 1 -0.2755 0.5900
 1 -0.2734 0.5862
 1 -0.2713 0.5825
 1 -0.2692 0.5788
 1 -0.2670 0.5751
 1 -0.2648 0.5715
 1 -0.2625 0.5679
 1 -0.2601 0.5643
 1 -0.2577 0.5608
 1 -0.2553 0.5573
 1 -0.2528 0.5538
 1 -0.2503 0.5504
 1 -0.2477 0.5470
 1 -0.2451 0.5436
 1 -0.2424 0.5403
 1 -0.2397 0.5370
 1 -0.2369 0.5337
 1 -0.2341 0.5305
 1 -0.2313 0.5273
 1 -0.2284 0.5242
 1 -0.2255 0.5211
 1 -0.2225 0.5180
 1 -0.2195 0.5150
 1 -0.2164 0.5120
 1 -0.2133 0.5091
 1 -0.2102 0.5062
 1 -0.2070 0.5034
 1 -0.2038 0.5006
 1 -0.2005 0.4978
 1 -0.1972 0.4951
 1 -0.1939 0.4924
 1 -0.1905 0.4898
 1 -0.1871 0.4872
 1 -0.1837 0.4847
 1 -0.1802 0.4822
 1 -0.1767 0.4798
 1 -0.1732 0.4774
 1 -0.1696 0.4750
 1 -0.1660 0.4727
 1 -0.1624 0.4705
 1 -0.1587 0.4683
 1 -0.1550 0.4662
 1 -0.1513 0.4641
 1 -0.1475 0.4620
 1 -0.1438 0.4600
 1 -0.1400 0.4581
 1 -0.1361 0.4562
 1 -0.1323 0.4544
 1 -0.1284 0.4526
 1 -0.1245 0.4509
 1 -0.1206 0.4492
 1 -0.1166 0.4476
 1 -0.1127 0.4460
 1 -0.1087 0.4445
 1 -0.1047 0.4430
 1 -0.1006 0.4416
 1 -0.0966 0.4403
 1 -0.0925 0.4390
 1 -0.0884 0.4378
 1 -0.0843 0.4366
 1 -0.0802 0.4355
 1 -0.0761 0.4344
 1 -0.0719 0.4334
 1 -0.0678 0.4324
 1 -0.0636 0.4315
 1 -0.0594 0.4307
 1 -0.0552 0.4299
 1 -0.0510 0.4292
 1 -0.0468 0.4285
 1 -0.0426 0.4279
 1 -0.0383 0.4274
 1 -0.0341 0.4269
 1 -0.0298 0.4264
 1 -0.0256 0.4260
 1 -0.0213 0.4257
 1 -0.0171 0.4255
 1 -0.0128 0.4253
 1 -0.0085 0.4251
 1 -0.0043 0.4250
 1 0.0000 0.4250
 1 0.0043 0.4250
 1 0.0085 0.4251
 1 0.0128 0.4253
 1 0.0171 0.4255
 1 0.0213 0.4257
 1 0.0256 0.4260
 1 0.0298 0.4264
 1 0.0341 0.4269
 1 0.0383 0.4274
 1 0.0426 0.4279
 1 0.0468 0.4285
 1 0.0510 0.4292
 1 0.0552 0.4299
 1 0.0594 0.4307
 1 0.0636 0.4315
 1 0.0678 0.4324
 1 0.0719 0.4334
 1 0.0761 0.4344
 1 0.0802 0.4355
 1 0.0843 0.4366
 1 0.0884 0.4378
 1 0.0925 0.4390
 1 0.0966 0.4403
 1 0.1006 0.4416
 1 0.1046 0.4430
 1 0.1087 0.4445
 1 0.1127 0.4460
 1 0.1166 0.4476
 1 0.1206 0.4492
 1 0.1245 0.4509
 1 0.1284 0.4526
 1 0.1323 0.4544
 1 0.1361 0.4562
 1 0.1400 0.4581
 1 0.1438 0.4600
 1 0.1475 0.4620
 1 0.1513 0.4641
 1 0.1550 0.4662
 1 0.1587 0.4683
 1 0.1624 0.4705
 1 0.1660 0.4727
 1 0.1696 0.4750
 1 0.1732 0.4774
 1 0.1767 0.4798
 1 0.1802 0.4822
 1 0.1837 0.4847
 1 0.1871 0.4872
 1 0.1905 0.4898
 1 0.1939 0.4924
 1 0.1972 0.4951
 1 0.2005 0.4978
 1 0.2038 0.5006
 1 0.2070 0.5034
 1 0.2102 0.5062
 1 0.2133 0.5091
 1 0.2164 0.5120
 1 0.2195 0.5150
 1 0.2225 0.5180
 1 0.2255 0.5211
 1 0.2284 0.5242
 1 0.2313 0.5273
 1 0.2341 0.5305
 1 0.2369 0.5337
 1 0.2397 0.5370
 1 0.2424 0.5403
 1 0.2451 0.5436
 1 0.2477 0.5470
 1 0.2503 0.5504
 1 0.2528 0.5538
 1 0.2553 0.5573
 1 0.2577 0.5608
 1 0.2601 0.5643
 1 0.2625 0.5679
 1 0.2648 0.5715
 1 0.2670 0.5751
 1 0.2692 0.5788
 1 0.2713 0.5825
 1 0.2734 0.5862
 1 0.2755 0.5900
 1 0.2775 0.5937
 1 0.2794 0.5975
 1 0.2813 0.6014
 1 0.2831 0.6052
 1 0.2849 0.6091
 1 0.2866 0.6130
 1 0.2883 0.6169
 1 0.2899 0.6209
 1 0.2915 0.6248
 1 0.2930 0.6288
 1 0.2945 0.6329
 1 0.2959 0.6369
 1 0.2972 0.6409
 1 0.2985 0.6450
 1 0.2997 0.6491
 1 0.3009 0.6532
 1 0.3020 0.6573
 1 0.3031 0.6614
 1 0.3041 0.6656
 1 0.3051 0.6697
 1 0.3060 0.6739
 1 0.3068 0.6781
 1 0.3076 0.6823
 1 0.3083 0.6865
 1 0.3090 0.6907
 1 0.3096 0.6949
 1 0.3101 0.6992
 1 0.3106 0.7034
 1 0.3111 0.7077
 1 0.3115 0.7119
 1 0.3118 0.7162
 1 0.3120 0.7204
 1 0.3122 0.7247
 1 0.3124 0.7290
 1 0.3125 0.7332
 1 0.3125 0.7375
112 1251 405
 0 0.1886 0.5931
 1 0.1908 0.5961
 1 0.1930 0.5991
 1 0.1951 0.6021
 1 0.1972 0.6052
 1 0.1993 0.6083
 1 0.2013 0.6114
 1 0.2032 0.6146
 1 0.2051 0.6178
 1 0.2070 0.6210
 1 0.2088 0.6243
 1 0.2105 0.6275
 1 0.2122 0.6308
 1 0.2138 0.6342
 1 0.2154 0.6375
 1 0.2170 0.6409
 1 0.2185 0.6443
 1 0.2199 0.6477
 1 0.2213 0.6512
 1 0.2226 0.6547
 1 0.2239 0.6582
 1 0.2251 0.6617
 1 0.2262 0.6652
 1 0.2273 0.6687
 1 0.2284 0.6723
 1 0.2294 0.6759
 1 0.2303 0.6795
 1 0.2312 0.6831
 1 0.2320 0.6867
 1 0.2328 0.6903
 1 0.2335 0.6940
 1 0.2341 0.6976
 1 0.2347 0.7013
 1 0.2353 0.7050
 1 0.2357 0.7087
 1 0.2362 0.7124
 1 0.2365 0.7161
 1 0.2368 0.7198
 1 0.2371 0.7235
 1 0.2373 0.7272
 1 0.2374 0.7309
 1 0.2375 0.7346
 1 0.2375 0.7383
 1 0.2375 0.7420
 1 0.2374 0.7457
 1 0.2372 0.7495
 1 0.2370 0.7532
 1 0.2367 0.7569
 1 0.2364 0.7606
 1 0.2360 0.7643
 1 0.2355 0.7679
 1 0.2350 0.7716
 1 0.2345 0.7753
 1 0.2339 0.7790
 1 0.2332 0.7826
 1 0.2324 0.7863
 1 0.2317 0.7899
 1 0.2308 0.7935
 1 0.2299 0.7971
 1 0.2289 0.8007
 1 0.2279 0.8043
 1 0.2269 0.8078
 1 0.2257 0.8114
 1 0.2245 0.8149
 1 0.2233 0.8184
 1 0.2220 0.8219
 1 0.2207 0.8253
 1 0.2193 0.8288
 1 0.2178 0.8322
 1 0.2163 0.8356
 1 0.2147 0.8389
 1 0.2131 0.8423
 1 0.2115 0.8456
 1 0.2097 0.8489
 1 0.2080 0.8522
 1 0.2062 0.8554
 1 0.2043 0.8586
 1 0.2024 0.8618
 1 0.2004 0.8650
 1 0.1984 0.8681
 1 0.1963 0.8712
 1 0.1942 0.8742
 1 0.1920 0.8772
 1 0.1898 0.8802
 1 0.1876 0.8832
 1 0.1853 0.8861
 1 0.1829 0.8890
 1 0.1805 0.8918
 1 0.1781 0.8946
 1 0.1756 0.8974
 1 0.1731 0.9001
 1 0.1705 0.9028
 1 0.1679 0.9054
 1 0.1653 0.9080
 1 0.1626 0.9106
 1 0.1599 0.9131
 1 0.1571 0.9156
 1 0.1543 0.9180
 1 0.1515 0.9204
 1 0.1486 0.9228
 1 0.1457 0.9251
 1 0.1427 0.9273
 1 0.1397 0.9295
 1 0.1367 0.9317
 1 0.1337 0.9338
 1 0.1306 0.9359
 1 0.1275 0.9379
 1 0.1243 0.9399
 1 0.1211 0.9418
 1 0.1179 0.9437
 1 0.1147 0.9455
 1 0.1114 0.9472
 1 0.1081 0.9490
 1 0.1048 0.9506
 1 0.1014 0.9522
 1 0.0981 0.9538
 1 0.0947 0.9553
 1 0.0913 0.9568
 1 0.0878 0.9582
 1 0.0844 0.9595
 1 0.0809 0.9608
 1 0.0774 0.9620
 1 0.0739 0.9632
 1 0.0703 0.9644
 1 0.0668 0.9654
 1 0.0632 0.9664
 1 0.0596 0.9674
 1 0.0560 0.9683
 1 0.0524 0.9692
 1 0.0488 0.9699
 1 0.0451 0.9707
 1 0.0415 0.9714
 1 0.0378 0.9720
 1 0.0341 0.9725
 1 0.0304 0.9730
 1 0.0268 0.9735
 1 0.0231 0.9739
 1 0.0194 0.9742
 1 0.0157 0.9745
 1 0.0120 0.9747
 1 0.0082 0.9749
 1 0.0045 0.9750
 1 0.0008 0.9750
 1 -0.0029 0.9750
 1 -0.0066 0.9749
 1 -0.0103 0.9748
 1 -0.0140 0.9746
 1 -0.0177 0.9743
 1 -0.0214 0.9740
 1 -0.0251 0.9737
 1 -0.0288 0.9732
 1 -0.0325 0.9728
 1 -0.0362 0.9722
 1 -0.0399 0.9716
 1 -0.0435 0.9710
 1 -0.0472 0.9703
 1 -0.0508 0.9695
 1 -0.0544 0.9687
 1 -0.0580 0.9678
 1 -0.0616 0.9669
 1 -0.0652 0.9659
 1 -0.0688 0.9648
 1 -0.0723 0.9637
 1 -0.0758 0.9626
 1 -0.0793 0.9614
 1 -0.0828 0.9601
 1 -0.0863 0.9588
 1 -0.0898 0.9574
 1 -0.0932 0.9560
 1 -0.0966 0.9545
 1 -0.1000 0.9529
 1 -0.1033 0.9513
 1 -0.1067 0.9497
 1 -0.1100 0.9480
 1 -0.1132 0.9463
 1 -0.1165 0.9445
 1 -0.1197 0.9426
 1 -0.1229 0.9407
 1 -0.1261 0.9388
 1 -0.1292 0.9368
 1 -0.1323 0.9347
 1 -0.1354 0.9326
 1 -0.1384 0.9305
 1 -0.1414 0.9283
 1 -0.1444 0.9261
 1 -0.1444 0.9261
 1 -0.1469 0.9241
 1 -0.1498 0.9218
 1 -0.1527 0.9194
 1 -0.1555 0.9170
 1 -0.1583 0.9145
 1 -0.1611 0.9120
 1 -0.1638 0.9095
 1 -0.1665 0.9069
 1 -0.1691 0.9043
 1 -0.1717 0.9016
 1 -0.1742 0.8989
 1 -0.1767 0.8962
 1 -0.1792 0.8934
 1 -0.1816 0.8906
 1 -0.1840 0.8877
 1 -0.1863 0.8848
 1 -0.1886 0.8819
 1 -0.1886 0.8819
 1 -0.1908 0.8789
 1 -0.1930 0.8759
 1 -0.1951 0.8729
 1 -0.1972 0.8698
 1 -0.1993 0.8667
 1 -0.2013 0.8636
 1 -0.2032 0.8604
 1 -0.2051 0.8572
 1 -0.2070 0.8540
 1 -0.2088 0.8507
 1 -0.2105 0.8475
 1 -0.2122 0.8442
 1 -0.2138 0.8408
 1 -0.2154 0.8375
 1 -0.2170 0.8341
 1 -0.2185 0.8307
 1 -0.2199 0.8273
 1 -0.2213 0.8238
 1 -0.2226 0.8203
 1 -0.2239 0.8168
 1 -0.2251 0.8133
 1 -0.2262 0.8098
 1 -0.2273 0.8063
 1 -0.2284 0.8027
 1 -0.2294 0.7991
 1 -0.2303 0.7955
 1 -0.2312 0.7919
 1 -0.2320 0.7883
 1 -0.2328 0.7847
 1 -0.2335 0.7810
 1 -0.2341 0.7774
 1 -0.2347 0.7737
 1 -0.2353 0.7700
 1 -0.2357 0.7663
 1 -0.2362 0.7626
 1 -0.2365 0.7589
 1 -0.2368 0.7552
 1 -0.2371 0.7515
 1 -0.2373 0.7478
 1 -0.2374 0.7441
 1 -0.2375 0.7404
 1 -0.2375 0.7367
 1 -0.2375 0.7330
 1 -0.2374 0.7293
 1 -0.2372 0.7255
 1 -0.2370 0.7218
 1 -0.2367 0.7181
 1 -0.2364 0.7144
 1 -0.2360 0.7107
 1 -0.2355 0.7071
 1 -0.2350 0.7034
 1 -0.2345 0.6997
 1 -0.2339 0.6960
 1 -0.2332 0.6924
 1 -0.2324 0.6887
 1 -0.2317 0.6851
 1 -0.2308 0.6815
 1 -0.2299 0.6779
 1 -0.2289 0.6743
 1 -0.2279 0.6707
 1 -0.2269 0.6672
 1 -0.2257 0.6636
 1 -0.2245 0.6601
 1 -0.2233 0.6566
 1 -0.2220 0.6531
 1 -0.2207 0.6497
 1 -0.2193 0.6462
 1 -0.2178 0.6428
 1 -0.2163 0.6394
 1 -0.2147 0.6361
 1 -0.2131 0.6327
 1 -0.2115 0.6294
 1 -0.2098 0.6261
 1 -0.2080 0.6228
 1 -0.2062 0.6196
 1 -0.2043 0.6164
 1 -0.2024 0.6132
 1 -0.2004 0.6100
 1 -0.1984 0.6069
 1 -0.1963 0.6038
 1 -0.1942 0.6008
 1 -0.1920 0.5978
 1 -0.1898 0.5948
 1 -0.1876 0.5918
 1 -0.1853 0.5889
 1 -0.1829 0.5860
 1 -0.1805 0.5832
 1 -0.1781 0.5804
 1 -0.1756 0.5776
 1 -0.1731 0.5749
 1 -0.1705 0.5722
 1 -0.1679 0.5696
 1 -0.1653 0.5670
 1 -0.1626 0.5644
 1 -0.1599 0.5619
 1 -0.1571 0.5594
 1 -0.1543 0.5570
 1 -0.1515 0.5546
 1 -0.1486 0.5522
 1 -0.1457 0.5499
 1 -0.1427 0.5477
 1 -0.1397 0.5455
 1 -0.1367 0.5433
 1 -0.1337 0.5412
 1 -0.1306 0.5391
 1 -0.1275 0.5371
 1 -0.1243 0.5351
 1 -0.1211 0.5332
 1 -0.1179 0.5313
 1 -0.1147 0.5295
 1 -0.1114 0.5278
 1 -0.1081 0.5260
 1 -0.1048 0.5244
 1 -0.1014 0.5228
 1 -0.0981 0.5212
 1 -0.0947 0.5197
 1 -0.0913 0.5182
 1 -0.0878 0.5168
 1 -0.0844 0.5155
 1 -0.0809 0.5142
 1 -0.0774 0.5130
 1 -0.0739 0.5118
 1 -0.0703 0.5106
 1 -0.0668 0.5096
 1 -0.0632 0.5086
 1 -0.0596 0.5076
 1 -0.0560 0.5067
 1 -0.0524 0.5058
 1 -0.0488 0.5051
 1 -0.0451 0.5043
 1 -0.0415 0.5036
 1 -0.0378 0.5030
 1 -0.0341 0.5025
 1 -0.0304 0.5020
 1 -0.0268 0.5015
 1 -0.0231 0.5011
 1 -0.0194 0.5008
 1 -0.0157 0.5005
 1 -0.0120 0.5003
 1 -0.0082 0.5001
 1 -0.0045 0.5000
 1 -0.0008 0.5000
 1 0.0029 0.5000
 1 0.0066 0.5001
 1 0.0103 0.5002
 1 0.0140 0.5004
 1 0.0177 0.5007
 1 0.0214 0.5010
 1 0.0251 0.5013
 1 0.0288 0.5018
 1 0.0325 0.5022
 1 0.0362 0.5028
 1 0.0399 0.5034
 1 0.0435 0.5040
 1 0.0472 0.5047
 1 0.0508 0.5055
 1 0.0544 0.5063
 1 0.0580 0.5072
 1 0.0616 0.5081
 1 0.0652 0.5091
 1 0.0688 0.5102
 1 0.0723 0.5113
 1 0.0758 0.5124
 1 0.0793 0.5136
 1 0.0828 0.5149
 1 0.0863 0.5162
 1 0.0898 0.5176
 1 0.0932 0.5190
 1 0.0966 0.5205
 1 0.1000 0.5221
 1 0.1033 0.5237
 1 0.1067 0.5253
 1 0.1100 0.5270
 1 0.1132 0.5287
 1 0.1165 0.5305
 1 0.1197 0.5324
 1 0.1229 0.5343
 1 0.1261 0.5362
 1 0.1292 0.5382
 1 0.1323 0.5403
 1 0.1354 0.5424
 1 0.1384 0.5445
 1 0.1414 0.5467
 1 0.1444 0.5489
 1 0.1469 0.5509
 1 0.1498 0.5532
 1 0.1527 0.5556
 1 0.1555 0.5580
 1 0.1583 0.5605
 1 0.1611 0.5630
 1 0.1638 0.5655
 1 0.1665 0.5681
 1 0.1691 0.5707
 1 0.1717 0.5734
 1 0.1742 0.5761
 1 0.1767 0.5788
 1 0.1792 0.5816
 1 0.1816 0.5844
 1 0.1840 0.5873
 1 0.1863 0.5902
 1 0.1886 0.5931
112 1250 7
 0 0.1210 0.9077
 1 0.1210 0.8366
 1 -0.0472 0.8366
 1 -0.0472 0.8215
 1 -0.1181 0.8921
 1 -0.1181 0.9077
 1 0.1210 0.9077
112 1250 9
 0 -0.0472 0.6976
 1 -0.0042 0.6976
 1 -0.1181 0.8114
 1 -0.1181 0.5436
 1 0.1210 0.5436
 1 0.1210 0.5724
 1 0.0786 0.6147
 1 -0.0472 0.6147
 1 -0.0472 0.6976
112 1250 4
 0 0.0764 0.7694
 1 0.0764 0.6976
 1 0.0049 0.7694
 1 0.0764 0.7694
112 1462 38
 0 0.1886 0.5931
 1 -0.1444 0.9261
 1 -0.1469 0.9241
 1 -0.1498 0.9218
 1 -0.1527 0.9194
 1 -0.1555 0.9170
 1 -0.1583 0.9145
 1 -0.1611 0.9120
 1 -0.1638 0.9095
 1 -0.1665 0.9069
 1 -0.1691 0.9043
 1 -0.1717 0.9016
 1 -0.1742 0.8989
 1 -0.1767 0.8962
 1 -0.1792 0.8934
 1 -0.1816 0.8906
 1 -0.1840 0.8877
 1 -0.1863 0.8848
 1 -0.1886 0.8819
 1 -0.1886 0.8819
 1 0.1444 0.5489
 1 0.1469 0.5509
 1 0.1498 0.5532
 1 0.1527 0.5556
 1 0.1555 0.5580
 1 0.1583 0.5605
 1 0.1611 0.5630
 1 0.1638 0.5655
 1 0.1665 0.5681
 1 0.1691 0.5707
 1 0.1717 0.5734
 1 0.1742 0.5761
 1 0.1767 0.5788
 1 0.1792 0.5816
 1 0.1816 0.5844
 1 0.1840 0.5873
 1 0.1863 0.5902
 1 0.1886 0.5931
