SEcl_RPO-10
3343 13 1 1 0 0 0 0 0 0 1 1
1.000
112 1462 441
0 0.3000 0.3000
1 0.3000 0.3043
1 0.2999 0.3086
1 0.2997 0.3128
1 0.2995 0.3171
1 0.2993 0.3214
1 0.2989 0.3257
1 0.2985 0.3299
1 0.2981 0.3342
1 0.2975 0.3385
1 0.2970 0.3427
1 0.2963 0.3469
1 0.2956 0.3512
1 0.2949 0.3554
1 0.2940 0.3596
1 0.2932 0.3638
1 0.2922 0.3680
1 0.2912 0.3721
1 0.2902 0.3763
1 0.2890 0.3804
1 0.2879 0.3845
1 0.2866 0.3886
1 0.2853 0.3927
1 0.2840 0.3968
1 0.2826 0.4008
1 0.2811 0.4048
1 0.2796 0.4088
1 0.2780 0.4128
1 0.2764 0.4168
1 0.2747 0.4207
1 0.2729 0.4246
1 0.2711 0.4285
1 0.2692 0.4324
1 0.2673 0.4362
1 0.2653 0.4400
1 0.2633 0.4438
1 0.2612 0.4475
1 0.2591 0.4512
1 0.2569 0.4549
1 0.2547 0.4586
1 0.2524 0.4622
1 0.2501 0.4658
1 0.2477 0.4693
1 0.2452 0.4729
1 0.2427 0.4763
1 0.2402 0.4798
1 0.2376 0.4832
1 0.2349 0.4866
1 0.2323 0.4899
1 0.2295 0.4932
1 0.2267 0.4965
1 0.2239 0.4997
1 0.2210 0.5029
1 0.2181 0.5060
1 0.2152 0.5091
1 0.2121 0.5121
1 0.2091 0.5152
1 0.2060 0.5181
1 0.2029 0.5210
1 0.1997 0.5239
1 0.1965 0.5267
1 0.1932 0.5295
1 0.1899 0.5323
1 0.1866 0.5349
1 0.1832 0.5376
1 0.1798 0.5402
1 0.1763 0.5427
1 0.1729 0.5452
1 0.1693 0.5477
1 0.1658 0.5501
1 0.1622 0.5524
1 0.1586 0.5547
1 0.1549 0.5569
1 0.1512 0.5591
1 0.1475 0.5612
1 0.1438 0.5633
1 0.1400 0.5653
1 0.1362 0.5673
1 0.1324 0.5692
1 0.1285 0.5711
1 0.1246 0.5729
1 0.1207 0.5747
1 0.1168 0.5764
1 0.1128 0.5780
1 0.1088 0.5796
1 0.1048 0.5811
1 0.1008 0.5826
1 0.0968 0.5840
1 0.0927 0.5853
1 0.0886 0.5866
1 0.0845 0.5879
1 0.0804 0.5890
1 0.0763 0.5902
1 0.0721 0.5912
1 0.0680 0.5922
1 0.0638 0.5932
1 0.0596 0.5940
1 0.0554 0.5949
1 0.0512 0.5956
1 0.0469 0.5963
1 0.0427 0.5970
1 0.0385 0.5975
1 0.0342 0.5981
1 0.0299 0.5985
1 0.0257 0.5989
1 0.0214 0.5993
1 0.0171 0.5995
1 0.0128 0.5997
1 0.0086 0.5999
1 0.0043 0.6000
1 0.0000 0.6000
1 -0.0043 0.6000
1 -0.0086 0.5999
1 -0.0128 0.5997
1 -0.0171 0.5995
1 -0.0214 0.5993
1 -0.0257 0.5989
1 -0.0299 0.5985
1 -0.0342 0.5981
1 -0.0385 0.5975
1 -0.0427 0.5970
1 -0.0469 0.5963
1 -0.0512 0.5956
1 -0.0554 0.5949
1 -0.0596 0.5940
1 -0.0638 0.5932
1 -0.0680 0.5922
1 -0.0721 0.5912
1 -0.0763 0.5902
1 -0.0804 0.5890
1 -0.0845 0.5879
1 -0.0886 0.5866
1 -0.0927 0.5853
1 -0.0968 0.5840
1 -0.1008 0.5826
1 -0.1048 0.5811
1 -0.1088 0.5796
1 -0.1128 0.5780
1 -0.1168 0.5764
1 -0.1207 0.5747
1 -0.1246 0.5729
1 -0.1285 0.5711
1 -0.1324 0.5692
1 -0.1362 0.5673
1 -0.1400 0.5653
1 -0.1438 0.5633
1 -0.1475 0.5612
1 -0.1512 0.5591
1 -0.1549 0.5569
1 -0.1586 0.5547
1 -0.1622 0.5524
1 -0.1658 0.5501
1 -0.1693 0.5477
1 -0.1729 0.5452
1 -0.1763 0.5427
1 -0.1798 0.5402
1 -0.1832 0.5376
1 -0.1866 0.5349
1 -0.1899 0.5323
1 -0.1932 0.5295
1 -0.1965 0.5267
1 -0.1997 0.5239
1 -0.2029 0.5210
1 -0.2060 0.5181
1 -0.2091 0.5152
1 -0.2121 0.5121
1 -0.2152 0.5091
1 -0.2181 0.5060
1 -0.2210 0.5029
1 -0.2239 0.4997
1 -0.2267 0.4965
1 -0.2295 0.4932
1 -0.2323 0.4899
1 -0.2349 0.4866
1 -0.2376 0.4832
1 -0.2402 0.4798
1 -0.2427 0.4763
1 -0.2452 0.4729
1 -0.2477 0.4693
1 -0.2501 0.4658
1 -0.2524 0.4622
1 -0.2547 0.4586
1 -0.2569 0.4549
1 -0.2591 0.4512
1 -0.2612 0.4475
1 -0.2633 0.4438
1 -0.2653 0.4400
1 -0.2673 0.4362
1 -0.2692 0.4324
1 -0.2711 0.4285
1 -0.2729 0.4246
1 -0.2747 0.4207
1 -0.2764 0.4168
1 -0.2780 0.4128
1 -0.2796 0.4088
1 -0.2811 0.4048
1 -0.2826 0.4008
1 -0.2840 0.3968
1 -0.2853 0.3927
1 -0.2866 0.3886
1 -0.2879 0.3845
1 -0.2890 0.3804
1 -0.2902 0.3763
1 -0.2912 0.3721
1 -0.2922 0.3680
1 -0.2932 0.3638
1 -0.2940 0.3596
1 -0.2949 0.3554
1 -0.2956 0.3512
1 -0.2963 0.3469
1 -0.2970 0.3427
1 -0.2975 0.3385
1 -0.2981 0.3342
1 -0.2985 0.3299
1 -0.2989 0.3257
1 -0.2993 0.3214
1 -0.2995 0.3171
1 -0.2997 0.3128
1 -0.2999 0.3086
1 -0.3000 0.3043
1 -0.3000 0.3000
1 -0.3000 0.2957
1 -0.2999 0.2914
1 -0.2997 0.2872
1 -0.2995 0.2829
1 -0.2993 0.2786
1 -0.2989 0.2743
1 -0.2985 0.2701
1 -0.2981 0.2658
1 -0.2975 0.2615
1 -0.2970 0.2573
1 -0.2963 0.2531
1 -0.2956 0.2488
1 -0.2949 0.2446
1 -0.2940 0.2404
1 -0.2932 0.2362
1 -0.2922 0.2320
1 -0.2912 0.2279
1 -0.2902 0.2237
1 -0.2890 0.2196
1 -0.2879 0.2155
1 -0.2866 0.2114
1 -0.2853 0.2073
1 -0.2840 0.2032
1 -0.2826 0.1992
1 -0.2811 0.1952
1 -0.2796 0.1912
1 -0.2780 0.1872
1 -0.2764 0.1832
1 -0.2747 0.1793
1 -0.2729 0.1754
1 -0.2711 0.1715
1 -0.2692 0.1676
1 -0.2673 0.1638
1 -0.2653 0.1600
1 -0.2633 0.1562
1 -0.2612 0.1525
1 -0.2591 0.1488
1 -0.2569 0.1451
1 -0.2547 0.1414
1 -0.2524 0.1378
1 -0.2501 0.1342
1 -0.2477 0.1307
1 -0.2452 0.1271
1 -0.2427 0.1237
1 -0.2402 0.1202
1 -0.2376 0.1168
1 -0.2349 0.1134
1 -0.2323 0.1101
1 -0.2295 0.1068
1 -0.2267 0.1035
1 -0.2239 0.1003
1 -0.2210 0.0971
1 -0.2181 0.0940
1 -0.2152 0.0909
1 -0.2121 0.0879
1 -0.2091 0.0848
1 -0.2060 0.0819
1 -0.2029 0.0790
1 -0.1997 0.0761
1 -0.1965 0.0733
1 -0.1932 0.0705
1 -0.1899 0.0677
1 -0.1866 0.0651
1 -0.1832 0.0624
1 -0.1798 0.0598
1 -0.1763 0.0573
1 -0.1729 0.0548
1 -0.1693 0.0523
1 -0.1658 0.0499
1 -0.1622 0.0476
1 -0.1586 0.0453
1 -0.1549 0.0431
1 -0.1512 0.0409
1 -0.1475 0.0388
1 -0.1438 0.0367
1 -0.1400 0.0347
1 -0.1362 0.0327
1 -0.1324 0.0308
1 -0.1285 0.0289
1 -0.1246 0.0271
1 -0.1207 0.0253
1 -0.1168 0.0236
1 -0.1128 0.0220
1 -0.1088 0.0204
1 -0.1048 0.0189
1 -0.1008 0.0174
1 -0.0968 0.0160
1 -0.0927 0.0147
1 -0.0886 0.0134
1 -0.0845 0.0121
1 -0.0804 0.0110
1 -0.0763 0.0098
1 -0.0721 0.0088
1 -0.0680 0.0078
1 -0.0638 0.0068
1 -0.0596 0.0060
1 -0.0554 0.0051
1 -0.0512 0.0044
1 -0.0469 0.0037
1 -0.0427 0.0030
1 -0.0385 0.0025
1 -0.0342 0.0019
1 -0.0299 0.0015
1 -0.0257 0.0011
1 -0.0214 0.0007
1 -0.0171 0.0005
1 -0.0128 0.0003
1 -0.0086 0.0001
1 -0.0043 -0.0000
1 0.0000 -0.0000
1 0.0043 -0.0000
1 0.0086 0.0001
1 0.0128 0.0003
1 0.0171 0.0005
1 0.0214 0.0007
1 0.0257 0.0011
1 0.0299 0.0015
1 0.0342 0.0019
1 0.0385 0.0025
1 0.0427 0.0030
1 0.0469 0.0037
1 0.0512 0.0044
1 0.0554 0.0051
1 0.0596 0.0060
1 0.0638 0.0068
1 0.0680 0.0078
1 0.0721 0.0088
1 0.0763 0.0098
1 0.0804 0.0110
1 0.0845 0.0121
1 0.0886 0.0134
1 0.0927 0.0147
1 0.0968 0.0160
1 0.1008 0.0174
1 0.1048 0.0189
1 0.1088 0.0204
1 0.1128 0.0220
1 0.1168 0.0236
1 0.1207 0.0253
1 0.1246 0.0271
1 0.1285 0.0289
1 0.1324 0.0308
1 0.1362 0.0327
1 0.1400 0.0347
1 0.1438 0.0367
1 0.1475 0.0388
1 0.1512 0.0409
1 0.1549 0.0431
1 0.1586 0.0453
1 0.1622 0.0476
1 0.1658 0.0499
1 0.1693 0.0523
1 0.1729 0.0548
1 0.1763 0.0573
1 0.1798 0.0598
1 0.1832 0.0624
1 0.1866 0.0651
1 0.1899 0.0677
1 0.1932 0.0705
1 0.1965 0.0733
1 0.1997 0.0761
1 0.2029 0.0790
1 0.2060 0.0819
1 0.2091 0.0848
1 0.2121 0.0879
1 0.2152 0.0909
1 0.2181 0.0940
1 0.2210 0.0971
1 0.2239 0.1003
1 0.2267 0.1035
1 0.2295 0.1068
1 0.2323 0.1101
1 0.2349 0.1134
1 0.2376 0.1168
1 0.2402 0.1202
1 0.2427 0.1237
1 0.2452 0.1271
1 0.2477 0.1307
1 0.2501 0.1342
1 0.2524 0.1378
1 0.2547 0.1414
1 0.2569 0.1451
1 0.2591 0.1488
1 0.2612 0.1525
1 0.2633 0.1562
1 0.2653 0.1600
1 0.2673 0.1638
1 0.2692 0.1676
1 0.2711 0.1715
1 0.2729 0.1754
1 0.2747 0.1793
1 0.2764 0.1832
1 0.2780 0.1872
1 0.2796 0.1912
1 0.2811 0.1952
1 0.2826 0.1992
1 0.2840 0.2032
1 0.2853 0.2073
1 0.2866 0.2114
1 0.2879 0.2155
1 0.2890 0.2196
1 0.2902 0.2237
1 0.2912 0.2279
1 0.2922 0.2320
1 0.2932 0.2362
1 0.2940 0.2404
1 0.2949 0.2446
1 0.2956 0.2488
1 0.2963 0.2531
1 0.2970 0.2573
1 0.2975 0.2615
1 0.2981 0.2658
1 0.2985 0.2701
1 0.2989 0.2743
1 0.2993 0.2786
1 0.2995 0.2829
1 0.2997 0.2872
1 0.2999 0.2914
1 0.3000 0.2957
1 0.3000 0.3000
112 1251 355
0 0.1810 0.1614
1 0.1833 0.1644
1 0.1855 0.1674
1 0.1876 0.1704
1 0.1897 0.1735
1 0.1918 0.1766
1 0.1937 0.1798
1 0.1957 0.1830
1 0.1976 0.1862
1 0.1994 0.1894
1 0.2012 0.1927
1 0.2029 0.1960
1 0.2046 0.1993
1 0.2062 0.2027
1 0.2078 0.2061
1 0.2093 0.2095
1 0.2107 0.2129
1 0.2121 0.2164
1 0.2135 0.2199
1 0.2148 0.2234
1 0.2160 0.2269
1 0.2171 0.2304
1 0.2182 0.2340
1 0.2193 0.2376
1 0.2203 0.2412
1 0.2212 0.2448
1 0.2221 0.2484
1 0.2229 0.2520
1 0.2237 0.2557
1 0.2244 0.2593
1 0.2250 0.2630
1 0.2256 0.2667
1 0.2261 0.2704
1 0.2265 0.2741
1 0.2269 0.2778
1 0.2273 0.2815
1 0.2275 0.2852
1 0.2277 0.2890
1 0.2279 0.2927
1 0.2280 0.2964
1 0.2280 0.3001
1 0.2280 0.3039
1 0.2279 0.3076
1 0.2277 0.3113
1 0.2275 0.3150
1 0.2272 0.3188
1 0.2269 0.3225
1 0.2265 0.3262
1 0.2261 0.3299
1 0.2255 0.3336
1 0.2250 0.3372
1 0.2243 0.3409
1 0.2236 0.3446
1 0.2229 0.3482
1 0.2220 0.3519
1 0.2212 0.3555
1 0.2202 0.3591
1 0.2192 0.3627
1 0.2182 0.3663
1 0.2171 0.3698
1 0.2159 0.3734
1 0.2147 0.3769
1 0.2134 0.3804
1 0.2120 0.3839
1 0.2106 0.3873
1 0.2092 0.3908
1 0.2077 0.3942
1 0.2061 0.3975
1 0.2045 0.4009
1 0.2028 0.4042
1 0.2011 0.4075
1 0.1993 0.4108
1 0.1974 0.4140
1 0.1956 0.4173
1 0.1936 0.4204
1 0.1916 0.4236
1 0.1896 0.4267
1 0.1875 0.4298
1 0.1853 0.4328
1 0.1831 0.4358
1 0.1809 0.4388
1 0.1786 0.4418
1 0.1762 0.4447
1 0.1739 0.4475
1 0.1714 0.4503
1 0.1689 0.4531
1 0.1664 0.4559
1 0.1638 0.4586
1 0.1612 0.4612
1 0.1586 0.4638
1 0.1559 0.4664
1 0.1531 0.4689
1 0.1503 0.4714
1 0.1475 0.4739
1 0.1447 0.4762
1 0.1418 0.4786
1 0.1388 0.4809
1 0.1358 0.4831
1 0.1328 0.4853
1 0.1298 0.4875
1 0.1267 0.4896
1 0.1236 0.4916
1 0.1204 0.4936
1 0.1173 0.4956
1 0.1140 0.4974
1 0.1108 0.4993
1 0.1075 0.5011
1 0.1042 0.5028
1 0.1009 0.5045
1 0.0975 0.5061
1 0.0942 0.5077
1 0.0908 0.5092
1 0.0873 0.5106
1 0.0839 0.5120
1 0.0804 0.5134
1 0.0769 0.5147
1 0.0734 0.5159
1 0.0698 0.5171
1 0.0663 0.5182
1 0.0627 0.5192
1 0.0591 0.5202
1 0.0555 0.5212
1 0.0519 0.5220
1 0.0482 0.5229
1 0.0446 0.5236
1 0.0409 0.5243
1 0.0372 0.5250
1 0.0336 0.5255
1 0.0299 0.5261
1 0.0262 0.5265
1 0.0225 0.5269
1 0.0188 0.5272
1 0.0150 0.5275
1 0.0113 0.5277
1 0.0076 0.5279
1 0.0039 0.5280
1 0.0001 0.5280
1 -0.0036 0.5280
1 -0.0073 0.5279
1 -0.0110 0.5277
1 -0.0148 0.5275
1 -0.0185 0.5273
1 -0.0222 0.5269
1 -0.0259 0.5265
1 -0.0296 0.5261
1 -0.0333 0.5256
1 -0.0370 0.5250
1 -0.0407 0.5244
1 -0.0443 0.5237
1 -0.0480 0.5229
1 -0.0516 0.5221
1 -0.0552 0.5212
1 -0.0588 0.5203
1 -0.0624 0.5193
1 -0.0660 0.5182
1 -0.0696 0.5171
1 -0.0731 0.5160
1 -0.0766 0.5147
1 -0.0801 0.5135
1 -0.0836 0.5121
1 -0.0871 0.5107
1 -0.0905 0.5093
1 -0.0939 0.5078
1 -0.0973 0.5062
1 -0.1007 0.5046
1 -0.1040 0.5029
1 -0.1073 0.5012
1 -0.1106 0.4994
1 -0.1138 0.4976
1 -0.1170 0.4957
1 -0.1202 0.4937
1 -0.1234 0.4918
1 -0.1265 0.4897
1 -0.1296 0.4876
1 -0.1326 0.4855
1 -0.1356 0.4833
1 -0.1386 0.4810
1 -0.1810 0.4386
1 -0.1833 0.4356
1 -0.1855 0.4326
1 -0.1876 0.4296
1 -0.1897 0.4265
1 -0.1918 0.4234
1 -0.1937 0.4202
1 -0.1957 0.4170
1 -0.1976 0.4138
1 -0.1994 0.4106
1 -0.2012 0.4073
1 -0.2029 0.4040
1 -0.2046 0.4007
1 -0.2062 0.3973
1 -0.2078 0.3939
1 -0.2093 0.3905
1 -0.2107 0.3871
1 -0.2121 0.3836
1 -0.2135 0.3801
1 -0.2147 0.3766
1 -0.2160 0.3731
1 -0.2171 0.3696
1 -0.2182 0.3660
1 -0.2193 0.3624
1 -0.2203 0.3588
1 -0.2212 0.3552
1 -0.2221 0.3516
1 -0.2229 0.3480
1 -0.2237 0.3443
1 -0.2244 0.3407
1 -0.2250 0.3370
1 -0.2256 0.3333
1 -0.2261 0.3296
1 -0.2265 0.3259
1 -0.2269 0.3222
1 -0.2273 0.3185
1 -0.2275 0.3148
1 -0.2277 0.3110
1 -0.2279 0.3073
1 -0.2280 0.3036
1 -0.2280 0.2999
1 -0.2280 0.2961
1 -0.2279 0.2924
1 -0.2277 0.2887
1 -0.2275 0.2850
1 -0.2272 0.2812
1 -0.2269 0.2775
1 -0.2265 0.2738
1 -0.2261 0.2701
1 -0.2255 0.2664
1 -0.2250 0.2628
1 -0.2243 0.2591
1 -0.2236 0.2554
1 -0.2229 0.2518
1 -0.2220 0.2481
1 -0.2212 0.2445
1 -0.2202 0.2409
1 -0.2192 0.2373
1 -0.2182 0.2337
1 -0.2171 0.2302
1 -0.2159 0.2266
1 -0.2147 0.2231
1 -0.2134 0.2196
1 -0.2120 0.2161
1 -0.2106 0.2127
1 -0.2092 0.2092
1 -0.2077 0.2058
1 -0.2061 0.2025
1 -0.2045 0.1991
1 -0.2028 0.1958
1 -0.2011 0.1925
1 -0.1993 0.1892
1 -0.1974 0.1860
1 -0.1956 0.1827
1 -0.1936 0.1796
1 -0.1916 0.1764
1 -0.1896 0.1733
1 -0.1875 0.1702
1 -0.1853 0.1672
1 -0.1831 0.1642
1 -0.1809 0.1612
1 -0.1786 0.1582
1 -0.1762 0.1553
1 -0.1739 0.1525
1 -0.1714 0.1497
1 -0.1689 0.1469
1 -0.1664 0.1441
1 -0.1638 0.1414
1 -0.1612 0.1388
1 -0.1586 0.1362
1 -0.1559 0.1336
1 -0.1531 0.1311
1 -0.1503 0.1286
1 -0.1475 0.1261
1 -0.1447 0.1238
1 -0.1418 0.1214
1 -0.1388 0.1191
1 -0.1358 0.1169
1 -0.1328 0.1147
1 -0.1298 0.1125
1 -0.1267 0.1104
1 -0.1236 0.1084
1 -0.1204 0.1064
1 -0.1173 0.1044
1 -0.1140 0.1026
1 -0.1108 0.1007
1 -0.1075 0.0989
1 -0.1042 0.0972
1 -0.1009 0.0955
1 -0.0975 0.0939
1 -0.0942 0.0923
1 -0.0908 0.0908
1 -0.0873 0.0894
1 -0.0839 0.0880
1 -0.0804 0.0866
1 -0.0769 0.0853
1 -0.0734 0.0841
1 -0.0698 0.0829
1 -0.0663 0.0818
1 -0.0627 0.0808
1 -0.0591 0.0798
1 -0.0555 0.0788
1 -0.0519 0.0780
1 -0.0482 0.0771
1 -0.0446 0.0764
1 -0.0409 0.0757
1 -0.0372 0.0750
1 -0.0336 0.0745
1 -0.0299 0.0739
1 -0.0262 0.0735
1 -0.0225 0.0731
1 -0.0188 0.0728
1 -0.0150 0.0725
1 -0.0113 0.0723
1 -0.0076 0.0721
1 -0.0039 0.0720
1 -0.0001 0.0720
1 0.0036 0.0720
1 0.0073 0.0721
1 0.0110 0.0723
1 0.0148 0.0725
1 0.0185 0.0727
1 0.0222 0.0731
1 0.0259 0.0735
1 0.0296 0.0739
1 0.0333 0.0744
1 0.0370 0.0750
1 0.0407 0.0756
1 0.0443 0.0763
1 0.0480 0.0771
1 0.0516 0.0779
1 0.0552 0.0788
1 0.0588 0.0797
1 0.0624 0.0807
1 0.0660 0.0818
1 0.0696 0.0829
1 0.0731 0.0840
1 0.0766 0.0853
1 0.0801 0.0865
1 0.0836 0.0879
1 0.0871 0.0893
1 0.0905 0.0907
1 0.0939 0.0922
1 0.0973 0.0938
1 0.1007 0.0954
1 0.1040 0.0971
1 0.1073 0.0988
1 0.1106 0.1006
1 0.1138 0.1024
1 0.1170 0.1043
1 0.1202 0.1063
1 0.1234 0.1082
1 0.1265 0.1103
1 0.1296 0.1124
1 0.1326 0.1145
1 0.1356 0.1167
1 0.1386 0.1190
1 0.1810 0.1614
112 1250 173
0 -0.0816 0.2472
1 -0.0816 0.2489
1 -0.0817 0.2505
1 -0.0819 0.2522
1 -0.0821 0.2538
1 -0.0824 0.2555
1 -0.0827 0.2571
1 -0.0831 0.2587
1 -0.0835 0.2603
1 -0.0840 0.2619
1 -0.0846 0.2635
1 -0.0852 0.2650
1 -0.0859 0.2666
1 -0.0867 0.2680
1 -0.0874 0.2695
1 -0.0883 0.2710
1 -0.0892 0.2724
1 -0.0901 0.2737
1 -0.0911 0.2751
1 -0.0922 0.2764
1 -0.0932 0.2776
1 -0.0944 0.2788
1 -0.0956 0.2800
1 -0.0968 0.2812
1 -0.0980 0.2822
1 -0.0993 0.2833
1 -0.1007 0.2843
1 -0.1020 0.2852
1 -0.1035 0.2861
1 -0.1049 0.2870
1 -0.1064 0.2878
1 -0.1079 0.2885
1 -0.1094 0.2892
1 -0.1109 0.2898
1 -0.1125 0.2904
1 -0.1141 0.2909
1 -0.1157 0.2913
1 -0.1173 0.2917
1 -0.1189 0.2920
1 -0.1206 0.2923
1 -0.1222 0.2925
1 -0.1239 0.2927
1 -0.1255 0.2928
1 -0.1272 0.2928
1 -0.1289 0.2928
1 -0.1305 0.2927
1 -0.1322 0.2925
1 -0.1338 0.2923
1 -0.1355 0.2920
1 -0.1371 0.2917
1 -0.1387 0.2913
1 -0.1403 0.2909
1 -0.1419 0.2904
1 -0.1435 0.2898
1 -0.1450 0.2892
1 -0.1466 0.2885
1 -0.1481 0.2878
1 -0.1495 0.2870
1 -0.1510 0.2861
1 -0.1524 0.2852
1 -0.1537 0.2843
1 -0.1551 0.2833
1 -0.1564 0.2822
1 -0.1576 0.2812
1 -0.1589 0.2800
1 -0.1600 0.2788
1 -0.1612 0.2776
1 -0.1623 0.2764
1 -0.1633 0.2751
1 -0.1643 0.2737
1 -0.1652 0.2724
1 -0.1661 0.2710
1 -0.1670 0.2695
1 -0.1678 0.2680
1 -0.1685 0.2666
1 -0.1692 0.2650
1 -0.1698 0.2635
1 -0.1704 0.2619
1 -0.1709 0.2603
1 -0.1713 0.2587
1 -0.1717 0.2571
1 -0.1721 0.2555
1 -0.1723 0.2538
1 -0.1725 0.2522
1 -0.1727 0.2505
1 -0.1728 0.2489
1 -0.1728 0.2472
1 -0.1728 0.2455
1 -0.1727 0.2439
1 -0.1725 0.2422
1 -0.1723 0.2406
1 -0.1721 0.2389
1 -0.1717 0.2373
1 -0.1713 0.2357
1 -0.1709 0.2341
1 -0.1704 0.2325
1 -0.1698 0.2309
1 -0.1692 0.2294
1 -0.1685 0.2278
1 -0.1678 0.2263
1 -0.1670 0.2249
1 -0.1661 0.2234
1 -0.1652 0.2220
1 -0.1643 0.2207
1 -0.1633 0.2193
1 -0.1623 0.2180
1 -0.1612 0.2168
1 -0.1600 0.2155
1 -0.1589 0.2144
1 -0.1576 0.2132
1 -0.1564 0.2121
1 -0.1551 0.2111
1 -0.1537 0.2101
1 -0.1524 0.2092
1 -0.1510 0.2083
1 -0.1495 0.2074
1 -0.1481 0.2066
1 -0.1466 0.2059
1 -0.1450 0.2052
1 -0.1435 0.2046
1 -0.1419 0.2040
1 -0.1403 0.2035
1 -0.1387 0.2031
1 -0.1371 0.2027
1 -0.1355 0.2024
1 -0.1338 0.2021
1 -0.1322 0.2019
1 -0.1305 0.2017
1 -0.1289 0.2016
1 -0.1272 0.2016
1 -0.1255 0.2016
1 -0.1239 0.2017
1 -0.1222 0.2019
1 -0.1206 0.2021
1 -0.1189 0.2024
1 -0.1173 0.2027
1 -0.1157 0.2031
1 -0.1141 0.2035
1 -0.1125 0.2040
1 -0.1109 0.2046
1 -0.1094 0.2052
1 -0.1079 0.2059
1 -0.1064 0.2066
1 -0.1049 0.2074
1 -0.1035 0.2083
1 -0.1020 0.2092
1 -0.1007 0.2101
1 -0.0993 0.2111
1 -0.0980 0.2121
1 -0.0968 0.2132
1 -0.0956 0.2144
1 -0.0944 0.2155
1 -0.0932 0.2168
1 -0.0922 0.2180
1 -0.0911 0.2193
1 -0.0901 0.2207
1 -0.0892 0.2220
1 -0.0883 0.2234
1 -0.0874 0.2249
1 -0.0867 0.2263
1 -0.0859 0.2278
1 -0.0852 0.2294
1 -0.0846 0.2309
1 -0.0840 0.2325
1 -0.0835 0.2341
1 -0.0831 0.2357
1 -0.0827 0.2373
1 -0.0824 0.2389
1 -0.0821 0.2406
1 -0.0819 0.2422
1 -0.0817 0.2439
1 -0.0816 0.2455
1 -0.0816 0.2472
112 1251 137
0 -0.0996 0.2472
1 -0.0996 0.2485
1 -0.0997 0.2497
1 -0.0999 0.2510
1 -0.1001 0.2523
1 -0.1003 0.2535
1 -0.1007 0.2547
1 -0.1010 0.2560
1 -0.1015 0.2572
1 -0.1020 0.2583
1 -0.1025 0.2595
1 -0.1031 0.2606
1 -0.1037 0.2617
1 -0.1044 0.2628
1 -0.1052 0.2638
1 -0.1060 0.2648
1 -0.1068 0.2658
1 -0.1077 0.2667
1 -0.1086 0.2676
1 -0.1096 0.2684
1 -0.1106 0.2692
1 -0.1116 0.2700
1 -0.1127 0.2707
1 -0.1138 0.2713
1 -0.1149 0.2719
1 -0.1161 0.2724
1 -0.1172 0.2729
1 -0.1184 0.2734
1 -0.1197 0.2737
1 -0.1209 0.2741
1 -0.1221 0.2743
1 -0.1234 0.2745
1 -0.1247 0.2747
1 -0.1259 0.2748
1 -0.1272 0.2748
1 -0.1285 0.2748
1 -0.1298 0.2747
1 -0.1310 0.2745
1 -0.1323 0.2743
1 -0.1335 0.2741
1 -0.1348 0.2737
1 -0.1360 0.2734
1 -0.1372 0.2729
1 -0.1384 0.2724
1 -0.1395 0.2719
1 -0.1406 0.2713
1 -0.1417 0.2707
1 -0.1428 0.2700
1 -0.1438 0.2692
1 -0.1448 0.2684
1 -0.1458 0.2676
1 -0.1467 0.2667
1 -0.1476 0.2658
1 -0.1484 0.2648
1 -0.1492 0.2638
1 -0.1500 0.2628
1 -0.1507 0.2617
1 -0.1513 0.2606
1 -0.1519 0.2595
1 -0.1525 0.2583
1 -0.1529 0.2572
1 -0.1534 0.2560
1 -0.1538 0.2547
1 -0.1541 0.2535
1 -0.1543 0.2523
1 -0.1545 0.2510
1 -0.1547 0.2497
1 -0.1548 0.2485
1 -0.1548 0.2472
1 -0.1548 0.2459
1 -0.1547 0.2446
1 -0.1545 0.2434
1 -0.1543 0.2421
1 -0.1541 0.2409
1 -0.1538 0.2396
1 -0.1534 0.2384
1 -0.1529 0.2372
1 -0.1525 0.2360
1 -0.1519 0.2349
1 -0.1513 0.2338
1 -0.1507 0.2327
1 -0.1500 0.2316
1 -0.1492 0.2306
1 -0.1484 0.2296
1 -0.1476 0.2286
1 -0.1467 0.2277
1 -0.1458 0.2268
1 -0.1448 0.2260
1 -0.1438 0.2252
1 -0.1428 0.2244
1 -0.1417 0.2237
1 -0.1406 0.2231
1 -0.1395 0.2225
1 -0.1384 0.2219
1 -0.1372 0.2215
1 -0.1360 0.2210
1 -0.1348 0.2206
1 -0.1335 0.2203
1 -0.1323 0.2201
1 -0.1310 0.2199
1 -0.1298 0.2197
1 -0.1285 0.2196
1 -0.1272 0.2196
1 -0.1259 0.2196
1 -0.1247 0.2197
1 -0.1234 0.2199
1 -0.1221 0.2201
1 -0.1209 0.2203
1 -0.1197 0.2206
1 -0.1184 0.2210
1 -0.1172 0.2215
1 -0.1161 0.2219
1 -0.1149 0.2225
1 -0.1138 0.2231
1 -0.1127 0.2237
1 -0.1116 0.2244
1 -0.1106 0.2252
1 -0.1096 0.2260
1 -0.1086 0.2268
1 -0.1077 0.2277
1 -0.1068 0.2286
1 -0.1060 0.2296
1 -0.1052 0.2306
1 -0.1044 0.2316
1 -0.1037 0.2327
1 -0.1031 0.2338
1 -0.1025 0.2349
1 -0.1020 0.2360
1 -0.1015 0.2372
1 -0.1010 0.2384
1 -0.1007 0.2396
1 -0.1003 0.2409
1 -0.1001 0.2421
1 -0.0999 0.2434
1 -0.0997 0.2446
1 -0.0996 0.2459
1 -0.0996 0.2472
112 1250 150
0 0.1387 0.2037
1 0.1407 0.2042
1 0.1427 0.2048
1 0.1447 0.2055
1 0.1467 0.2062
1 0.1487 0.2069
1 0.1506 0.2077
1 0.1525 0.2086
1 0.1544 0.2095
1 0.1562 0.2105
1 0.1580 0.2115
1 0.1598 0.2126
1 0.1616 0.2137
1 0.1633 0.2149
1 0.1650 0.2161
1 0.1667 0.2174
1 0.1683 0.2187
1 0.1699 0.2201
1 0.1714 0.2215
1 0.1729 0.2230
1 0.1744 0.2245
1 0.1758 0.2260
1 0.1772 0.2276
1 0.1785 0.2292
1 0.1798 0.2309
1 0.1810 0.2326
1 0.1822 0.2343
1 0.1833 0.2361
1 0.1844 0.2378
1 0.1854 0.2397
1 0.1864 0.2415
1 0.1873 0.2434
1 0.1882 0.2453
1 0.1890 0.2472
1 0.1898 0.2492
1 0.1905 0.2511
1 0.1911 0.2531
1 0.1917 0.2551
1 0.1923 0.2572
1 0.1927 0.2592
1 0.1931 0.2612
1 0.1935 0.2633
1 0.1938 0.2654
1 0.1940 0.2675
1 0.1942 0.2695
1 0.1943 0.2716
1 0.1944 0.2737
1 0.1944 0.2758
1 0.1943 0.2779
1 0.1942 0.2800
1 0.1941 0.2821
1 0.1938 0.2842
1 0.1935 0.2862
1 0.1932 0.2883
1 0.1927 0.2903
1 0.1923 0.2924
1 0.1917 0.2944
1 0.1912 0.2964
1 0.1905 0.2984
1 0.1898 0.3004
1 0.1890 0.3023
1 0.1882 0.3042
1 0.1874 0.3061
1 0.1864 0.3080
1 0.1855 0.3099
1 0.1844 0.3117
1 0.1834 0.3135
1 0.1822 0.3152
1 0.1810 0.3170
1 0.1798 0.3187
1 0.1785 0.3203
1 0.1772 0.3219
1 0.1758 0.3235
1 0.1744 0.3251
1 0.1730 0.3266
1 0.1715 0.3280
1 0.1699 0.3294
1 0.1683 0.3308
1 0.1667 0.3321
1 0.1651 0.3334
1 0.1634 0.3346
1 0.1617 0.3358
1 0.1599 0.3369
1 0.1581 0.3380
1 0.1563 0.3391
1 0.1544 0.3400
1 0.1526 0.3410
1 0.1506 0.3418
1 0.1487 0.3426
1 0.1468 0.3434
1 0.1448 0.3441
1 0.1428 0.3447
1 0.1408 0.3453
1 0.1388 0.3459
1 0.1367 0.3463
1 0.1347 0.3467
1 0.1326 0.3471
1 0.1306 0.3474
1 0.1285 0.3476
1 0.1264 0.3478
1 0.1243 0.3479
1 0.1222 0.3480
1 0.1201 0.3480
1 0.1180 0.3479
1 0.1159 0.3478
1 0.1139 0.3476
1 0.1118 0.3474
1 0.1097 0.3471
1 0.1077 0.3467
1 0.1056 0.3463
1 0.1036 0.3458
1 0.1015 0.3453
1 0.0995 0.3447
1 0.0975 0.3441
1 0.0956 0.3434
1 0.0936 0.3426
1 0.0917 0.3418
1 0.0898 0.3409
1 0.0879 0.3400
1 0.0861 0.3390
1 0.0843 0.3380
1 0.0825 0.3369
1 0.0807 0.3358
1 0.0790 0.3346
1 0.0773 0.3334
1 0.0756 0.3321
1 0.0740 0.3308
1 0.0724 0.3294
1 0.0709 0.3280
1 0.0694 0.3265
1 0.0679 0.3250
1 0.0665 0.3235
1 0.0652 0.3219
1 0.0638 0.3203
1 0.0626 0.3186
1 0.0613 0.3169
1 0.0602 0.3152
1 0.0590 0.3134
1 0.0579 0.3116
1 0.0569 0.3098
1 0.0559 0.3080
1 0.0550 0.3061
1 0.0542 0.3042
1 0.0533 0.3022
1 0.0526 0.3003
1 0.0519 0.2983
1 0.0512 0.2963
1 0.0507 0.2943
1 0.0501 0.2923
1 0.1387 0.2037
112 1250 20
0 -0.0352 0.2928
1 -0.0961 0.2928
1 -0.0948 0.2919
1 -0.0935 0.2909
1 -0.0923 0.2899
1 -0.0911 0.2889
1 -0.0899 0.2879
1 -0.0887 0.2868
1 -0.0876 0.2856
1 -0.0865 0.2845
1 -0.0854 0.2833
1 -0.0844 0.2821
1 -0.0834 0.2808
1 -0.0825 0.2796
1 -0.0816 0.2783
1 -0.0807 0.2769
1 -0.0799 0.2756
1 -0.0791 0.2742
1 -0.0166 0.2742
1 -0.0352 0.2928
112 1250 5
0 -0.1264 0.3840
1 -0.1678 0.3840
1 -0.1536 0.3000
1 -0.0424 0.3000
1 -0.1264 0.3840
112 1250 12
0 -0.0416 0.3840
1 0.0039 0.3385
1 -0.0003 0.3671
1 0.0198 0.3793
1 0.0275 0.3660
1 0.0326 0.3691
1 0.0143 0.4008
1 0.0092 0.3977
1 0.0168 0.3845
1 -0.0013 0.3736
1 -0.0028 0.3840
1 -0.0416 0.3840
112 1251 157
0 0.1584 0.2748
1 0.1584 0.2763
1 0.1583 0.2778
1 0.1581 0.2793
1 0.1579 0.2808
1 0.1577 0.2822
1 0.1573 0.2837
1 0.1569 0.2851
1 0.1565 0.2866
1 0.1560 0.2880
1 0.1554 0.2894
1 0.1548 0.2907
1 0.1541 0.2921
1 0.1534 0.2934
1 0.1527 0.2947
1 0.1518 0.2959
1 0.1509 0.2971
1 0.1500 0.2983
1 0.1491 0.2995
1 0.1480 0.3006
1 0.1470 0.3016
1 0.1459 0.3026
1 0.1447 0.3036
1 0.1436 0.3045
1 0.1423 0.3054
1 0.1411 0.3062
1 0.1398 0.3070
1 0.1385 0.3077
1 0.1372 0.3084
1 0.1358 0.3090
1 0.1344 0.3096
1 0.1330 0.3101
1 0.1316 0.3105
1 0.1301 0.3109
1 0.1286 0.3112
1 0.1272 0.3115
1 0.1257 0.3117
1 0.1242 0.3119
1 0.1227 0.3120
1 0.1212 0.3120
1 0.1197 0.3120
1 0.1182 0.3119
1 0.1167 0.3117
1 0.1152 0.3115
1 0.1138 0.3112
1 0.1123 0.3109
1 0.1109 0.3105
1 0.1094 0.3101
1 0.1080 0.3096
1 0.1066 0.3090
1 0.1053 0.3084
1 0.1039 0.3077
1 0.1026 0.3070
1 0.1013 0.3062
1 0.1001 0.3054
1 0.0989 0.3045
1 0.0977 0.3036
1 0.0965 0.3026
1 0.0954 0.3016
1 0.0944 0.3006
1 0.0934 0.2995
1 0.0924 0.2983
1 0.0915 0.2971
1 0.0906 0.2959
1 0.0898 0.2947
1 0.0890 0.2934
1 0.0883 0.2921
1 0.0876 0.2907
1 0.0870 0.2894
1 0.0864 0.2880
1 0.0859 0.2866
1 0.0855 0.2851
1 0.0851 0.2837
1 0.0848 0.2822
1 0.0845 0.2808
1 0.0843 0.2793
1 0.0841 0.2778
1 0.0840 0.2763
1 0.0840 0.2748
1 0.0840 0.2733
1 0.0841 0.2718
1 0.0843 0.2703
1 0.0845 0.2688
1 0.0848 0.2674
1 0.0851 0.2659
1 0.0855 0.2644
1 0.0859 0.2630
1 0.0864 0.2616
1 0.0870 0.2602
1 0.0876 0.2588
1 0.0883 0.2575
1 0.0890 0.2562
1 0.0898 0.2549
1 0.0906 0.2537
1 0.0915 0.2524
1 0.0924 0.2513
1 0.0934 0.2501
1 0.0944 0.2490
1 0.0954 0.2480
1 0.0965 0.2470
1 0.0977 0.2460
1 0.0989 0.2451
1 0.1001 0.2442
1 0.1013 0.2434
1 0.1026 0.2426
1 0.1039 0.2419
1 0.1053 0.2412
1 0.1066 0.2406
1 0.1080 0.2400
1 0.1094 0.2395
1 0.1109 0.2391
1 0.1123 0.2387
1 0.1138 0.2383
1 0.1152 0.2381
1 0.1167 0.2379
1 0.1182 0.2377
1 0.1197 0.2376
1 0.1212 0.2376
1 0.1227 0.2376
1 0.1242 0.2377
1 0.1257 0.2379
1 0.1272 0.2381
1 0.1286 0.2383
1 0.1301 0.2387
1 0.1316 0.2391
1 0.1330 0.2395
1 0.1344 0.2400
1 0.1358 0.2406
1 0.1372 0.2412
1 0.1385 0.2419
1 0.1398 0.2426
1 0.1411 0.2434
1 0.1423 0.2442
1 0.1436 0.2451
1 0.1447 0.2460
1 0.1459 0.2470
1 0.1470 0.2480
1 0.1480 0.2490
1 0.1491 0.2501
1 0.1500 0.2513
1 0.1509 0.2524
1 0.1518 0.2537
1 0.1527 0.2549
1 0.1534 0.2562
1 0.1541 0.2575
1 0.1548 0.2588
1 0.1554 0.2602
1 0.1560 0.2616
1 0.1565 0.2630
1 0.1569 0.2644
1 0.1573 0.2659
1 0.1577 0.2674
1 0.1579 0.2688
1 0.1581 0.2703
1 0.1583 0.2718
1 0.1584 0.2733
1 0.1584 0.2748
112 1250 4
0 0.0483 0.3487
1 0.0461 0.3340
1 0.0618 0.3487
1 0.0483 0.3487
112 1250 120
0 0.0270 0.3155
1 0.0423 0.3000
1 0.0430 0.3021
1 0.0438 0.3042
1 0.0446 0.3063
1 0.0455 0.3083
1 0.0464 0.3104
1 0.0474 0.3124
1 0.0485 0.3143
1 0.0495 0.3163
1 0.0507 0.3182
1 0.0519 0.3201
1 0.0531 0.3219
1 0.0544 0.3237
1 0.0558 0.3255
1 0.0572 0.3273
1 0.0586 0.3290
1 0.0601 0.3306
1 0.0616 0.3323
1 0.0632 0.3339
1 0.0648 0.3354
1 0.0664 0.3369
1 0.0681 0.3383
1 0.0699 0.3398
1 0.0716 0.3411
1 0.0734 0.3424
1 0.0753 0.3437
1 0.0771 0.3449
1 0.0790 0.3461
1 0.0810 0.3472
1 0.0829 0.3482
1 0.0849 0.3492
1 0.0869 0.3502
1 0.0890 0.3511
1 0.0911 0.3519
1 0.0931 0.3527
1 0.0952 0.3534
1 0.0974 0.3541
1 0.0995 0.3547
1 0.1017 0.3553
1 0.1039 0.3558
1 0.1060 0.3562
1 0.1082 0.3566
1 0.1104 0.3569
1 0.1127 0.3572
1 0.1149 0.3574
1 0.1171 0.3575
1 0.1193 0.3576
1 0.1216 0.3576
1 0.1238 0.3576
1 0.1260 0.3575
1 0.1282 0.3573
1 0.1305 0.3571
1 0.1327 0.3568
1 0.1349 0.3565
1 0.1371 0.3561
1 0.1393 0.3556
1 0.1414 0.3551
1 0.1436 0.3545
1 0.1457 0.3539
1 0.1478 0.3532
1 0.1499 0.3525
1 0.1520 0.3517
1 0.1541 0.3508
1 0.1561 0.3499
1 0.1581 0.3489
1 0.1601 0.3479
1 0.1621 0.3468
1 0.1640 0.3457
1 0.1659 0.3445
1 0.1677 0.3433
1 0.1696 0.3420
1 0.1714 0.3407
1 0.1731 0.3393
1 0.1748 0.3379
1 0.1765 0.3364
1 0.1782 0.3349
1 0.1798 0.3334
1 0.1865 0.3401
1 0.1849 0.3418
1 0.1832 0.3433
1 0.1814 0.3449
1 0.1797 0.3464
1 0.1779 0.3478
1 0.1760 0.3492
1 0.1741 0.3506
1 0.1722 0.3519
1 0.1702 0.3531
1 0.1683 0.3543
1 0.1662 0.3555
1 0.1642 0.3566
1 0.1621 0.3576
1 0.1600 0.3586
1 0.1579 0.3596
1 0.1558 0.3605
1 0.1536 0.3613
1 0.1514 0.3621
1 0.1492 0.3628
1 0.1470 0.3635
1 0.1448 0.3641
1 0.1425 0.3647
1 0.1403 0.3652
1 0.1380 0.3657
1 0.1357 0.3661
1 0.1334 0.3664
1 0.1311 0.3667
1 0.1288 0.3669
1 0.1265 0.3671
1 0.1242 0.3672
1 0.1218 0.3672
1 0.1195 0.3672
1 0.1172 0.3671
1 0.1149 0.3670
1 0.1126 0.3668
1 0.1103 0.3666
1 0.1103 0.4068
1 0.0737 0.4068
1 0.0737 0.3660
1 0.0371 0.3660
1 0.0270 0.3155
112 1250 113
0 0.1106 0.4344
1 0.1105 0.4355
1 0.1105 0.4365
1 0.1103 0.4375
1 0.1101 0.4385
1 0.1098 0.4396
1 0.1095 0.4406
1 0.1092 0.4415
1 0.1087 0.4425
1 0.1082 0.4434
1 0.1077 0.4443
1 0.1071 0.4452
1 0.1065 0.4460
1 0.1058 0.4468
1 0.1051 0.4476
1 0.1044 0.4483
1 0.1036 0.4490
1 0.1027 0.4496
1 0.1019 0.4502
1 0.1010 0.4507
1 0.1000 0.4512
1 0.0991 0.4516
1 0.0981 0.4520
1 0.0971 0.4523
1 0.0961 0.4525
1 0.0951 0.4527
1 0.0940 0.4529
1 0.0930 0.4530
1 0.0920 0.4530
1 0.0909 0.4530
1 0.0899 0.4529
1 0.0889 0.4527
1 0.0878 0.4525
1 0.0868 0.4523
1 0.0858 0.4520
1 0.0848 0.4516
1 0.0839 0.4512
1 0.0830 0.4507
1 0.0821 0.4502
1 0.0812 0.4496
1 0.0804 0.4490
1 0.0796 0.4483
1 0.0788 0.4476
1 0.0781 0.4468
1 0.0774 0.4460
1 0.0768 0.4452
1 0.0762 0.4443
1 0.0757 0.4434
1 0.0752 0.4425
1 0.0748 0.4415
1 0.0744 0.4406
1 0.0741 0.4396
1 0.0738 0.4385
1 0.0736 0.4375
1 0.0735 0.4365
1 0.0734 0.4355
1 0.0734 0.4344
1 0.0734 0.4334
1 0.0735 0.4323
1 0.0736 0.4313
1 0.0738 0.4303
1 0.0741 0.4293
1 0.0744 0.4283
1 0.0748 0.4273
1 0.0752 0.4263
1 0.0757 0.4254
1 0.0762 0.4245
1 0.0768 0.4236
1 0.0774 0.4228
1 0.0781 0.4220
1 0.0788 0.4213
1 0.0796 0.4205
1 0.0804 0.4199
1 0.0812 0.4192
1 0.0821 0.4187
1 0.0830 0.4181
1 0.0839 0.4176
1 0.0848 0.4172
1 0.0858 0.4169
1 0.0868 0.4165
1 0.0878 0.4163
1 0.0889 0.4161
1 0.0899 0.4159
1 0.0909 0.4158
1 0.0920 0.4158
1 0.0930 0.4158
1 0.0940 0.4159
1 0.0951 0.4161
1 0.0961 0.4163
1 0.0971 0.4165
1 0.0981 0.4169
1 0.0991 0.4172
1 0.1000 0.4176
1 0.1010 0.4181
1 0.1019 0.4187
1 0.1027 0.4192
1 0.1036 0.4199
1 0.1044 0.4205
1 0.1051 0.4213
1 0.1058 0.4220
1 0.1065 0.4228
1 0.1071 0.4236
1 0.1077 0.4245
1 0.1082 0.4254
1 0.1087 0.4263
1 0.1092 0.4273
1 0.1095 0.4283
1 0.1098 0.4293
1 0.1101 0.4303
1 0.1103 0.4313
1 0.1105 0.4323
1 0.1105 0.4334
1 0.1106 0.4344
112 1462 5
0 0.1810 0.1614
1 -0.1386 0.4810
1 -0.1810 0.4386
1 0.1386 0.1190
1 0.1810 0.1614
