SEcl_RPO-8
3341 6 1 1 0 0 0 0 0 0 1 1
1.000
112 1462 441
0 0.3000 0.3000
1 0.3000 0.3043
1 0.2999 0.3086
1 0.2997 0.3128
1 0.2995 0.3171
1 0.2993 0.3214
1 0.2989 0.3257
1 0.2985 0.3299
1 0.2981 0.3342
1 0.2975 0.3385
1 0.2970 0.3427
1 0.2963 0.3469
1 0.2956 0.3512
1 0.2949 0.3554
1 0.2940 0.3596
1 0.2932 0.3638
1 0.2922 0.3680
1 0.2912 0.3721
1 0.2902 0.3763
1 0.2890 0.3804
1 0.2879 0.3845
1 0.2866 0.3886
1 0.2853 0.3927
1 0.2840 0.3968
1 0.2826 0.4008
1 0.2811 0.4048
1 0.2796 0.4088
1 0.2780 0.4128
1 0.2764 0.4168
1 0.2747 0.4207
1 0.2729 0.4246
1 0.2711 0.4285
1 0.2692 0.4324
1 0.2673 0.4362
1 0.2653 0.4400
1 0.2633 0.4438
1 0.2612 0.4475
1 0.2591 0.4512
1 0.2569 0.4549
1 0.2547 0.4586
1 0.2524 0.4622
1 0.2501 0.4658
1 0.2477 0.4693
1 0.2452 0.4729
1 0.2427 0.4763
1 0.2402 0.4798
1 0.2376 0.4832
1 0.2349 0.4866
1 0.2323 0.4899
1 0.2295 0.4932
1 0.2267 0.4965
1 0.2239 0.4997
1 0.2210 0.5029
1 0.2181 0.5060
1 0.2152 0.5091
1 0.2121 0.5121
1 0.2091 0.5152
1 0.2060 0.5181
1 0.2029 0.5210
1 0.1997 0.5239
1 0.1965 0.5267
1 0.1932 0.5295
1 0.1899 0.5323
1 0.1866 0.5349
1 0.1832 0.5376
1 0.1798 0.5402
1 0.1763 0.5427
1 0.1729 0.5452
1 0.1693 0.5477
1 0.1658 0.5501
1 0.1622 0.5524
1 0.1586 0.5547
1 0.1549 0.5569
1 0.1512 0.5591
1 0.1475 0.5612
1 0.1438 0.5633
1 0.1400 0.5653
1 0.1362 0.5673
1 0.1324 0.5692
1 0.1285 0.5711
1 0.1246 0.5729
1 0.1207 0.5747
1 0.1168 0.5764
1 0.1128 0.5780
1 0.1088 0.5796
1 0.1048 0.5811
1 0.1008 0.5826
1 0.0968 0.5840
1 0.0927 0.5853
1 0.0886 0.5866
1 0.0845 0.5879
1 0.0804 0.5890
1 0.0763 0.5902
1 0.0721 0.5912
1 0.0680 0.5922
1 0.0638 0.5932
1 0.0596 0.5940
1 0.0554 0.5949
1 0.0512 0.5956
1 0.0469 0.5963
1 0.0427 0.5970
1 0.0385 0.5975
1 0.0342 0.5981
1 0.0299 0.5985
1 0.0257 0.5989
1 0.0214 0.5993
1 0.0171 0.5995
1 0.0128 0.5997
1 0.0086 0.5999
1 0.0043 0.6000
1 0.0000 0.6000
1 -0.0043 0.6000
1 -0.0086 0.5999
1 -0.0128 0.5997
1 -0.0171 0.5995
1 -0.0214 0.5993
1 -0.0257 0.5989
1 -0.0299 0.5985
1 -0.0342 0.5981
1 -0.0385 0.5975
1 -0.0427 0.5970
1 -0.0469 0.5963
1 -0.0512 0.5956
1 -0.0554 0.5949
1 -0.0596 0.5940
1 -0.0638 0.5932
1 -0.0680 0.5922
1 -0.0721 0.5912
1 -0.0763 0.5902
1 -0.0804 0.5890
1 -0.0845 0.5879
1 -0.0886 0.5866
1 -0.0927 0.5853
1 -0.0968 0.5840
1 -0.1008 0.5826
1 -0.1048 0.5811
1 -0.1088 0.5796
1 -0.1128 0.5780
1 -0.1168 0.5764
1 -0.1207 0.5747
1 -0.1246 0.5729
1 -0.1285 0.5711
1 -0.1324 0.5692
1 -0.1362 0.5673
1 -0.1400 0.5653
1 -0.1438 0.5633
1 -0.1475 0.5612
1 -0.1512 0.5591
1 -0.1549 0.5569
1 -0.1586 0.5547
1 -0.1622 0.5524
1 -0.1658 0.5501
1 -0.1693 0.5477
1 -0.1729 0.5452
1 -0.1763 0.5427
1 -0.1798 0.5402
1 -0.1832 0.5376
1 -0.1866 0.5349
1 -0.1899 0.5323
1 -0.1932 0.5295
1 -0.1965 0.5267
1 -0.1997 0.5239
1 -0.2029 0.5210
1 -0.2060 0.5181
1 -0.2091 0.5152
1 -0.2121 0.5121
1 -0.2152 0.5091
1 -0.2181 0.5060
1 -0.2210 0.5029
1 -0.2239 0.4997
1 -0.2267 0.4965
1 -0.2295 0.4932
1 -0.2323 0.4899
1 -0.2349 0.4866
1 -0.2376 0.4832
1 -0.2402 0.4798
1 -0.2427 0.4763
1 -0.2452 0.4729
1 -0.2477 0.4693
1 -0.2501 0.4658
1 -0.2524 0.4622
1 -0.2547 0.4586
1 -0.2569 0.4549
1 -0.2591 0.4512
1 -0.2612 0.4475
1 -0.2633 0.4438
1 -0.2653 0.4400
1 -0.2673 0.4362
1 -0.2692 0.4324
1 -0.2711 0.4285
1 -0.2729 0.4246
1 -0.2747 0.4207
1 -0.2764 0.4168
1 -0.2780 0.4128
1 -0.2796 0.4088
1 -0.2811 0.4048
1 -0.2826 0.4008
1 -0.2840 0.3968
1 -0.2853 0.3927
1 -0.2866 0.3886
1 -0.2879 0.3845
1 -0.2890 0.3804
1 -0.2902 0.3763
1 -0.2912 0.3721
1 -0.2922 0.3680
1 -0.2932 0.3638
1 -0.2940 0.3596
1 -0.2949 0.3554
1 -0.2956 0.3512
1 -0.2963 0.3469
1 -0.2970 0.3427
1 -0.2975 0.3385
1 -0.2981 0.3342
1 -0.2985 0.3299
1 -0.2989 0.3257
1 -0.2993 0.3214
1 -0.2995 0.3171
1 -0.2997 0.3128
1 -0.2999 0.3086
1 -0.3000 0.3043
1 -0.3000 0.3000
1 -0.3000 0.2957
1 -0.2999 0.2914
1 -0.2997 0.2872
1 -0.2995 0.2829
1 -0.2993 0.2786
1 -0.2989 0.2743
1 -0.2985 0.2701
1 -0.2981 0.2658
1 -0.2975 0.2615
1 -0.2970 0.2573
1 -0.2963 0.2531
1 -0.2956 0.2488
1 -0.2949 0.2446
1 -0.2940 0.2404
1 -0.2932 0.2362
1 -0.2922 0.2320
1 -0.2912 0.2279
1 -0.2902 0.2237
1 -0.2890 0.2196
1 -0.2879 0.2155
1 -0.2866 0.2114
1 -0.2853 0.2073
1 -0.2840 0.2032
1 -0.2826 0.1992
1 -0.2811 0.1952
1 -0.2796 0.1912
1 -0.2780 0.1872
1 -0.2764 0.1832
1 -0.2747 0.1793
1 -0.2729 0.1754
1 -0.2711 0.1715
1 -0.2692 0.1676
1 -0.2673 0.1638
1 -0.2653 0.1600
1 -0.2633 0.1562
1 -0.2612 0.1525
1 -0.2591 0.1488
1 -0.2569 0.1451
1 -0.2547 0.1414
1 -0.2524 0.1378
1 -0.2501 0.1342
1 -0.2477 0.1307
1 -0.2452 0.1271
1 -0.2427 0.1237
1 -0.2402 0.1202
1 -0.2376 0.1168
1 -0.2349 0.1134
1 -0.2323 0.1101
1 -0.2295 0.1068
1 -0.2267 0.1035
1 -0.2239 0.1003
1 -0.2210 0.0971
1 -0.2181 0.0940
1 -0.2152 0.0909
1 -0.2121 0.0879
1 -0.2091 0.0848
1 -0.2060 0.0819
1 -0.2029 0.0790
1 -0.1997 0.0761
1 -0.1965 0.0733
1 -0.1932 0.0705
1 -0.1899 0.0677
1 -0.1866 0.0651
1 -0.1832 0.0624
1 -0.1798 0.0598
1 -0.1763 0.0573
1 -0.1729 0.0548
1 -0.1693 0.0523
1 -0.1658 0.0499
1 -0.1622 0.0476
1 -0.1586 0.0453
1 -0.1549 0.0431
1 -0.1512 0.0409
1 -0.1475 0.0388
1 -0.1438 0.0367
1 -0.1400 0.0347
1 -0.1362 0.0327
1 -0.1324 0.0308
1 -0.1285 0.0289
1 -0.1246 0.0271
1 -0.1207 0.0253
1 -0.1168 0.0236
1 -0.1128 0.0220
1 -0.1088 0.0204
1 -0.1048 0.0189
1 -0.1008 0.0174
1 -0.0968 0.0160
1 -0.0927 0.0147
1 -0.0886 0.0134
1 -0.0845 0.0121
1 -0.0804 0.0110
1 -0.0763 0.0098
1 -0.0721 0.0088
1 -0.0680 0.0078
1 -0.0638 0.0068
1 -0.0596 0.0060
1 -0.0554 0.0051
1 -0.0512 0.0044
1 -0.0469 0.0037
1 -0.0427 0.0030
1 -0.0385 0.0025
1 -0.0342 0.0019
1 -0.0299 0.0015
1 -0.0257 0.0011
1 -0.0214 0.0007
1 -0.0171 0.0005
1 -0.0128 0.0003
1 -0.0086 0.0001
1 -0.0043 -0.0000
1 0.0000 -0.0000
1 0.0043 -0.0000
1 0.0086 0.0001
1 0.0128 0.0003
1 0.0171 0.0005
1 0.0214 0.0007
1 0.0257 0.0011
1 0.0299 0.0015
1 0.0342 0.0019
1 0.0385 0.0025
1 0.0427 0.0030
1 0.0469 0.0037
1 0.0512 0.0044
1 0.0554 0.0051
1 0.0596 0.0060
1 0.0638 0.0068
1 0.0680 0.0078
1 0.0721 0.0088
1 0.0763 0.0098
1 0.0804 0.0110
1 0.0845 0.0121
1 0.0886 0.0134
1 0.0927 0.0147
1 0.0968 0.0160
1 0.1008 0.0174
1 0.1048 0.0189
1 0.1088 0.0204
1 0.1128 0.0220
1 0.1168 0.0236
1 0.1207 0.0253
1 0.1246 0.0271
1 0.1285 0.0289
1 0.1324 0.0308
1 0.1362 0.0327
1 0.1400 0.0347
1 0.1438 0.0367
1 0.1475 0.0388
1 0.1512 0.0409
1 0.1549 0.0431
1 0.1586 0.0453
1 0.1622 0.0476
1 0.1658 0.0499
1 0.1693 0.0523
1 0.1729 0.0548
1 0.1763 0.0573
1 0.1798 0.0598
1 0.1832 0.0624
1 0.1866 0.0651
1 0.1899 0.0677
1 0.1932 0.0705
1 0.1965 0.0733
1 0.1997 0.0761
1 0.2029 0.0790
1 0.2060 0.0819
1 0.2091 0.0848
1 0.2121 0.0879
1 0.2152 0.0909
1 0.2181 0.0940
1 0.2210 0.0971
1 0.2239 0.1003
1 0.2267 0.1035
1 0.2295 0.1068
1 0.2323 0.1101
1 0.2349 0.1134
1 0.2376 0.1168
1 0.2402 0.1202
1 0.2427 0.1237
1 0.2452 0.1271
1 0.2477 0.1307
1 0.2501 0.1342
1 0.2524 0.1378
1 0.2547 0.1414
1 0.2569 0.1451
1 0.2591 0.1488
1 0.2612 0.1525
1 0.2633 0.1562
1 0.2653 0.1600
1 0.2673 0.1638
1 0.2692 0.1676
1 0.2711 0.1715
1 0.2729 0.1754
1 0.2747 0.1793
1 0.2764 0.1832
1 0.2780 0.1872
1 0.2796 0.1912
1 0.2811 0.1952
1 0.2826 0.1992
1 0.2840 0.2032
1 0.2853 0.2073
1 0.2866 0.2114
1 0.2879 0.2155
1 0.2890 0.2196
1 0.2902 0.2237
1 0.2912 0.2279
1 0.2922 0.2320
1 0.2932 0.2362
1 0.2940 0.2404
1 0.2949 0.2446
1 0.2956 0.2488
1 0.2963 0.2531
1 0.2970 0.2573
1 0.2975 0.2615
1 0.2981 0.2658
1 0.2985 0.2701
1 0.2989 0.2743
1 0.2993 0.2786
1 0.2995 0.2829
1 0.2997 0.2872
1 0.2999 0.2914
1 0.3000 0.2957
1 0.3000 0.3000
112 1251 355
0 0.1810 0.1614
1 0.1833 0.1644
1 0.1855 0.1674
1 0.1876 0.1704
1 0.1897 0.1735
1 0.1918 0.1766
1 0.1937 0.1798
1 0.1957 0.1830
1 0.1976 0.1862
1 0.1994 0.1894
1 0.2012 0.1927
1 0.2029 0.1960
1 0.2046 0.1993
1 0.2062 0.2027
1 0.2078 0.2061
1 0.2093 0.2095
1 0.2107 0.2129
1 0.2121 0.2164
1 0.2135 0.2199
1 0.2148 0.2234
1 0.2160 0.2269
1 0.2171 0.2304
1 0.2182 0.2340
1 0.2193 0.2376
1 0.2203 0.2412
1 0.2212 0.2448
1 0.2221 0.2484
1 0.2229 0.2520
1 0.2237 0.2557
1 0.2244 0.2593
1 0.2250 0.2630
1 0.2256 0.2667
1 0.2261 0.2704
1 0.2265 0.2741
1 0.2269 0.2778
1 0.2273 0.2815
1 0.2275 0.2852
1 0.2277 0.2890
1 0.2279 0.2927
1 0.2280 0.2964
1 0.2280 0.3001
1 0.2280 0.3039
1 0.2279 0.3076
1 0.2277 0.3113
1 0.2275 0.3150
1 0.2272 0.3188
1 0.2269 0.3225
1 0.2265 0.3262
1 0.2261 0.3299
1 0.2255 0.3336
1 0.2250 0.3372
1 0.2243 0.3409
1 0.2236 0.3446
1 0.2229 0.3482
1 0.2220 0.3519
1 0.2212 0.3555
1 0.2202 0.3591
1 0.2192 0.3627
1 0.2182 0.3663
1 0.2171 0.3698
1 0.2159 0.3734
1 0.2147 0.3769
1 0.2134 0.3804
1 0.2120 0.3839
1 0.2106 0.3873
1 0.2092 0.3908
1 0.2077 0.3942
1 0.2061 0.3975
1 0.2045 0.4009
1 0.2028 0.4042
1 0.2011 0.4075
1 0.1993 0.4108
1 0.1974 0.4140
1 0.1956 0.4173
1 0.1936 0.4204
1 0.1916 0.4236
1 0.1896 0.4267
1 0.1875 0.4298
1 0.1853 0.4328
1 0.1831 0.4358
1 0.1809 0.4388
1 0.1786 0.4418
1 0.1762 0.4447
1 0.1739 0.4475
1 0.1714 0.4503
1 0.1689 0.4531
1 0.1664 0.4559
1 0.1638 0.4586
1 0.1612 0.4612
1 0.1586 0.4638
1 0.1559 0.4664
1 0.1531 0.4689
1 0.1503 0.4714
1 0.1475 0.4739
1 0.1447 0.4762
1 0.1418 0.4786
1 0.1388 0.4809
1 0.1358 0.4831
1 0.1328 0.4853
1 0.1298 0.4875
1 0.1267 0.4896
1 0.1236 0.4916
1 0.1204 0.4936
1 0.1173 0.4956
1 0.1140 0.4974
1 0.1108 0.4993
1 0.1075 0.5011
1 0.1042 0.5028
1 0.1009 0.5045
1 0.0975 0.5061
1 0.0942 0.5077
1 0.0908 0.5092
1 0.0873 0.5106
1 0.0839 0.5120
1 0.0804 0.5134
1 0.0769 0.5147
1 0.0734 0.5159
1 0.0698 0.5171
1 0.0663 0.5182
1 0.0627 0.5192
1 0.0591 0.5202
1 0.0555 0.5212
1 0.0519 0.5220
1 0.0482 0.5229
1 0.0446 0.5236
1 0.0409 0.5243
1 0.0372 0.5250
1 0.0336 0.5255
1 0.0299 0.5261
1 0.0262 0.5265
1 0.0225 0.5269
1 0.0188 0.5272
1 0.0150 0.5275
1 0.0113 0.5277
1 0.0076 0.5279
1 0.0039 0.5280
1 0.0001 0.5280
1 -0.0036 0.5280
1 -0.0073 0.5279
1 -0.0110 0.5277
1 -0.0148 0.5275
1 -0.0185 0.5273
1 -0.0222 0.5269
1 -0.0259 0.5265
1 -0.0296 0.5261
1 -0.0333 0.5256
1 -0.0370 0.5250
1 -0.0407 0.5244
1 -0.0443 0.5237
1 -0.0480 0.5229
1 -0.0516 0.5221
1 -0.0552 0.5212
1 -0.0588 0.5203
1 -0.0624 0.5193
1 -0.0660 0.5182
1 -0.0696 0.5171
1 -0.0731 0.5160
1 -0.0766 0.5147
1 -0.0801 0.5135
1 -0.0836 0.5121
1 -0.0871 0.5107
1 -0.0905 0.5093
1 -0.0939 0.5078
1 -0.0973 0.5062
1 -0.1007 0.5046
1 -0.1040 0.5029
1 -0.1073 0.5012
1 -0.1106 0.4994
1 -0.1138 0.4976
1 -0.1170 0.4957
1 -0.1202 0.4937
1 -0.1234 0.4918
1 -0.1265 0.4897
1 -0.1296 0.4876
1 -0.1326 0.4855
1 -0.1356 0.4833
1 -0.1386 0.4810
1 -0.1810 0.4386
1 -0.1833 0.4356
1 -0.1855 0.4326
1 -0.1876 0.4296
1 -0.1897 0.4265
1 -0.1918 0.4234
1 -0.1937 0.4202
1 -0.1957 0.4170
1 -0.1976 0.4138
1 -0.1994 0.4106
1 -0.2012 0.4073
1 -0.2029 0.4040
1 -0.2046 0.4007
1 -0.2062 0.3973
1 -0.2078 0.3939
1 -0.2093 0.3905
1 -0.2107 0.3871
1 -0.2121 0.3836
1 -0.2135 0.3801
1 -0.2147 0.3766
1 -0.2160 0.3731
1 -0.2171 0.3696
1 -0.2182 0.3660
1 -0.2193 0.3624
1 -0.2203 0.3588
1 -0.2212 0.3552
1 -0.2221 0.3516
1 -0.2229 0.3480
1 -0.2237 0.3443
1 -0.2244 0.3407
1 -0.2250 0.3370
1 -0.2256 0.3333
1 -0.2261 0.3296
1 -0.2265 0.3259
1 -0.2269 0.3222
1 -0.2273 0.3185
1 -0.2275 0.3148
1 -0.2277 0.3110
1 -0.2279 0.3073
1 -0.2280 0.3036
1 -0.2280 0.2999
1 -0.2280 0.2961
1 -0.2279 0.2924
1 -0.2277 0.2887
1 -0.2275 0.2850
1 -0.2272 0.2812
1 -0.2269 0.2775
1 -0.2265 0.2738
1 -0.2261 0.2701
1 -0.2255 0.2664
1 -0.2250 0.2628
1 -0.2243 0.2591
1 -0.2236 0.2554
1 -0.2229 0.2518
1 -0.2220 0.2481
1 -0.2212 0.2445
1 -0.2202 0.2409
1 -0.2192 0.2373
1 -0.2182 0.2337
1 -0.2171 0.2302
1 -0.2159 0.2266
1 -0.2147 0.2231
1 -0.2134 0.2196
1 -0.2120 0.2161
1 -0.2106 0.2127
1 -0.2092 0.2092
1 -0.2077 0.2058
1 -0.2061 0.2025
1 -0.2045 0.1991
1 -0.2028 0.1958
1 -0.2011 0.1925
1 -0.1993 0.1892
1 -0.1974 0.1860
1 -0.1956 0.1827
1 -0.1936 0.1796
1 -0.1916 0.1764
1 -0.1896 0.1733
1 -0.1875 0.1702
1 -0.1853 0.1672
1 -0.1831 0.1642
1 -0.1809 0.1612
1 -0.1786 0.1582
1 -0.1762 0.1553
1 -0.1739 0.1525
1 -0.1714 0.1497
1 -0.1689 0.1469
1 -0.1664 0.1441
1 -0.1638 0.1414
1 -0.1612 0.1388
1 -0.1586 0.1362
1 -0.1559 0.1336
1 -0.1531 0.1311
1 -0.1503 0.1286
1 -0.1475 0.1261
1 -0.1447 0.1238
1 -0.1418 0.1214
1 -0.1388 0.1191
1 -0.1358 0.1169
1 -0.1328 0.1147
1 -0.1298 0.1125
1 -0.1267 0.1104
1 -0.1236 0.1084
1 -0.1204 0.1064
1 -0.1173 0.1044
1 -0.1140 0.1026
1 -0.1108 0.1007
1 -0.1075 0.0989
1 -0.1042 0.0972
1 -0.1009 0.0955
1 -0.0975 0.0939
1 -0.0942 0.0923
1 -0.0908 0.0908
1 -0.0873 0.0894
1 -0.0839 0.0880
1 -0.0804 0.0866
1 -0.0769 0.0853
1 -0.0734 0.0841
1 -0.0698 0.0829
1 -0.0663 0.0818
1 -0.0627 0.0808
1 -0.0591 0.0798
1 -0.0555 0.0788
1 -0.0519 0.0780
1 -0.0482 0.0771
1 -0.0446 0.0764
1 -0.0409 0.0757
1 -0.0372 0.0750
1 -0.0336 0.0745
1 -0.0299 0.0739
1 -0.0262 0.0735
1 -0.0225 0.0731
1 -0.0188 0.0728
1 -0.0150 0.0725
1 -0.0113 0.0723
1 -0.0076 0.0721
1 -0.0039 0.0720
1 -0.0001 0.0720
1 0.0036 0.0720
1 0.0073 0.0721
1 0.0110 0.0723
1 0.0148 0.0725
1 0.0185 0.0727
1 0.0222 0.0731
1 0.0259 0.0735
1 0.0296 0.0739
1 0.0333 0.0744
1 0.0370 0.0750
1 0.0407 0.0756
1 0.0443 0.0763
1 0.0480 0.0771
1 0.0516 0.0779
1 0.0552 0.0788
1 0.0588 0.0797
1 0.0624 0.0807
1 0.0660 0.0818
1 0.0696 0.0829
1 0.0731 0.0840
1 0.0766 0.0853
1 0.0801 0.0865
1 0.0836 0.0879
1 0.0871 0.0893
1 0.0905 0.0907
1 0.0939 0.0922
1 0.0973 0.0938
1 0.1007 0.0954
1 0.1040 0.0971
1 0.1073 0.0988
1 0.1106 0.1006
1 0.1138 0.1024
1 0.1170 0.1043
1 0.1202 0.1063
1 0.1234 0.1082
1 0.1265 0.1103
1 0.1296 0.1124
1 0.1326 0.1145
1 0.1356 0.1167
1 0.1386 0.1190
1 0.1810 0.1614
112 1462 5
0 0.1810 0.1614
1 -0.1386 0.4810
1 -0.1810 0.4386
1 0.1386 0.1190
1 0.1810 0.1614
112 1250 432
0 -0.0672 0.4096
1 -0.0387 0.3811
1 -0.0521 0.4044
1 0.0521 0.4044
1 0.0104 0.3321
1 0.0178 0.3246
1 0.0596 0.3970
1 0.0763 0.3681
1 0.0763 0.3681
1 0.0745 0.3669
1 0.0727 0.3656
1 0.0709 0.3643
1 0.0692 0.3629
1 0.0675 0.3614
1 0.0658 0.3599
1 0.0642 0.3584
1 0.0626 0.3568
1 0.0611 0.3552
1 0.0596 0.3535
1 0.0582 0.3518
1 0.0568 0.3501
1 0.0555 0.3483
1 0.0542 0.3465
1 0.0529 0.3447
1 0.0517 0.3428
1 0.0506 0.3409
1 0.0495 0.3389
1 0.0485 0.3370
1 0.0475 0.3350
1 0.0466 0.3330
1 0.0457 0.3309
1 0.0449 0.3288
1 0.0441 0.3268
1 0.0434 0.3246
1 0.0428 0.3225
1 0.0422 0.3204
1 0.0417 0.3182
1 0.0412 0.3160
1 0.0408 0.3138
1 0.0404 0.3116
1 0.0402 0.3094
1 0.0399 0.3072
1 0.0398 0.3050
1 0.0397 0.3028
1 0.0397 0.3028
1 0.0509 0.2915
1 0.0509 0.2915
1 0.0507 0.2936
1 0.0505 0.2956
1 0.0504 0.2976
1 0.0504 0.2997
1 0.0504 0.3017
1 0.0505 0.3038
1 0.0506 0.3058
1 0.0508 0.3079
1 0.0511 0.3099
1 0.0514 0.3119
1 0.0518 0.3139
1 0.0522 0.3159
1 0.0527 0.3179
1 0.0533 0.3199
1 0.0539 0.3219
1 0.0545 0.3238
1 0.0552 0.3257
1 0.0560 0.3276
1 0.0568 0.3295
1 0.0577 0.3313
1 0.0587 0.3332
1 0.0596 0.3350
1 0.0607 0.3367
1 0.0618 0.3385
1 0.0629 0.3402
1 0.0641 0.3418
1 0.0653 0.3435
1 0.0666 0.3451
1 0.0679 0.3466
1 0.0693 0.3482
1 0.0707 0.3496
1 0.0722 0.3511
1 0.0737 0.3525
1 0.0752 0.3538
1 0.0768 0.3551
1 0.0784 0.3564
1 0.0800 0.3576
1 0.0817 0.3588
1 0.0817 0.3588
1 0.1126 0.3054
1 0.1126 0.3054
1 0.1122 0.3047
1 0.1118 0.3040
1 0.1115 0.3033
1 0.1113 0.3025
1 0.1112 0.3017
1 0.1111 0.3010
1 0.1110 0.3002
1 0.1110 0.2994
1 0.1111 0.2986
1 0.1112 0.2978
1 0.1114 0.2971
1 0.1117 0.2963
1 0.1120 0.2956
1 0.1124 0.2949
1 0.1128 0.2943
1 0.1132 0.2936
1 0.1138 0.2930
1 0.1143 0.2925
1 0.1149 0.2920
1 0.1155 0.2915
1 0.1162 0.2911
1 0.1169 0.2907
1 0.1176 0.2904
1 0.1184 0.2902
1 0.1191 0.2900
1 0.1199 0.2899
1 0.1207 0.2898
1 0.1215 0.2898
1 0.1223 0.2899
1 0.1231 0.2900
1 0.1238 0.2901
1 0.1246 0.2904
1 0.1253 0.2907
1 0.1260 0.2910
1 0.1267 0.2914
1 0.1273 0.2918
1 0.1279 0.2923
1 0.1285 0.2929
1 0.1290 0.2935
1 0.1295 0.2941
1 0.1299 0.2947
1 0.1303 0.2954
1 0.1306 0.2961
1 0.1309 0.2969
1 0.1311 0.2976
1 0.1313 0.2984
1 0.1314 0.2992
1 0.1314 0.3000
1 0.1314 0.3008
1 0.1313 0.3015
1 0.1311 0.3023
1 0.1309 0.3031
1 0.1307 0.3038
1 0.1304 0.3045
1 0.1300 0.3052
1 0.1296 0.3059
1 0.1291 0.3065
1 0.1286 0.3071
1 0.1280 0.3076
1 0.1274 0.3081
1 0.1267 0.3086
1 0.1261 0.3090
1 0.1254 0.3093
1 0.1246 0.3096
1 0.1239 0.3098
1 0.1231 0.3100
1 0.1223 0.3101
1 0.1216 0.3102
1 0.1216 0.3102
1 0.0906 0.3638
1 0.0906 0.3638
1 0.0925 0.3647
1 0.0944 0.3655
1 0.0963 0.3663
1 0.0983 0.3670
1 0.1003 0.3676
1 0.1023 0.3682
1 0.1043 0.3688
1 0.1063 0.3692
1 0.1084 0.3696
1 0.1104 0.3700
1 0.1125 0.3703
1 0.1146 0.3705
1 0.1166 0.3707
1 0.1187 0.3708
1 0.1208 0.3708
1 0.1229 0.3708
1 0.1250 0.3707
1 0.1270 0.3706
1 0.1291 0.3704
1 0.1312 0.3701
1 0.1333 0.3698
1 0.1353 0.3694
1 0.1373 0.3689
1 0.1394 0.3684
1 0.1414 0.3679
1 0.1434 0.3673
1 0.1453 0.3666
1 0.1473 0.3658
1 0.1492 0.3650
1 0.1511 0.3642
1 0.1530 0.3633
1 0.1548 0.3623
1 0.1566 0.3613
1 0.1584 0.3602
1 0.1602 0.3591
1 0.1619 0.3579
1 0.1636 0.3567
1 0.1652 0.3554
1 0.1669 0.3541
1 0.1684 0.3528
1 0.1700 0.3513
1 0.1715 0.3499
1 0.1729 0.3484
1 0.1743 0.3468
1 0.1757 0.3453
1 0.1770 0.3436
1 0.1782 0.3420
1 0.1794 0.3403
1 0.1806 0.3385
1 0.1817 0.3368
1 0.1828 0.3350
1 0.1838 0.3332
1 0.1847 0.3313
1 0.1856 0.3294
1 0.1864 0.3275
1 0.1872 0.3256
1 0.1880 0.3236
1 0.1886 0.3216
1 0.1892 0.3197
1 0.1898 0.3176
1 0.1903 0.3156
1 0.1907 0.3136
1 0.1911 0.3115
1 0.1914 0.3095
1 0.1916 0.3074
1 0.1918 0.3053
1 0.1919 0.3032
1 0.1920 0.3012
1 0.1920 0.2991
1 0.1919 0.2970
1 0.1918 0.2949
1 0.1916 0.2928
1 0.1914 0.2908
1 0.1911 0.2887
1 0.1907 0.2867
1 0.1903 0.2846
1 0.1898 0.2826
1 0.1893 0.2806
1 0.1887 0.2786
1 0.1880 0.2766
1 0.1873 0.2746
1 0.1865 0.2727
1 0.1857 0.2708
1 0.1848 0.2689
1 0.1839 0.2671
1 0.1829 0.2652
1 0.1818 0.2634
1 0.1807 0.2617
1 0.1796 0.2599
1 0.1784 0.2582
1 0.1771 0.2566
1 0.1758 0.2549
1 0.1745 0.2533
1 0.1731 0.2518
1 0.1716 0.2503
1 0.1701 0.2488
1 0.1686 0.2474
1 0.1670 0.2460
1 0.1654 0.2447
1 0.1638 0.2434
1 0.1621 0.2422
1 0.1604 0.2410
1 0.1586 0.2399
1 0.1568 0.2388
1 0.1550 0.2378
1 0.1532 0.2368
1 0.1513 0.2359
1 0.1494 0.2351
1 0.1475 0.2343
1 0.1455 0.2335
1 0.1436 0.2328
1 0.1416 0.2322
1 0.1396 0.2316
1 0.1376 0.2311
1 0.1355 0.2307
1 0.1335 0.2303
1 0.1314 0.2299
1 0.1294 0.2297
1 0.1273 0.2295
1 0.1252 0.2293
1 0.1231 0.2292
1 0.1210 0.2292
1 0.1190 0.2292
1 0.1169 0.2293
1 0.1148 0.2295
1 0.1127 0.2297
1 0.1127 0.2297
1 0.1240 0.2184
1 0.1240 0.2184
1 0.1262 0.2185
1 0.1285 0.2187
1 0.1307 0.2189
1 0.1329 0.2192
1 0.1351 0.2196
1 0.1373 0.2200
1 0.1395 0.2205
1 0.1417 0.2210
1 0.1438 0.2216
1 0.1460 0.2222
1 0.1481 0.2229
1 0.1502 0.2237
1 0.1523 0.2245
1 0.1543 0.2254
1 0.1564 0.2264
1 0.1584 0.2273
1 0.1603 0.2284
1 0.1623 0.2295
1 0.1642 0.2306
1 0.1661 0.2319
1 0.1680 0.2331
1 0.1698 0.2344
1 0.1715 0.2358
1 0.1733 0.2372
1 0.1750 0.2386
1 0.1767 0.2401
1 0.1783 0.2417
1 0.1799 0.2433
1 0.1814 0.2449
1 0.1829 0.2466
1 0.1843 0.2483
1 0.1857 0.2500
1 0.1871 0.2518
1 0.1884 0.2536
1 0.1896 0.2555
1 0.1908 0.2574
1 0.1919 0.2593
1 0.1930 0.2613
1 0.1941 0.2632
1 0.1950 0.2653
1 0.1960 0.2673
1 0.1968 0.2694
1 0.1977 0.2714
1 0.1984 0.2735
1 0.1991 0.2757
1 0.1997 0.2778
1 0.2003 0.2800
1 0.2008 0.2822
1 0.2013 0.2843
1 0.2017 0.2865
1 0.2020 0.2888
1 0.2023 0.2910
1 0.2025 0.2932
1 0.2027 0.2954
1 0.2028 0.2977
1 0.2028 0.2999
1 0.2028 0.3021
1 0.2027 0.3044
1 0.2025 0.3066
1 0.2023 0.3088
1 0.2021 0.3111
1 0.2017 0.3133
1 0.2013 0.3155
1 0.2009 0.3177
1 0.2004 0.3198
1 0.1998 0.3220
1 0.1992 0.3242
1 0.1985 0.3263
1 0.1977 0.3284
1 0.1969 0.3305
1 0.1960 0.3325
1 0.1951 0.3346
1 0.1941 0.3366
1 0.1931 0.3386
1 0.1920 0.3405
1 0.1909 0.3425
1 0.1897 0.3444
1 0.1885 0.3462
1 0.1872 0.3481
1 0.1858 0.3498
1 0.1844 0.3516
1 0.1830 0.3533
1 0.1815 0.3550
1 0.1800 0.3566
1 0.1784 0.3582
1 0.1768 0.3598
1 0.1751 0.3613
1 0.1734 0.3627
1 0.1717 0.3641
1 0.1699 0.3655
1 0.1681 0.3668
1 0.1662 0.3680
1 0.1644 0.3693
1 0.1625 0.3704
1 0.1605 0.3715
1 0.1585 0.3726
1 0.1565 0.3736
1 0.1545 0.3745
1 0.1524 0.3754
1 0.1504 0.3762
1 0.1483 0.3770
1 0.1461 0.3777
1 0.1440 0.3784
1 0.1418 0.3790
1 0.1397 0.3795
1 0.1375 0.3800
1 0.1353 0.3804
1 0.1331 0.3807
1 0.1309 0.3810
1 0.1286 0.3813
1 0.1264 0.3814
1 0.1242 0.3816
1 0.1219 0.3816
1 0.1197 0.3816
1 0.1175 0.3815
1 0.1152 0.3814
1 0.1130 0.3812
1 0.1108 0.3809
1 0.1086 0.3806
1 0.1063 0.3802
1 0.1042 0.3798
1 0.1020 0.3793
1 0.0998 0.3787
1 0.0977 0.3781
1 0.0955 0.3775
1 0.0934 0.3767
1 0.0913 0.3759
1 0.0892 0.3751
1 0.0872 0.3742
1 0.0852 0.3732
1 0.0852 0.3732
1 0.0655 0.4072
1 0.0753 0.4242
1 0.1053 0.4242
1 0.1053 0.4446
1 0.0441 0.4344
1 0.0441 0.4242
1 0.0635 0.4242
1 0.0576 0.4140
1 -0.0579 0.4140
1 -0.0745 0.4427
1 -0.0329 0.4427
1 -0.0329 0.4529
1 -0.0922 0.4529
112 1250 73
0 -0.0889 0.3464
1 -0.1126 0.3054
1 -0.1126 0.3054
1 -0.1122 0.3047
1 -0.1118 0.3040
1 -0.1115 0.3033
1 -0.1113 0.3025
1 -0.1112 0.3017
1 -0.1111 0.3010
1 -0.1110 0.3002
1 -0.1110 0.2994
1 -0.1111 0.2986
1 -0.1112 0.2978
1 -0.1114 0.2971
1 -0.1117 0.2963
1 -0.1120 0.2956
1 -0.1124 0.2949
1 -0.1128 0.2943
1 -0.1132 0.2936
1 -0.1138 0.2930
1 -0.1143 0.2925
1 -0.1149 0.2920
1 -0.1155 0.2915
1 -0.1162 0.2911
1 -0.1169 0.2907
1 -0.1176 0.2904
1 -0.1184 0.2902
1 -0.1191 0.2900
1 -0.1199 0.2899
1 -0.1207 0.2898
1 -0.1215 0.2898
1 -0.1223 0.2899
1 -0.1231 0.2900
1 -0.1238 0.2901
1 -0.1246 0.2904
1 -0.1253 0.2907
1 -0.1260 0.2910
1 -0.1267 0.2914
1 -0.1273 0.2918
1 -0.1279 0.2923
1 -0.1285 0.2929
1 -0.1290 0.2935
1 -0.1295 0.2941
1 -0.1299 0.2947
1 -0.1303 0.2954
1 -0.1306 0.2961
1 -0.1309 0.2969
1 -0.1311 0.2976
1 -0.1313 0.2984
1 -0.1314 0.2992
1 -0.1314 0.3000
1 -0.1314 0.3008
1 -0.1313 0.3015
1 -0.1311 0.3023
1 -0.1309 0.3031
1 -0.1307 0.3038
1 -0.1304 0.3045
1 -0.1300 0.3052
1 -0.1296 0.3059
1 -0.1291 0.3065
1 -0.1286 0.3071
1 -0.1280 0.3076
1 -0.1274 0.3081
1 -0.1267 0.3086
1 -0.1261 0.3090
1 -0.1254 0.3093
1 -0.1246 0.3096
1 -0.1239 0.3098
1 -0.1231 0.3100
1 -0.1223 0.3101
1 -0.1216 0.3102
1 -0.1216 0.3102
1 -0.0963 0.3539
112 1250 345
0 -0.1127 0.3703
1 -0.1127 0.3703
1 -0.1148 0.3705
1 -0.1169 0.3707
1 -0.1189 0.3708
1 -0.1210 0.3708
1 -0.1231 0.3708
1 -0.1252 0.3707
1 -0.1272 0.3705
1 -0.1293 0.3703
1 -0.1313 0.3701
1 -0.1334 0.3697
1 -0.1354 0.3694
1 -0.1375 0.3689
1 -0.1395 0.3684
1 -0.1415 0.3678
1 -0.1434 0.3672
1 -0.1454 0.3665
1 -0.1473 0.3658
1 -0.1493 0.3650
1 -0.1512 0.3642
1 -0.1530 0.3633
1 -0.1549 0.3623
1 -0.1567 0.3613
1 -0.1585 0.3602
1 -0.1602 0.3591
1 -0.1619 0.3579
1 -0.1636 0.3567
1 -0.1652 0.3554
1 -0.1668 0.3541
1 -0.1684 0.3528
1 -0.1699 0.3514
1 -0.1714 0.3499
1 -0.1729 0.3484
1 -0.1743 0.3469
1 -0.1756 0.3453
1 -0.1769 0.3437
1 -0.1782 0.3421
1 -0.1794 0.3404
1 -0.1805 0.3386
1 -0.1816 0.3369
1 -0.1827 0.3351
1 -0.1837 0.3333
1 -0.1846 0.3314
1 -0.1855 0.3296
1 -0.1864 0.3277
1 -0.1872 0.3257
1 -0.1879 0.3238
1 -0.1886 0.3218
1 -0.1892 0.3199
1 -0.1897 0.3179
1 -0.1902 0.3158
1 -0.1907 0.3138
1 -0.1910 0.3118
1 -0.1913 0.3097
1 -0.1916 0.3077
1 -0.1918 0.3056
1 -0.1919 0.3035
1 -0.1920 0.3015
1 -0.1920 0.2994
1 -0.1920 0.2973
1 -0.1919 0.2952
1 -0.1917 0.2932
1 -0.1915 0.2911
1 -0.1912 0.2890
1 -0.1908 0.2870
1 -0.1904 0.2850
1 -0.1899 0.2829
1 -0.1894 0.2809
1 -0.1888 0.2789
1 -0.1882 0.2770
1 -0.1875 0.2750
1 -0.1867 0.2731
1 -0.1859 0.2712
1 -0.1850 0.2693
1 -0.1841 0.2674
1 -0.1831 0.2656
1 -0.1821 0.2638
1 -0.1810 0.2621
1 -0.1798 0.2603
1 -0.1787 0.2586
1 -0.1774 0.2570
1 -0.1761 0.2553
1 -0.1748 0.2537
1 -0.1734 0.2522
1 -0.1720 0.2507
1 -0.1705 0.2492
1 -0.1690 0.2478
1 -0.1675 0.2464
1 -0.1659 0.2451
1 -0.1643 0.2438
1 -0.1626 0.2425
1 -0.1609 0.2414
1 -0.1592 0.2402
1 -0.1574 0.2391
1 -0.1556 0.2381
1 -0.1538 0.2371
1 -0.1519 0.2362
1 -0.1500 0.2353
1 -0.1481 0.2345
1 -0.1462 0.2337
1 -0.1442 0.2330
1 -0.1423 0.2324
1 -0.1403 0.2318
1 -0.1383 0.2313
1 -0.1362 0.2308
1 -0.1342 0.2304
1 -0.1322 0.2300
1 -0.1301 0.2298
1 -0.1280 0.2295
1 -0.1260 0.2294
1 -0.1239 0.2292
1 -0.1218 0.2292
1 -0.1198 0.2292
1 -0.1177 0.2293
1 -0.1156 0.2294
1 -0.1135 0.2296
1 -0.1115 0.2299
1 -0.1094 0.2302
1 -0.1074 0.2306
1 -0.1054 0.2310
1 -0.1034 0.2315
1 -0.1014 0.2320
1 -0.0994 0.2326
1 -0.0974 0.2333
1 -0.0955 0.2340
1 -0.0935 0.2348
1 -0.0916 0.2357
1 -0.0898 0.2366
1 -0.0879 0.2375
1 -0.0861 0.2385
1 -0.0843 0.2396
1 -0.0826 0.2407
1 -0.0808 0.2418
1 -0.0792 0.2430
1 -0.0775 0.2443
1 -0.0759 0.2456
1 -0.0743 0.2469
1 -0.0728 0.2483
1 -0.0713 0.2498
1 -0.0698 0.2513
1 -0.0684 0.2528
1 -0.0671 0.2544
1 -0.0658 0.2560
1 -0.0645 0.2576
1 -0.0633 0.2593
1 -0.0621 0.2610
1 -0.0610 0.2628
1 -0.0599 0.2645
1 -0.0589 0.2663
1 -0.0580 0.2682
1 -0.0570 0.2701
1 -0.0562 0.2719
1 -0.0554 0.2739
1 -0.0547 0.2758
1 -0.0540 0.2778
1 -0.0534 0.2797
1 -0.0528 0.2817
1 -0.0523 0.2838
1 -0.0518 0.2858
1 -0.0515 0.2878
1 -0.0511 0.2899
1 -0.0509 0.2919
1 -0.0507 0.2940
1 -0.0505 0.2961
1 -0.0504 0.2981
1 -0.0504 0.3002
1 -0.0504 0.3023
1 -0.0505 0.3044
1 -0.0507 0.3064
1 -0.0509 0.3085
1 -0.0509 0.3085
1 -0.0396 0.2972
1 -0.0396 0.2972
1 -0.0398 0.2950
1 -0.0399 0.2928
1 -0.0402 0.2906
1 -0.0404 0.2883
1 -0.0408 0.2861
1 -0.0412 0.2839
1 -0.0417 0.2818
1 -0.0422 0.2796
1 -0.0428 0.2775
1 -0.0434 0.2753
1 -0.0441 0.2732
1 -0.0449 0.2711
1 -0.0457 0.2690
1 -0.0466 0.2670
1 -0.0475 0.2650
1 -0.0485 0.2630
1 -0.0495 0.2610
1 -0.0506 0.2590
1 -0.0518 0.2571
1 -0.0530 0.2552
1 -0.0542 0.2534
1 -0.0555 0.2516
1 -0.0569 0.2498
1 -0.0583 0.2481
1 -0.0597 0.2464
1 -0.0612 0.2447
1 -0.0627 0.2431
1 -0.0643 0.2415
1 -0.0659 0.2400
1 -0.0676 0.2385
1 -0.0693 0.2371
1 -0.0710 0.2357
1 -0.0728 0.2343
1 -0.0746 0.2330
1 -0.0764 0.2318
1 -0.0783 0.2306
1 -0.0802 0.2294
1 -0.0822 0.2283
1 -0.0842 0.2273
1 -0.0862 0.2263
1 -0.0882 0.2254
1 -0.0902 0.2245
1 -0.0923 0.2237
1 -0.0944 0.2229
1 -0.0965 0.2222
1 -0.0987 0.2216
1 -0.1008 0.2210
1 -0.1030 0.2205
1 -0.1051 0.2200
1 -0.1073 0.2196
1 -0.1095 0.2192
1 -0.1118 0.2189
1 -0.1140 0.2187
1 -0.1162 0.2185
1 -0.1184 0.2184
1 -0.1206 0.2184
1 -0.1229 0.2184
1 -0.1251 0.2185
1 -0.1273 0.2186
1 -0.1296 0.2188
1 -0.1318 0.2191
1 -0.1340 0.2194
1 -0.1362 0.2198
1 -0.1384 0.2202
1 -0.1405 0.2207
1 -0.1427 0.2213
1 -0.1448 0.2219
1 -0.1470 0.2226
1 -0.1491 0.2233
1 -0.1511 0.2241
1 -0.1532 0.2249
1 -0.1552 0.2258
1 -0.1573 0.2268
1 -0.1592 0.2278
1 -0.1612 0.2289
1 -0.1631 0.2300
1 -0.1650 0.2312
1 -0.1669 0.2324
1 -0.1687 0.2337
1 -0.1705 0.2350
1 -0.1723 0.2363
1 -0.1740 0.2378
1 -0.1757 0.2392
1 -0.1773 0.2407
1 -0.1789 0.2423
1 -0.1805 0.2439
1 -0.1820 0.2455
1 -0.1834 0.2472
1 -0.1849 0.2489
1 -0.1862 0.2507
1 -0.1876 0.2525
1 -0.1888 0.2543
1 -0.1900 0.2562
1 -0.1912 0.2581
1 -0.1923 0.2600
1 -0.1934 0.2620
1 -0.1944 0.2639
1 -0.1954 0.2660
1 -0.1963 0.2680
1 -0.1971 0.2701
1 -0.1979 0.2721
1 -0.1986 0.2743
1 -0.1993 0.2764
1 -0.1999 0.2785
1 -0.2005 0.2807
1 -0.2010 0.2829
1 -0.2014 0.2850
1 -0.2018 0.2872
1 -0.2021 0.2894
1 -0.2024 0.2917
1 -0.2026 0.2939
1 -0.2027 0.2961
1 -0.2028 0.2983
1 -0.2028 0.3006
1 -0.2028 0.3028
1 -0.2027 0.3050
1 -0.2025 0.3072
1 -0.2023 0.3095
1 -0.2020 0.3117
1 -0.2016 0.3139
1 -0.2012 0.3161
1 -0.2007 0.3182
1 -0.2002 0.3204
1 -0.1996 0.3226
1 -0.1990 0.3247
1 -0.1983 0.3268
1 -0.1975 0.3289
1 -0.1967 0.3310
1 -0.1958 0.3330
1 -0.1949 0.3351
1 -0.1939 0.3371
1 -0.1929 0.3390
1 -0.1918 0.3410
1 -0.1906 0.3429
1 -0.1894 0.3448
1 -0.1882 0.3466
1 -0.1869 0.3484
1 -0.1855 0.3502
1 -0.1842 0.3519
1 -0.1827 0.3536
1 -0.1812 0.3553
1 -0.1797 0.3569
1 -0.1781 0.3585
1 -0.1765 0.3600
1 -0.1748 0.3615
1 -0.1731 0.3630
1 -0.1714 0.3643
1 -0.1696 0.3657
1 -0.1678 0.3670
1 -0.1660 0.3682
1 -0.1641 0.3694
1 -0.1622 0.3706
1 -0.1602 0.3717
1 -0.1583 0.3727
1 -0.1563 0.3737
1 -0.1542 0.3746
1 -0.1522 0.3755
1 -0.1501 0.3763
1 -0.1480 0.3771
1 -0.1459 0.3778
1 -0.1438 0.3784
1 -0.1416 0.3790
1 -0.1394 0.3795
1 -0.1373 0.3800
1 -0.1351 0.3804
1 -0.1329 0.3808
1 -0.1307 0.3811
1 -0.1284 0.3813
1 -0.1262 0.3815
1 -0.1240 0.3816
1 -0.1240 0.3816
