SEcl_RPO-14
3347 32 1 1 0 0 0 0 0 0 1 1
1.000
112 1251 213
0 -0.3150 1.1000
1 -0.3168 1.1000
1 -0.3186 1.0999
1 -0.3204 1.0998
1 -0.3222 1.0996
1 -0.3240 1.0993
1 -0.3258 1.0990
1 -0.3276 1.0987
1 -0.3294 1.0983
1 -0.3311 1.0978
1 -0.3329 1.0973
1 -0.3346 1.0967
1 -0.3363 1.0961
1 -0.3380 1.0954
1 -0.3396 1.0947
1 -0.3413 1.0939
1 -0.3429 1.0931
1 -0.3445 1.0923
1 -0.3460 1.0913
1 -0.3476 1.0904
1 -0.3491 1.0894
1 -0.3506 1.0883
1 -0.3520 1.0872
1 -0.3534 1.0861
1 -0.3548 1.0849
1 -0.3561 1.0837
1 -0.3574 1.0824
1 -0.3587 1.0811
1 -0.3599 1.0798
1 -0.3611 1.0784
1 -0.3622 1.0770
1 -0.3633 1.0756
1 -0.3644 1.0741
1 -0.3654 1.0726
1 -0.3663 1.0710
1 -0.3673 1.0695
1 -0.3681 1.0679
1 -0.3689 1.0663
1 -0.3697 1.0646
1 -0.3704 1.0630
1 -0.3711 1.0613
1 -0.3717 1.0596
1 -0.3723 1.0579
1 -0.3728 1.0561
1 -0.3733 1.0544
1 -0.3737 1.0526
1 -0.3740 1.0508
1 -0.3743 1.0490
1 -0.3746 1.0472
1 -0.3748 1.0454
1 -0.3749 1.0436
1 -0.3750 1.0418
1 -0.3750 1.0400
1 -0.3750 0.0600
1 -0.3750 0.0582
1 -0.3749 0.0564
1 -0.3748 0.0546
1 -0.3746 0.0528
1 -0.3743 0.0510
1 -0.3740 0.0492
1 -0.3737 0.0474
1 -0.3733 0.0456
1 -0.3728 0.0439
1 -0.3723 0.0421
1 -0.3717 0.0404
1 -0.3711 0.0387
1 -0.3704 0.0370
1 -0.3697 0.0354
1 -0.3689 0.0337
1 -0.3681 0.0321
1 -0.3673 0.0305
1 -0.3663 0.0290
1 -0.3654 0.0274
1 -0.3644 0.0259
1 -0.3633 0.0244
1 -0.3622 0.0230
1 -0.3611 0.0216
1 -0.3599 0.0202
1 -0.3587 0.0189
1 -0.3574 0.0176
1 -0.3561 0.0163
1 -0.3548 0.0151
1 -0.3534 0.0139
1 -0.3520 0.0128
1 -0.3506 0.0117
1 -0.3491 0.0106
1 -0.3476 0.0096
1 -0.3460 0.0087
1 -0.3445 0.0077
1 -0.3429 0.0069
1 -0.3413 0.0061
1 -0.3396 0.0053
1 -0.3380 0.0046
1 -0.3363 0.0039
1 -0.3346 0.0033
1 -0.3329 0.0027
1 -0.3311 0.0022
1 -0.3294 0.0017
1 -0.3276 0.0013
1 -0.3258 0.0010
1 -0.3240 0.0007
1 -0.3222 0.0004
1 -0.3204 0.0002
1 -0.3186 0.0001
1 -0.3168 -0.0000
1 -0.3150 -0.0000
1 0.3150 -0.0000
1 0.3168 -0.0000
1 0.3186 0.0001
1 0.3204 0.0002
1 0.3222 0.0004
1 0.3240 0.0007
1 0.3258 0.0010
1 0.3276 0.0013
1 0.3294 0.0017
1 0.3311 0.0022
1 0.3328 0.0027
1 0.3346 0.0033
1 0.3363 0.0039
1 0.3380 0.0046
1 0.3396 0.0053
1 0.3413 0.0061
1 0.3429 0.0069
1 0.3445 0.0077
1 0.3460 0.0087
1 0.3476 0.0096
1 0.3491 0.0106
1 0.3506 0.0117
1 0.3520 0.0128
1 0.3534 0.0139
1 0.3548 0.0151
1 0.3561 0.0163
1 0.3574 0.0176
1 0.3587 0.0189
1 0.3599 0.0202
1 0.3611 0.0216
1 0.3622 0.0230
1 0.3633 0.0244
1 0.3644 0.0259
1 0.3654 0.0274
1 0.3663 0.0290
1 0.3673 0.0305
1 0.3681 0.0321
1 0.3689 0.0337
1 0.3697 0.0354
1 0.3704 0.0370
1 0.3711 0.0387
1 0.3717 0.0404
1 0.3723 0.0421
1 0.3728 0.0439
1 0.3733 0.0456
1 0.3737 0.0474
1 0.3740 0.0492
1 0.3743 0.0510
1 0.3746 0.0528
1 0.3748 0.0546
1 0.3749 0.0564
1 0.3750 0.0582
1 0.3750 0.0600
1 0.3750 1.0400
1 0.3750 1.0418
1 0.3749 1.0436
1 0.3748 1.0454
1 0.3746 1.0472
1 0.3743 1.0490
1 0.3740 1.0508
1 0.3737 1.0526
1 0.3733 1.0544
1 0.3728 1.0561
1 0.3723 1.0579
1 0.3717 1.0596
1 0.3711 1.0613
1 0.3704 1.0630
1 0.3697 1.0646
1 0.3689 1.0663
1 0.3681 1.0679
1 0.3673 1.0695
1 0.3663 1.0710
1 0.3654 1.0726
1 0.3644 1.0741
1 0.3633 1.0756
1 0.3622 1.0770
1 0.3611 1.0784
1 0.3599 1.0798
1 0.3587 1.0811
1 0.3574 1.0824
1 0.3561 1.0837
1 0.3548 1.0849
1 0.3534 1.0861
1 0.3520 1.0872
1 0.3506 1.0883
1 0.3491 1.0894
1 0.3476 1.0904
1 0.3460 1.0913
1 0.3445 1.0923
1 0.3429 1.0931
1 0.3413 1.0939
1 0.3396 1.0947
1 0.3380 1.0954
1 0.3363 1.0961
1 0.3346 1.0967
1 0.3328 1.0973
1 0.3311 1.0978
1 0.3294 1.0983
1 0.3276 1.0987
1 0.3258 1.0990
1 0.3240 1.0993
1 0.3222 1.0996
1 0.3204 1.0998
1 0.3186 1.0999
1 0.3168 1.1000
1 0.3150 1.1000
1 -0.3150 1.1000
112 1250 181
0 -0.3150 1.0850
1 -0.3166 1.0850
1 -0.3182 1.0849
1 -0.3198 1.0847
1 -0.3214 1.0845
1 -0.3230 1.0843
1 -0.3246 1.0840
1 -0.3261 1.0836
1 -0.3277 1.0832
1 -0.3292 1.0827
1 -0.3307 1.0822
1 -0.3322 1.0816
1 -0.3337 1.0809
1 -0.3351 1.0802
1 -0.3366 1.0795
1 -0.3380 1.0787
1 -0.3393 1.0779
1 -0.3407 1.0770
1 -0.3420 1.0760
1 -0.3432 1.0750
1 -0.3445 1.0740
1 -0.3457 1.0729
1 -0.3468 1.0718
1 -0.3479 1.0707
1 -0.3490 1.0695
1 -0.3500 1.0682
1 -0.3510 1.0670
1 -0.3520 1.0657
1 -0.3529 1.0643
1 -0.3537 1.0630
1 -0.3545 1.0616
1 -0.3552 1.0601
1 -0.3559 1.0587
1 -0.3566 1.0572
1 -0.3572 1.0557
1 -0.3577 1.0542
1 -0.3582 1.0527
1 -0.3586 1.0511
1 -0.3590 1.0496
1 -0.3593 1.0480
1 -0.3595 1.0464
1 -0.3597 1.0448
1 -0.3599 1.0432
1 -0.3600 1.0416
1 -0.3600 1.0400
1 -0.3600 0.0600
1 -0.3600 0.0584
1 -0.3599 0.0568
1 -0.3597 0.0552
1 -0.3595 0.0536
1 -0.3593 0.0520
1 -0.3590 0.0504
1 -0.3586 0.0489
1 -0.3582 0.0473
1 -0.3577 0.0458
1 -0.3572 0.0443
1 -0.3566 0.0428
1 -0.3559 0.0413
1 -0.3552 0.0399
1 -0.3545 0.0384
1 -0.3537 0.0370
1 -0.3529 0.0357
1 -0.3520 0.0343
1 -0.3510 0.0330
1 -0.3500 0.0318
1 -0.3490 0.0305
1 -0.3479 0.0293
1 -0.3468 0.0282
1 -0.3457 0.0271
1 -0.3445 0.0260
1 -0.3432 0.0250
1 -0.3420 0.0240
1 -0.3407 0.0230
1 -0.3393 0.0221
1 -0.3380 0.0213
1 -0.3366 0.0205
1 -0.3351 0.0198
1 -0.3337 0.0191
1 -0.3322 0.0184
1 -0.3307 0.0178
1 -0.3292 0.0173
1 -0.3277 0.0168
1 -0.3261 0.0164
1 -0.3246 0.0160
1 -0.3230 0.0157
1 -0.3214 0.0155
1 -0.3198 0.0153
1 -0.3182 0.0151
1 -0.3166 0.0150
1 -0.3150 0.0150
1 0.3150 0.0150
1 0.3166 0.0150
1 0.3182 0.0151
1 0.3198 0.0153
1 0.3214 0.0155
1 0.3230 0.0157
1 0.3246 0.0160
1 0.3261 0.0164
1 0.3277 0.0168
1 0.3292 0.0173
1 0.3307 0.0178
1 0.3322 0.0184
1 0.3337 0.0191
1 0.3351 0.0198
1 0.3366 0.0205
1 0.3380 0.0213
1 0.3393 0.0221
1 0.3407 0.0230
1 0.3420 0.0240
1 0.3432 0.0250
1 0.3445 0.0260
1 0.3457 0.0271
1 0.3468 0.0282
1 0.3479 0.0293
1 0.3490 0.0305
1 0.3500 0.0318
1 0.3510 0.0330
1 0.3520 0.0343
1 0.3529 0.0357
1 0.3537 0.0370
1 0.3545 0.0384
1 0.3552 0.0399
1 0.3559 0.0413
1 0.3566 0.0428
1 0.3572 0.0443
1 0.3577 0.0458
1 0.3582 0.0473
1 0.3586 0.0489
1 0.3590 0.0504
1 0.3593 0.0520
1 0.3595 0.0536
1 0.3597 0.0552
1 0.3599 0.0568
1 0.3600 0.0584
1 0.3600 0.0600
1 0.3600 1.0400
1 0.3600 1.0416
1 0.3599 1.0432
1 0.3597 1.0448
1 0.3595 1.0464
1 0.3593 1.0480
1 0.3590 1.0496
1 0.3586 1.0511
1 0.3582 1.0527
1 0.3577 1.0542
1 0.3572 1.0557
1 0.3566 1.0572
1 0.3559 1.0587
1 0.3552 1.0601
1 0.3545 1.0616
1 0.3537 1.0630
1 0.3529 1.0643
1 0.3520 1.0657
1 0.3510 1.0670
1 0.3500 1.0682
1 0.3490 1.0695
1 0.3479 1.0707
1 0.3468 1.0718
1 0.3457 1.0729
1 0.3445 1.0740
1 0.3432 1.0750
1 0.3420 1.0760
1 0.3407 1.0770
1 0.3393 1.0779
1 0.3380 1.0787
1 0.3366 1.0795
1 0.3351 1.0802
1 0.3337 1.0809
1 0.3322 1.0816
1 0.3307 1.0822
1 0.3292 1.0827
1 0.3277 1.0832
1 0.3261 1.0836
1 0.3246 1.0840
1 0.3230 1.0843
1 0.3214 1.0845
1 0.3198 1.0847
1 0.3182 1.0849
1 0.3166 1.0850
1 0.3150 1.0850
1 -0.3150 1.0850
112 1251 112
0 0.3300 1.0400
1 0.3300 1.0409
1 0.3299 1.0418
1 0.3298 1.0427
1 0.3296 1.0436
1 0.3293 1.0445
1 0.3290 1.0453
1 0.3287 1.0462
1 0.3283 1.0470
1 0.3278 1.0478
1 0.3273 1.0485
1 0.3268 1.0493
1 0.3262 1.0499
1 0.3256 1.0506
1 0.3249 1.0512
1 0.3243 1.0518
1 0.3235 1.0523
1 0.3228 1.0528
1 0.3220 1.0533
1 0.3212 1.0537
1 0.3203 1.0540
1 0.3195 1.0543
1 0.3186 1.0546
1 0.3177 1.0548
1 0.3168 1.0549
1 0.3159 1.0550
1 0.3150 1.0550
1 0.3150 1.0550
1 -0.3150 1.0550
1 -0.3159 1.0550
1 -0.3168 1.0549
1 -0.3177 1.0548
1 -0.3186 1.0546
1 -0.3195 1.0543
1 -0.3203 1.0540
1 -0.3212 1.0537
1 -0.3220 1.0533
1 -0.3228 1.0528
1 -0.3235 1.0523
1 -0.3243 1.0518
1 -0.3249 1.0512
1 -0.3256 1.0506
1 -0.3262 1.0499
1 -0.3268 1.0493
1 -0.3273 1.0485
1 -0.3278 1.0478
1 -0.3283 1.0470
1 -0.3287 1.0462
1 -0.3290 1.0453
1 -0.3293 1.0445
1 -0.3296 1.0436
1 -0.3298 1.0427
1 -0.3299 1.0418
1 -0.3300 1.0409
1 -0.3300 1.0400
1 -0.3300 1.0400
1 -0.3300 0.0600
1 -0.3300 0.0591
1 -0.3299 0.0582
1 -0.3298 0.0573
1 -0.3296 0.0564
1 -0.3293 0.0555
1 -0.3290 0.0547
1 -0.3287 0.0538
1 -0.3283 0.0530
1 -0.3278 0.0522
1 -0.3273 0.0515
1 -0.3268 0.0507
1 -0.3262 0.0501
1 -0.3256 0.0494
1 -0.3249 0.0488
1 -0.3243 0.0482
1 -0.3235 0.0477
1 -0.3228 0.0472
1 -0.3220 0.0467
1 -0.3212 0.0463
1 -0.3203 0.0460
1 -0.3195 0.0457
1 -0.3186 0.0454
1 -0.3177 0.0452
1 -0.3168 0.0451
1 -0.3159 0.0450
1 -0.3150 0.0450
1 -0.3150 0.0450
1 0.3150 0.0450
1 0.3159 0.0450
1 0.3168 0.0451
1 0.3177 0.0452
1 0.3186 0.0454
1 0.3195 0.0457
1 0.3203 0.0460
1 0.3212 0.0463
1 0.3220 0.0467
1 0.3228 0.0472
1 0.3235 0.0477
1 0.3243 0.0482
1 0.3249 0.0488
1 0.3256 0.0494
1 0.3262 0.0501
1 0.3268 0.0507
1 0.3273 0.0515
1 0.3278 0.0522
1 0.3283 0.0530
1 0.3287 0.0538
1 0.3290 0.0547
1 0.3293 0.0555
1 0.3296 0.0564
1 0.3298 0.0573
1 0.3299 0.0582
1 0.3300 0.0591
1 0.3300 0.0600
1 0.3300 0.0600
112 1462 461
0 0.3125 0.7375
1 0.3125 0.7418
1 0.3124 0.7460
1 0.3122 0.7503
1 0.3120 0.7546
1 0.3118 0.7588
1 0.3115 0.7631
1 0.3111 0.7673
1 0.3106 0.7716
1 0.3101 0.7758
1 0.3096 0.7801
1 0.3090 0.7843
1 0.3083 0.7885
1 0.3076 0.7927
1 0.3068 0.7969
1 0.3060 0.8011
1 0.3051 0.8053
1 0.3041 0.8094
1 0.3031 0.8136
1 0.3020 0.8177
1 0.3009 0.8218
1 0.2997 0.8259
1 0.2985 0.8300
1 0.2972 0.8341
1 0.2959 0.8381
1 0.2945 0.8422
1 0.2930 0.8462
1 0.2915 0.8502
1 0.2899 0.8541
1 0.2883 0.8581
1 0.2866 0.8620
1 0.2849 0.8659
1 0.2831 0.8698
1 0.2813 0.8736
1 0.2794 0.8775
1 0.2775 0.8813
1 0.2755 0.8850
1 0.2734 0.8888
1 0.2713 0.8925
1 0.2692 0.8962
1 0.2670 0.8999
1 0.2648 0.9035
1 0.2625 0.9071
1 0.2601 0.9107
1 0.2577 0.9142
1 0.2553 0.9177
1 0.2528 0.9212
1 0.2503 0.9246
1 0.2477 0.9280
1 0.2451 0.9314
1 0.2424 0.9347
1 0.2397 0.9380
1 0.2369 0.9413
1 0.2341 0.9445
1 0.2313 0.9477
1 0.2284 0.9508
1 0.2255 0.9539
1 0.2225 0.9570
1 0.2195 0.9600
1 0.2164 0.9630
1 0.2133 0.9659
1 0.2102 0.9688
1 0.2070 0.9716
1 0.2038 0.9744
1 0.2005 0.9772
1 0.1972 0.9799
1 0.1939 0.9826
1 0.1905 0.9852
1 0.1871 0.9878
1 0.1837 0.9903
1 0.1802 0.9928
1 0.1767 0.9952
1 0.1732 0.9976
1 0.1696 1.0000
1 0.1660 1.0023
1 0.1624 1.0045
1 0.1587 1.0067
1 0.1550 1.0088
1 0.1513 1.0109
1 0.1475 1.0130
1 0.1438 1.0150
1 0.1400 1.0169
1 0.1361 1.0188
1 0.1323 1.0206
1 0.1284 1.0224
1 0.1245 1.0241
1 0.1206 1.0258
1 0.1166 1.0274
1 0.1127 1.0290
1 0.1087 1.0305
1 0.1046 1.0320
1 0.1006 1.0334
1 0.0966 1.0347
1 0.0925 1.0360
1 0.0884 1.0372
1 0.0843 1.0384
1 0.0802 1.0395
1 0.0761 1.0406
1 0.0719 1.0416
1 0.0678 1.0426
1 0.0636 1.0435
1 0.0594 1.0443
1 0.0552 1.0451
1 0.0510 1.0458
1 0.0468 1.0465
1 0.0426 1.0471
1 0.0383 1.0476
1 0.0341 1.0481
1 0.0298 1.0486
1 0.0256 1.0490
1 0.0213 1.0493
1 0.0171 1.0495
1 0.0128 1.0497
1 0.0085 1.0499
1 0.0043 1.0500
1 0.0000 1.0500
1 -0.0043 1.0500
1 -0.0085 1.0499
1 -0.0128 1.0497
1 -0.0171 1.0495
1 -0.0213 1.0493
1 -0.0256 1.0490
1 -0.0298 1.0486
1 -0.0341 1.0481
1 -0.0383 1.0476
1 -0.0426 1.0471
1 -0.0468 1.0465
1 -0.0510 1.0458
1 -0.0552 1.0451
1 -0.0594 1.0443
1 -0.0636 1.0435
1 -0.0678 1.0426
1 -0.0719 1.0416
1 -0.0761 1.0406
1 -0.0802 1.0395
1 -0.0843 1.0384
1 -0.0884 1.0372
1 -0.0925 1.0360
1 -0.0966 1.0347
1 -0.1006 1.0334
1 -0.1047 1.0320
1 -0.1087 1.0305
1 -0.1127 1.0290
1 -0.1166 1.0274
1 -0.1206 1.0258
1 -0.1245 1.0241
1 -0.1284 1.0224
1 -0.1323 1.0206
1 -0.1361 1.0188
1 -0.1400 1.0169
1 -0.1438 1.0150
1 -0.1475 1.0130
1 -0.1513 1.0109
1 -0.1550 1.0088
1 -0.1587 1.0067
1 -0.1624 1.0045
1 -0.1660 1.0023
1 -0.1696 1.0000
1 -0.1732 0.9976
1 -0.1767 0.9952
1 -0.1802 0.9928
1 -0.1837 0.9903
1 -0.1871 0.9878
1 -0.1905 0.9852
1 -0.1939 0.9826
1 -0.1972 0.9799
1 -0.2005 0.9772
1 -0.2038 0.9744
1 -0.2070 0.9716
1 -0.2102 0.9688
1 -0.2133 0.9659
1 -0.2164 0.9630
1 -0.2195 0.9600
1 -0.2225 0.9570
1 -0.2255 0.9539
1 -0.2284 0.9508
1 -0.2313 0.9477
1 -0.2341 0.9445
1 -0.2369 0.9413
1 -0.2397 0.9380
1 -0.2424 0.9347
1 -0.2451 0.9314
1 -0.2477 0.9280
1 -0.2503 0.9246
1 -0.2528 0.9212
1 -0.2553 0.9177
1 -0.2577 0.9142
1 -0.2601 0.9107
1 -0.2625 0.9071
1 -0.2648 0.9035
1 -0.2670 0.8999
1 -0.2692 0.8962
1 -0.2713 0.8925
1 -0.2734 0.8888
1 -0.2755 0.8850
1 -0.2775 0.8813
1 -0.2794 0.8775
1 -0.2813 0.8736
1 -0.2831 0.8698
1 -0.2849 0.8659
1 -0.2866 0.8620
1 -0.2883 0.8581
1 -0.2899 0.8541
1 -0.2915 0.8502
1 -0.2930 0.8462
1 -0.2945 0.8422
1 -0.2959 0.8381
1 -0.2972 0.8341
1 -0.2985 0.8300
1 -0.2997 0.8259
1 -0.3009 0.8218
1 -0.3020 0.8177
1 -0.3031 0.8136
1 -0.3041 0.8094
1 -0.3051 0.8053
1 -0.3060 0.8011
1 -0.3068 0.7969
1 -0.3076 0.7927
1 -0.3083 0.7885
1 -0.3090 0.7843
1 -0.3096 0.7801
1 -0.3101 0.7758
1 -0.3106 0.7716
1 -0.3111 0.7673
1 -0.3115 0.7631
1 -0.3118 0.7588
1 -0.3120 0.7546
1 -0.3122 0.7503
1 -0.3124 0.7460
1 -0.3125 0.7418
1 -0.3125 0.7375
1 -0.3125 0.7332
1 -0.3124 0.7290
1 -0.3122 0.7247
1 -0.3120 0.7204
1 -0.3118 0.7162
1 -0.3115 0.7119
1 -0.3111 0.7077
1 -0.3106 0.7034
1 -0.3101 0.6992
1 -0.3096 0.6949
1 -0.3090 0.6907
1 -0.3083 0.6865
1 -0.3076 0.6823
1 -0.3068 0.6781
1 -0.3060 0.6739
1 -0.3051 0.6697
1 -0.3041 0.6656
1 -0.3031 0.6614
1 -0.3020 0.6573
1 -0.3009 0.6532
1 -0.2997 0.6491
1 -0.2985 0.6450
1 -0.2972 0.6409
1 -0.2959 0.6369
1 -0.2945 0.6329
1 -0.2930 0.6288
1 -0.2915 0.6248
1 -0.2899 0.6209
1 -0.2883 0.6169
1 -0.2866 0.6130
1 -0.2849 0.6091
1 -0.2831 0.6052
1 -0.2813 0.6014
1 -0.2794 0.5975
1 -0.2775 0.5937
1 -0.2755 0.5900
1 -0.2734 0.5862
1 -0.2713 0.5825
1 -0.2692 0.5788
1 -0.2670 0.5751
1 -0.2648 0.5715
1 -0.2625 0.5679
1 -0.2601 0.5643
1 -0.2577 0.5608
1 -0.2553 0.5573
1 -0.2528 0.5538
1 -0.2503 0.5504
1 -0.2477 0.5470
1 -0.2451 0.5436
1 -0.2424 0.5403
1 -0.2397 0.5370
1 -0.2369 0.5337
1 -0.2341 0.5305
1 -0.2313 0.5273
1 -0.2284 0.5242
1 -0.2255 0.5211
1 -0.2225 0.5180
1 -0.2195 0.5150
1 -0.2164 0.5120
1 -0.2133 0.5091
1 -0.2102 0.5062
1 -0.2070 0.5034
1 -0.2038 0.5006
1 -0.2005 0.4978
1 -0.1972 0.4951
1 -0.1939 0.4924
1 -0.1905 0.4898
1 -0.1871 0.4872
1 -0.1837 0.4847
1 -0.1802 0.4822
1 -0.1767 0.4798
1 -0.1732 0.4774
1 -0.1696 0.4750
1 -0.1660 0.4727
1 -0.1624 0.4705
1 -0.1587 0.4683
1 -0.1550 0.4662
1 -0.1513 0.4641
1 -0.1475 0.4620
1 -0.1438 0.4600
1 -0.1400 0.4581
1 -0.1361 0.4562
1 -0.1323 0.4544
1 -0.1284 0.4526
1 -0.1245 0.4509
1 -0.1206 0.4492
1 -0.1166 0.4476
1 -0.1127 0.4460
1 -0.1087 0.4445
1 -0.1047 0.4430
1 -0.1006 0.4416
1 -0.0966 0.4403
1 -0.0925 0.4390
1 -0.0884 0.4378
1 -0.0843 0.4366
1 -0.0802 0.4355
1 -0.0761 0.4344
1 -0.0719 0.4334
1 -0.0678 0.4324
1 -0.0636 0.4315
1 -0.0594 0.4307
1 -0.0552 0.4299
1 -0.0510 0.4292
1 -0.0468 0.4285
1 -0.0426 0.4279
1 -0.0383 0.4274
1 -0.0341 0.4269
1 -0.0298 0.4264
1 -0.0256 0.4260
1 -0.0213 0.4257
1 -0.0171 0.4255
1 -0.0128 0.4253
1 -0.0085 0.4251
1 -0.0043 0.4250
1 0.0000 0.4250
1 0.0043 0.4250
1 0.0085 0.4251
1 0.0128 0.4253
1 0.0171 0.4255
1 0.0213 0.4257
1 0.0256 0.4260
1 0.0298 0.4264
1 0.0341 0.4269
1 0.0383 0.4274
1 0.0426 0.4279
1 0.0468 0.4285
1 0.0510 0.4292
1 0.0552 0.4299
1 0.0594 0.4307
1 0.0636 0.4315
1 0.0678 0.4324
1 0.0719 0.4334
1 0.0761 0.4344
1 0.0802 0.4355
1 0.0843 0.4366
1 0.0884 0.4378
1 0.0925 0.4390
1 0.0966 0.4403
1 0.1006 0.4416
1 0.1046 0.4430
1 0.1087 0.4445
1 0.1127 0.4460
1 0.1166 0.4476
1 0.1206 0.4492
1 0.1245 0.4509
1 0.1284 0.4526
1 0.1323 0.4544
1 0.1361 0.4562
1 0.1400 0.4581
1 0.1438 0.4600
1 0.1475 0.4620
1 0.1513 0.4641
1 0.1550 0.4662
1 0.1587 0.4683
1 0.1624 0.4705
1 0.1660 0.4727
1 0.1696 0.4750
1 0.1732 0.4774
1 0.1767 0.4798
1 0.1802 0.4822
1 0.1837 0.4847
1 0.1871 0.4872
1 0.1905 0.4898
1 0.1939 0.4924
1 0.1972 0.4951
1 0.2005 0.4978
1 0.2038 0.5006
1 0.2070 0.5034
1 0.2102 0.5062
1 0.2133 0.5091
1 0.2164 0.5120
1 0.2195 0.5150
1 0.2225 0.5180
1 0.2255 0.5211
1 0.2284 0.5242
1 0.2313 0.5273
1 0.2341 0.5305
1 0.2369 0.5337
1 0.2397 0.5370
1 0.2424 0.5403
1 0.2451 0.5436
1 0.2477 0.5470
1 0.2503 0.5504
1 0.2528 0.5538
1 0.2553 0.5573
1 0.2577 0.5608
1 0.2601 0.5643
1 0.2625 0.5679
1 0.2648 0.5715
1 0.2670 0.5751
1 0.2692 0.5788
1 0.2713 0.5825
1 0.2734 0.5862
1 0.2755 0.5900
1 0.2775 0.5937
1 0.2794 0.5975
1 0.2813 0.6014
1 0.2831 0.6052
1 0.2849 0.6091
1 0.2866 0.6130
1 0.2883 0.6169
1 0.2899 0.6209
1 0.2915 0.6248
1 0.2930 0.6288
1 0.2945 0.6329
1 0.2959 0.6369
1 0.2972 0.6409
1 0.2985 0.6450
1 0.2997 0.6491
1 0.3009 0.6532
1 0.3020 0.6573
1 0.3031 0.6614
1 0.3041 0.6656
1 0.3051 0.6697
1 0.3060 0.6739
1 0.3068 0.6781
1 0.3076 0.6823
1 0.3083 0.6865
1 0.3090 0.6907
1 0.3096 0.6949
1 0.3101 0.6992
1 0.3106 0.7034
1 0.3111 0.7077
1 0.3115 0.7119
1 0.3118 0.7162
1 0.3120 0.7204
1 0.3122 0.7247
1 0.3124 0.7290
1 0.3125 0.7332
1 0.3125 0.7375
112 1251 405
0 0.1886 0.5931
1 0.1908 0.5961
1 0.1930 0.5991
1 0.1951 0.6021
1 0.1972 0.6052
1 0.1993 0.6083
1 0.2013 0.6114
1 0.2032 0.6146
1 0.2051 0.6178
1 0.2070 0.6210
1 0.2088 0.6243
1 0.2105 0.6275
1 0.2122 0.6308
1 0.2138 0.6342
1 0.2154 0.6375
1 0.2170 0.6409
1 0.2185 0.6443
1 0.2199 0.6477
1 0.2213 0.6512
1 0.2226 0.6547
1 0.2239 0.6582
1 0.2251 0.6617
1 0.2262 0.6652
1 0.2273 0.6687
1 0.2284 0.6723
1 0.2294 0.6759
1 0.2303 0.6795
1 0.2312 0.6831
1 0.2320 0.6867
1 0.2328 0.6903
1 0.2335 0.6940
1 0.2341 0.6976
1 0.2347 0.7013
1 0.2353 0.7050
1 0.2357 0.7087
1 0.2362 0.7124
1 0.2365 0.7161
1 0.2368 0.7198
1 0.2371 0.7235
1 0.2373 0.7272
1 0.2374 0.7309
1 0.2375 0.7346
1 0.2375 0.7383
1 0.2375 0.7420
1 0.2374 0.7457
1 0.2372 0.7495
1 0.2370 0.7532
1 0.2367 0.7569
1 0.2364 0.7606
1 0.2360 0.7643
1 0.2355 0.7679
1 0.2350 0.7716
1 0.2345 0.7753
1 0.2339 0.7790
1 0.2332 0.7826
1 0.2324 0.7863
1 0.2317 0.7899
1 0.2308 0.7935
1 0.2299 0.7971
1 0.2289 0.8007
1 0.2279 0.8043
1 0.2269 0.8078
1 0.2257 0.8114
1 0.2245 0.8149
1 0.2233 0.8184
1 0.2220 0.8219
1 0.2207 0.8253
1 0.2193 0.8288
1 0.2178 0.8322
1 0.2163 0.8356
1 0.2147 0.8389
1 0.2131 0.8423
1 0.2115 0.8456
1 0.2097 0.8489
1 0.2080 0.8522
1 0.2062 0.8554
1 0.2043 0.8586
1 0.2024 0.8618
1 0.2004 0.8650
1 0.1984 0.8681
1 0.1963 0.8712
1 0.1942 0.8742
1 0.1920 0.8772
1 0.1898 0.8802
1 0.1876 0.8832
1 0.1853 0.8861
1 0.1829 0.8890
1 0.1805 0.8918
1 0.1781 0.8946
1 0.1756 0.8974
1 0.1731 0.9001
1 0.1705 0.9028
1 0.1679 0.9054
1 0.1653 0.9080
1 0.1626 0.9106
1 0.1599 0.9131
1 0.1571 0.9156
1 0.1543 0.9180
1 0.1515 0.9204
1 0.1486 0.9228
1 0.1457 0.9251
1 0.1427 0.9273
1 0.1397 0.9295
1 0.1367 0.9317
1 0.1337 0.9338
1 0.1306 0.9359
1 0.1275 0.9379
1 0.1243 0.9399
1 0.1211 0.9418
1 0.1179 0.9437
1 0.1147 0.9455
1 0.1114 0.9472
1 0.1081 0.9490
1 0.1048 0.9506
1 0.1014 0.9522
1 0.0981 0.9538
1 0.0947 0.9553
1 0.0913 0.9568
1 0.0878 0.9582
1 0.0844 0.9595
1 0.0809 0.9608
1 0.0774 0.9620
1 0.0739 0.9632
1 0.0703 0.9644
1 0.0668 0.9654
1 0.0632 0.9664
1 0.0596 0.9674
1 0.0560 0.9683
1 0.0524 0.9692
1 0.0488 0.9699
1 0.0451 0.9707
1 0.0415 0.9714
1 0.0378 0.9720
1 0.0341 0.9725
1 0.0304 0.9730
1 0.0268 0.9735
1 0.0231 0.9739
1 0.0194 0.9742
1 0.0157 0.9745
1 0.0120 0.9747
1 0.0082 0.9749
1 0.0045 0.9750
1 0.0008 0.9750
1 -0.0029 0.9750
1 -0.0066 0.9749
1 -0.0103 0.9748
1 -0.0140 0.9746
1 -0.0177 0.9743
1 -0.0214 0.9740
1 -0.0251 0.9737
1 -0.0288 0.9732
1 -0.0325 0.9728
1 -0.0362 0.9722
1 -0.0399 0.9716
1 -0.0435 0.9710
1 -0.0472 0.9703
1 -0.0508 0.9695
1 -0.0544 0.9687
1 -0.0580 0.9678
1 -0.0616 0.9669
1 -0.0652 0.9659
1 -0.0688 0.9648
1 -0.0723 0.9637
1 -0.0758 0.9626
1 -0.0793 0.9614
1 -0.0828 0.9601
1 -0.0863 0.9588
1 -0.0898 0.9574
1 -0.0932 0.9560
1 -0.0966 0.9545
1 -0.1000 0.9529
1 -0.1033 0.9513
1 -0.1067 0.9497
1 -0.1100 0.9480
1 -0.1132 0.9463
1 -0.1165 0.9445
1 -0.1197 0.9426
1 -0.1229 0.9407
1 -0.1261 0.9388
1 -0.1292 0.9368
1 -0.1323 0.9347
1 -0.1354 0.9326
1 -0.1384 0.9305
1 -0.1414 0.9283
1 -0.1444 0.9261
1 -0.1444 0.9261
1 -0.1469 0.9241
1 -0.1498 0.9218
1 -0.1527 0.9194
1 -0.1555 0.9170
1 -0.1583 0.9145
1 -0.1611 0.9120
1 -0.1638 0.9095
1 -0.1665 0.9069
1 -0.1691 0.9043
1 -0.1717 0.9016
1 -0.1742 0.8989
1 -0.1767 0.8962
1 -0.1792 0.8934
1 -0.1816 0.8906
1 -0.1840 0.8877
1 -0.1863 0.8848
1 -0.1886 0.8819
1 -0.1886 0.8819
1 -0.1908 0.8789
1 -0.1930 0.8759
1 -0.1951 0.8729
1 -0.1972 0.8698
1 -0.1993 0.8667
1 -0.2013 0.8636
1 -0.2032 0.8604
1 -0.2051 0.8572
1 -0.2070 0.8540
1 -0.2088 0.8507
1 -0.2105 0.8475
1 -0.2122 0.8442
1 -0.2138 0.8408
1 -0.2154 0.8375
1 -0.2170 0.8341
1 -0.2185 0.8307
1 -0.2199 0.8273
1 -0.2213 0.8238
1 -0.2226 0.8203
1 -0.2239 0.8168
1 -0.2251 0.8133
1 -0.2262 0.8098
1 -0.2273 0.8063
1 -0.2284 0.8027
1 -0.2294 0.7991
1 -0.2303 0.7955
1 -0.2312 0.7919
1 -0.2320 0.7883
1 -0.2328 0.7847
1 -0.2335 0.7810
1 -0.2341 0.7774
1 -0.2347 0.7737
1 -0.2353 0.7700
1 -0.2357 0.7663
1 -0.2362 0.7626
1 -0.2365 0.7589
1 -0.2368 0.7552
1 -0.2371 0.7515
1 -0.2373 0.7478
1 -0.2374 0.7441
1 -0.2375 0.7404
1 -0.2375 0.7367
1 -0.2375 0.7330
1 -0.2374 0.7293
1 -0.2372 0.7255
1 -0.2370 0.7218
1 -0.2367 0.7181
1 -0.2364 0.7144
1 -0.2360 0.7107
1 -0.2355 0.7071
1 -0.2350 0.7034
1 -0.2345 0.6997
1 -0.2339 0.6960
1 -0.2332 0.6924
1 -0.2324 0.6887
1 -0.2317 0.6851
1 -0.2308 0.6815
1 -0.2299 0.6779
1 -0.2289 0.6743
1 -0.2279 0.6707
1 -0.2269 0.6672
1 -0.2257 0.6636
1 -0.2245 0.6601
1 -0.2233 0.6566
1 -0.2220 0.6531
1 -0.2207 0.6497
1 -0.2193 0.6462
1 -0.2178 0.6428
1 -0.2163 0.6394
1 -0.2147 0.6361
1 -0.2131 0.6327
1 -0.2115 0.6294
1 -0.2098 0.6261
1 -0.2080 0.6228
1 -0.2062 0.6196
1 -0.2043 0.6164
1 -0.2024 0.6132
1 -0.2004 0.6100
1 -0.1984 0.6069
1 -0.1963 0.6038
1 -0.1942 0.6008
1 -0.1920 0.5978
1 -0.1898 0.5948
1 -0.1876 0.5918
1 -0.1853 0.5889
1 -0.1829 0.5860
1 -0.1805 0.5832
1 -0.1781 0.5804
1 -0.1756 0.5776
1 -0.1731 0.5749
1 -0.1705 0.5722
1 -0.1679 0.5696
1 -0.1653 0.5670
1 -0.1626 0.5644
1 -0.1599 0.5619
1 -0.1571 0.5594
1 -0.1543 0.5570
1 -0.1515 0.5546
1 -0.1486 0.5522
1 -0.1457 0.5499
1 -0.1427 0.5477
1 -0.1397 0.5455
1 -0.1367 0.5433
1 -0.1337 0.5412
1 -0.1306 0.5391
1 -0.1275 0.5371
1 -0.1243 0.5351
1 -0.1211 0.5332
1 -0.1179 0.5313
1 -0.1147 0.5295
1 -0.1114 0.5278
1 -0.1081 0.5260
1 -0.1048 0.5244
1 -0.1014 0.5228
1 -0.0981 0.5212
1 -0.0947 0.5197
1 -0.0913 0.5182
1 -0.0878 0.5168
1 -0.0844 0.5155
1 -0.0809 0.5142
1 -0.0774 0.5130
1 -0.0739 0.5118
1 -0.0703 0.5106
1 -0.0668 0.5096
1 -0.0632 0.5086
1 -0.0596 0.5076
1 -0.0560 0.5067
1 -0.0524 0.5058
1 -0.0488 0.5051
1 -0.0451 0.5043
1 -0.0415 0.5036
1 -0.0378 0.5030
1 -0.0341 0.5025
1 -0.0304 0.5020
1 -0.0268 0.5015
1 -0.0231 0.5011
1 -0.0194 0.5008
1 -0.0157 0.5005
1 -0.0120 0.5003
1 -0.0082 0.5001
1 -0.0045 0.5000
1 -0.0008 0.5000
1 0.0029 0.5000
1 0.0066 0.5001
1 0.0103 0.5002
1 0.0140 0.5004
1 0.0177 0.5007
1 0.0214 0.5010
1 0.0251 0.5013
1 0.0288 0.5018
1 0.0325 0.5022
1 0.0362 0.5028
1 0.0399 0.5034
1 0.0435 0.5040
1 0.0472 0.5047
1 0.0508 0.5055
1 0.0544 0.5063
1 0.0580 0.5072
1 0.0616 0.5081
1 0.0652 0.5091
1 0.0688 0.5102
1 0.0723 0.5113
1 0.0758 0.5124
1 0.0793 0.5136
1 0.0828 0.5149
1 0.0863 0.5162
1 0.0898 0.5176
1 0.0932 0.5190
1 0.0966 0.5205
1 0.1000 0.5221
1 0.1033 0.5237
1 0.1067 0.5253
1 0.1100 0.5270
1 0.1132 0.5287
1 0.1165 0.5305
1 0.1197 0.5324
1 0.1229 0.5343
1 0.1261 0.5362
1 0.1292 0.5382
1 0.1323 0.5403
1 0.1354 0.5424
1 0.1384 0.5445
1 0.1414 0.5467
1 0.1444 0.5489
1 0.1469 0.5509
1 0.1498 0.5532
1 0.1527 0.5556
1 0.1555 0.5580
1 0.1583 0.5605
1 0.1611 0.5630
1 0.1638 0.5655
1 0.1665 0.5681
1 0.1691 0.5707
1 0.1717 0.5734
1 0.1742 0.5761
1 0.1767 0.5788
1 0.1792 0.5816
1 0.1816 0.5844
1 0.1840 0.5873
1 0.1863 0.5902
1 0.1886 0.5931
112 1250 175
0 0.0205 0.0784
1 0.0200 0.0773
1 0.0194 0.0763
1 0.0187 0.0753
1 0.0180 0.0743
1 0.0173 0.0733
1 0.0165 0.0724
1 0.0157 0.0715
1 0.0148 0.0706
1 0.0139 0.0698
1 0.0129 0.0691
1 0.0119 0.0684
1 0.0109 0.0677
1 0.0099 0.0671
1 0.0088 0.0665
1 0.0077 0.0660
1 0.0065 0.0656
1 0.0054 0.0652
1 0.0042 0.0648
1 0.0030 0.0646
1 0.0019 0.0643
1 0.0007 0.0642
1 -0.0006 0.0641
1 -0.0018 0.0640
1 -0.0030 0.0640
1 -0.0042 0.0641
1 -0.0054 0.0642
1 -0.0066 0.0644
1 -0.0078 0.0647
1 -0.0090 0.0650
1 -0.0101 0.0653
1 -0.0113 0.0657
1 -0.0124 0.0662
1 -0.0135 0.0667
1 -0.0146 0.0673
1 -0.0156 0.0679
1 -0.0166 0.0686
1 -0.0176 0.0694
1 -0.0185 0.0701
1 -0.0194 0.0709
1 -0.0203 0.0718
1 -0.0211 0.0727
1 -0.0219 0.0737
1 -0.0226 0.0746
1 -0.0233 0.0756
1 -0.0239 0.0767
1 -0.0245 0.0778
1 -0.0250 0.0789
1 -0.0255 0.0800
1 -0.0259 0.0811
1 -0.0262 0.0823
1 -0.0265 0.0835
1 -0.0268 0.0847
1 -0.0270 0.0859
1 -0.0271 0.0871
1 -0.0271 0.0883
1 -0.0271 0.0895
1 -0.0271 0.0907
1 -0.0270 0.0919
1 -0.0268 0.0931
1 -0.0266 0.0943
1 -0.0263 0.0955
1 -0.0260 0.0967
1 -0.0256 0.0978
1 -0.0251 0.0989
1 -0.0246 0.1000
1 -0.0240 0.1011
1 -0.0234 0.1022
1 -0.0227 0.1032
1 -0.0220 0.1042
1 -0.0213 0.1051
1 -0.0205 0.1060
1 -0.0196 0.1069
1 -0.0187 0.1077
1 -0.0178 0.1085
1 -0.0168 0.1093
1 -0.0158 0.1099
1 -0.0148 0.1106
1 -0.0137 0.1112
1 -0.0126 0.1117
1 -0.0115 0.1122
1 -0.0115 0.1210
1 -0.0129 0.1206
1 -0.0142 0.1201
1 -0.0154 0.1196
1 -0.0167 0.1190
1 -0.0179 0.1184
1 -0.0191 0.1177
1 -0.0203 0.1170
1 -0.0215 0.1162
1 -0.0226 0.1154
1 -0.0236 0.1145
1 -0.0247 0.1136
1 -0.0257 0.1126
1 -0.0267 0.1116
1 -0.0276 0.1106
1 -0.0284 0.1095
1 -0.0293 0.1084
1 -0.0301 0.1073
1 -0.0308 0.1061
1 -0.0315 0.1049
1 -0.0321 0.1036
1 -0.0327 0.1024
1 -0.0332 0.1011
1 -0.0337 0.0998
1 -0.0341 0.0985
1 -0.0345 0.0971
1 -0.0348 0.0958
1 -0.0350 0.0944
1 -0.0352 0.0931
1 -0.0354 0.0917
1 -0.0355 0.0903
1 -0.0355 0.0889
1 -0.0355 0.0875
1 -0.0354 0.0861
1 -0.0352 0.0848
1 -0.0350 0.0834
1 -0.0348 0.0820
1 -0.0344 0.0807
1 -0.0341 0.0794
1 -0.0336 0.0780
1 -0.0331 0.0767
1 -0.0326 0.0755
1 -0.0320 0.0742
1 -0.0314 0.0730
1 -0.0307 0.0718
1 -0.0299 0.0706
1 -0.0292 0.0695
1 -0.0283 0.0684
1 -0.0274 0.0673
1 -0.0265 0.0663
1 -0.0256 0.0653
1 -0.0245 0.0643
1 -0.0235 0.0634
1 -0.0224 0.0625
1 -0.0213 0.0617
1 -0.0201 0.0610
1 -0.0190 0.0602
1 -0.0178 0.0596
1 -0.0165 0.0589
1 -0.0153 0.0584
1 -0.0140 0.0578
1 -0.0127 0.0574
1 -0.0113 0.0570
1 -0.0100 0.0566
1 -0.0086 0.0563
1 -0.0073 0.0561
1 -0.0059 0.0559
1 -0.0045 0.0558
1 -0.0031 0.0557
1 -0.0018 0.0557
1 -0.0004 0.0557
1 0.0010 0.0558
1 0.0024 0.0560
1 0.0037 0.0562
1 0.0051 0.0565
1 0.0065 0.0568
1 0.0078 0.0572
1 0.0091 0.0576
1 0.0104 0.0581
1 0.0117 0.0587
1 0.0129 0.0593
1 0.0141 0.0599
1 0.0153 0.0606
1 0.0165 0.0614
1 0.0176 0.0622
1 0.0187 0.0630
1 0.0198 0.0639
1 0.0208 0.0649
1 0.0218 0.0658
1 0.0227 0.0668
1 0.0236 0.0679
1 0.0245 0.0690
1 0.0253 0.0701
1 0.0205 0.0784
112 1250 77
0 0.0065 0.1453
1 0.0064 0.1460
1 0.0063 0.1467
1 0.0062 0.1474
1 0.0060 0.1480
1 0.0058 0.1487
1 0.0054 0.1493
1 0.0051 0.1499
1 0.0047 0.1504
1 0.0042 0.1510
1 0.0038 0.1514
1 0.0032 0.1519
1 0.0027 0.1523
1 0.0021 0.1526
1 0.0015 0.1529
1 0.0008 0.1532
1 0.0002 0.1534
1 -0.0005 0.1535
1 -0.0012 0.1536
1 -0.0019 0.1537
1 -0.0026 0.1536
1 -0.0033 0.1535
1 -0.0039 0.1534
1 -0.0046 0.1532
1 -0.0052 0.1529
1 -0.0058 0.1526
1 -0.0064 0.1523
1 -0.0070 0.1519
1 -0.0075 0.1514
1 -0.0080 0.1510
1 -0.0085 0.1504
1 -0.0089 0.1499
1 -0.0092 0.1493
1 -0.0095 0.1487
1 -0.0098 0.1480
1 -0.0100 0.1474
1 -0.0101 0.1467
1 -0.0102 0.1460
1 -0.0102 0.1453
1 -0.0102 0.1446
1 -0.0101 0.1439
1 -0.0100 0.1433
1 -0.0098 0.1426
1 -0.0095 0.1420
1 -0.0092 0.1414
1 -0.0089 0.1408
1 -0.0085 0.1402
1 -0.0080 0.1397
1 -0.0075 0.1392
1 -0.0070 0.1387
1 -0.0064 0.1383
1 -0.0058 0.1380
1 -0.0052 0.1377
1 -0.0046 0.1374
1 -0.0039 0.1372
1 -0.0033 0.1371
1 -0.0026 0.1370
1 -0.0019 0.1370
1 -0.0012 0.1370
1 -0.0005 0.1371
1 0.0002 0.1372
1 0.0008 0.1374
1 0.0015 0.1377
1 0.0021 0.1380
1 0.0027 0.1383
1 0.0032 0.1387
1 0.0038 0.1392
1 0.0042 0.1397
1 0.0047 0.1402
1 0.0051 0.1408
1 0.0054 0.1414
1 0.0058 0.1420
1 0.0060 0.1426
1 0.0062 0.1433
1 0.0063 0.1439
1 0.0064 0.1446
1 0.0065 0.1453
112 1250 13
0 -0.0961 0.2247
1 -0.1250 0.2247
1 -0.1250 0.1963
1 -0.1374 0.1963
1 -0.1374 0.2607
1 -0.1250 0.2607
1 -0.1250 0.2339
1 -0.0961 0.2339
1 -0.0961 0.2607
1 -0.0838 0.2607
1 -0.0838 0.1963
1 -0.0961 0.1963
1 -0.0961 0.2247
112 1250 13
0 -0.1770 0.3730
1 -0.1607 0.3730
1 -0.1440 0.3500
1 -0.1269 0.3730
1 -0.1115 0.3730
1 -0.1358 0.3418
1 -0.1112 0.3086
1 -0.1276 0.3086
1 -0.1446 0.3328
1 -0.1619 0.3086
1 -0.1774 0.3086
1 -0.1529 0.3411
1 -0.1770 0.3730
112 1250 8
0 -0.2355 0.1963
1 -0.2577 0.2607
1 -0.2442 0.2607
1 -0.2275 0.2126
1 -0.2107 0.2607
1 -0.1976 0.2607
1 -0.2199 0.1963
1 -0.2355 0.1963
112 1250 13
0 -0.1479 0.2607
1 -0.1904 0.2607
1 -0.1904 0.1963
1 -0.1479 0.1963
1 -0.1479 0.2040
1 -0.1783 0.2040
1 -0.1783 0.2272
1 -0.1596 0.2272
1 -0.1596 0.2349
1 -0.1783 0.2349
1 -0.1783 0.2532
1 -0.1479 0.2532
1 -0.1479 0.2607
112 1250 13
0 -0.1872 0.3730
1 -0.2356 0.3730
1 -0.2356 0.3086
1 -0.1872 0.3086
1 -0.1872 0.3163
1 -0.2217 0.3163
1 -0.2217 0.3396
1 -0.2005 0.3396
1 -0.2005 0.3472
1 -0.2217 0.3472
1 -0.2217 0.3655
1 -0.1872 0.3655
1 -0.1872 0.3730
112 1250 7
0 0.0886 0.2607
1 0.0764 0.2607
1 0.0764 0.1963
1 0.1210 0.1963
1 0.1210 0.2055
1 0.0886 0.2055
1 0.0886 0.2607
112 1250 5
0 -0.0580 0.1963
1 -0.0701 0.1963
1 -0.0701 0.2607
1 -0.0580 0.2607
1 -0.0580 0.1963
112 1250 42
0 0.0222 0.2037
1 0.0199 0.2066
1 0.0182 0.2096
1 0.0169 0.2129
1 0.0162 0.2164
1 0.0160 0.2197
1 0.0160 0.2607
1 0.0285 0.2607
1 0.0285 0.2199
1 0.0288 0.2161
1 0.0300 0.2128
1 0.0315 0.2105
1 0.0344 0.2079
1 0.0382 0.2064
1 0.0425 0.2060
1 0.0471 0.2065
1 0.0509 0.2081
1 0.0536 0.2105
1 0.0554 0.2134
1 0.0564 0.2167
1 0.0567 0.2199
1 0.0567 0.2607
1 0.0692 0.2607
1 0.0692 0.2198
1 0.0690 0.2159
1 0.0683 0.2123
1 0.0671 0.2090
1 0.0654 0.2061
1 0.0633 0.2034
1 0.0629 0.2030
1 0.0598 0.2006
1 0.0564 0.1987
1 0.0524 0.1973
1 0.0480 0.1964
1 0.0430 0.1960
1 0.0415 0.1959
1 0.0369 0.1963
1 0.0327 0.1972
1 0.0288 0.1987
1 0.0254 0.2009
1 0.0223 0.2036
1 0.0222 0.2037
112 1250 13
0 0.0180 0.3730
1 -0.0304 0.3730
1 -0.0304 0.3086
1 0.0180 0.3086
1 0.0180 0.3163
1 -0.0166 0.3163
1 -0.0166 0.3396
1 0.0046 0.3396
1 0.0046 0.3472
1 -0.0166 0.3472
1 -0.0166 0.3655
1 0.0180 0.3655
1 0.0180 0.3730
112 1250 18
0 -0.0949 0.3651
1 -0.0977 0.3621
1 -0.0987 0.3608
1 -0.1005 0.3580
1 -0.1020 0.3550
1 -0.1031 0.3517
1 -0.1039 0.3483
1 -0.1044 0.3447
1 -0.1045 0.3408
1 -0.1045 0.3388
1 -0.1042 0.3351
1 -0.1035 0.3316
1 -0.1025 0.3283
1 -0.1011 0.3252
1 -0.0995 0.3222
1 -0.0975 0.3195
1 -0.0956 0.3174
1 -0.0949 0.3651
112 1250 64
0 -0.0949 0.3651
1 -0.0916 0.3676
1 -0.0880 0.3696
1 -0.0839 0.3711
1 -0.0793 0.3722
1 -0.0744 0.3728
1 -0.0706 0.3729
1 -0.0655 0.3726
1 -0.0605 0.3718
1 -0.0559 0.3704
1 -0.0515 0.3685
1 -0.0509 0.3682
1 -0.0472 0.3658
1 -0.0441 0.3631
1 -0.0419 0.3602
1 -0.0403 0.3570
1 -0.0401 0.3564
1 -0.0547 0.3564
1 -0.0569 0.3594
1 -0.0606 0.3618
1 -0.0607 0.3618
1 -0.0654 0.3633
1 -0.0705 0.3638
1 -0.0706 0.3638
1 -0.0745 0.3636
1 -0.0778 0.3628
1 -0.0808 0.3615
1 -0.0833 0.3597
1 -0.0854 0.3574
1 -0.0871 0.3546
1 -0.0884 0.3512
1 -0.0892 0.3473
1 -0.0896 0.3430
1 -0.0897 0.3408
1 -0.0894 0.3362
1 -0.0888 0.3321
1 -0.0877 0.3285
1 -0.0863 0.3254
1 -0.0843 0.3228
1 -0.0820 0.3208
1 -0.0792 0.3193
1 -0.0761 0.3183
1 -0.0724 0.3178
1 -0.0706 0.3177
1 -0.0651 0.3182
1 -0.0609 0.3195
1 -0.0578 0.3217
1 -0.0568 0.3232
1 -0.0410 0.3232
1 -0.0428 0.3199
1 -0.0453 0.3170
1 -0.0486 0.3145
1 -0.0519 0.3126
1 -0.0564 0.3108
1 -0.0611 0.3095
1 -0.0660 0.3087
1 -0.0706 0.3085
1 -0.0758 0.3087
1 -0.0805 0.3095
1 -0.0849 0.3107
1 -0.0888 0.3124
1 -0.0924 0.3147
1 -0.0956 0.3174
1 -0.0949 0.3651
112 1250 23
0 0.0785 0.3402
1 0.0772 0.3389
1 0.0738 0.3364
1 0.0696 0.3347
1 0.0646 0.3339
1 0.0622 0.3337
1 0.0390 0.3337
1 0.0390 0.3086
1 0.0249 0.3086
1 0.0249 0.3730
1 0.0622 0.3730
1 0.0671 0.3726
1 0.0715 0.3713
1 0.0754 0.3691
1 0.0784 0.3664
1 0.0807 0.3634
1 0.0822 0.3601
1 0.0831 0.3567
1 0.0833 0.3535
1 0.0831 0.3497
1 0.0821 0.3463
1 0.0806 0.3431
1 0.0785 0.3402
112 1251 16
0 0.0578 0.3645
1 0.0588 0.3644
1 0.0631 0.3633
1 0.0666 0.3605
1 0.0672 0.3598
1 0.0690 0.3566
1 0.0696 0.3531
1 0.0696 0.3529
1 0.0688 0.3494
1 0.0666 0.3463
1 0.0662 0.3458
1 0.0624 0.3434
1 0.0578 0.3426
1 0.0390 0.3426
1 0.0390 0.3645
1 0.0578 0.3645
112 1250 57
0 0.1352 0.2051
1 0.1336 0.2071
1 0.1318 0.2099
1 0.1303 0.2129
1 0.1292 0.2159
1 0.1283 0.2193
1 0.1277 0.2228
1 0.1274 0.2265
1 0.1274 0.2284
1 0.1275 0.2323
1 0.1279 0.2359
1 0.1286 0.2394
1 0.1296 0.2426
1 0.1309 0.2456
1 0.1325 0.2484
1 0.1334 0.2497
1 0.1358 0.2527
1 0.1387 0.2552
1 0.1420 0.2573
1 0.1456 0.2588
1 0.1495 0.2598
1 0.1539 0.2604
1 0.1570 0.2605
1 0.1616 0.2603
1 0.1659 0.2595
1 0.1697 0.2583
1 0.1732 0.2566
1 0.1763 0.2545
1 0.1791 0.2518
1 0.1807 0.2497
1 0.1824 0.2471
1 0.1838 0.2442
1 0.1849 0.2410
1 0.1858 0.2377
1 0.1864 0.2341
1 0.1866 0.2304
1 0.1867 0.2284
1 0.1866 0.2246
1 0.1861 0.2209
1 0.1854 0.2175
1 0.1844 0.2142
1 0.1832 0.2112
1 0.1817 0.2084
1 0.1807 0.2071
1 0.1783 0.2040
1 0.1754 0.2015
1 0.1722 0.1995
1 0.1686 0.1979
1 0.1647 0.1969
1 0.1603 0.1963
1 0.1570 0.1962
1 0.1525 0.1964
1 0.1484 0.1972
1 0.1445 0.1984
1 0.1411 0.2001
1 0.1380 0.2024
1 0.1352 0.2051
112 1250 88
0 0.2224 0.2038
1 0.2267 0.2041
1 0.2301 0.2052
1 0.2327 0.2071
1 0.2344 0.2097
1 0.2353 0.2130
1 0.2354 0.2150
1 0.2347 0.2178
1 0.2328 0.2204
1 0.2295 0.2229
1 0.2265 0.2245
1 0.2226 0.2263
1 0.2187 0.2281
1 0.2147 0.2299
1 0.2107 0.2317
1 0.2102 0.2319
1 0.2068 0.2343
1 0.2042 0.2370
1 0.2025 0.2399
1 0.2016 0.2430
1 0.2015 0.2447
1 0.2019 0.2482
1 0.2032 0.2514
1 0.2053 0.2541
1 0.2081 0.2564
1 0.2116 0.2583
1 0.2156 0.2596
1 0.2200 0.2604
1 0.2249 0.2607
1 0.2249 0.2607
1 0.2295 0.2604
1 0.2338 0.2594
1 0.2376 0.2577
1 0.2394 0.2567
1 0.2424 0.2541
1 0.2443 0.2512
1 0.2453 0.2480
1 0.2454 0.2466
1 0.2342 0.2466
1 0.2325 0.2497
1 0.2310 0.2512
1 0.2272 0.2529
1 0.2249 0.2531
1 0.2204 0.2525
1 0.2171 0.2508
1 0.2147 0.2481
1 0.2140 0.2448
1 0.2147 0.2423
1 0.2171 0.2399
1 0.2211 0.2373
1 0.2228 0.2365
1 0.2292 0.2334
1 0.2340 0.2310
1 0.2372 0.2294
1 0.2389 0.2285
1 0.2391 0.2283
1 0.2425 0.2258
1 0.2451 0.2231
1 0.2469 0.2202
1 0.2478 0.2171
1 0.2480 0.2151
1 0.2477 0.2116
1 0.2469 0.2085
1 0.2457 0.2057
1 0.2439 0.2033
1 0.2416 0.2013
1 0.2387 0.1996
1 0.2354 0.1982
1 0.2316 0.1972
1 0.2272 0.1965
1 0.2223 0.1962
1 0.2202 0.1962
1 0.2157 0.1965
1 0.2118 0.1976
1 0.2080 0.1991
1 0.2048 0.2011
1 0.2022 0.2034
1 0.2002 0.2061
1 0.1988 0.2092
1 0.1981 0.2127
1 0.1980 0.2142
1 0.2094 0.2142
1 0.2102 0.2111
1 0.2125 0.2082
1 0.2136 0.2072
1 0.2172 0.2049
1 0.2211 0.2038
1 0.2224 0.2038
112 1250 57
0 0.1673 0.3174
1 0.1654 0.3195
1 0.1634 0.3222
1 0.1617 0.3252
1 0.1604 0.3283
1 0.1594 0.3316
1 0.1587 0.3351
1 0.1584 0.3388
1 0.1583 0.3408
1 0.1585 0.3447
1 0.1589 0.3483
1 0.1598 0.3517
1 0.1609 0.3550
1 0.1623 0.3580
1 0.1641 0.3608
1 0.1651 0.3621
1 0.1680 0.3651
1 0.1712 0.3676
1 0.1749 0.3696
1 0.1790 0.3712
1 0.1836 0.3722
1 0.1885 0.3728
1 0.1921 0.3729
1 0.1973 0.3726
1 0.2021 0.3719
1 0.2065 0.3707
1 0.2105 0.3690
1 0.2140 0.3668
1 0.2172 0.3642
1 0.2190 0.3621
1 0.2210 0.3594
1 0.2226 0.3565
1 0.2239 0.3534
1 0.2248 0.3501
1 0.2255 0.3465
1 0.2258 0.3428
1 0.2258 0.3408
1 0.2257 0.3369
1 0.2252 0.3332
1 0.2244 0.3298
1 0.2233 0.3266
1 0.2219 0.3236
1 0.2201 0.3208
1 0.2190 0.3194
1 0.2162 0.3164
1 0.2130 0.3139
1 0.2094 0.3118
1 0.2053 0.3103
1 0.2007 0.3092
1 0.1958 0.3086
1 0.1921 0.3085
1 0.1869 0.3088
1 0.1822 0.3095
1 0.1779 0.3107
1 0.1739 0.3125
1 0.1704 0.3147
1 0.1673 0.3174
112 1250 9
0 0.1511 0.3730
1 0.0909 0.3730
1 0.0909 0.3639
1 0.1140 0.3639
1 0.1140 0.3086
1 0.1281 0.3086
1 0.1281 0.3639
1 0.1511 0.3639
1 0.1511 0.3730
112 1250 30
0 0.0336 0.0641
1 0.0168 0.0932
1 -0.0074 0.0932
1 -0.0074 0.1363
1 -0.0068 0.1360
1 -0.0061 0.1357
1 -0.0055 0.1354
1 -0.0048 0.1353
1 -0.0042 0.1351
1 -0.0035 0.1350
1 -0.0028 0.1349
1 -0.0022 0.1349
1 -0.0015 0.1349
1 -0.0008 0.1350
1 -0.0001 0.1351
1 0.0005 0.1353
1 0.0012 0.1355
1 0.0018 0.1357
1 0.0025 0.1360
1 0.0031 0.1363
1 0.0031 0.1286
1 0.0228 0.1286
1 0.0228 0.1182
1 0.0031 0.1182
1 0.0031 0.1036
1 0.0228 0.1036
1 0.0374 0.0784
1 0.0446 0.0825
1 0.0498 0.0735
1 0.0336 0.0641
112 1250 7
0 0.1210 0.9077
1 0.1210 0.8366
1 -0.0472 0.8366
1 -0.0472 0.8215
1 -0.1181 0.8921
1 -0.1181 0.9077
1 0.1210 0.9077
112 1250 9
0 -0.0472 0.6976
1 -0.0042 0.6976
1 -0.1181 0.8114
1 -0.1181 0.5436
1 0.1210 0.5436
1 0.1210 0.5724
1 0.0786 0.6147
1 -0.0472 0.6147
1 -0.0472 0.6976
112 1250 4
0 0.0764 0.7694
1 0.0764 0.6976
1 0.0049 0.7694
1 0.0764 0.7694
112 1462 38
0 0.1886 0.5931
1 -0.1444 0.9261
1 -0.1469 0.9241
1 -0.1498 0.9218
1 -0.1527 0.9194
1 -0.1555 0.9170
1 -0.1583 0.9145
1 -0.1611 0.9120
1 -0.1638 0.9095
1 -0.1665 0.9069
1 -0.1691 0.9043
1 -0.1717 0.9016
1 -0.1742 0.8989
1 -0.1767 0.8962
1 -0.1792 0.8934
1 -0.1816 0.8906
1 -0.1840 0.8877
1 -0.1863 0.8848
1 -0.1886 0.8819
1 -0.1886 0.8819
1 0.1444 0.5489
1 0.1469 0.5509
1 0.1498 0.5532
1 0.1527 0.5556
1 0.1555 0.5580
1 0.1583 0.5605
1 0.1611 0.5630
1 0.1638 0.5655
1 0.1665 0.5681
1 0.1691 0.5707
1 0.1717 0.5734
1 0.1742 0.5761
1 0.1767 0.5788
1 0.1792 0.5816
1 0.1816 0.5844
1 0.1840 0.5873
1 0.1863 0.5902
1 0.1886 0.5931
112 1251 41
0 0.1921 0.3638
1 0.1883 0.3636
1 0.1849 0.3628
1 0.1820 0.3615
1 0.1795 0.3597
1 0.1774 0.3574
1 0.1757 0.3545
1 0.1744 0.3512
1 0.1736 0.3472
1 0.1733 0.3428
1 0.1732 0.3408
1 0.1734 0.3361
1 0.1741 0.3321
1 0.1751 0.3285
1 0.1766 0.3254
1 0.1785 0.3228
1 0.1808 0.3208
1 0.1836 0.3193
1 0.1868 0.3183
1 0.1904 0.3178
1 0.1921 0.3177
1 0.1959 0.3180
1 0.1993 0.3188
1 0.2022 0.3201
1 0.2048 0.3219
1 0.2069 0.3242
1 0.2086 0.3270
1 0.2098 0.3304
1 0.2106 0.3343
1 0.2111 0.3386
1 0.2111 0.3408
1 0.2109 0.3454
1 0.2103 0.3495
1 0.2092 0.3531
1 0.2077 0.3562
1 0.2058 0.3587
1 0.2034 0.3608
1 0.2007 0.3623
1 0.1975 0.3633
1 0.1939 0.3638
1 0.1921 0.3638
112 1250 79
0 -0.0210 0.2054
1 -0.0226 0.2054
1 -0.0257 0.2059
1 -0.0285 0.2069
1 -0.0310 0.2085
1 -0.0330 0.2105
1 -0.0347 0.2130
1 -0.0360 0.2161
1 -0.0370 0.2197
1 -0.0375 0.2238
1 -0.0377 0.2284
1 -0.0377 0.2306
1 -0.0373 0.2350
1 -0.0366 0.2388
1 -0.0355 0.2422
1 -0.0340 0.2450
1 -0.0321 0.2474
1 -0.0299 0.2491
1 -0.0273 0.2505
1 -0.0243 0.2512
1 -0.0210 0.2515
1 -0.0209 0.2515
1 -0.0164 0.2510
1 -0.0123 0.2494
1 -0.0122 0.2494
1 -0.0089 0.2471
1 -0.0070 0.2441
1 0.0058 0.2441
1 0.0057 0.2447
1 0.0043 0.2479
1 0.0023 0.2508
1 -0.0003 0.2535
1 -0.0037 0.2559
1 -0.0042 0.2562
1 -0.0080 0.2581
1 -0.0121 0.2594
1 -0.0164 0.2602
1 -0.0210 0.2605
1 -0.0243 0.2604
1 -0.0286 0.2598
1 -0.0326 0.2588
1 -0.0362 0.2572
1 -0.0394 0.2552
1 -0.0423 0.2527
1 -0.0448 0.2497
1 -0.0457 0.2484
1 -0.0472 0.2456
1 -0.0485 0.2426
1 -0.0495 0.2394
1 -0.0502 0.2359
1 -0.0506 0.2323
1 -0.0508 0.2284
1 -0.0508 0.2265
1 -0.0505 0.2228
1 -0.0499 0.2193
1 -0.0490 0.2159
1 -0.0478 0.2129
1 -0.0463 0.2099
1 -0.0445 0.2071
1 -0.0429 0.2050
1 -0.0401 0.2023
1 -0.0370 0.2001
1 -0.0335 0.1984
1 -0.0297 0.1972
1 -0.0255 0.1964
1 -0.0210 0.1962
1 -0.0170 0.1964
1 -0.0126 0.1971
1 -0.0085 0.1984
1 -0.0045 0.2003
1 -0.0016 0.2022
1 0.0013 0.2047
1 0.0035 0.2076
1 0.0051 0.2108
1 -0.0088 0.2108
1 -0.0097 0.2094
1 -0.0124 0.2072
1 -0.0162 0.2059
1 -0.0210 0.2054
112 1251 41
0 0.1570 0.2054
1 0.1555 0.2054
1 0.1524 0.2059
1 0.1496 0.2069
1 0.1472 0.2084
1 0.1451 0.2105
1 0.1434 0.2130
1 0.1421 0.2161
1 0.1412 0.2197
1 0.1406 0.2238
1 0.1404 0.2284
1 0.1405 0.2305
1 0.1408 0.2349
1 0.1416 0.2388
1 0.1426 0.2421
1 0.1441 0.2450
1 0.1460 0.2473
1 0.1482 0.2491
1 0.1507 0.2505
1 0.1537 0.2512
1 0.1570 0.2515
1 0.1586 0.2514
1 0.1618 0.2509
1 0.1646 0.2499
1 0.1670 0.2484
1 0.1691 0.2464
1 0.1707 0.2438
1 0.1720 0.2408
1 0.1730 0.2372
1 0.1735 0.2331
1 0.1737 0.2284
1 0.1737 0.2263
1 0.1734 0.2219
1 0.1726 0.2180
1 0.1715 0.2147
1 0.1700 0.2118
1 0.1682 0.2095
1 0.1659 0.2077
1 0.1633 0.2064
1 0.1604 0.2057
1 0.1570 0.2054
