SEcl_RPO-12
3345 7 1 1 0 0 0 0 0 0 1 1
1.000
112 1462 441
0 0.3000 0.3000
1 0.3000 0.3043
1 0.2999 0.3086
1 0.2997 0.3128
1 0.2995 0.3171
1 0.2993 0.3214
1 0.2989 0.3257
1 0.2985 0.3299
1 0.2981 0.3342
1 0.2975 0.3385
1 0.2970 0.3427
1 0.2963 0.3469
1 0.2956 0.3512
1 0.2949 0.3554
1 0.2940 0.3596
1 0.2932 0.3638
1 0.2922 0.3680
1 0.2912 0.3721
1 0.2902 0.3763
1 0.2890 0.3804
1 0.2879 0.3845
1 0.2866 0.3886
1 0.2853 0.3927
1 0.2840 0.3968
1 0.2826 0.4008
1 0.2811 0.4048
1 0.2796 0.4088
1 0.2780 0.4128
1 0.2764 0.4168
1 0.2747 0.4207
1 0.2729 0.4246
1 0.2711 0.4285
1 0.2692 0.4324
1 0.2673 0.4362
1 0.2653 0.4400
1 0.2633 0.4438
1 0.2612 0.4475
1 0.2591 0.4512
1 0.2569 0.4549
1 0.2547 0.4586
1 0.2524 0.4622
1 0.2501 0.4658
1 0.2477 0.4693
1 0.2452 0.4729
1 0.2427 0.4763
1 0.2402 0.4798
1 0.2376 0.4832
1 0.2349 0.4866
1 0.2323 0.4899
1 0.2295 0.4932
1 0.2267 0.4965
1 0.2239 0.4997
1 0.2210 0.5029
1 0.2181 0.5060
1 0.2152 0.5091
1 0.2121 0.5121
1 0.2091 0.5152
1 0.2060 0.5181
1 0.2029 0.5210
1 0.1997 0.5239
1 0.1965 0.5267
1 0.1932 0.5295
1 0.1899 0.5323
1 0.1866 0.5349
1 0.1832 0.5376
1 0.1798 0.5402
1 0.1763 0.5427
1 0.1729 0.5452
1 0.1693 0.5477
1 0.1658 0.5501
1 0.1622 0.5524
1 0.1586 0.5547
1 0.1549 0.5569
1 0.1512 0.5591
1 0.1475 0.5612
1 0.1438 0.5633
1 0.1400 0.5653
1 0.1362 0.5673
1 0.1324 0.5692
1 0.1285 0.5711
1 0.1246 0.5729
1 0.1207 0.5747
1 0.1168 0.5764
1 0.1128 0.5780
1 0.1088 0.5796
1 0.1048 0.5811
1 0.1008 0.5826
1 0.0968 0.5840
1 0.0927 0.5853
1 0.0886 0.5866
1 0.0845 0.5879
1 0.0804 0.5890
1 0.0763 0.5902
1 0.0721 0.5912
1 0.0680 0.5922
1 0.0638 0.5932
1 0.0596 0.5940
1 0.0554 0.5949
1 0.0512 0.5956
1 0.0469 0.5963
1 0.0427 0.5970
1 0.0385 0.5975
1 0.0342 0.5981
1 0.0299 0.5985
1 0.0257 0.5989
1 0.0214 0.5993
1 0.0171 0.5995
1 0.0128 0.5997
1 0.0086 0.5999
1 0.0043 0.6000
1 0.0000 0.6000
1 -0.0043 0.6000
1 -0.0086 0.5999
1 -0.0128 0.5997
1 -0.0171 0.5995
1 -0.0214 0.5993
1 -0.0257 0.5989
1 -0.0299 0.5985
1 -0.0342 0.5981
1 -0.0385 0.5975
1 -0.0427 0.5970
1 -0.0469 0.5963
1 -0.0512 0.5956
1 -0.0554 0.5949
1 -0.0596 0.5940
1 -0.0638 0.5932
1 -0.0680 0.5922
1 -0.0721 0.5912
1 -0.0763 0.5902
1 -0.0804 0.5890
1 -0.0845 0.5879
1 -0.0886 0.5866
1 -0.0927 0.5853
1 -0.0968 0.5840
1 -0.1008 0.5826
1 -0.1048 0.5811
1 -0.1088 0.5796
1 -0.1128 0.5780
1 -0.1168 0.5764
1 -0.1207 0.5747
1 -0.1246 0.5729
1 -0.1285 0.5711
1 -0.1324 0.5692
1 -0.1362 0.5673
1 -0.1400 0.5653
1 -0.1438 0.5633
1 -0.1475 0.5612
1 -0.1512 0.5591
1 -0.1549 0.5569
1 -0.1586 0.5547
1 -0.1622 0.5524
1 -0.1658 0.5501
1 -0.1693 0.5477
1 -0.1729 0.5452
1 -0.1763 0.5427
1 -0.1798 0.5402
1 -0.1832 0.5376
1 -0.1866 0.5349
1 -0.1899 0.5323
1 -0.1932 0.5295
1 -0.1965 0.5267
1 -0.1997 0.5239
1 -0.2029 0.5210
1 -0.2060 0.5181
1 -0.2091 0.5152
1 -0.2121 0.5121
1 -0.2152 0.5091
1 -0.2181 0.5060
1 -0.2210 0.5029
1 -0.2239 0.4997
1 -0.2267 0.4965
1 -0.2295 0.4932
1 -0.2323 0.4899
1 -0.2349 0.4866
1 -0.2376 0.4832
1 -0.2402 0.4798
1 -0.2427 0.4763
1 -0.2452 0.4729
1 -0.2477 0.4693
1 -0.2501 0.4658
1 -0.2524 0.4622
1 -0.2547 0.4586
1 -0.2569 0.4549
1 -0.2591 0.4512
1 -0.2612 0.4475
1 -0.2633 0.4438
1 -0.2653 0.4400
1 -0.2673 0.4362
1 -0.2692 0.4324
1 -0.2711 0.4285
1 -0.2729 0.4246
1 -0.2747 0.4207
1 -0.2764 0.4168
1 -0.2780 0.4128
1 -0.2796 0.4088
1 -0.2811 0.4048
1 -0.2826 0.4008
1 -0.2840 0.3968
1 -0.2853 0.3927
1 -0.2866 0.3886
1 -0.2879 0.3845
1 -0.2890 0.3804
1 -0.2902 0.3763
1 -0.2912 0.3721
1 -0.2922 0.3680
1 -0.2932 0.3638
1 -0.2940 0.3596
1 -0.2949 0.3554
1 -0.2956 0.3512
1 -0.2963 0.3469
1 -0.2970 0.3427
1 -0.2975 0.3385
1 -0.2981 0.3342
1 -0.2985 0.3299
1 -0.2989 0.3257
1 -0.2993 0.3214
1 -0.2995 0.3171
1 -0.2997 0.3128
1 -0.2999 0.3086
1 -0.3000 0.3043
1 -0.3000 0.3000
1 -0.3000 0.2957
1 -0.2999 0.2914
1 -0.2997 0.2872
1 -0.2995 0.2829
1 -0.2993 0.2786
1 -0.2989 0.2743
1 -0.2985 0.2701
1 -0.2981 0.2658
1 -0.2975 0.2615
1 -0.2970 0.2573
1 -0.2963 0.2531
1 -0.2956 0.2488
1 -0.2949 0.2446
1 -0.2940 0.2404
1 -0.2932 0.2362
1 -0.2922 0.2320
1 -0.2912 0.2279
1 -0.2902 0.2237
1 -0.2890 0.2196
1 -0.2879 0.2155
1 -0.2866 0.2114
1 -0.2853 0.2073
1 -0.2840 0.2032
1 -0.2826 0.1992
1 -0.2811 0.1952
1 -0.2796 0.1912
1 -0.2780 0.1872
1 -0.2764 0.1832
1 -0.2747 0.1793
1 -0.2729 0.1754
1 -0.2711 0.1715
1 -0.2692 0.1676
1 -0.2673 0.1638
1 -0.2653 0.1600
1 -0.2633 0.1562
1 -0.2612 0.1525
1 -0.2591 0.1488
1 -0.2569 0.1451
1 -0.2547 0.1414
1 -0.2524 0.1378
1 -0.2501 0.1342
1 -0.2477 0.1307
1 -0.2452 0.1271
1 -0.2427 0.1237
1 -0.2402 0.1202
1 -0.2376 0.1168
1 -0.2349 0.1134
1 -0.2323 0.1101
1 -0.2295 0.1068
1 -0.2267 0.1035
1 -0.2239 0.1003
1 -0.2210 0.0971
1 -0.2181 0.0940
1 -0.2152 0.0909
1 -0.2121 0.0879
1 -0.2091 0.0848
1 -0.2060 0.0819
1 -0.2029 0.0790
1 -0.1997 0.0761
1 -0.1965 0.0733
1 -0.1932 0.0705
1 -0.1899 0.0677
1 -0.1866 0.0651
1 -0.1832 0.0624
1 -0.1798 0.0598
1 -0.1763 0.0573
1 -0.1729 0.0548
1 -0.1693 0.0523
1 -0.1658 0.0499
1 -0.1622 0.0476
1 -0.1586 0.0453
1 -0.1549 0.0431
1 -0.1512 0.0409
1 -0.1475 0.0388
1 -0.1438 0.0367
1 -0.1400 0.0347
1 -0.1362 0.0327
1 -0.1324 0.0308
1 -0.1285 0.0289
1 -0.1246 0.0271
1 -0.1207 0.0253
1 -0.1168 0.0236
1 -0.1128 0.0220
1 -0.1088 0.0204
1 -0.1048 0.0189
1 -0.1008 0.0174
1 -0.0968 0.0160
1 -0.0927 0.0147
1 -0.0886 0.0134
1 -0.0845 0.0121
1 -0.0804 0.0110
1 -0.0763 0.0098
1 -0.0721 0.0088
1 -0.0680 0.0078
1 -0.0638 0.0068
1 -0.0596 0.0060
1 -0.0554 0.0051
1 -0.0512 0.0044
1 -0.0469 0.0037
1 -0.0427 0.0030
1 -0.0385 0.0025
1 -0.0342 0.0019
1 -0.0299 0.0015
1 -0.0257 0.0011
1 -0.0214 0.0007
1 -0.0171 0.0005
1 -0.0128 0.0003
1 -0.0086 0.0001
1 -0.0043 -0.0000
1 0.0000 -0.0000
1 0.0043 -0.0000
1 0.0086 0.0001
1 0.0128 0.0003
1 0.0171 0.0005
1 0.0214 0.0007
1 0.0257 0.0011
1 0.0299 0.0015
1 0.0342 0.0019
1 0.0385 0.0025
1 0.0427 0.0030
1 0.0469 0.0037
1 0.0512 0.0044
1 0.0554 0.0051
1 0.0596 0.0060
1 0.0638 0.0068
1 0.0680 0.0078
1 0.0721 0.0088
1 0.0763 0.0098
1 0.0804 0.0110
1 0.0845 0.0121
1 0.0886 0.0134
1 0.0927 0.0147
1 0.0968 0.0160
1 0.1008 0.0174
1 0.1048 0.0189
1 0.1088 0.0204
1 0.1128 0.0220
1 0.1168 0.0236
1 0.1207 0.0253
1 0.1246 0.0271
1 0.1285 0.0289
1 0.1324 0.0308
1 0.1362 0.0327
1 0.1400 0.0347
1 0.1438 0.0367
1 0.1475 0.0388
1 0.1512 0.0409
1 0.1549 0.0431
1 0.1586 0.0453
1 0.1622 0.0476
1 0.1658 0.0499
1 0.1693 0.0523
1 0.1729 0.0548
1 0.1763 0.0573
1 0.1798 0.0598
1 0.1832 0.0624
1 0.1866 0.0651
1 0.1899 0.0677
1 0.1932 0.0705
1 0.1965 0.0733
1 0.1997 0.0761
1 0.2029 0.0790
1 0.2060 0.0819
1 0.2091 0.0848
1 0.2121 0.0879
1 0.2152 0.0909
1 0.2181 0.0940
1 0.2210 0.0971
1 0.2239 0.1003
1 0.2267 0.1035
1 0.2295 0.1068
1 0.2323 0.1101
1 0.2349 0.1134
1 0.2376 0.1168
1 0.2402 0.1202
1 0.2427 0.1237
1 0.2452 0.1271
1 0.2477 0.1307
1 0.2501 0.1342
1 0.2524 0.1378
1 0.2547 0.1414
1 0.2569 0.1451
1 0.2591 0.1488
1 0.2612 0.1525
1 0.2633 0.1562
1 0.2653 0.1600
1 0.2673 0.1638
1 0.2692 0.1676
1 0.2711 0.1715
1 0.2729 0.1754
1 0.2747 0.1793
1 0.2764 0.1832
1 0.2780 0.1872
1 0.2796 0.1912
1 0.2811 0.1952
1 0.2826 0.1992
1 0.2840 0.2032
1 0.2853 0.2073
1 0.2866 0.2114
1 0.2879 0.2155
1 0.2890 0.2196
1 0.2902 0.2237
1 0.2912 0.2279
1 0.2922 0.2320
1 0.2932 0.2362
1 0.2940 0.2404
1 0.2949 0.2446
1 0.2956 0.2488
1 0.2963 0.2531
1 0.2970 0.2573
1 0.2975 0.2615
1 0.2981 0.2658
1 0.2985 0.2701
1 0.2989 0.2743
1 0.2993 0.2786
1 0.2995 0.2829
1 0.2997 0.2872
1 0.2999 0.2914
1 0.3000 0.2957
1 0.3000 0.3000
112 1251 355
0 0.1810 0.1614
1 0.1833 0.1644
1 0.1855 0.1674
1 0.1876 0.1704
1 0.1897 0.1735
1 0.1918 0.1766
1 0.1937 0.1798
1 0.1957 0.1830
1 0.1976 0.1862
1 0.1994 0.1894
1 0.2012 0.1927
1 0.2029 0.1960
1 0.2046 0.1993
1 0.2062 0.2027
1 0.2078 0.2061
1 0.2093 0.2095
1 0.2107 0.2129
1 0.2121 0.2164
1 0.2135 0.2199
1 0.2148 0.2234
1 0.2160 0.2269
1 0.2171 0.2304
1 0.2182 0.2340
1 0.2193 0.2376
1 0.2203 0.2412
1 0.2212 0.2448
1 0.2221 0.2484
1 0.2229 0.2520
1 0.2237 0.2557
1 0.2244 0.2593
1 0.2250 0.2630
1 0.2256 0.2667
1 0.2261 0.2704
1 0.2265 0.2741
1 0.2269 0.2778
1 0.2273 0.2815
1 0.2275 0.2852
1 0.2277 0.2890
1 0.2279 0.2927
1 0.2280 0.2964
1 0.2280 0.3001
1 0.2280 0.3039
1 0.2279 0.3076
1 0.2277 0.3113
1 0.2275 0.3150
1 0.2272 0.3188
1 0.2269 0.3225
1 0.2265 0.3262
1 0.2261 0.3299
1 0.2255 0.3336
1 0.2250 0.3372
1 0.2243 0.3409
1 0.2236 0.3446
1 0.2229 0.3482
1 0.2220 0.3519
1 0.2212 0.3555
1 0.2202 0.3591
1 0.2192 0.3627
1 0.2182 0.3663
1 0.2171 0.3698
1 0.2159 0.3734
1 0.2147 0.3769
1 0.2134 0.3804
1 0.2120 0.3839
1 0.2106 0.3873
1 0.2092 0.3908
1 0.2077 0.3942
1 0.2061 0.3975
1 0.2045 0.4009
1 0.2028 0.4042
1 0.2011 0.4075
1 0.1993 0.4108
1 0.1974 0.4140
1 0.1956 0.4173
1 0.1936 0.4204
1 0.1916 0.4236
1 0.1896 0.4267
1 0.1875 0.4298
1 0.1853 0.4328
1 0.1831 0.4358
1 0.1809 0.4388
1 0.1786 0.4418
1 0.1762 0.4447
1 0.1739 0.4475
1 0.1714 0.4503
1 0.1689 0.4531
1 0.1664 0.4559
1 0.1638 0.4586
1 0.1612 0.4612
1 0.1586 0.4638
1 0.1559 0.4664
1 0.1531 0.4689
1 0.1503 0.4714
1 0.1475 0.4739
1 0.1447 0.4762
1 0.1418 0.4786
1 0.1388 0.4809
1 0.1358 0.4831
1 0.1328 0.4853
1 0.1298 0.4875
1 0.1267 0.4896
1 0.1236 0.4916
1 0.1204 0.4936
1 0.1173 0.4956
1 0.1140 0.4974
1 0.1108 0.4993
1 0.1075 0.5011
1 0.1042 0.5028
1 0.1009 0.5045
1 0.0975 0.5061
1 0.0942 0.5077
1 0.0908 0.5092
1 0.0873 0.5106
1 0.0839 0.5120
1 0.0804 0.5134
1 0.0769 0.5147
1 0.0734 0.5159
1 0.0698 0.5171
1 0.0663 0.5182
1 0.0627 0.5192
1 0.0591 0.5202
1 0.0555 0.5212
1 0.0519 0.5220
1 0.0482 0.5229
1 0.0446 0.5236
1 0.0409 0.5243
1 0.0372 0.5250
1 0.0336 0.5255
1 0.0299 0.5261
1 0.0262 0.5265
1 0.0225 0.5269
1 0.0188 0.5272
1 0.0150 0.5275
1 0.0113 0.5277
1 0.0076 0.5279
1 0.0039 0.5280
1 0.0001 0.5280
1 -0.0036 0.5280
1 -0.0073 0.5279
1 -0.0110 0.5277
1 -0.0148 0.5275
1 -0.0185 0.5273
1 -0.0222 0.5269
1 -0.0259 0.5265
1 -0.0296 0.5261
1 -0.0333 0.5256
1 -0.0370 0.5250
1 -0.0407 0.5244
1 -0.0443 0.5237
1 -0.0480 0.5229
1 -0.0516 0.5221
1 -0.0552 0.5212
1 -0.0588 0.5203
1 -0.0624 0.5193
1 -0.0660 0.5182
1 -0.0696 0.5171
1 -0.0731 0.5160
1 -0.0766 0.5147
1 -0.0801 0.5135
1 -0.0836 0.5121
1 -0.0871 0.5107
1 -0.0905 0.5093
1 -0.0939 0.5078
1 -0.0973 0.5062
1 -0.1007 0.5046
1 -0.1040 0.5029
1 -0.1073 0.5012
1 -0.1106 0.4994
1 -0.1138 0.4976
1 -0.1170 0.4957
1 -0.1202 0.4937
1 -0.1234 0.4918
1 -0.1265 0.4897
1 -0.1296 0.4876
1 -0.1326 0.4855
1 -0.1356 0.4833
1 -0.1386 0.4810
1 -0.1810 0.4386
1 -0.1833 0.4356
1 -0.1855 0.4326
1 -0.1876 0.4296
1 -0.1897 0.4265
1 -0.1918 0.4234
1 -0.1937 0.4202
1 -0.1957 0.4170
1 -0.1976 0.4138
1 -0.1994 0.4106
1 -0.2012 0.4073
1 -0.2029 0.4040
1 -0.2046 0.4007
1 -0.2062 0.3973
1 -0.2078 0.3939
1 -0.2093 0.3905
1 -0.2107 0.3871
1 -0.2121 0.3836
1 -0.2135 0.3801
1 -0.2147 0.3766
1 -0.2160 0.3731
1 -0.2171 0.3696
1 -0.2182 0.3660
1 -0.2193 0.3624
1 -0.2203 0.3588
1 -0.2212 0.3552
1 -0.2221 0.3516
1 -0.2229 0.3480
1 -0.2237 0.3443
1 -0.2244 0.3407
1 -0.2250 0.3370
1 -0.2256 0.3333
1 -0.2261 0.3296
1 -0.2265 0.3259
1 -0.2269 0.3222
1 -0.2273 0.3185
1 -0.2275 0.3148
1 -0.2277 0.3110
1 -0.2279 0.3073
1 -0.2280 0.3036
1 -0.2280 0.2999
1 -0.2280 0.2961
1 -0.2279 0.2924
1 -0.2277 0.2887
1 -0.2275 0.2850
1 -0.2272 0.2812
1 -0.2269 0.2775
1 -0.2265 0.2738
1 -0.2261 0.2701
1 -0.2255 0.2664
1 -0.2250 0.2628
1 -0.2243 0.2591
1 -0.2236 0.2554
1 -0.2229 0.2518
1 -0.2220 0.2481
1 -0.2212 0.2445
1 -0.2202 0.2409
1 -0.2192 0.2373
1 -0.2182 0.2337
1 -0.2171 0.2302
1 -0.2159 0.2266
1 -0.2147 0.2231
1 -0.2134 0.2196
1 -0.2120 0.2161
1 -0.2106 0.2127
1 -0.2092 0.2092
1 -0.2077 0.2058
1 -0.2061 0.2025
1 -0.2045 0.1991
1 -0.2028 0.1958
1 -0.2011 0.1925
1 -0.1993 0.1892
1 -0.1974 0.1860
1 -0.1956 0.1827
1 -0.1936 0.1796
1 -0.1916 0.1764
1 -0.1896 0.1733
1 -0.1875 0.1702
1 -0.1853 0.1672
1 -0.1831 0.1642
1 -0.1809 0.1612
1 -0.1786 0.1582
1 -0.1762 0.1553
1 -0.1739 0.1525
1 -0.1714 0.1497
1 -0.1689 0.1469
1 -0.1664 0.1441
1 -0.1638 0.1414
1 -0.1612 0.1388
1 -0.1586 0.1362
1 -0.1559 0.1336
1 -0.1531 0.1311
1 -0.1503 0.1286
1 -0.1475 0.1261
1 -0.1447 0.1238
1 -0.1418 0.1214
1 -0.1388 0.1191
1 -0.1358 0.1169
1 -0.1328 0.1147
1 -0.1298 0.1125
1 -0.1267 0.1104
1 -0.1236 0.1084
1 -0.1204 0.1064
1 -0.1173 0.1044
1 -0.1140 0.1026
1 -0.1108 0.1007
1 -0.1075 0.0989
1 -0.1042 0.0972
1 -0.1009 0.0955
1 -0.0975 0.0939
1 -0.0942 0.0923
1 -0.0908 0.0908
1 -0.0873 0.0894
1 -0.0839 0.0880
1 -0.0804 0.0866
1 -0.0769 0.0853
1 -0.0734 0.0841
1 -0.0698 0.0829
1 -0.0663 0.0818
1 -0.0627 0.0808
1 -0.0591 0.0798
1 -0.0555 0.0788
1 -0.0519 0.0780
1 -0.0482 0.0771
1 -0.0446 0.0764
1 -0.0409 0.0757
1 -0.0372 0.0750
1 -0.0336 0.0745
1 -0.0299 0.0739
1 -0.0262 0.0735
1 -0.0225 0.0731
1 -0.0188 0.0728
1 -0.0150 0.0725
1 -0.0113 0.0723
1 -0.0076 0.0721
1 -0.0039 0.0720
1 -0.0001 0.0720
1 0.0036 0.0720
1 0.0073 0.0721
1 0.0110 0.0723
1 0.0148 0.0725
1 0.0185 0.0727
1 0.0222 0.0731
1 0.0259 0.0735
1 0.0296 0.0739
1 0.0333 0.0744
1 0.0370 0.0750
1 0.0407 0.0756
1 0.0443 0.0763
1 0.0480 0.0771
1 0.0516 0.0779
1 0.0552 0.0788
1 0.0588 0.0797
1 0.0624 0.0807
1 0.0660 0.0818
1 0.0696 0.0829
1 0.0731 0.0840
1 0.0766 0.0853
1 0.0801 0.0865
1 0.0836 0.0879
1 0.0871 0.0893
1 0.0905 0.0907
1 0.0939 0.0922
1 0.0973 0.0938
1 0.1007 0.0954
1 0.1040 0.0971
1 0.1073 0.0988
1 0.1106 0.1006
1 0.1138 0.1024
1 0.1170 0.1043
1 0.1202 0.1063
1 0.1234 0.1082
1 0.1265 0.1103
1 0.1296 0.1124
1 0.1326 0.1145
1 0.1356 0.1167
1 0.1386 0.1190
1 0.1810 0.1614
112 1250 103
0 -0.0786 0.3362
1 0.0000 0.2576
1 -0.0002 0.2570
1 -0.0276 0.2584
1 -0.0277 0.2567
1 -0.0279 0.2549
1 -0.0281 0.2531
1 -0.0284 0.2514
1 -0.0288 0.2497
1 -0.0292 0.2479
1 -0.0296 0.2462
1 -0.0302 0.2446
1 -0.0307 0.2429
1 -0.0314 0.2412
1 -0.0320 0.2396
1 -0.0328 0.2380
1 -0.0336 0.2364
1 -0.0344 0.2349
1 -0.0353 0.2333
1 -0.0362 0.2318
1 -0.0372 0.2304
1 -0.0383 0.2289
1 -0.0393 0.2275
1 -0.0405 0.2262
1 -0.0416 0.2248
1 -0.0428 0.2236
1 -0.0441 0.2223
1 -0.0454 0.2211
1 -0.0467 0.2199
1 -0.0481 0.2188
1 -0.0495 0.2178
1 -0.0509 0.2167
1 -0.0524 0.2158
1 -0.0539 0.2148
1 -0.0554 0.2140
1 -0.0570 0.2131
1 -0.0586 0.2123
1 -0.0602 0.2116
1 -0.0618 0.2110
1 -0.0635 0.2103
1 -0.0652 0.2098
1 -0.0669 0.2093
1 -0.0686 0.2088
1 -0.0703 0.2084
1 -0.0720 0.2081
1 -0.0738 0.2078
1 -0.0755 0.2076
1 -0.0773 0.2074
1 -0.0791 0.2073
1 -0.0808 0.2072
1 -0.0826 0.2072
1 -0.0844 0.2073
1 -0.0861 0.2074
1 -0.0879 0.2076
1 -0.0896 0.2078
1 -0.0914 0.2081
1 -0.0931 0.2085
1 -0.0948 0.2089
1 -0.0965 0.2094
1 -0.0982 0.2099
1 -0.0999 0.2105
1 -0.1015 0.2111
1 -0.1032 0.2118
1 -0.1048 0.2125
1 -0.1064 0.2133
1 -0.1079 0.2141
1 -0.1094 0.2150
1 -0.1109 0.2160
1 -0.1124 0.2169
1 -0.1138 0.2180
1 -0.1152 0.2191
1 -0.1166 0.2202
1 -0.1179 0.2213
1 -0.1192 0.2226
1 -0.1205 0.2238
1 -0.1217 0.2251
1 -0.1228 0.2264
1 -0.1239 0.2278
1 -0.1250 0.2292
1 -0.1260 0.2307
1 -0.1270 0.2321
1 -0.1279 0.2336
1 -0.1288 0.2352
1 -0.1296 0.2367
1 -0.1304 0.2383
1 -0.1311 0.2399
1 -0.1318 0.2416
1 -0.1324 0.2432
1 -0.1330 0.2449
1 -0.1335 0.2466
1 -0.1340 0.2483
1 -0.1343 0.2500
1 -0.1347 0.2517
1 -0.1350 0.2535
1 -0.1352 0.2552
1 -0.1354 0.2570
1 -0.1355 0.2588
1 -0.1355 0.2605
1 -0.1355 0.2623
1 -0.1355 0.2641
1 -0.1845 0.2666
1 -0.1975 0.3424
1 -0.0786 0.3362
112 1250 113
0 0.0965 0.3876
1 0.0965 0.3887
1 0.0964 0.3898
1 0.0962 0.3909
1 0.0960 0.3919
1 0.0957 0.3930
1 0.0954 0.3940
1 0.0950 0.3950
1 0.0946 0.3960
1 0.0941 0.3969
1 0.0935 0.3979
1 0.0929 0.3988
1 0.0923 0.3996
1 0.0916 0.4004
1 0.0909 0.4012
1 0.0901 0.4020
1 0.0893 0.4027
1 0.0884 0.4033
1 0.0875 0.4039
1 0.0866 0.4045
1 0.0856 0.4049
1 0.0846 0.4054
1 0.0836 0.4058
1 0.0826 0.4061
1 0.0816 0.4064
1 0.0805 0.4066
1 0.0794 0.4067
1 0.0784 0.4068
1 0.0773 0.4069
1 0.0762 0.4068
1 0.0751 0.4067
1 0.0741 0.4066
1 0.0730 0.4064
1 0.0720 0.4061
1 0.0709 0.4058
1 0.0699 0.4054
1 0.0690 0.4049
1 0.0680 0.4045
1 0.0671 0.4039
1 0.0662 0.4033
1 0.0653 0.4027
1 0.0645 0.4020
1 0.0637 0.4012
1 0.0630 0.4004
1 0.0623 0.3996
1 0.0616 0.3988
1 0.0610 0.3979
1 0.0605 0.3969
1 0.0600 0.3960
1 0.0595 0.3950
1 0.0592 0.3940
1 0.0588 0.3930
1 0.0586 0.3919
1 0.0584 0.3909
1 0.0582 0.3898
1 0.0581 0.3887
1 0.0581 0.3876
1 0.0581 0.3866
1 0.0582 0.3855
1 0.0584 0.3844
1 0.0586 0.3834
1 0.0588 0.3823
1 0.0592 0.3813
1 0.0595 0.3803
1 0.0600 0.3793
1 0.0605 0.3784
1 0.0610 0.3774
1 0.0616 0.3765
1 0.0623 0.3757
1 0.0630 0.3749
1 0.0637 0.3741
1 0.0645 0.3733
1 0.0653 0.3726
1 0.0662 0.3720
1 0.0671 0.3714
1 0.0680 0.3708
1 0.0690 0.3704
1 0.0699 0.3699
1 0.0709 0.3695
1 0.0720 0.3692
1 0.0730 0.3689
1 0.0741 0.3687
1 0.0751 0.3686
1 0.0762 0.3685
1 0.0773 0.3684
1 0.0784 0.3685
1 0.0794 0.3686
1 0.0805 0.3687
1 0.0816 0.3689
1 0.0826 0.3692
1 0.0836 0.3695
1 0.0846 0.3699
1 0.0856 0.3704
1 0.0866 0.3708
1 0.0875 0.3714
1 0.0884 0.3720
1 0.0893 0.3726
1 0.0901 0.3733
1 0.0909 0.3741
1 0.0916 0.3749
1 0.0923 0.3757
1 0.0929 0.3765
1 0.0935 0.3774
1 0.0941 0.3784
1 0.0946 0.3793
1 0.0950 0.3803
1 0.0954 0.3813
1 0.0957 0.3823
1 0.0960 0.3834
1 0.0962 0.3844
1 0.0964 0.3855
1 0.0965 0.3866
1 0.0965 0.3876
112 1250 17
0 0.0521 0.3113
1 0.0299 0.3125
1 0.0109 0.3315
1 0.0476 0.3296
1 0.0796 0.3485
1 0.0737 0.3583
1 0.1047 0.3767
1 0.1501 0.3002
1 0.1432 0.2969
1 0.1854 0.2175
1 0.1695 0.2091
1 0.1293 0.2847
1 0.1293 0.2131
1 0.1113 0.2311
1 0.1113 0.2950
1 0.0887 0.3330
1 0.0521 0.3113
112 1251 143
0 -0.0373 0.2573
1 -0.0375 0.2556
1 -0.0377 0.2540
1 -0.0380 0.2523
1 -0.0384 0.2507
1 -0.0388 0.2491
1 -0.0393 0.2475
1 -0.0398 0.2460
1 -0.0404 0.2444
1 -0.0411 0.2429
1 -0.0418 0.2414
1 -0.0426 0.2399
1 -0.0434 0.2385
1 -0.0443 0.2371
1 -0.0452 0.2357
1 -0.0462 0.2343
1 -0.0472 0.2330
1 -0.0483 0.2318
1 -0.0494 0.2306
1 -0.0506 0.2294
1 -0.0518 0.2282
1 -0.0531 0.2272
1 -0.0544 0.2261
1 -0.0557 0.2251
1 -0.0571 0.2242
1 -0.0585 0.2233
1 -0.0599 0.2225
1 -0.0614 0.2217
1 -0.0629 0.2210
1 -0.0644 0.2203
1 -0.0659 0.2197
1 -0.0675 0.2191
1 -0.0691 0.2186
1 -0.0707 0.2182
1 -0.0723 0.2178
1 -0.0739 0.2175
1 -0.0756 0.2172
1 -0.0772 0.2170
1 -0.0789 0.2169
1 -0.0805 0.2169
1 -0.0822 0.2168
1 -0.0838 0.2169
1 -0.0855 0.2170
1 -0.0872 0.2172
1 -0.0888 0.2174
1 -0.0904 0.2177
1 -0.0921 0.2181
1 -0.0937 0.2185
1 -0.0952 0.2190
1 -0.0968 0.2196
1 -0.0984 0.2202
1 -0.0999 0.2208
1 -0.1014 0.2215
1 -0.1029 0.2223
1 -0.1043 0.2231
1 -0.1057 0.2240
1 -0.1071 0.2249
1 -0.1084 0.2259
1 -0.1097 0.2269
1 -0.1110 0.2280
1 -0.1122 0.2291
1 -0.1134 0.2303
1 -0.1145 0.2315
1 -0.1156 0.2328
1 -0.1167 0.2341
1 -0.1176 0.2354
1 -0.1186 0.2368
1 -0.1195 0.2382
1 -0.1203 0.2396
1 -0.1211 0.2411
1 -0.1218 0.2426
1 -0.1225 0.2441
1 -0.1231 0.2456
1 -0.1237 0.2472
1 -0.1241 0.2488
1 -0.1246 0.2504
1 -0.1250 0.2520
1 -0.1253 0.2536
1 -0.1255 0.2553
1 -0.1257 0.2569
1 -0.1258 0.2586
1 -0.1259 0.2602
1 -0.1259 0.2619
1 -0.1259 0.2636
1 -0.0995 0.2622
1 -0.0995 0.2612
1 -0.0995 0.2602
1 -0.0994 0.2592
1 -0.0993 0.2582
1 -0.0991 0.2572
1 -0.0988 0.2562
1 -0.0985 0.2552
1 -0.0981 0.2543
1 -0.0977 0.2534
1 -0.0972 0.2525
1 -0.0967 0.2516
1 -0.0962 0.2508
1 -0.0956 0.2500
1 -0.0949 0.2492
1 -0.0942 0.2485
1 -0.0935 0.2478
1 -0.0927 0.2471
1 -0.0919 0.2465
1 -0.0910 0.2460
1 -0.0902 0.2455
1 -0.0893 0.2450
1 -0.0884 0.2446
1 -0.0874 0.2442
1 -0.0864 0.2439
1 -0.0855 0.2437
1 -0.0845 0.2435
1 -0.0835 0.2433
1 -0.0825 0.2433
1 -0.0815 0.2432
1 -0.0804 0.2433
1 -0.0794 0.2434
1 -0.0784 0.2435
1 -0.0775 0.2437
1 -0.0765 0.2440
1 -0.0755 0.2443
1 -0.0746 0.2446
1 -0.0737 0.2451
1 -0.0728 0.2455
1 -0.0719 0.2460
1 -0.0711 0.2466
1 -0.0702 0.2472
1 -0.0695 0.2479
1 -0.0687 0.2486
1 -0.0681 0.2493
1 -0.0674 0.2501
1 -0.0668 0.2509
1 -0.0662 0.2517
1 -0.0657 0.2526
1 -0.0653 0.2535
1 -0.0649 0.2544
1 -0.0645 0.2554
1 -0.0642 0.2563
1 -0.0640 0.2573
1 -0.0638 0.2583
1 -0.0636 0.2593
1 -0.0635 0.2603
1 -0.0372 0.2589
1 -0.0373 0.2573
112 1462 5
0 0.1810 0.1614
1 -0.1386 0.4810
1 -0.1810 0.4386
1 0.1386 0.1190
1 0.1810 0.1614
