SEcl_RPO-15a
3352 10 1 1 0 0 0 0 0 0 1 1
1.000
112 1251 213
0 -0.3150 1.1000
1 -0.3168 1.1000
1 -0.3186 1.0999
1 -0.3204 1.0998
1 -0.3222 1.0996
1 -0.3240 1.0993
1 -0.3258 1.0990
1 -0.3276 1.0987
1 -0.3294 1.0983
1 -0.3311 1.0978
1 -0.3329 1.0973
1 -0.3346 1.0967
1 -0.3363 1.0961
1 -0.3380 1.0954
1 -0.3396 1.0947
1 -0.3413 1.0939
1 -0.3429 1.0931
1 -0.3445 1.0923
1 -0.3460 1.0913
1 -0.3476 1.0904
1 -0.3491 1.0894
1 -0.3506 1.0883
1 -0.3520 1.0872
1 -0.3534 1.0861
1 -0.3548 1.0849
1 -0.3561 1.0837
1 -0.3574 1.0824
1 -0.3587 1.0811
1 -0.3599 1.0798
1 -0.3611 1.0784
1 -0.3622 1.0770
1 -0.3633 1.0756
1 -0.3644 1.0741
1 -0.3654 1.0726
1 -0.3663 1.0710
1 -0.3673 1.0695
1 -0.3681 1.0679
1 -0.3689 1.0663
1 -0.3697 1.0646
1 -0.3704 1.0630
1 -0.3711 1.0613
1 -0.3717 1.0596
1 -0.3723 1.0579
1 -0.3728 1.0561
1 -0.3733 1.0544
1 -0.3737 1.0526
1 -0.3740 1.0508
1 -0.3743 1.0490
1 -0.3746 1.0472
1 -0.3748 1.0454
1 -0.3749 1.0436
1 -0.3750 1.0418
1 -0.3750 1.0400
1 -0.3750 0.0600
1 -0.3750 0.0582
1 -0.3749 0.0564
1 -0.3748 0.0546
1 -0.3746 0.0528
1 -0.3743 0.0510
1 -0.3740 0.0492
1 -0.3737 0.0474
1 -0.3733 0.0456
1 -0.3728 0.0439
1 -0.3723 0.0421
1 -0.3717 0.0404
1 -0.3711 0.0387
1 -0.3704 0.0370
1 -0.3697 0.0354
1 -0.3689 0.0337
1 -0.3681 0.0321
1 -0.3673 0.0305
1 -0.3663 0.0290
1 -0.3654 0.0274
1 -0.3644 0.0259
1 -0.3633 0.0244
1 -0.3622 0.0230
1 -0.3611 0.0216
1 -0.3599 0.0202
1 -0.3587 0.0189
1 -0.3574 0.0176
1 -0.3561 0.0163
1 -0.3548 0.0151
1 -0.3534 0.0139
1 -0.3520 0.0128
1 -0.3506 0.0117
1 -0.3491 0.0106
1 -0.3476 0.0096
1 -0.3460 0.0087
1 -0.3445 0.0077
1 -0.3429 0.0069
1 -0.3413 0.0061
1 -0.3396 0.0053
1 -0.3380 0.0046
1 -0.3363 0.0039
1 -0.3346 0.0033
1 -0.3329 0.0027
1 -0.3311 0.0022
1 -0.3294 0.0017
1 -0.3276 0.0013
1 -0.3258 0.0010
1 -0.3240 0.0007
1 -0.3222 0.0004
1 -0.3204 0.0002
1 -0.3186 0.0001
1 -0.3168 0.0000
1 -0.3150 0.0000
1 0.3150 0.0000
1 0.3168 0.0000
1 0.3186 0.0001
1 0.3204 0.0002
1 0.3222 0.0004
1 0.3240 0.0007
1 0.3258 0.0010
1 0.3276 0.0013
1 0.3294 0.0017
1 0.3311 0.0022
1 0.3328 0.0027
1 0.3346 0.0033
1 0.3363 0.0039
1 0.3380 0.0046
1 0.3396 0.0053
1 0.3413 0.0061
1 0.3429 0.0069
1 0.3445 0.0077
1 0.3460 0.0087
1 0.3476 0.0096
1 0.3491 0.0106
1 0.3506 0.0117
1 0.3520 0.0128
1 0.3534 0.0139
1 0.3548 0.0151
1 0.3561 0.0163
1 0.3574 0.0176
1 0.3587 0.0189
1 0.3599 0.0202
1 0.3611 0.0216
1 0.3622 0.0230
1 0.3633 0.0244
1 0.3644 0.0259
1 0.3654 0.0274
1 0.3663 0.0290
1 0.3673 0.0305
1 0.3681 0.0321
1 0.3689 0.0337
1 0.3697 0.0354
1 0.3704 0.0370
1 0.3711 0.0387
1 0.3717 0.0404
1 0.3723 0.0421
1 0.3728 0.0439
1 0.3733 0.0456
1 0.3737 0.0474
1 0.3740 0.0492
1 0.3743 0.0510
1 0.3746 0.0528
1 0.3748 0.0546
1 0.3749 0.0564
1 0.3750 0.0582
1 0.3750 0.0600
1 0.3750 1.0400
1 0.3750 1.0418
1 0.3749 1.0436
1 0.3748 1.0454
1 0.3746 1.0472
1 0.3743 1.0490
1 0.3740 1.0508
1 0.3737 1.0526
1 0.3733 1.0544
1 0.3728 1.0561
1 0.3723 1.0579
1 0.3717 1.0596
1 0.3711 1.0613
1 0.3704 1.0630
1 0.3697 1.0646
1 0.3689 1.0663
1 0.3681 1.0679
1 0.3673 1.0695
1 0.3663 1.0710
1 0.3654 1.0726
1 0.3644 1.0741
1 0.3633 1.0756
1 0.3622 1.0770
1 0.3611 1.0784
1 0.3599 1.0798
1 0.3587 1.0811
1 0.3574 1.0824
1 0.3561 1.0837
1 0.3548 1.0849
1 0.3534 1.0861
1 0.3520 1.0872
1 0.3506 1.0883
1 0.3491 1.0894
1 0.3476 1.0904
1 0.3460 1.0913
1 0.3445 1.0923
1 0.3429 1.0931
1 0.3413 1.0939
1 0.3396 1.0947
1 0.3380 1.0954
1 0.3363 1.0961
1 0.3346 1.0967
1 0.3328 1.0973
1 0.3311 1.0978
1 0.3294 1.0983
1 0.3276 1.0987
1 0.3258 1.0990
1 0.3240 1.0993
1 0.3222 1.0996
1 0.3204 1.0998
1 0.3186 1.0999
1 0.3168 1.1000
1 0.3150 1.1000
1 -0.3150 1.1000
112 1250 181
0 -0.3150 1.0850
1 -0.3166 1.0850
1 -0.3182 1.0849
1 -0.3198 1.0847
1 -0.3214 1.0845
1 -0.3230 1.0843
1 -0.3246 1.0840
1 -0.3261 1.0836
1 -0.3277 1.0832
1 -0.3292 1.0827
1 -0.3307 1.0822
1 -0.3322 1.0816
1 -0.3337 1.0809
1 -0.3351 1.0802
1 -0.3366 1.0795
1 -0.3380 1.0787
1 -0.3393 1.0779
1 -0.3407 1.0770
1 -0.3420 1.0760
1 -0.3432 1.0750
1 -0.3445 1.0740
1 -0.3457 1.0729
1 -0.3468 1.0718
1 -0.3479 1.0707
1 -0.3490 1.0695
1 -0.3500 1.0682
1 -0.3510 1.0670
1 -0.3520 1.0657
1 -0.3529 1.0643
1 -0.3537 1.0630
1 -0.3545 1.0616
1 -0.3552 1.0601
1 -0.3559 1.0587
1 -0.3566 1.0572
1 -0.3572 1.0557
1 -0.3577 1.0542
1 -0.3582 1.0527
1 -0.3586 1.0511
1 -0.3590 1.0496
1 -0.3593 1.0480
1 -0.3595 1.0464
1 -0.3597 1.0448
1 -0.3599 1.0432
1 -0.3600 1.0416
1 -0.3600 1.0400
1 -0.3600 0.0600
1 -0.3600 0.0584
1 -0.3599 0.0568
1 -0.3597 0.0552
1 -0.3595 0.0536
1 -0.3593 0.0520
1 -0.3590 0.0504
1 -0.3586 0.0489
1 -0.3582 0.0473
1 -0.3577 0.0458
1 -0.3572 0.0443
1 -0.3566 0.0428
1 -0.3559 0.0413
1 -0.3552 0.0399
1 -0.3545 0.0384
1 -0.3537 0.0370
1 -0.3529 0.0357
1 -0.3520 0.0343
1 -0.3510 0.0330
1 -0.3500 0.0318
1 -0.3490 0.0305
1 -0.3479 0.0293
1 -0.3468 0.0282
1 -0.3457 0.0271
1 -0.3445 0.0260
1 -0.3432 0.0250
1 -0.3420 0.0240
1 -0.3407 0.0230
1 -0.3393 0.0221
1 -0.3380 0.0213
1 -0.3366 0.0205
1 -0.3351 0.0198
1 -0.3337 0.0191
1 -0.3322 0.0184
1 -0.3307 0.0178
1 -0.3292 0.0173
1 -0.3277 0.0168
1 -0.3261 0.0164
1 -0.3246 0.0160
1 -0.3230 0.0157
1 -0.3214 0.0155
1 -0.3198 0.0153
1 -0.3182 0.0151
1 -0.3166 0.0150
1 -0.3150 0.0150
1 0.3150 0.0150
1 0.3166 0.0150
1 0.3182 0.0151
1 0.3198 0.0153
1 0.3214 0.0155
1 0.3230 0.0157
1 0.3246 0.0160
1 0.3261 0.0164
1 0.3277 0.0168
1 0.3292 0.0173
1 0.3307 0.0178
1 0.3322 0.0184
1 0.3337 0.0191
1 0.3351 0.0198
1 0.3366 0.0205
1 0.3380 0.0213
1 0.3393 0.0221
1 0.3407 0.0230
1 0.3420 0.0240
1 0.3432 0.0250
1 0.3445 0.0260
1 0.3457 0.0271
1 0.3468 0.0282
1 0.3479 0.0293
1 0.3490 0.0305
1 0.3500 0.0318
1 0.3510 0.0330
1 0.3520 0.0343
1 0.3529 0.0357
1 0.3537 0.0370
1 0.3545 0.0384
1 0.3552 0.0399
1 0.3559 0.0413
1 0.3566 0.0428
1 0.3572 0.0443
1 0.3577 0.0458
1 0.3582 0.0473
1 0.3586 0.0489
1 0.3590 0.0504
1 0.3593 0.0520
1 0.3595 0.0536
1 0.3597 0.0552
1 0.3599 0.0568
1 0.3600 0.0584
1 0.3600 0.0600
1 0.3600 1.0400
1 0.3600 1.0416
1 0.3599 1.0432
1 0.3597 1.0448
1 0.3595 1.0464
1 0.3593 1.0480
1 0.3590 1.0496
1 0.3586 1.0511
1 0.3582 1.0527
1 0.3577 1.0542
1 0.3572 1.0557
1 0.3566 1.0572
1 0.3559 1.0587
1 0.3552 1.0601
1 0.3545 1.0616
1 0.3537 1.0630
1 0.3529 1.0643
1 0.3520 1.0657
1 0.3510 1.0670
1 0.3500 1.0682
1 0.3490 1.0695
1 0.3479 1.0707
1 0.3468 1.0718
1 0.3457 1.0729
1 0.3445 1.0740
1 0.3432 1.0750
1 0.3420 1.0760
1 0.3407 1.0770
1 0.3393 1.0779
1 0.3380 1.0787
1 0.3366 1.0795
1 0.3351 1.0802
1 0.3337 1.0809
1 0.3322 1.0816
1 0.3307 1.0822
1 0.3292 1.0827
1 0.3277 1.0832
1 0.3261 1.0836
1 0.3246 1.0840
1 0.3230 1.0843
1 0.3214 1.0845
1 0.3198 1.0847
1 0.3182 1.0849
1 0.3166 1.0850
1 0.3150 1.0850
1 -0.3150 1.0850
112 1251 112
0 0.3300 1.0400
1 0.3300 1.0409
1 0.3299 1.0418
1 0.3298 1.0427
1 0.3296 1.0436
1 0.3293 1.0445
1 0.3290 1.0453
1 0.3287 1.0462
1 0.3283 1.0470
1 0.3278 1.0478
1 0.3273 1.0485
1 0.3268 1.0493
1 0.3262 1.0499
1 0.3256 1.0506
1 0.3249 1.0512
1 0.3243 1.0518
1 0.3235 1.0523
1 0.3228 1.0528
1 0.3220 1.0533
1 0.3212 1.0537
1 0.3203 1.0540
1 0.3195 1.0543
1 0.3186 1.0546
1 0.3177 1.0548
1 0.3168 1.0549
1 0.3159 1.0550
1 0.3150 1.0550
1 0.3150 1.0550
1 -0.3150 1.0550
1 -0.3159 1.0550
1 -0.3168 1.0549
1 -0.3177 1.0548
1 -0.3186 1.0546
1 -0.3195 1.0543
1 -0.3203 1.0540
1 -0.3212 1.0537
1 -0.3220 1.0533
1 -0.3228 1.0528
1 -0.3235 1.0523
1 -0.3243 1.0518
1 -0.3249 1.0512
1 -0.3256 1.0506
1 -0.3262 1.0499
1 -0.3268 1.0493
1 -0.3273 1.0485
1 -0.3278 1.0478
1 -0.3283 1.0470
1 -0.3287 1.0462
1 -0.3290 1.0453
1 -0.3293 1.0445
1 -0.3296 1.0436
1 -0.3298 1.0427
1 -0.3299 1.0418
1 -0.3300 1.0409
1 -0.3300 1.0400
1 -0.3300 1.0400
1 -0.3300 0.0600
1 -0.3300 0.0591
1 -0.3299 0.0582
1 -0.3298 0.0573
1 -0.3296 0.0564
1 -0.3293 0.0555
1 -0.3290 0.0547
1 -0.3287 0.0538
1 -0.3283 0.0530
1 -0.3278 0.0522
1 -0.3273 0.0515
1 -0.3268 0.0507
1 -0.3262 0.0501
1 -0.3256 0.0494
1 -0.3249 0.0488
1 -0.3243 0.0482
1 -0.3235 0.0477
1 -0.3228 0.0472
1 -0.3220 0.0467
1 -0.3212 0.0463
1 -0.3203 0.0460
1 -0.3195 0.0457
1 -0.3186 0.0454
1 -0.3177 0.0452
1 -0.3168 0.0451
1 -0.3159 0.0450
1 -0.3150 0.0450
1 -0.3150 0.0450
1 0.3150 0.0450
1 0.3159 0.0450
1 0.3168 0.0451
1 0.3177 0.0452
1 0.3186 0.0454
1 0.3195 0.0457
1 0.3203 0.0460
1 0.3212 0.0463
1 0.3220 0.0467
1 0.3228 0.0472
1 0.3235 0.0477
1 0.3243 0.0482
1 0.3249 0.0488
1 0.3256 0.0494
1 0.3262 0.0501
1 0.3268 0.0507
1 0.3273 0.0515
1 0.3278 0.0522
1 0.3283 0.0530
1 0.3287 0.0538
1 0.3290 0.0547
1 0.3293 0.0555
1 0.3296 0.0564
1 0.3298 0.0573
1 0.3299 0.0582
1 0.3300 0.0591
1 0.3300 0.0600
1 0.3300 0.0600
112 1462 441
0 0.2993 0.7403
1 0.2993 0.7446
1 0.2992 0.7489
1 0.2990 0.7531
1 0.2988 0.7574
1 0.2986 0.7617
1 0.2982 0.7660
1 0.2978 0.7702
1 0.2974 0.7745
1 0.2968 0.7788
1 0.2963 0.7830
1 0.2956 0.7872
1 0.2949 0.7915
1 0.2942 0.7957
1 0.2933 0.7999
1 0.2925 0.8041
1 0.2915 0.8083
1 0.2905 0.8124
1 0.2895 0.8166
1 0.2883 0.8207
1 0.2872 0.8248
1 0.2859 0.8289
1 0.2846 0.8330
1 0.2833 0.8371
1 0.2819 0.8411
1 0.2804 0.8451
1 0.2789 0.8491
1 0.2773 0.8531
1 0.2757 0.8571
1 0.2740 0.8610
1 0.2722 0.8649
1 0.2704 0.8688
1 0.2685 0.8727
1 0.2666 0.8765
1 0.2646 0.8803
1 0.2626 0.8841
1 0.2605 0.8878
1 0.2584 0.8915
1 0.2562 0.8952
1 0.2540 0.8989
1 0.2517 0.9025
1 0.2494 0.9061
1 0.2470 0.9096
1 0.2445 0.9132
1 0.2420 0.9166
1 0.2395 0.9201
1 0.2369 0.9235
1 0.2342 0.9269
1 0.2316 0.9302
1 0.2288 0.9335
1 0.2260 0.9368
1 0.2232 0.9400
1 0.2203 0.9432
1 0.2174 0.9463
1 0.2145 0.9494
1 0.2114 0.9524
1 0.2084 0.9555
1 0.2053 0.9584
1 0.2022 0.9613
1 0.1990 0.9642
1 0.1958 0.9670
1 0.1925 0.9698
1 0.1892 0.9726
1 0.1859 0.9752
1 0.1825 0.9779
1 0.1791 0.9805
1 0.1756 0.9830
1 0.1722 0.9855
1 0.1686 0.9880
1 0.1651 0.9904
1 0.1615 0.9927
1 0.1579 0.9950
1 0.1542 0.9972
1 0.1505 0.9994
1 0.1468 1.0015
1 0.1431 1.0036
1 0.1393 1.0056
1 0.1355 1.0076
1 0.1317 1.0095
1 0.1278 1.0114
1 0.1239 1.0132
1 0.1200 1.0150
1 0.1161 1.0167
1 0.1121 1.0183
1 0.1081 1.0199
1 0.1041 1.0214
1 0.1001 1.0229
1 0.0961 1.0243
1 0.0920 1.0256
1 0.0879 1.0269
1 0.0838 1.0282
1 0.0797 1.0293
1 0.0756 1.0305
1 0.0714 1.0315
1 0.0673 1.0325
1 0.0631 1.0335
1 0.0589 1.0343
1 0.0547 1.0352
1 0.0505 1.0359
1 0.0462 1.0366
1 0.0420 1.0373
1 0.0378 1.0378
1 0.0335 1.0384
1 0.0292 1.0388
1 0.0250 1.0392
1 0.0207 1.0396
1 0.0164 1.0398
1 0.0121 1.0400
1 0.0079 1.0402
1 0.0036 1.0403
1 -0.0007 1.0403
1 -0.0050 1.0403
1 -0.0093 1.0402
1 -0.0135 1.0400
1 -0.0178 1.0398
1 -0.0221 1.0396
1 -0.0264 1.0392
1 -0.0306 1.0388
1 -0.0349 1.0384
1 -0.0392 1.0378
1 -0.0434 1.0373
1 -0.0476 1.0366
1 -0.0519 1.0359
1 -0.0561 1.0352
1 -0.0603 1.0343
1 -0.0645 1.0335
1 -0.0687 1.0325
1 -0.0728 1.0315
1 -0.0770 1.0305
1 -0.0811 1.0293
1 -0.0852 1.0282
1 -0.0893 1.0269
1 -0.0934 1.0256
1 -0.0975 1.0243
1 -0.1015 1.0229
1 -0.1055 1.0214
1 -0.1095 1.0199
1 -0.1135 1.0183
1 -0.1175 1.0167
1 -0.1214 1.0150
1 -0.1253 1.0132
1 -0.1292 1.0114
1 -0.1331 1.0095
1 -0.1369 1.0076
1 -0.1407 1.0056
1 -0.1445 1.0036
1 -0.1482 1.0015
1 -0.1519 0.9994
1 -0.1556 0.9972
1 -0.1593 0.9950
1 -0.1629 0.9927
1 -0.1665 0.9904
1 -0.1700 0.9880
1 -0.1736 0.9855
1 -0.1770 0.9830
1 -0.1805 0.9805
1 -0.1839 0.9779
1 -0.1873 0.9752
1 -0.1906 0.9726
1 -0.1939 0.9698
1 -0.1972 0.9670
1 -0.2004 0.9642
1 -0.2036 0.9613
1 -0.2067 0.9584
1 -0.2098 0.9555
1 -0.2128 0.9524
1 -0.2159 0.9494
1 -0.2188 0.9463
1 -0.2217 0.9432
1 -0.2246 0.9400
1 -0.2274 0.9368
1 -0.2302 0.9335
1 -0.2330 0.9302
1 -0.2356 0.9269
1 -0.2383 0.9235
1 -0.2409 0.9201
1 -0.2434 0.9166
1 -0.2459 0.9132
1 -0.2484 0.9096
1 -0.2508 0.9061
1 -0.2531 0.9025
1 -0.2554 0.8989
1 -0.2576 0.8952
1 -0.2598 0.8915
1 -0.2619 0.8878
1 -0.2640 0.8841
1 -0.2660 0.8803
1 -0.2680 0.8765
1 -0.2699 0.8727
1 -0.2718 0.8688
1 -0.2736 0.8649
1 -0.2754 0.8610
1 -0.2771 0.8571
1 -0.2787 0.8531
1 -0.2803 0.8491
1 -0.2818 0.8451
1 -0.2833 0.8411
1 -0.2847 0.8371
1 -0.2860 0.8330
1 -0.2873 0.8289
1 -0.2886 0.8248
1 -0.2897 0.8207
1 -0.2909 0.8166
1 -0.2919 0.8124
1 -0.2929 0.8083
1 -0.2939 0.8041
1 -0.2947 0.7999
1 -0.2956 0.7957
1 -0.2963 0.7915
1 -0.2970 0.7872
1 -0.2977 0.7830
1 -0.2982 0.7788
1 -0.2988 0.7745
1 -0.2992 0.7702
1 -0.2996 0.7660
1 -0.3000 0.7617
1 -0.3002 0.7574
1 -0.3004 0.7531
1 -0.3006 0.7489
1 -0.3007 0.7446
1 -0.3007 0.7403
1 -0.3007 0.7360
1 -0.3006 0.7317
1 -0.3004 0.7275
1 -0.3002 0.7232
1 -0.3000 0.7189
1 -0.2996 0.7146
1 -0.2992 0.7104
1 -0.2988 0.7061
1 -0.2982 0.7018
1 -0.2977 0.6976
1 -0.2970 0.6934
1 -0.2963 0.6891
1 -0.2956 0.6849
1 -0.2947 0.6807
1 -0.2939 0.6765
1 -0.2929 0.6723
1 -0.2919 0.6682
1 -0.2909 0.6640
1 -0.2897 0.6599
1 -0.2886 0.6558
1 -0.2873 0.6517
1 -0.2860 0.6476
1 -0.2847 0.6435
1 -0.2833 0.6395
1 -0.2818 0.6355
1 -0.2803 0.6315
1 -0.2787 0.6275
1 -0.2771 0.6235
1 -0.2754 0.6196
1 -0.2736 0.6157
1 -0.2718 0.6118
1 -0.2699 0.6079
1 -0.2680 0.6041
1 -0.2660 0.6003
1 -0.2640 0.5965
1 -0.2619 0.5928
1 -0.2598 0.5891
1 -0.2576 0.5854
1 -0.2554 0.5817
1 -0.2531 0.5781
1 -0.2508 0.5745
1 -0.2484 0.5710
1 -0.2459 0.5674
1 -0.2434 0.5640
1 -0.2409 0.5605
1 -0.2383 0.5571
1 -0.2356 0.5537
1 -0.2330 0.5504
1 -0.2302 0.5471
1 -0.2274 0.5438
1 -0.2246 0.5406
1 -0.2217 0.5374
1 -0.2188 0.5343
1 -0.2159 0.5312
1 -0.2128 0.5282
1 -0.2098 0.5251
1 -0.2067 0.5222
1 -0.2036 0.5193
1 -0.2004 0.5164
1 -0.1972 0.5136
1 -0.1939 0.5108
1 -0.1906 0.5080
1 -0.1873 0.5054
1 -0.1839 0.5027
1 -0.1805 0.5001
1 -0.1770 0.4976
1 -0.1736 0.4951
1 -0.1700 0.4926
1 -0.1665 0.4902
1 -0.1629 0.4879
1 -0.1593 0.4856
1 -0.1556 0.4834
1 -0.1519 0.4812
1 -0.1482 0.4791
1 -0.1445 0.4770
1 -0.1407 0.4750
1 -0.1369 0.4730
1 -0.1331 0.4711
1 -0.1292 0.4692
1 -0.1253 0.4674
1 -0.1214 0.4656
1 -0.1175 0.4639
1 -0.1135 0.4623
1 -0.1095 0.4607
1 -0.1055 0.4592
1 -0.1015 0.4577
1 -0.0975 0.4563
1 -0.0934 0.4550
1 -0.0893 0.4537
1 -0.0852 0.4524
1 -0.0811 0.4513
1 -0.0770 0.4501
1 -0.0728 0.4491
1 -0.0687 0.4481
1 -0.0645 0.4471
1 -0.0603 0.4463
1 -0.0561 0.4454
1 -0.0519 0.4447
1 -0.0476 0.4440
1 -0.0434 0.4433
1 -0.0392 0.4428
1 -0.0349 0.4422
1 -0.0306 0.4418
1 -0.0264 0.4414
1 -0.0221 0.4410
1 -0.0178 0.4408
1 -0.0135 0.4406
1 -0.0093 0.4404
1 -0.0050 0.4403
1 -0.0007 0.4403
1 0.0036 0.4403
1 0.0079 0.4404
1 0.0121 0.4406
1 0.0164 0.4408
1 0.0207 0.4410
1 0.0250 0.4414
1 0.0292 0.4418
1 0.0335 0.4422
1 0.0378 0.4428
1 0.0420 0.4433
1 0.0462 0.4440
1 0.0505 0.4447
1 0.0547 0.4454
1 0.0589 0.4463
1 0.0631 0.4471
1 0.0673 0.4481
1 0.0714 0.4491
1 0.0756 0.4501
1 0.0797 0.4513
1 0.0838 0.4524
1 0.0879 0.4537
1 0.0920 0.4550
1 0.0961 0.4563
1 0.1001 0.4577
1 0.1041 0.4592
1 0.1081 0.4607
1 0.1121 0.4623
1 0.1161 0.4639
1 0.1200 0.4656
1 0.1239 0.4674
1 0.1278 0.4692
1 0.1317 0.4711
1 0.1355 0.4730
1 0.1393 0.4750
1 0.1431 0.4770
1 0.1468 0.4791
1 0.1505 0.4812
1 0.1542 0.4834
1 0.1579 0.4856
1 0.1615 0.4879
1 0.1651 0.4902
1 0.1686 0.4926
1 0.1722 0.4951
1 0.1756 0.4976
1 0.1791 0.5001
1 0.1825 0.5027
1 0.1859 0.5054
1 0.1892 0.5080
1 0.1925 0.5108
1 0.1958 0.5136
1 0.1990 0.5164
1 0.2022 0.5193
1 0.2053 0.5222
1 0.2084 0.5251
1 0.2114 0.5282
1 0.2145 0.5312
1 0.2174 0.5343
1 0.2203 0.5374
1 0.2232 0.5406
1 0.2260 0.5438
1 0.2288 0.5471
1 0.2316 0.5504
1 0.2342 0.5537
1 0.2369 0.5571
1 0.2395 0.5605
1 0.2420 0.5640
1 0.2445 0.5674
1 0.2470 0.5710
1 0.2494 0.5745
1 0.2517 0.5781
1 0.2540 0.5817
1 0.2562 0.5854
1 0.2584 0.5891
1 0.2605 0.5928
1 0.2626 0.5965
1 0.2646 0.6003
1 0.2666 0.6041
1 0.2685 0.6079
1 0.2704 0.6118
1 0.2722 0.6157
1 0.2740 0.6196
1 0.2757 0.6235
1 0.2773 0.6275
1 0.2789 0.6315
1 0.2804 0.6355
1 0.2819 0.6395
1 0.2833 0.6435
1 0.2846 0.6476
1 0.2859 0.6517
1 0.2872 0.6558
1 0.2883 0.6599
1 0.2895 0.6640
1 0.2905 0.6682
1 0.2915 0.6723
1 0.2925 0.6765
1 0.2933 0.6807
1 0.2942 0.6849
1 0.2949 0.6891
1 0.2956 0.6934
1 0.2963 0.6976
1 0.2968 0.7018
1 0.2974 0.7061
1 0.2978 0.7104
1 0.2982 0.7146
1 0.2986 0.7189
1 0.2988 0.7232
1 0.2990 0.7275
1 0.2992 0.7317
1 0.2993 0.7360
1 0.2993 0.7403
112 1251 355
0 0.1803 0.6017
1 0.1826 0.6047
1 0.1848 0.6077
1 0.1869 0.6107
1 0.1890 0.6138
1 0.1911 0.6169
1 0.1930 0.6201
1 0.1950 0.6233
1 0.1969 0.6265
1 0.1987 0.6297
1 0.2005 0.6330
1 0.2022 0.6363
1 0.2039 0.6396
1 0.2055 0.6430
1 0.2071 0.6464
1 0.2086 0.6498
1 0.2100 0.6532
1 0.2114 0.6567
1 0.2128 0.6602
1 0.2141 0.6637
1 0.2153 0.6672
1 0.2164 0.6707
1 0.2175 0.6743
1 0.2186 0.6779
1 0.2196 0.6815
1 0.2205 0.6851
1 0.2214 0.6887
1 0.2222 0.6923
1 0.2230 0.6960
1 0.2237 0.6996
1 0.2243 0.7033
1 0.2249 0.7070
1 0.2254 0.7107
1 0.2258 0.7144
1 0.2262 0.7181
1 0.2266 0.7218
1 0.2268 0.7255
1 0.2270 0.7293
1 0.2272 0.7330
1 0.2273 0.7367
1 0.2273 0.7404
1 0.2273 0.7442
1 0.2272 0.7479
1 0.2270 0.7516
1 0.2268 0.7553
1 0.2265 0.7591
1 0.2262 0.7628
1 0.2258 0.7665
1 0.2254 0.7702
1 0.2248 0.7739
1 0.2243 0.7775
1 0.2236 0.7812
1 0.2229 0.7849
1 0.2222 0.7885
1 0.2213 0.7922
1 0.2205 0.7958
1 0.2195 0.7994
1 0.2185 0.8030
1 0.2175 0.8066
1 0.2164 0.8101
1 0.2152 0.8137
1 0.2140 0.8172
1 0.2127 0.8207
1 0.2113 0.8242
1 0.2099 0.8276
1 0.2085 0.8311
1 0.2070 0.8345
1 0.2054 0.8378
1 0.2038 0.8412
1 0.2021 0.8445
1 0.2004 0.8478
1 0.1986 0.8511
1 0.1967 0.8543
1 0.1949 0.8576
1 0.1929 0.8607
1 0.1909 0.8639
1 0.1889 0.8670
1 0.1868 0.8701
1 0.1846 0.8731
1 0.1824 0.8761
1 0.1802 0.8791
1 0.1779 0.8821
1 0.1755 0.8850
1 0.1732 0.8878
1 0.1707 0.8906
1 0.1682 0.8934
1 0.1657 0.8962
1 0.1631 0.8989
1 0.1605 0.9015
1 0.1579 0.9041
1 0.1552 0.9067
1 0.1524 0.9092
1 0.1496 0.9117
1 0.1468 0.9142
1 0.1440 0.9165
1 0.1411 0.9189
1 0.1381 0.9212
1 0.1351 0.9234
1 0.1321 0.9256
1 0.1291 0.9278
1 0.1260 0.9299
1 0.1229 0.9319
1 0.1197 0.9339
1 0.1166 0.9359
1 0.1133 0.9377
1 0.1101 0.9396
1 0.1068 0.9414
1 0.1035 0.9431
1 0.1002 0.9448
1 0.0968 0.9464
1 0.0935 0.9480
1 0.0901 0.9495
1 0.0866 0.9509
1 0.0832 0.9523
1 0.0797 0.9537
1 0.0762 0.9550
1 0.0727 0.9562
1 0.0691 0.9574
1 0.0656 0.9585
1 0.0620 0.9595
1 0.0584 0.9605
1 0.0548 0.9615
1 0.0512 0.9623
1 0.0475 0.9632
1 0.0439 0.9639
1 0.0402 0.9646
1 0.0365 0.9653
1 0.0329 0.9658
1 0.0292 0.9664
1 0.0255 0.9668
1 0.0218 0.9672
1 0.0181 0.9675
1 0.0143 0.9678
1 0.0106 0.9680
1 0.0069 0.9682
1 0.0032 0.9683
1 -0.0006 0.9683
1 -0.0043 0.9683
1 -0.0080 0.9682
1 -0.0117 0.9680
1 -0.0155 0.9678
1 -0.0192 0.9676
1 -0.0229 0.9672
1 -0.0266 0.9668
1 -0.0303 0.9664
1 -0.0340 0.9659
1 -0.0377 0.9653
1 -0.0414 0.9647
1 -0.0450 0.9640
1 -0.0487 0.9632
1 -0.0523 0.9624
1 -0.0559 0.9615
1 -0.0595 0.9606
1 -0.0631 0.9596
1 -0.0667 0.9585
1 -0.0703 0.9574
1 -0.0738 0.9563
1 -0.0773 0.9550
1 -0.0808 0.9538
1 -0.0843 0.9524
1 -0.0878 0.9510
1 -0.0912 0.9496
1 -0.0946 0.9481
1 -0.0980 0.9465
1 -0.1014 0.9449
1 -0.1047 0.9432
1 -0.1080 0.9415
1 -0.1113 0.9397
1 -0.1145 0.9379
1 -0.1177 0.9360
1 -0.1209 0.9340
1 -0.1241 0.9321
1 -0.1272 0.9300
1 -0.1303 0.9279
1 -0.1333 0.9258
1 -0.1363 0.9236
1 -0.1393 0.9213
1 -0.1817 0.8789
1 -0.1840 0.8759
1 -0.1862 0.8729
1 -0.1883 0.8699
1 -0.1904 0.8668
1 -0.1925 0.8637
1 -0.1944 0.8605
1 -0.1964 0.8573
1 -0.1983 0.8541
1 -0.2001 0.8509
1 -0.2019 0.8476
1 -0.2036 0.8443
1 -0.2053 0.8410
1 -0.2069 0.8376
1 -0.2085 0.8342
1 -0.2100 0.8308
1 -0.2114 0.8274
1 -0.2128 0.8239
1 -0.2142 0.8204
1 -0.2154 0.8169
1 -0.2167 0.8134
1 -0.2178 0.8099
1 -0.2189 0.8063
1 -0.2200 0.8027
1 -0.2210 0.7991
1 -0.2219 0.7955
1 -0.2228 0.7919
1 -0.2236 0.7883
1 -0.2244 0.7846
1 -0.2251 0.7810
1 -0.2257 0.7773
1 -0.2263 0.7736
1 -0.2268 0.7699
1 -0.2272 0.7662
1 -0.2276 0.7625
1 -0.2280 0.7588
1 -0.2282 0.7551
1 -0.2284 0.7513
1 -0.2286 0.7476
1 -0.2287 0.7439
1 -0.2287 0.7402
1 -0.2287 0.7364
1 -0.2286 0.7327
1 -0.2284 0.7290
1 -0.2282 0.7253
1 -0.2279 0.7215
1 -0.2276 0.7178
1 -0.2272 0.7141
1 -0.2268 0.7104
1 -0.2262 0.7067
1 -0.2257 0.7031
1 -0.2250 0.6994
1 -0.2243 0.6957
1 -0.2236 0.6921
1 -0.2227 0.6884
1 -0.2219 0.6848
1 -0.2209 0.6812
1 -0.2199 0.6776
1 -0.2189 0.6740
1 -0.2178 0.6705
1 -0.2166 0.6669
1 -0.2154 0.6634
1 -0.2141 0.6599
1 -0.2127 0.6564
1 -0.2113 0.6530
1 -0.2099 0.6495
1 -0.2084 0.6461
1 -0.2068 0.6428
1 -0.2052 0.6394
1 -0.2035 0.6361
1 -0.2018 0.6328
1 -0.2000 0.6295
1 -0.1981 0.6263
1 -0.1963 0.6230
1 -0.1943 0.6199
1 -0.1923 0.6167
1 -0.1903 0.6136
1 -0.1882 0.6105
1 -0.1860 0.6075
1 -0.1838 0.6045
1 -0.1816 0.6015
1 -0.1793 0.5985
1 -0.1769 0.5956
1 -0.1746 0.5928
1 -0.1721 0.5900
1 -0.1696 0.5872
1 -0.1671 0.5844
1 -0.1645 0.5817
1 -0.1619 0.5791
1 -0.1593 0.5765
1 -0.1566 0.5739
1 -0.1538 0.5714
1 -0.1510 0.5689
1 -0.1482 0.5664
1 -0.1454 0.5641
1 -0.1425 0.5617
1 -0.1395 0.5594
1 -0.1365 0.5572
1 -0.1335 0.5550
1 -0.1305 0.5528
1 -0.1274 0.5507
1 -0.1243 0.5487
1 -0.1211 0.5467
1 -0.1180 0.5447
1 -0.1147 0.5429
1 -0.1115 0.5410
1 -0.1082 0.5392
1 -0.1049 0.5375
1 -0.1016 0.5358
1 -0.0982 0.5342
1 -0.0949 0.5326
1 -0.0915 0.5311
1 -0.0880 0.5297
1 -0.0846 0.5283
1 -0.0811 0.5269
1 -0.0776 0.5256
1 -0.0741 0.5244
1 -0.0705 0.5232
1 -0.0670 0.5221
1 -0.0634 0.5211
1 -0.0598 0.5201
1 -0.0562 0.5191
1 -0.0526 0.5183
1 -0.0489 0.5174
1 -0.0453 0.5167
1 -0.0416 0.5160
1 -0.0379 0.5153
1 -0.0343 0.5148
1 -0.0306 0.5142
1 -0.0269 0.5138
1 -0.0232 0.5134
1 -0.0195 0.5131
1 -0.0157 0.5128
1 -0.0120 0.5126
1 -0.0083 0.5124
1 -0.0046 0.5123
1 -0.0008 0.5123
1 0.0029 0.5123
1 0.0066 0.5124
1 0.0103 0.5126
1 0.0141 0.5128
1 0.0178 0.5130
1 0.0215 0.5134
1 0.0252 0.5138
1 0.0289 0.5142
1 0.0326 0.5147
1 0.0363 0.5153
1 0.0400 0.5159
1 0.0436 0.5166
1 0.0473 0.5174
1 0.0509 0.5182
1 0.0545 0.5191
1 0.0581 0.5200
1 0.0617 0.5210
1 0.0653 0.5221
1 0.0689 0.5232
1 0.0724 0.5243
1 0.0759 0.5256
1 0.0794 0.5268
1 0.0829 0.5282
1 0.0864 0.5296
1 0.0898 0.5310
1 0.0932 0.5325
1 0.0966 0.5341
1 0.1000 0.5357
1 0.1033 0.5374
1 0.1066 0.5391
1 0.1099 0.5409
1 0.1131 0.5427
1 0.1163 0.5446
1 0.1195 0.5466
1 0.1227 0.5485
1 0.1258 0.5506
1 0.1289 0.5527
1 0.1319 0.5548
1 0.1349 0.5570
1 0.1379 0.5593
1 0.1803 0.6017
112 1250 9
0 -0.1141 0.8113
1 -0.0048 0.7019
1 -0.0460 0.7019
1 -0.0460 0.6224
1 0.0747 0.6224
1 0.1154 0.5817
1 0.1154 0.5542
1 -0.1141 0.5542
1 -0.1141 0.8113
112 1250 7
0 0.1154 0.9037
1 -0.1141 0.9037
1 -0.1141 0.8891
1 -0.0460 0.8209
1 -0.0460 0.8355
1 0.1154 0.8355
1 0.1154 0.9037
112 1250 4
0 0.0040 0.7710
1 0.0727 0.7023
1 0.0727 0.7710
1 0.0040 0.7710
112 1462 5
0 0.1803 0.6017
1 -0.1393 0.9213
1 -0.1817 0.8789
1 0.1379 0.5593
1 0.1803 0.6017
112 1462 5
0 -0.1947 0.5887
1 0.1510 0.9345
1 0.1935 0.8920
1 -0.1523 0.5463
1 -0.1947 0.5887
