SEcl_RPO-18
3351 5 1 1 0 0 0 0 0 0 1 1
1.000
112 1462 441
0 0.3000 0.3000
1 0.3000 0.3043
1 0.2999 0.3086
1 0.2997 0.3128
1 0.2995 0.3171
1 0.2993 0.3214
1 0.2989 0.3257
1 0.2985 0.3299
1 0.2981 0.3342
1 0.2975 0.3385
1 0.2970 0.3427
1 0.2963 0.3469
1 0.2956 0.3512
1 0.2949 0.3554
1 0.2940 0.3596
1 0.2932 0.3638
1 0.2922 0.3680
1 0.2912 0.3721
1 0.2902 0.3763
1 0.2890 0.3804
1 0.2879 0.3845
1 0.2866 0.3886
1 0.2853 0.3927
1 0.2840 0.3968
1 0.2826 0.4008
1 0.2811 0.4048
1 0.2796 0.4088
1 0.2780 0.4128
1 0.2764 0.4168
1 0.2747 0.4207
1 0.2729 0.4246
1 0.2711 0.4285
1 0.2692 0.4324
1 0.2673 0.4362
1 0.2653 0.4400
1 0.2633 0.4438
1 0.2612 0.4475
1 0.2591 0.4512
1 0.2569 0.4549
1 0.2547 0.4586
1 0.2524 0.4622
1 0.2501 0.4658
1 0.2477 0.4693
1 0.2452 0.4729
1 0.2427 0.4763
1 0.2402 0.4798
1 0.2376 0.4832
1 0.2349 0.4866
1 0.2323 0.4899
1 0.2295 0.4932
1 0.2267 0.4965
1 0.2239 0.4997
1 0.2210 0.5029
1 0.2181 0.5060
1 0.2152 0.5091
1 0.2121 0.5121
1 0.2091 0.5152
1 0.2060 0.5181
1 0.2029 0.5210
1 0.1997 0.5239
1 0.1965 0.5267
1 0.1932 0.5295
1 0.1899 0.5323
1 0.1866 0.5349
1 0.1832 0.5376
1 0.1798 0.5402
1 0.1763 0.5427
1 0.1729 0.5452
1 0.1693 0.5477
1 0.1658 0.5501
1 0.1622 0.5524
1 0.1586 0.5547
1 0.1549 0.5569
1 0.1512 0.5591
1 0.1475 0.5612
1 0.1438 0.5633
1 0.1400 0.5653
1 0.1362 0.5673
1 0.1324 0.5692
1 0.1285 0.5711
1 0.1246 0.5729
1 0.1207 0.5747
1 0.1168 0.5764
1 0.1128 0.5780
1 0.1088 0.5796
1 0.1048 0.5811
1 0.1008 0.5826
1 0.0968 0.5840
1 0.0927 0.5853
1 0.0886 0.5866
1 0.0845 0.5879
1 0.0804 0.5890
1 0.0763 0.5902
1 0.0721 0.5912
1 0.0680 0.5922
1 0.0638 0.5932
1 0.0596 0.5940
1 0.0554 0.5949
1 0.0512 0.5956
1 0.0469 0.5963
1 0.0427 0.5970
1 0.0385 0.5975
1 0.0342 0.5981
1 0.0299 0.5985
1 0.0257 0.5989
1 0.0214 0.5993
1 0.0171 0.5995
1 0.0128 0.5997
1 0.0086 0.5999
1 0.0043 0.6000
1 0.0000 0.6000
1 -0.0043 0.6000
1 -0.0086 0.5999
1 -0.0128 0.5997
1 -0.0171 0.5995
1 -0.0214 0.5993
1 -0.0257 0.5989
1 -0.0299 0.5985
1 -0.0342 0.5981
1 -0.0385 0.5975
1 -0.0427 0.5970
1 -0.0469 0.5963
1 -0.0512 0.5956
1 -0.0554 0.5949
1 -0.0596 0.5940
1 -0.0638 0.5932
1 -0.0680 0.5922
1 -0.0721 0.5912
1 -0.0763 0.5902
1 -0.0804 0.5890
1 -0.0845 0.5879
1 -0.0886 0.5866
1 -0.0927 0.5853
1 -0.0968 0.5840
1 -0.1008 0.5826
1 -0.1048 0.5811
1 -0.1088 0.5796
1 -0.1128 0.5780
1 -0.1168 0.5764
1 -0.1207 0.5747
1 -0.1246 0.5729
1 -0.1285 0.5711
1 -0.1324 0.5692
1 -0.1362 0.5673
1 -0.1400 0.5653
1 -0.1438 0.5633
1 -0.1475 0.5612
1 -0.1512 0.5591
1 -0.1549 0.5569
1 -0.1586 0.5547
1 -0.1622 0.5524
1 -0.1658 0.5501
1 -0.1693 0.5477
1 -0.1729 0.5452
1 -0.1763 0.5427
1 -0.1798 0.5402
1 -0.1832 0.5376
1 -0.1866 0.5349
1 -0.1899 0.5323
1 -0.1932 0.5295
1 -0.1965 0.5267
1 -0.1997 0.5239
1 -0.2029 0.5210
1 -0.2060 0.5181
1 -0.2091 0.5152
1 -0.2121 0.5121
1 -0.2152 0.5091
1 -0.2181 0.5060
1 -0.2210 0.5029
1 -0.2239 0.4997
1 -0.2267 0.4965
1 -0.2295 0.4932
1 -0.2323 0.4899
1 -0.2349 0.4866
1 -0.2376 0.4832
1 -0.2402 0.4798
1 -0.2427 0.4763
1 -0.2452 0.4729
1 -0.2477 0.4693
1 -0.2501 0.4658
1 -0.2524 0.4622
1 -0.2547 0.4586
1 -0.2569 0.4549
1 -0.2591 0.4512
1 -0.2612 0.4475
1 -0.2633 0.4438
1 -0.2653 0.4400
1 -0.2673 0.4362
1 -0.2692 0.4324
1 -0.2711 0.4285
1 -0.2729 0.4246
1 -0.2747 0.4207
1 -0.2764 0.4168
1 -0.2780 0.4128
1 -0.2796 0.4088
1 -0.2811 0.4048
1 -0.2826 0.4008
1 -0.2840 0.3968
1 -0.2853 0.3927
1 -0.2866 0.3886
1 -0.2879 0.3845
1 -0.2890 0.3804
1 -0.2902 0.3763
1 -0.2912 0.3721
1 -0.2922 0.3680
1 -0.2932 0.3638
1 -0.2940 0.3596
1 -0.2949 0.3554
1 -0.2956 0.3512
1 -0.2963 0.3469
1 -0.2970 0.3427
1 -0.2975 0.3385
1 -0.2981 0.3342
1 -0.2985 0.3299
1 -0.2989 0.3257
1 -0.2993 0.3214
1 -0.2995 0.3171
1 -0.2997 0.3128
1 -0.2999 0.3086
1 -0.3000 0.3043
1 -0.3000 0.3000
1 -0.3000 0.2957
1 -0.2999 0.2914
1 -0.2997 0.2872
1 -0.2995 0.2829
1 -0.2993 0.2786
1 -0.2989 0.2743
1 -0.2985 0.2701
1 -0.2981 0.2658
1 -0.2975 0.2615
1 -0.2970 0.2573
1 -0.2963 0.2531
1 -0.2956 0.2488
1 -0.2949 0.2446
1 -0.2940 0.2404
1 -0.2932 0.2362
1 -0.2922 0.2320
1 -0.2912 0.2279
1 -0.2902 0.2237
1 -0.2890 0.2196
1 -0.2879 0.2155
1 -0.2866 0.2114
1 -0.2853 0.2073
1 -0.2840 0.2032
1 -0.2826 0.1992
1 -0.2811 0.1952
1 -0.2796 0.1912
1 -0.2780 0.1872
1 -0.2764 0.1832
1 -0.2747 0.1793
1 -0.2729 0.1754
1 -0.2711 0.1715
1 -0.2692 0.1676
1 -0.2673 0.1638
1 -0.2653 0.1600
1 -0.2633 0.1562
1 -0.2612 0.1525
1 -0.2591 0.1488
1 -0.2569 0.1451
1 -0.2547 0.1414
1 -0.2524 0.1378
1 -0.2501 0.1342
1 -0.2477 0.1307
1 -0.2452 0.1271
1 -0.2427 0.1237
1 -0.2402 0.1202
1 -0.2376 0.1168
1 -0.2349 0.1134
1 -0.2323 0.1101
1 -0.2295 0.1068
1 -0.2267 0.1035
1 -0.2239 0.1003
1 -0.2210 0.0971
1 -0.2181 0.0940
1 -0.2152 0.0909
1 -0.2121 0.0879
1 -0.2091 0.0848
1 -0.2060 0.0819
1 -0.2029 0.0790
1 -0.1997 0.0761
1 -0.1965 0.0733
1 -0.1932 0.0705
1 -0.1899 0.0677
1 -0.1866 0.0651
1 -0.1832 0.0624
1 -0.1798 0.0598
1 -0.1763 0.0573
1 -0.1729 0.0548
1 -0.1693 0.0523
1 -0.1658 0.0499
1 -0.1622 0.0476
1 -0.1586 0.0453
1 -0.1549 0.0431
1 -0.1512 0.0409
1 -0.1475 0.0388
1 -0.1438 0.0367
1 -0.1400 0.0347
1 -0.1362 0.0327
1 -0.1324 0.0308
1 -0.1285 0.0289
1 -0.1246 0.0271
1 -0.1207 0.0253
1 -0.1168 0.0236
1 -0.1128 0.0220
1 -0.1088 0.0204
1 -0.1048 0.0189
1 -0.1008 0.0174
1 -0.0968 0.0160
1 -0.0927 0.0147
1 -0.0886 0.0134
1 -0.0845 0.0121
1 -0.0804 0.0110
1 -0.0763 0.0098
1 -0.0721 0.0088
1 -0.0680 0.0078
1 -0.0638 0.0068
1 -0.0596 0.0060
1 -0.0554 0.0051
1 -0.0512 0.0044
1 -0.0469 0.0037
1 -0.0427 0.0030
1 -0.0385 0.0025
1 -0.0342 0.0019
1 -0.0299 0.0015
1 -0.0257 0.0011
1 -0.0214 0.0007
1 -0.0171 0.0005
1 -0.0128 0.0003
1 -0.0086 0.0001
1 -0.0043 -0.0000
1 0.0000 -0.0000
1 0.0043 -0.0000
1 0.0086 0.0001
1 0.0128 0.0003
1 0.0171 0.0005
1 0.0214 0.0007
1 0.0257 0.0011
1 0.0299 0.0015
1 0.0342 0.0019
1 0.0385 0.0025
1 0.0427 0.0030
1 0.0469 0.0037
1 0.0512 0.0044
1 0.0554 0.0051
1 0.0596 0.0060
1 0.0638 0.0068
1 0.0680 0.0078
1 0.0721 0.0088
1 0.0763 0.0098
1 0.0804 0.0110
1 0.0845 0.0121
1 0.0886 0.0134
1 0.0927 0.0147
1 0.0968 0.0160
1 0.1008 0.0174
1 0.1048 0.0189
1 0.1088 0.0204
1 0.1128 0.0220
1 0.1168 0.0236
1 0.1207 0.0253
1 0.1246 0.0271
1 0.1285 0.0289
1 0.1324 0.0308
1 0.1362 0.0327
1 0.1400 0.0347
1 0.1438 0.0367
1 0.1475 0.0388
1 0.1512 0.0409
1 0.1549 0.0431
1 0.1586 0.0453
1 0.1622 0.0476
1 0.1658 0.0499
1 0.1693 0.0523
1 0.1729 0.0548
1 0.1763 0.0573
1 0.1798 0.0598
1 0.1832 0.0624
1 0.1866 0.0651
1 0.1899 0.0677
1 0.1932 0.0705
1 0.1965 0.0733
1 0.1997 0.0761
1 0.2029 0.0790
1 0.2060 0.0819
1 0.2091 0.0848
1 0.2121 0.0879
1 0.2152 0.0909
1 0.2181 0.0940
1 0.2210 0.0971
1 0.2239 0.1003
1 0.2267 0.1035
1 0.2295 0.1068
1 0.2323 0.1101
1 0.2349 0.1134
1 0.2376 0.1168
1 0.2402 0.1202
1 0.2427 0.1237
1 0.2452 0.1271
1 0.2477 0.1307
1 0.2501 0.1342
1 0.2524 0.1378
1 0.2547 0.1414
1 0.2569 0.1451
1 0.2591 0.1488
1 0.2612 0.1525
1 0.2633 0.1562
1 0.2653 0.1600
1 0.2673 0.1638
1 0.2692 0.1676
1 0.2711 0.1715
1 0.2729 0.1754
1 0.2747 0.1793
1 0.2764 0.1832
1 0.2780 0.1872
1 0.2796 0.1912
1 0.2811 0.1952
1 0.2826 0.1992
1 0.2840 0.2032
1 0.2853 0.2073
1 0.2866 0.2114
1 0.2879 0.2155
1 0.2890 0.2196
1 0.2902 0.2237
1 0.2912 0.2279
1 0.2922 0.2320
1 0.2932 0.2362
1 0.2940 0.2404
1 0.2949 0.2446
1 0.2956 0.2488
1 0.2963 0.2531
1 0.2970 0.2573
1 0.2975 0.2615
1 0.2981 0.2658
1 0.2985 0.2701
1 0.2989 0.2743
1 0.2993 0.2786
1 0.2995 0.2829
1 0.2997 0.2872
1 0.2999 0.2914
1 0.3000 0.2957
1 0.3000 0.3000
112 1251 355
0 0.1810 0.1614
1 0.1833 0.1644
1 0.1855 0.1674
1 0.1876 0.1704
1 0.1897 0.1735
1 0.1918 0.1766
1 0.1937 0.1798
1 0.1957 0.1830
1 0.1976 0.1862
1 0.1994 0.1894
1 0.2012 0.1927
1 0.2029 0.1960
1 0.2046 0.1993
1 0.2062 0.2027
1 0.2078 0.2061
1 0.2093 0.2095
1 0.2107 0.2129
1 0.2121 0.2164
1 0.2135 0.2199
1 0.2148 0.2234
1 0.2160 0.2269
1 0.2171 0.2304
1 0.2182 0.2340
1 0.2193 0.2376
1 0.2203 0.2412
1 0.2212 0.2448
1 0.2221 0.2484
1 0.2229 0.2520
1 0.2237 0.2557
1 0.2244 0.2593
1 0.2250 0.2630
1 0.2256 0.2667
1 0.2261 0.2704
1 0.2265 0.2741
1 0.2269 0.2778
1 0.2273 0.2815
1 0.2275 0.2852
1 0.2277 0.2890
1 0.2279 0.2927
1 0.2280 0.2964
1 0.2280 0.3001
1 0.2280 0.3039
1 0.2279 0.3076
1 0.2277 0.3113
1 0.2275 0.3150
1 0.2272 0.3188
1 0.2269 0.3225
1 0.2265 0.3262
1 0.2261 0.3299
1 0.2255 0.3336
1 0.2250 0.3372
1 0.2243 0.3409
1 0.2236 0.3446
1 0.2229 0.3482
1 0.2220 0.3519
1 0.2212 0.3555
1 0.2202 0.3591
1 0.2192 0.3627
1 0.2182 0.3663
1 0.2171 0.3698
1 0.2159 0.3734
1 0.2147 0.3769
1 0.2134 0.3804
1 0.2120 0.3839
1 0.2106 0.3873
1 0.2092 0.3908
1 0.2077 0.3942
1 0.2061 0.3975
1 0.2045 0.4009
1 0.2028 0.4042
1 0.2011 0.4075
1 0.1993 0.4108
1 0.1974 0.4140
1 0.1956 0.4173
1 0.1936 0.4204
1 0.1916 0.4236
1 0.1896 0.4267
1 0.1875 0.4298
1 0.1853 0.4328
1 0.1831 0.4358
1 0.1809 0.4388
1 0.1786 0.4418
1 0.1762 0.4447
1 0.1739 0.4475
1 0.1714 0.4503
1 0.1689 0.4531
1 0.1664 0.4559
1 0.1638 0.4586
1 0.1612 0.4612
1 0.1586 0.4638
1 0.1559 0.4664
1 0.1531 0.4689
1 0.1503 0.4714
1 0.1475 0.4739
1 0.1447 0.4762
1 0.1418 0.4786
1 0.1388 0.4809
1 0.1358 0.4831
1 0.1328 0.4853
1 0.1298 0.4875
1 0.1267 0.4896
1 0.1236 0.4916
1 0.1204 0.4936
1 0.1173 0.4956
1 0.1140 0.4974
1 0.1108 0.4993
1 0.1075 0.5011
1 0.1042 0.5028
1 0.1009 0.5045
1 0.0975 0.5061
1 0.0942 0.5077
1 0.0908 0.5092
1 0.0873 0.5106
1 0.0839 0.5120
1 0.0804 0.5134
1 0.0769 0.5147
1 0.0734 0.5159
1 0.0698 0.5171
1 0.0663 0.5182
1 0.0627 0.5192
1 0.0591 0.5202
1 0.0555 0.5212
1 0.0519 0.5220
1 0.0482 0.5229
1 0.0446 0.5236
1 0.0409 0.5243
1 0.0372 0.5250
1 0.0336 0.5255
1 0.0299 0.5261
1 0.0262 0.5265
1 0.0225 0.5269
1 0.0188 0.5272
1 0.0150 0.5275
1 0.0113 0.5277
1 0.0076 0.5279
1 0.0039 0.5280
1 0.0001 0.5280
1 -0.0036 0.5280
1 -0.0073 0.5279
1 -0.0110 0.5277
1 -0.0148 0.5275
1 -0.0185 0.5273
1 -0.0222 0.5269
1 -0.0259 0.5265
1 -0.0296 0.5261
1 -0.0333 0.5256
1 -0.0370 0.5250
1 -0.0407 0.5244
1 -0.0443 0.5237
1 -0.0480 0.5229
1 -0.0516 0.5221
1 -0.0552 0.5212
1 -0.0588 0.5203
1 -0.0624 0.5193
1 -0.0660 0.5182
1 -0.0696 0.5171
1 -0.0731 0.5160
1 -0.0766 0.5147
1 -0.0801 0.5135
1 -0.0836 0.5121
1 -0.0871 0.5107
1 -0.0905 0.5093
1 -0.0939 0.5078
1 -0.0973 0.5062
1 -0.1007 0.5046
1 -0.1040 0.5029
1 -0.1073 0.5012
1 -0.1106 0.4994
1 -0.1138 0.4976
1 -0.1170 0.4957
1 -0.1202 0.4937
1 -0.1234 0.4918
1 -0.1265 0.4897
1 -0.1296 0.4876
1 -0.1326 0.4855
1 -0.1356 0.4833
1 -0.1386 0.4810
1 -0.1810 0.4386
1 -0.1833 0.4356
1 -0.1855 0.4326
1 -0.1876 0.4296
1 -0.1897 0.4265
1 -0.1918 0.4234
1 -0.1937 0.4202
1 -0.1957 0.4170
1 -0.1976 0.4138
1 -0.1994 0.4106
1 -0.2012 0.4073
1 -0.2029 0.4040
1 -0.2046 0.4007
1 -0.2062 0.3973
1 -0.2078 0.3939
1 -0.2093 0.3905
1 -0.2107 0.3871
1 -0.2121 0.3836
1 -0.2135 0.3801
1 -0.2147 0.3766
1 -0.2160 0.3731
1 -0.2171 0.3696
1 -0.2182 0.3660
1 -0.2193 0.3624
1 -0.2203 0.3588
1 -0.2212 0.3552
1 -0.2221 0.3516
1 -0.2229 0.3480
1 -0.2237 0.3443
1 -0.2244 0.3407
1 -0.2250 0.3370
1 -0.2256 0.3333
1 -0.2261 0.3296
1 -0.2265 0.3259
1 -0.2269 0.3222
1 -0.2273 0.3185
1 -0.2275 0.3148
1 -0.2277 0.3110
1 -0.2279 0.3073
1 -0.2280 0.3036
1 -0.2280 0.2999
1 -0.2280 0.2961
1 -0.2279 0.2924
1 -0.2277 0.2887
1 -0.2275 0.2850
1 -0.2272 0.2812
1 -0.2269 0.2775
1 -0.2265 0.2738
1 -0.2261 0.2701
1 -0.2255 0.2664
1 -0.2250 0.2628
1 -0.2243 0.2591
1 -0.2236 0.2554
1 -0.2229 0.2518
1 -0.2220 0.2481
1 -0.2212 0.2445
1 -0.2202 0.2409
1 -0.2192 0.2373
1 -0.2182 0.2337
1 -0.2171 0.2302
1 -0.2159 0.2266
1 -0.2147 0.2231
1 -0.2134 0.2196
1 -0.2120 0.2161
1 -0.2106 0.2127
1 -0.2092 0.2092
1 -0.2077 0.2058
1 -0.2061 0.2025
1 -0.2045 0.1991
1 -0.2028 0.1958
1 -0.2011 0.1925
1 -0.1993 0.1892
1 -0.1974 0.1860
1 -0.1956 0.1827
1 -0.1936 0.1796
1 -0.1916 0.1764
1 -0.1896 0.1733
1 -0.1875 0.1702
1 -0.1853 0.1672
1 -0.1831 0.1642
1 -0.1809 0.1612
1 -0.1786 0.1582
1 -0.1762 0.1553
1 -0.1739 0.1525
1 -0.1714 0.1497
1 -0.1689 0.1469
1 -0.1664 0.1441
1 -0.1638 0.1414
1 -0.1612 0.1388
1 -0.1586 0.1362
1 -0.1559 0.1336
1 -0.1531 0.1311
1 -0.1503 0.1286
1 -0.1475 0.1261
1 -0.1447 0.1238
1 -0.1418 0.1214
1 -0.1388 0.1191
1 -0.1358 0.1169
1 -0.1328 0.1147
1 -0.1298 0.1125
1 -0.1267 0.1104
1 -0.1236 0.1084
1 -0.1204 0.1064
1 -0.1173 0.1044
1 -0.1140 0.1026
1 -0.1108 0.1007
1 -0.1075 0.0989
1 -0.1042 0.0972
1 -0.1009 0.0955
1 -0.0975 0.0939
1 -0.0942 0.0923
1 -0.0908 0.0908
1 -0.0873 0.0894
1 -0.0839 0.0880
1 -0.0804 0.0866
1 -0.0769 0.0853
1 -0.0734 0.0841
1 -0.0698 0.0829
1 -0.0663 0.0818
1 -0.0627 0.0808
1 -0.0591 0.0798
1 -0.0555 0.0788
1 -0.0519 0.0780
1 -0.0482 0.0771
1 -0.0446 0.0764
1 -0.0409 0.0757
1 -0.0372 0.0750
1 -0.0336 0.0745
1 -0.0299 0.0739
1 -0.0262 0.0735
1 -0.0225 0.0731
1 -0.0188 0.0728
1 -0.0150 0.0725
1 -0.0113 0.0723
1 -0.0076 0.0721
1 -0.0039 0.0720
1 -0.0001 0.0720
1 0.0036 0.0720
1 0.0073 0.0721
1 0.0110 0.0723
1 0.0148 0.0725
1 0.0185 0.0727
1 0.0222 0.0731
1 0.0259 0.0735
1 0.0296 0.0739
1 0.0333 0.0744
1 0.0370 0.0750
1 0.0407 0.0756
1 0.0443 0.0763
1 0.0480 0.0771
1 0.0516 0.0779
1 0.0552 0.0788
1 0.0588 0.0797
1 0.0624 0.0807
1 0.0660 0.0818
1 0.0696 0.0829
1 0.0731 0.0840
1 0.0766 0.0853
1 0.0801 0.0865
1 0.0836 0.0879
1 0.0871 0.0893
1 0.0905 0.0907
1 0.0939 0.0922
1 0.0973 0.0938
1 0.1007 0.0954
1 0.1040 0.0971
1 0.1073 0.0988
1 0.1106 0.1006
1 0.1138 0.1024
1 0.1170 0.1043
1 0.1202 0.1063
1 0.1234 0.1082
1 0.1265 0.1103
1 0.1296 0.1124
1 0.1326 0.1145
1 0.1356 0.1167
1 0.1386 0.1190
1 0.1810 0.1614
112 1250 304
0 -0.0598 0.3172
1 -0.0627 0.3176
1 -0.0656 0.3180
1 -0.0685 0.3184
1 -0.0714 0.3190
1 -0.0742 0.3196
1 -0.0771 0.3202
1 -0.0799 0.3209
1 -0.0828 0.3217
1 -0.0856 0.3225
1 -0.0884 0.3234
1 -0.0911 0.3244
1 -0.0939 0.3254
1 -0.0966 0.3264
1 -0.0993 0.3275
1 -0.1020 0.3287
1 -0.1047 0.3299
1 -0.1073 0.3312
1 -0.1099 0.3326
1 -0.1125 0.3339
1 -0.1150 0.3354
1 -0.1176 0.3369
1 -0.1200 0.3384
1 -0.1225 0.3400
1 -0.1249 0.3417
1 -0.1273 0.3434
1 -0.1296 0.3451
1 -0.1320 0.3469
1 -0.1342 0.3488
1 -0.1365 0.3507
1 -0.1387 0.3526
1 -0.1408 0.3546
1 -0.1429 0.3566
1 -0.1450 0.3587
1 -0.1470 0.3608
1 -0.1490 0.3630
1 -0.1509 0.3652
1 -0.1528 0.3674
1 -0.1547 0.3697
1 -0.1565 0.3720
1 -0.1582 0.3744
1 -0.1599 0.3768
1 -0.1615 0.3792
1 -0.1631 0.3816
1 -0.1647 0.3841
1 -0.1662 0.3867
1 -0.1676 0.3892
1 -0.1690 0.3918
1 -0.1703 0.3944
1 -0.1703 0.2054
1 -0.1690 0.2079
1 -0.1677 0.2104
1 -0.1664 0.2129
1 -0.1649 0.2153
1 -0.1635 0.2177
1 -0.1619 0.2201
1 -0.1604 0.2224
1 -0.1588 0.2247
1 -0.1571 0.2270
1 -0.1554 0.2292
1 -0.1536 0.2314
1 -0.1518 0.2336
1 -0.1500 0.2357
1 -0.1481 0.2378
1 -0.1462 0.2399
1 -0.1442 0.2419
1 -0.1422 0.2439
1 -0.1402 0.2458
1 -0.1381 0.2477
1 -0.1360 0.2495
1 -0.1338 0.2513
1 -0.1316 0.2531
1 -0.1294 0.2548
1 -0.1272 0.2565
1 -0.1249 0.2581
1 -0.1225 0.2597
1 -0.1202 0.2612
1 -0.1178 0.2627
1 -0.1154 0.2642
1 -0.1129 0.2656
1 -0.1104 0.2669
1 -0.1079 0.2682
1 -0.1054 0.2694
1 -0.1029 0.2706
1 -0.1003 0.2718
1 -0.0977 0.2728
1 -0.0951 0.2739
1 -0.0924 0.2748
1 -0.0898 0.2758
1 -0.0871 0.2766
1 -0.0844 0.2775
1 -0.0817 0.2782
1 -0.0790 0.2789
1 -0.0762 0.2796
1 -0.0735 0.2802
1 -0.0707 0.2807
1 -0.0680 0.2812
1 -0.0652 0.2816
1 -0.0662 0.2798
1 -0.0672 0.2779
1 -0.0681 0.2760
1 -0.0690 0.2741
1 -0.0698 0.2722
1 -0.0706 0.2702
1 -0.0713 0.2683
1 -0.0720 0.2663
1 -0.0726 0.2643
1 -0.0731 0.2622
1 -0.0736 0.2602
1 -0.0740 0.2581
1 -0.0744 0.2561
1 -0.0747 0.2540
1 -0.0750 0.2519
1 -0.0752 0.2498
1 -0.0753 0.2477
1 -0.0754 0.2456
1 -0.0754 0.2435
1 -0.0754 0.2414
1 -0.0753 0.2393
1 -0.0751 0.2372
1 -0.0749 0.2351
1 -0.0746 0.2330
1 -0.0743 0.2309
1 -0.0739 0.2289
1 -0.0735 0.2268
1 -0.0730 0.2248
1 -0.0724 0.2228
1 -0.0718 0.2207
1 -0.0712 0.2187
1 -0.0704 0.2168
1 -0.0697 0.2148
1 -0.0688 0.2129
1 -0.0679 0.2110
1 -0.0670 0.2091
1 -0.0660 0.2073
1 -0.0650 0.2054
1 -0.0639 0.2036
1 -0.0627 0.2019
1 -0.0615 0.2001
1 -0.0603 0.1984
1 -0.0590 0.1968
1 -0.0577 0.1951
1 -0.0563 0.1936
1 -0.0549 0.1920
1 -0.0534 0.1905
1 -0.0519 0.1890
1 -0.0504 0.1876
1 -0.0488 0.1862
1 -0.0472 0.1849
1 -0.0455 0.1836
1 -0.0438 0.1824
1 -0.0421 0.1812
1 -0.0403 0.1800
1 -0.0385 0.1789
1 -0.0367 0.1779
1 -0.0348 0.1769
1 -0.0330 0.1759
1 -0.0311 0.1750
1 -0.0291 0.1742
1 -0.0272 0.1734
1 -0.0252 0.1727
1 -0.0232 0.1720
1 -0.0212 0.1714
1 -0.0192 0.1708
1 -0.0172 0.1703
1 -0.0151 0.1699
1 -0.0130 0.1695
1 -0.0110 0.1691
1 -0.0089 0.1689
1 -0.0068 0.1687
1 -0.0047 0.1685
1 -0.0026 0.1684
1 -0.0005 0.1684
1 0.0016 0.1684
1 0.0037 0.1685
1 0.0058 0.1686
1 0.0079 0.1688
1 0.0100 0.1690
1 0.0121 0.1693
1 0.0141 0.1697
1 0.0162 0.1701
1 0.0183 0.1706
1 0.0203 0.1712
1 0.0223 0.1718
1 0.0243 0.1724
1 0.0263 0.1731
1 0.0282 0.1739
1 0.0302 0.1747
1 0.0321 0.1756
1 0.0340 0.1765
1 0.0358 0.1775
1 0.0377 0.1785
1 0.0395 0.1796
1 0.0413 0.1807
1 0.0430 0.1819
1 0.0447 0.1831
1 0.0464 0.1844
1 0.0480 0.1857
1 0.0496 0.1870
1 0.0512 0.1885
1 0.0527 0.1899
1 0.0542 0.1914
1 0.0556 0.1929
1 0.0570 0.1945
1 0.0584 0.1961
1 0.0597 0.1978
1 0.0374 0.2201
1 0.0364 0.2187
1 0.0355 0.2173
1 0.0345 0.2160
1 0.0334 0.2148
1 0.0323 0.2135
1 0.0312 0.2123
1 0.0300 0.2112
1 0.0287 0.2101
1 0.0275 0.2091
1 0.0262 0.2081
1 0.0248 0.2071
1 0.0234 0.2062
1 0.0220 0.2053
1 0.0206 0.2045
1 0.0191 0.2038
1 0.0176 0.2031
1 0.0160 0.2025
1 0.0145 0.2019
1 0.0129 0.2014
1 0.0113 0.2009
1 0.0097 0.2005
1 0.0081 0.2002
1 0.0065 0.1999
1 0.0048 0.1997
1 0.0032 0.1996
1 0.0015 0.1995
1 -0.0001 0.1995
1 -0.0018 0.1995
1 -0.0034 0.1996
1 -0.0051 0.1997
1 -0.0067 0.2000
1 -0.0083 0.2002
1 -0.0099 0.2006
1 -0.0115 0.2010
1 -0.0131 0.2014
1 -0.0147 0.2019
1 -0.0163 0.2025
1 -0.0178 0.2032
1 -0.0193 0.2038
1 -0.0208 0.2046
1 -0.0222 0.2054
1 -0.0236 0.2062
1 -0.0250 0.2071
1 -0.0263 0.2081
1 -0.0277 0.2091
1 -0.0289 0.2102
1 -0.0302 0.2113
1 -0.0314 0.2124
1 -0.0325 0.2136
1 -0.0336 0.2148
1 -0.0347 0.2161
1 -0.0357 0.2174
1 -0.0366 0.2188
1 -0.0375 0.2202
1 -0.0384 0.2216
1 -0.0392 0.2230
1 -0.0399 0.2245
1 -0.0406 0.2260
1 -0.0412 0.2275
1 -0.0418 0.2291
1 -0.0423 0.2306
1 -0.0428 0.2322
1 -0.0432 0.2338
1 -0.0435 0.2354
1 -0.0438 0.2371
1 -0.0440 0.2387
1 -0.0442 0.2404
1 -0.0443 0.2420
1 -0.0443 0.2437
1 -0.0443 0.2453
1 -0.0442 0.2470
1 -0.0440 0.2486
1 -0.0438 0.2502
1 -0.0436 0.2519
1 -0.0432 0.2535
1 -0.0428 0.2551
1 -0.0424 0.2567
1 -0.0419 0.2583
1 -0.0413 0.2598
1 -0.0406 0.2613
1 -0.0400 0.2628
1 -0.0392 0.2643
1 -0.0384 0.2658
1 -0.0376 0.2672
1 -0.0367 0.2686
1 -0.0357 0.2699
1 -0.0347 0.2712
1 -0.0337 0.2725
1 -0.0326 0.2737
1 -0.0314 0.2749
1 -0.0302 0.2761
1 -0.0290 0.2772
1 -0.0277 0.2782
1 -0.0264 0.2793
1 -0.0251 0.2802
1 -0.0237 0.2811
1 -0.0598 0.3172
112 1462 5
0 0.1810 0.1614
1 -0.1386 0.4810
1 -0.1810 0.4386
1 0.1386 0.1190
1 0.1810 0.1614
112 1250 193
0 0.0442 0.3165
1 0.0257 0.3165
1 0.0694 0.2729
1 0.0686 0.2746
1 0.0678 0.2764
1 0.0670 0.2781
1 0.0661 0.2798
1 0.0690 0.2791
1 0.0718 0.2783
1 0.0747 0.2774
1 0.0775 0.2765
1 0.0804 0.2755
1 0.0832 0.2744
1 0.0859 0.2733
1 0.0887 0.2721
1 0.0914 0.2708
1 0.0941 0.2695
1 0.0967 0.2682
1 0.0994 0.2667
1 0.1020 0.2652
1 0.1045 0.2637
1 0.1070 0.2621
1 0.1095 0.2604
1 0.1109 0.2591
1 0.1122 0.2578
1 0.1136 0.2566
1 0.1151 0.2554
1 0.1166 0.2542
1 0.1181 0.2531
1 0.1197 0.2521
1 0.1213 0.2511
1 0.1229 0.2501
1 0.1245 0.2492
1 0.1262 0.2484
1 0.1279 0.2476
1 0.1297 0.2469
1 0.1314 0.2462
1 0.1332 0.2456
1 0.1350 0.2451
1 0.1368 0.2446
1 0.1387 0.2442
1 0.1405 0.2438
1 0.1424 0.2435
1 0.1442 0.2433
1 0.1461 0.2431
1 0.1480 0.2430
1 0.1499 0.2429
1 0.1518 0.2429
1 0.1536 0.2430
1 0.1555 0.2431
1 0.1574 0.2433
1 0.1593 0.2436
1 0.1611 0.2439
1 0.1629 0.2443
1 0.1648 0.2447
1 0.1666 0.2452
1 0.1684 0.2457
1 0.1702 0.2464
1 0.1719 0.2470
1 0.1737 0.2478
1 0.1754 0.2486
1 0.1770 0.2494
1 0.1787 0.2503
1 0.1803 0.2513
1 0.1819 0.2523
1 0.1835 0.2533
1 0.1850 0.2544
1 0.1865 0.2556
1 0.1879 0.2568
1 0.1893 0.2580
1 0.1907 0.2593
1 0.1920 0.2607
1 0.1933 0.2621
1 0.1945 0.2635
1 0.1957 0.2650
1 0.1968 0.2665
1 0.1979 0.2680
1 0.1989 0.2696
1 0.1999 0.2712
1 0.2008 0.2728
1 0.2017 0.2745
1 0.2025 0.2762
1 0.2032 0.2779
1 0.2039 0.2797
1 0.2046 0.2814
1 0.2051 0.2832
1 0.2057 0.2850
1 0.2061 0.2869
1 0.2065 0.2887
1 0.2069 0.2906
1 0.2071 0.2924
1 0.2074 0.2943
1 0.2075 0.2962
1 0.2076 0.2980
1 0.2076 0.2999
1 0.2076 0.3018
1 0.2075 0.3037
1 0.2074 0.3056
1 0.2071 0.3074
1 0.2069 0.3093
1 0.2065 0.3111
1 0.2061 0.3130
1 0.2057 0.3148
1 0.2051 0.3166
1 0.2046 0.3184
1 0.2039 0.3202
1 0.2032 0.3219
1 0.2025 0.3236
1 0.2017 0.3253
1 0.2008 0.3270
1 0.1999 0.3286
1 0.1989 0.3302
1 0.1979 0.3318
1 0.1968 0.3334
1 0.1957 0.3349
1 0.1945 0.3363
1 0.1933 0.3378
1 0.1920 0.3392
1 0.1907 0.3405
1 0.1893 0.3418
1 0.1879 0.3430
1 0.1865 0.3443
1 0.1850 0.3454
1 0.1835 0.3465
1 0.1819 0.3476
1 0.1803 0.3486
1 0.1787 0.3495
1 0.1770 0.3504
1 0.1754 0.3513
1 0.1737 0.3521
1 0.1719 0.3528
1 0.1702 0.3535
1 0.1684 0.3541
1 0.1666 0.3546
1 0.1648 0.3551
1 0.1629 0.3556
1 0.1611 0.3560
1 0.1593 0.3563
1 0.1574 0.3565
1 0.1555 0.3567
1 0.1536 0.3568
1 0.1518 0.3569
1 0.1499 0.3569
1 0.1480 0.3569
1 0.1461 0.3567
1 0.1442 0.3566
1 0.1424 0.3563
1 0.1405 0.3560
1 0.1387 0.3557
1 0.1368 0.3552
1 0.1350 0.3547
1 0.1332 0.3542
1 0.1314 0.3536
1 0.1297 0.3529
1 0.1279 0.3522
1 0.1262 0.3514
1 0.1245 0.3506
1 0.1229 0.3497
1 0.1213 0.3488
1 0.1197 0.3478
1 0.1181 0.3467
1 0.1166 0.3456
1 0.1151 0.3445
1 0.1136 0.3433
1 0.1122 0.3420
1 0.1109 0.3407
1 0.1095 0.3394
1 0.1071 0.3378
1 0.1046 0.3362
1 0.1021 0.3347
1 0.0996 0.3333
1 0.0971 0.3319
1 0.0945 0.3305
1 0.0919 0.3292
1 0.0892 0.3280
1 0.0865 0.3268
1 0.0838 0.3257
1 0.0811 0.3246
1 0.0784 0.3237
1 0.0756 0.3227
1 0.0728 0.3218
1 0.0700 0.3210
1 0.0672 0.3203
1 0.0644 0.3196
1 0.0615 0.3190
1 0.0587 0.3184
1 0.0558 0.3179
1 0.0529 0.3175
1 0.0500 0.3171
1 0.0471 0.3168
1 0.0442 0.3165
1 0.0257 0.3165
1 0.0442 0.3165
