SEcl_RR-9
3360 29 1 1 0 0 0 0 0 0 1 1
1.000
112 1251 213
0 -0.3150 1.1000
1 -0.3168 1.1000
1 -0.3186 1.0999
1 -0.3204 1.0998
1 -0.3222 1.0996
1 -0.3240 1.0993
1 -0.3258 1.0990
1 -0.3276 1.0987
1 -0.3294 1.0983
1 -0.3311 1.0978
1 -0.3329 1.0973
1 -0.3346 1.0967
1 -0.3363 1.0961
1 -0.3380 1.0954
1 -0.3396 1.0947
1 -0.3413 1.0939
1 -0.3429 1.0931
1 -0.3445 1.0923
1 -0.3460 1.0913
1 -0.3476 1.0904
1 -0.3491 1.0894
1 -0.3506 1.0883
1 -0.3520 1.0872
1 -0.3534 1.0861
1 -0.3548 1.0849
1 -0.3561 1.0837
1 -0.3574 1.0824
1 -0.3587 1.0811
1 -0.3599 1.0798
1 -0.3611 1.0784
1 -0.3622 1.0770
1 -0.3633 1.0756
1 -0.3644 1.0741
1 -0.3654 1.0726
1 -0.3663 1.0710
1 -0.3673 1.0695
1 -0.3681 1.0679
1 -0.3689 1.0663
1 -0.3697 1.0646
1 -0.3704 1.0630
1 -0.3711 1.0613
1 -0.3717 1.0596
1 -0.3723 1.0579
1 -0.3728 1.0561
1 -0.3733 1.0544
1 -0.3737 1.0526
1 -0.3740 1.0508
1 -0.3743 1.0490
1 -0.3746 1.0472
1 -0.3748 1.0454
1 -0.3749 1.0436
1 -0.3750 1.0418
1 -0.3750 1.0400
1 -0.3750 0.0600
1 -0.3750 0.0582
1 -0.3749 0.0564
1 -0.3748 0.0546
1 -0.3746 0.0528
1 -0.3743 0.0510
1 -0.3740 0.0492
1 -0.3737 0.0474
1 -0.3733 0.0456
1 -0.3728 0.0439
1 -0.3723 0.0421
1 -0.3717 0.0404
1 -0.3711 0.0387
1 -0.3704 0.0370
1 -0.3697 0.0354
1 -0.3689 0.0337
1 -0.3681 0.0321
1 -0.3673 0.0305
1 -0.3663 0.0290
1 -0.3654 0.0274
1 -0.3644 0.0259
1 -0.3633 0.0244
1 -0.3622 0.0230
1 -0.3611 0.0216
1 -0.3599 0.0202
1 -0.3587 0.0189
1 -0.3574 0.0176
1 -0.3561 0.0163
1 -0.3548 0.0151
1 -0.3534 0.0139
1 -0.3520 0.0128
1 -0.3506 0.0117
1 -0.3491 0.0106
1 -0.3476 0.0096
1 -0.3460 0.0087
1 -0.3445 0.0077
1 -0.3429 0.0069
1 -0.3413 0.0061
1 -0.3396 0.0053
1 -0.3380 0.0046
1 -0.3363 0.0039
1 -0.3346 0.0033
1 -0.3329 0.0027
1 -0.3311 0.0022
1 -0.3294 0.0017
1 -0.3276 0.0013
1 -0.3258 0.0010
1 -0.3240 0.0007
1 -0.3222 0.0004
1 -0.3204 0.0002
1 -0.3186 0.0001
1 -0.3168 -0.0000
1 -0.3150 -0.0000
1 0.3150 -0.0000
1 0.3168 -0.0000
1 0.3186 0.0001
1 0.3204 0.0002
1 0.3222 0.0004
1 0.3240 0.0007
1 0.3258 0.0010
1 0.3276 0.0013
1 0.3294 0.0017
1 0.3311 0.0022
1 0.3328 0.0027
1 0.3346 0.0033
1 0.3363 0.0039
1 0.3380 0.0046
1 0.3396 0.0053
1 0.3413 0.0061
1 0.3429 0.0069
1 0.3445 0.0077
1 0.3460 0.0087
1 0.3476 0.0096
1 0.3491 0.0106
1 0.3506 0.0117
1 0.3520 0.0128
1 0.3534 0.0139
1 0.3548 0.0151
1 0.3561 0.0163
1 0.3574 0.0176
1 0.3587 0.0189
1 0.3599 0.0202
1 0.3611 0.0216
1 0.3622 0.0230
1 0.3633 0.0244
1 0.3644 0.0259
1 0.3654 0.0274
1 0.3663 0.0290
1 0.3673 0.0305
1 0.3681 0.0321
1 0.3689 0.0337
1 0.3697 0.0354
1 0.3704 0.0370
1 0.3711 0.0387
1 0.3717 0.0404
1 0.3723 0.0421
1 0.3728 0.0439
1 0.3733 0.0456
1 0.3737 0.0474
1 0.3740 0.0492
1 0.3743 0.0510
1 0.3746 0.0528
1 0.3748 0.0546
1 0.3749 0.0564
1 0.3750 0.0582
1 0.3750 0.0600
1 0.3750 1.0400
1 0.3750 1.0418
1 0.3749 1.0436
1 0.3748 1.0454
1 0.3746 1.0472
1 0.3743 1.0490
1 0.3740 1.0508
1 0.3737 1.0526
1 0.3733 1.0544
1 0.3728 1.0561
1 0.3723 1.0579
1 0.3717 1.0596
1 0.3711 1.0613
1 0.3704 1.0630
1 0.3697 1.0646
1 0.3689 1.0663
1 0.3681 1.0679
1 0.3673 1.0695
1 0.3663 1.0710
1 0.3654 1.0726
1 0.3644 1.0741
1 0.3633 1.0756
1 0.3622 1.0770
1 0.3611 1.0784
1 0.3599 1.0798
1 0.3587 1.0811
1 0.3574 1.0824
1 0.3561 1.0837
1 0.3548 1.0849
1 0.3534 1.0861
1 0.3520 1.0872
1 0.3506 1.0883
1 0.3491 1.0894
1 0.3476 1.0904
1 0.3460 1.0913
1 0.3445 1.0923
1 0.3429 1.0931
1 0.3413 1.0939
1 0.3396 1.0947
1 0.3380 1.0954
1 0.3363 1.0961
1 0.3346 1.0967
1 0.3328 1.0973
1 0.3311 1.0978
1 0.3294 1.0983
1 0.3276 1.0987
1 0.3258 1.0990
1 0.3240 1.0993
1 0.3222 1.0996
1 0.3204 1.0998
1 0.3186 1.0999
1 0.3168 1.1000
1 0.3150 1.1000
1 -0.3150 1.1000
112 1250 181
0 -0.3150 1.0850
1 -0.3166 1.0850
1 -0.3182 1.0849
1 -0.3198 1.0847
1 -0.3214 1.0845
1 -0.3230 1.0843
1 -0.3246 1.0840
1 -0.3261 1.0836
1 -0.3277 1.0832
1 -0.3292 1.0827
1 -0.3307 1.0822
1 -0.3322 1.0816
1 -0.3337 1.0809
1 -0.3351 1.0802
1 -0.3366 1.0795
1 -0.3380 1.0787
1 -0.3393 1.0779
1 -0.3407 1.0770
1 -0.3420 1.0760
1 -0.3432 1.0750
1 -0.3445 1.0740
1 -0.3457 1.0729
1 -0.3468 1.0718
1 -0.3479 1.0707
1 -0.3490 1.0695
1 -0.3500 1.0682
1 -0.3510 1.0670
1 -0.3520 1.0657
1 -0.3529 1.0643
1 -0.3537 1.0630
1 -0.3545 1.0616
1 -0.3552 1.0601
1 -0.3559 1.0587
1 -0.3566 1.0572
1 -0.3572 1.0557
1 -0.3577 1.0542
1 -0.3582 1.0527
1 -0.3586 1.0511
1 -0.3590 1.0496
1 -0.3593 1.0480
1 -0.3595 1.0464
1 -0.3597 1.0448
1 -0.3599 1.0432
1 -0.3600 1.0416
1 -0.3600 1.0400
1 -0.3600 0.0600
1 -0.3600 0.0584
1 -0.3599 0.0568
1 -0.3597 0.0552
1 -0.3595 0.0536
1 -0.3593 0.0520
1 -0.3590 0.0504
1 -0.3586 0.0489
1 -0.3582 0.0473
1 -0.3577 0.0458
1 -0.3572 0.0443
1 -0.3566 0.0428
1 -0.3559 0.0413
1 -0.3552 0.0399
1 -0.3545 0.0384
1 -0.3537 0.0370
1 -0.3529 0.0357
1 -0.3520 0.0343
1 -0.3510 0.0330
1 -0.3500 0.0318
1 -0.3490 0.0305
1 -0.3479 0.0293
1 -0.3468 0.0282
1 -0.3457 0.0271
1 -0.3445 0.0260
1 -0.3432 0.0250
1 -0.3420 0.0240
1 -0.3407 0.0230
1 -0.3393 0.0221
1 -0.3380 0.0213
1 -0.3366 0.0205
1 -0.3351 0.0198
1 -0.3337 0.0191
1 -0.3322 0.0184
1 -0.3307 0.0178
1 -0.3292 0.0173
1 -0.3277 0.0168
1 -0.3261 0.0164
1 -0.3246 0.0160
1 -0.3230 0.0157
1 -0.3214 0.0155
1 -0.3198 0.0153
1 -0.3182 0.0151
1 -0.3166 0.0150
1 -0.3150 0.0150
1 0.3150 0.0150
1 0.3166 0.0150
1 0.3182 0.0151
1 0.3198 0.0153
1 0.3214 0.0155
1 0.3230 0.0157
1 0.3246 0.0160
1 0.3261 0.0164
1 0.3277 0.0168
1 0.3292 0.0173
1 0.3307 0.0178
1 0.3322 0.0184
1 0.3337 0.0191
1 0.3351 0.0198
1 0.3366 0.0205
1 0.3380 0.0213
1 0.3393 0.0221
1 0.3407 0.0230
1 0.3420 0.0240
1 0.3432 0.0250
1 0.3445 0.0260
1 0.3457 0.0271
1 0.3468 0.0282
1 0.3479 0.0293
1 0.3490 0.0305
1 0.3500 0.0318
1 0.3510 0.0330
1 0.3520 0.0343
1 0.3529 0.0357
1 0.3537 0.0370
1 0.3545 0.0384
1 0.3552 0.0399
1 0.3559 0.0413
1 0.3566 0.0428
1 0.3572 0.0443
1 0.3577 0.0458
1 0.3582 0.0473
1 0.3586 0.0489
1 0.3590 0.0504
1 0.3593 0.0520
1 0.3595 0.0536
1 0.3597 0.0552
1 0.3599 0.0568
1 0.3600 0.0584
1 0.3600 0.0600
1 0.3600 1.0400
1 0.3600 1.0416
1 0.3599 1.0432
1 0.3597 1.0448
1 0.3595 1.0464
1 0.3593 1.0480
1 0.3590 1.0496
1 0.3586 1.0511
1 0.3582 1.0527
1 0.3577 1.0542
1 0.3572 1.0557
1 0.3566 1.0572
1 0.3559 1.0587
1 0.3552 1.0601
1 0.3545 1.0616
1 0.3537 1.0630
1 0.3529 1.0643
1 0.3520 1.0657
1 0.3510 1.0670
1 0.3500 1.0682
1 0.3490 1.0695
1 0.3479 1.0707
1 0.3468 1.0718
1 0.3457 1.0729
1 0.3445 1.0740
1 0.3432 1.0750
1 0.3420 1.0760
1 0.3407 1.0770
1 0.3393 1.0779
1 0.3380 1.0787
1 0.3366 1.0795
1 0.3351 1.0802
1 0.3337 1.0809
1 0.3322 1.0816
1 0.3307 1.0822
1 0.3292 1.0827
1 0.3277 1.0832
1 0.3261 1.0836
1 0.3246 1.0840
1 0.3230 1.0843
1 0.3214 1.0845
1 0.3198 1.0847
1 0.3182 1.0849
1 0.3166 1.0850
1 0.3150 1.0850
1 -0.3150 1.0850
112 1251 112
0 0.3300 1.0400
1 0.3300 1.0409
1 0.3299 1.0418
1 0.3298 1.0427
1 0.3296 1.0436
1 0.3293 1.0445
1 0.3290 1.0453
1 0.3287 1.0462
1 0.3283 1.0470
1 0.3278 1.0478
1 0.3273 1.0485
1 0.3268 1.0493
1 0.3262 1.0499
1 0.3256 1.0506
1 0.3249 1.0512
1 0.3243 1.0518
1 0.3235 1.0523
1 0.3228 1.0528
1 0.3220 1.0533
1 0.3212 1.0537
1 0.3203 1.0540
1 0.3195 1.0543
1 0.3186 1.0546
1 0.3177 1.0548
1 0.3168 1.0549
1 0.3159 1.0550
1 0.3150 1.0550
1 0.3150 1.0550
1 -0.3150 1.0550
1 -0.3159 1.0550
1 -0.3168 1.0549
1 -0.3177 1.0548
1 -0.3186 1.0546
1 -0.3195 1.0543
1 -0.3203 1.0540
1 -0.3212 1.0537
1 -0.3220 1.0533
1 -0.3228 1.0528
1 -0.3235 1.0523
1 -0.3243 1.0518
1 -0.3249 1.0512
1 -0.3256 1.0506
1 -0.3262 1.0499
1 -0.3268 1.0493
1 -0.3273 1.0485
1 -0.3278 1.0478
1 -0.3283 1.0470
1 -0.3287 1.0462
1 -0.3290 1.0453
1 -0.3293 1.0445
1 -0.3296 1.0436
1 -0.3298 1.0427
1 -0.3299 1.0418
1 -0.3300 1.0409
1 -0.3300 1.0400
1 -0.3300 1.0400
1 -0.3300 0.0600
1 -0.3300 0.0591
1 -0.3299 0.0582
1 -0.3298 0.0573
1 -0.3296 0.0564
1 -0.3293 0.0555
1 -0.3290 0.0547
1 -0.3287 0.0538
1 -0.3283 0.0530
1 -0.3278 0.0522
1 -0.3273 0.0515
1 -0.3268 0.0507
1 -0.3262 0.0501
1 -0.3256 0.0494
1 -0.3249 0.0488
1 -0.3243 0.0482
1 -0.3235 0.0477
1 -0.3228 0.0472
1 -0.3220 0.0467
1 -0.3212 0.0463
1 -0.3203 0.0460
1 -0.3195 0.0457
1 -0.3186 0.0454
1 -0.3177 0.0452
1 -0.3168 0.0451
1 -0.3159 0.0450
1 -0.3150 0.0450
1 -0.3150 0.0450
1 0.3150 0.0450
1 0.3159 0.0450
1 0.3168 0.0451
1 0.3177 0.0452
1 0.3186 0.0454
1 0.3195 0.0457
1 0.3203 0.0460
1 0.3212 0.0463
1 0.3220 0.0467
1 0.3228 0.0472
1 0.3235 0.0477
1 0.3243 0.0482
1 0.3249 0.0488
1 0.3256 0.0494
1 0.3262 0.0501
1 0.3268 0.0507
1 0.3273 0.0515
1 0.3278 0.0522
1 0.3283 0.0530
1 0.3287 0.0538
1 0.3290 0.0547
1 0.3293 0.0555
1 0.3296 0.0564
1 0.3298 0.0573
1 0.3299 0.0582
1 0.3300 0.0591
1 0.3300 0.0600
1 0.3300 0.0600
112 1250 461
0 0.3125 0.7375
1 0.3125 0.7418
1 0.3124 0.7460
1 0.3122 0.7503
1 0.3120 0.7546
1 0.3118 0.7588
1 0.3115 0.7631
1 0.3111 0.7673
1 0.3106 0.7716
1 0.3101 0.7758
1 0.3096 0.7801
1 0.3090 0.7843
1 0.3083 0.7885
1 0.3076 0.7927
1 0.3068 0.7969
1 0.3060 0.8011
1 0.3051 0.8053
1 0.3041 0.8094
1 0.3031 0.8136
1 0.3020 0.8177
1 0.3009 0.8218
1 0.2997 0.8259
1 0.2985 0.8300
1 0.2972 0.8341
1 0.2959 0.8381
1 0.2945 0.8422
1 0.2930 0.8462
1 0.2915 0.8502
1 0.2899 0.8541
1 0.2883 0.8581
1 0.2866 0.8620
1 0.2849 0.8659
1 0.2831 0.8698
1 0.2813 0.8736
1 0.2794 0.8775
1 0.2775 0.8813
1 0.2755 0.8850
1 0.2734 0.8888
1 0.2713 0.8925
1 0.2692 0.8962
1 0.2670 0.8999
1 0.2648 0.9035
1 0.2625 0.9071
1 0.2601 0.9107
1 0.2577 0.9142
1 0.2553 0.9177
1 0.2528 0.9212
1 0.2503 0.9246
1 0.2477 0.9280
1 0.2451 0.9314
1 0.2424 0.9347
1 0.2397 0.9380
1 0.2369 0.9413
1 0.2341 0.9445
1 0.2313 0.9477
1 0.2284 0.9508
1 0.2255 0.9539
1 0.2225 0.9570
1 0.2195 0.9600
1 0.2164 0.9630
1 0.2133 0.9659
1 0.2102 0.9688
1 0.2070 0.9716
1 0.2038 0.9744
1 0.2005 0.9772
1 0.1972 0.9799
1 0.1939 0.9826
1 0.1905 0.9852
1 0.1871 0.9878
1 0.1837 0.9903
1 0.1802 0.9928
1 0.1767 0.9952
1 0.1732 0.9976
1 0.1696 1.0000
1 0.1660 1.0023
1 0.1624 1.0045
1 0.1587 1.0067
1 0.1550 1.0088
1 0.1513 1.0109
1 0.1475 1.0130
1 0.1438 1.0150
1 0.1400 1.0169
1 0.1361 1.0188
1 0.1323 1.0206
1 0.1284 1.0224
1 0.1245 1.0241
1 0.1206 1.0258
1 0.1166 1.0274
1 0.1127 1.0290
1 0.1087 1.0305
1 0.1046 1.0320
1 0.1006 1.0334
1 0.0966 1.0347
1 0.0925 1.0360
1 0.0884 1.0372
1 0.0843 1.0384
1 0.0802 1.0395
1 0.0761 1.0406
1 0.0719 1.0416
1 0.0678 1.0426
1 0.0636 1.0435
1 0.0594 1.0443
1 0.0552 1.0451
1 0.0510 1.0458
1 0.0468 1.0465
1 0.0426 1.0471
1 0.0383 1.0476
1 0.0341 1.0481
1 0.0298 1.0486
1 0.0256 1.0490
1 0.0213 1.0493
1 0.0171 1.0495
1 0.0128 1.0497
1 0.0085 1.0499
1 0.0043 1.0500
1 0.0000 1.0500
1 -0.0043 1.0500
1 -0.0085 1.0499
1 -0.0128 1.0497
1 -0.0171 1.0495
1 -0.0213 1.0493
1 -0.0256 1.0490
1 -0.0298 1.0486
1 -0.0341 1.0481
1 -0.0383 1.0476
1 -0.0426 1.0471
1 -0.0468 1.0465
1 -0.0510 1.0458
1 -0.0552 1.0451
1 -0.0594 1.0443
1 -0.0636 1.0435
1 -0.0678 1.0426
1 -0.0719 1.0416
1 -0.0761 1.0406
1 -0.0802 1.0395
1 -0.0843 1.0384
1 -0.0884 1.0372
1 -0.0925 1.0360
1 -0.0966 1.0347
1 -0.1006 1.0334
1 -0.1047 1.0320
1 -0.1087 1.0305
1 -0.1127 1.0290
1 -0.1166 1.0274
1 -0.1206 1.0258
1 -0.1245 1.0241
1 -0.1284 1.0224
1 -0.1323 1.0206
1 -0.1361 1.0188
1 -0.1400 1.0169
1 -0.1438 1.0150
1 -0.1475 1.0130
1 -0.1513 1.0109
1 -0.1550 1.0088
1 -0.1587 1.0067
1 -0.1624 1.0045
1 -0.1660 1.0023
1 -0.1696 1.0000
1 -0.1732 0.9976
1 -0.1767 0.9952
1 -0.1802 0.9928
1 -0.1837 0.9903
1 -0.1871 0.9878
1 -0.1905 0.9852
1 -0.1939 0.9826
1 -0.1972 0.9799
1 -0.2005 0.9772
1 -0.2038 0.9744
1 -0.2070 0.9716
1 -0.2102 0.9688
1 -0.2133 0.9659
1 -0.2164 0.9630
1 -0.2195 0.9600
1 -0.2225 0.9570
1 -0.2255 0.9539
1 -0.2284 0.9508
1 -0.2313 0.9477
1 -0.2341 0.9445
1 -0.2369 0.9413
1 -0.2397 0.9380
1 -0.2424 0.9347
1 -0.2451 0.9314
1 -0.2477 0.9280
1 -0.2503 0.9246
1 -0.2528 0.9212
1 -0.2553 0.9177
1 -0.2577 0.9142
1 -0.2601 0.9107
1 -0.2625 0.9071
1 -0.2648 0.9035
1 -0.2670 0.8999
1 -0.2692 0.8962
1 -0.2713 0.8925
1 -0.2734 0.8888
1 -0.2755 0.8850
1 -0.2775 0.8813
1 -0.2794 0.8775
1 -0.2813 0.8736
1 -0.2831 0.8698
1 -0.2849 0.8659
1 -0.2866 0.8620
1 -0.2883 0.8581
1 -0.2899 0.8541
1 -0.2915 0.8502
1 -0.2930 0.8462
1 -0.2945 0.8422
1 -0.2959 0.8381
1 -0.2972 0.8341
1 -0.2985 0.8300
1 -0.2997 0.8259
1 -0.3009 0.8218
1 -0.3020 0.8177
1 -0.3031 0.8136
1 -0.3041 0.8094
1 -0.3051 0.8053
1 -0.3060 0.8011
1 -0.3068 0.7969
1 -0.3076 0.7927
1 -0.3083 0.7885
1 -0.3090 0.7843
1 -0.3096 0.7801
1 -0.3101 0.7758
1 -0.3106 0.7716
1 -0.3111 0.7673
1 -0.3115 0.7631
1 -0.3118 0.7588
1 -0.3120 0.7546
1 -0.3122 0.7503
1 -0.3124 0.7460
1 -0.3125 0.7418
1 -0.3125 0.7375
1 -0.3125 0.7332
1 -0.3124 0.7290
1 -0.3122 0.7247
1 -0.3120 0.7204
1 -0.3118 0.7162
1 -0.3115 0.7119
1 -0.3111 0.7077
1 -0.3106 0.7034
1 -0.3101 0.6992
1 -0.3096 0.6949
1 -0.3090 0.6907
1 -0.3083 0.6865
1 -0.3076 0.6823
1 -0.3068 0.6781
1 -0.3060 0.6739
1 -0.3051 0.6697
1 -0.3041 0.6656
1 -0.3031 0.6614
1 -0.3020 0.6573
1 -0.3009 0.6532
1 -0.2997 0.6491
1 -0.2985 0.6450
1 -0.2972 0.6409
1 -0.2959 0.6369
1 -0.2945 0.6329
1 -0.2930 0.6288
1 -0.2915 0.6248
1 -0.2899 0.6209
1 -0.2883 0.6169
1 -0.2866 0.6130
1 -0.2849 0.6091
1 -0.2831 0.6052
1 -0.2813 0.6014
1 -0.2794 0.5975
1 -0.2775 0.5937
1 -0.2755 0.5900
1 -0.2734 0.5862
1 -0.2713 0.5825
1 -0.2692 0.5788
1 -0.2670 0.5751
1 -0.2648 0.5715
1 -0.2625 0.5679
1 -0.2601 0.5643
1 -0.2577 0.5608
1 -0.2553 0.5573
1 -0.2528 0.5538
1 -0.2503 0.5504
1 -0.2477 0.5470
1 -0.2451 0.5436
1 -0.2424 0.5403
1 -0.2397 0.5370
1 -0.2369 0.5337
1 -0.2341 0.5305
1 -0.2313 0.5273
1 -0.2284 0.5242
1 -0.2255 0.5211
1 -0.2225 0.5180
1 -0.2195 0.5150
1 -0.2164 0.5120
1 -0.2133 0.5091
1 -0.2102 0.5062
1 -0.2070 0.5034
1 -0.2038 0.5006
1 -0.2005 0.4978
1 -0.1972 0.4951
1 -0.1939 0.4924
1 -0.1905 0.4898
1 -0.1871 0.4872
1 -0.1837 0.4847
1 -0.1802 0.4822
1 -0.1767 0.4798
1 -0.1732 0.4774
1 -0.1696 0.4750
1 -0.1660 0.4727
1 -0.1624 0.4705
1 -0.1587 0.4683
1 -0.1550 0.4662
1 -0.1513 0.4641
1 -0.1475 0.4620
1 -0.1438 0.4600
1 -0.1400 0.4581
1 -0.1361 0.4562
1 -0.1323 0.4544
1 -0.1284 0.4526
1 -0.1245 0.4509
1 -0.1206 0.4492
1 -0.1166 0.4476
1 -0.1127 0.4460
1 -0.1087 0.4445
1 -0.1047 0.4430
1 -0.1006 0.4416
1 -0.0966 0.4403
1 -0.0925 0.4390
1 -0.0884 0.4378
1 -0.0843 0.4366
1 -0.0802 0.4355
1 -0.0761 0.4344
1 -0.0719 0.4334
1 -0.0678 0.4324
1 -0.0636 0.4315
1 -0.0594 0.4307
1 -0.0552 0.4299
1 -0.0510 0.4292
1 -0.0468 0.4285
1 -0.0426 0.4279
1 -0.0383 0.4274
1 -0.0341 0.4269
1 -0.0298 0.4264
1 -0.0256 0.4260
1 -0.0213 0.4257
1 -0.0171 0.4255
1 -0.0128 0.4253
1 -0.0085 0.4251
1 -0.0043 0.4250
1 0.0000 0.4250
1 0.0043 0.4250
1 0.0085 0.4251
1 0.0128 0.4253
1 0.0171 0.4255
1 0.0213 0.4257
1 0.0256 0.4260
1 0.0298 0.4264
1 0.0341 0.4269
1 0.0383 0.4274
1 0.0426 0.4279
1 0.0468 0.4285
1 0.0510 0.4292
1 0.0552 0.4299
1 0.0594 0.4307
1 0.0636 0.4315
1 0.0678 0.4324
1 0.0719 0.4334
1 0.0761 0.4344
1 0.0802 0.4355
1 0.0843 0.4366
1 0.0884 0.4378
1 0.0925 0.4390
1 0.0966 0.4403
1 0.1006 0.4416
1 0.1046 0.4430
1 0.1087 0.4445
1 0.1127 0.4460
1 0.1166 0.4476
1 0.1206 0.4492
1 0.1245 0.4509
1 0.1284 0.4526
1 0.1323 0.4544
1 0.1361 0.4562
1 0.1400 0.4581
1 0.1438 0.4600
1 0.1475 0.4620
1 0.1513 0.4641
1 0.1550 0.4662
1 0.1587 0.4683
1 0.1624 0.4705
1 0.1660 0.4727
1 0.1696 0.4750
1 0.1732 0.4774
1 0.1767 0.4798
1 0.1802 0.4822
1 0.1837 0.4847
1 0.1871 0.4872
1 0.1905 0.4898
1 0.1939 0.4924
1 0.1972 0.4951
1 0.2005 0.4978
1 0.2038 0.5006
1 0.2070 0.5034
1 0.2102 0.5062
1 0.2133 0.5091
1 0.2164 0.5120
1 0.2195 0.5150
1 0.2225 0.5180
1 0.2255 0.5211
1 0.2284 0.5242
1 0.2313 0.5273
1 0.2341 0.5305
1 0.2369 0.5337
1 0.2397 0.5370
1 0.2424 0.5403
1 0.2451 0.5436
1 0.2477 0.5470
1 0.2503 0.5504
1 0.2528 0.5538
1 0.2553 0.5573
1 0.2577 0.5608
1 0.2601 0.5643
1 0.2625 0.5679
1 0.2648 0.5715
1 0.2670 0.5751
1 0.2692 0.5788
1 0.2713 0.5825
1 0.2734 0.5862
1 0.2755 0.5900
1 0.2775 0.5937
1 0.2794 0.5975
1 0.2813 0.6014
1 0.2831 0.6052
1 0.2849 0.6091
1 0.2866 0.6130
1 0.2883 0.6169
1 0.2899 0.6209
1 0.2915 0.6248
1 0.2930 0.6288
1 0.2945 0.6329
1 0.2959 0.6369
1 0.2972 0.6409
1 0.2985 0.6450
1 0.2997 0.6491
1 0.3009 0.6532
1 0.3020 0.6573
1 0.3031 0.6614
1 0.3041 0.6656
1 0.3051 0.6697
1 0.3060 0.6739
1 0.3068 0.6781
1 0.3076 0.6823
1 0.3083 0.6865
1 0.3090 0.6907
1 0.3096 0.6949
1 0.3101 0.6992
1 0.3106 0.7034
1 0.3111 0.7077
1 0.3115 0.7119
1 0.3118 0.7162
1 0.3120 0.7204
1 0.3122 0.7247
1 0.3124 0.7290
1 0.3125 0.7332
1 0.3125 0.7375
112 1251 460
0 0.2827 0.7391
1 0.2824 0.7449
1 0.2822 0.7489
1 0.2820 0.7532
1 0.2818 0.7570
1 0.2816 0.7606
1 0.2813 0.7641
1 0.2808 0.7681
1 0.2803 0.7723
1 0.2798 0.7762
1 0.2794 0.7797
1 0.2787 0.7836
1 0.2781 0.7874
1 0.2773 0.7913
1 0.2766 0.7951
1 0.2759 0.7986
1 0.2749 0.8024
1 0.2740 0.8062
1 0.2730 0.8099
1 0.2720 0.8137
1 0.2709 0.8175
1 0.2698 0.8213
1 0.2686 0.8249
1 0.2674 0.8286
1 0.2663 0.8321
1 0.2649 0.8357
1 0.2636 0.8392
1 0.2621 0.8428
1 0.2606 0.8465
1 0.2591 0.8500
1 0.2575 0.8536
1 0.2559 0.8571
1 0.2543 0.8606
1 0.2525 0.8642
1 0.2509 0.8675
1 0.2492 0.8706
1 0.2472 0.8741
1 0.2452 0.8777
1 0.2433 0.8811
1 0.2413 0.8844
1 0.2394 0.8876
1 0.2374 0.8907
1 0.2352 0.8939
1 0.2330 0.8972
1 0.2307 0.9005
1 0.2285 0.9036
1 0.2263 0.9066
1 0.2239 0.9098
1 0.2216 0.9128
1 0.2192 0.9157
1 0.2167 0.9188
1 0.2142 0.9217
1 0.2115 0.9247
1 0.2091 0.9276
1 0.2065 0.9303
1 0.2038 0.9332
1 0.2011 0.9360
1 0.1985 0.9386
1 0.1957 0.9413
1 0.1928 0.9440
1 0.1901 0.9466
1 0.1872 0.9490
1 0.1842 0.9517
1 0.1813 0.9542
1 0.1782 0.9567
1 0.1753 0.9591
1 0.1723 0.9614
1 0.1691 0.9638
1 0.1661 0.9660
1 0.1630 0.9682
1 0.1597 0.9705
1 0.1564 0.9727
1 0.1532 0.9749
1 0.1501 0.9769
1 0.1469 0.9788
1 0.1436 0.9808
1 0.1402 0.9827
1 0.1366 0.9847
1 0.1331 0.9867
1 0.1300 0.9884
1 0.1267 0.9900
1 0.1231 0.9918
1 0.1196 0.9934
1 0.1161 0.9950
1 0.1125 0.9966
1 0.1090 0.9981
1 0.1053 0.9996
1 0.1017 1.0011
1 0.0983 1.0024
1 0.0945 1.0038
1 0.0910 1.0050
1 0.0874 1.0061
1 0.0838 1.0073
1 0.0800 1.0084
1 0.0762 1.0095
1 0.0724 1.0105
1 0.0687 1.0115
1 0.0649 1.0124
1 0.0611 1.0134
1 0.0576 1.0141
1 0.0538 1.0148
1 0.0499 1.0156
1 0.0461 1.0162
1 0.0422 1.0169
1 0.0387 1.0173
1 0.0348 1.0178
1 0.0306 1.0183
1 0.0266 1.0188
1 0.0231 1.0191
1 0.0195 1.0193
1 0.0157 1.0195
1 0.0114 1.0197
1 0.0074 1.0199
1 0.0039 1.0200
1 0.0000 1.0200
1 -0.0039 1.0200
1 -0.0074 1.0199
1 -0.0114 1.0197
1 -0.0157 1.0195
1 -0.0195 1.0193
1 -0.0231 1.0191
1 -0.0266 1.0188
1 -0.0306 1.0183
1 -0.0348 1.0178
1 -0.0387 1.0173
1 -0.0422 1.0169
1 -0.0461 1.0162
1 -0.0499 1.0156
1 -0.0538 1.0148
1 -0.0576 1.0141
1 -0.0611 1.0134
1 -0.0649 1.0124
1 -0.0687 1.0115
1 -0.0724 1.0105
1 -0.0762 1.0095
1 -0.0800 1.0084
1 -0.0838 1.0073
1 -0.0874 1.0061
1 -0.0911 1.0049
1 -0.0946 1.0038
1 -0.0982 1.0024
1 -0.1017 1.0011
1 -0.1053 0.9996
1 -0.1090 0.9981
1 -0.1125 0.9966
1 -0.1161 0.9950
1 -0.1196 0.9934
1 -0.1231 0.9918
1 -0.1267 0.9900
1 -0.1300 0.9884
1 -0.1331 0.9867
1 -0.1366 0.9847
1 -0.1402 0.9827
1 -0.1436 0.9808
1 -0.1469 0.9788
1 -0.1501 0.9769
1 -0.1532 0.9749
1 -0.1564 0.9727
1 -0.1597 0.9705
1 -0.1630 0.9682
1 -0.1661 0.9660
1 -0.1691 0.9638
1 -0.1723 0.9614
1 -0.1753 0.9591
1 -0.1782 0.9567
1 -0.1813 0.9542
1 -0.1842 0.9517
1 -0.1872 0.9490
1 -0.1901 0.9466
1 -0.1928 0.9440
1 -0.1957 0.9413
1 -0.1985 0.9386
1 -0.2011 0.9360
1 -0.2038 0.9332
1 -0.2065 0.9303
1 -0.2091 0.9276
1 -0.2115 0.9247
1 -0.2142 0.9217
1 -0.2167 0.9188
1 -0.2192 0.9157
1 -0.2216 0.9128
1 -0.2239 0.9098
1 -0.2263 0.9066
1 -0.2285 0.9036
1 -0.2307 0.9005
1 -0.2330 0.8972
1 -0.2352 0.8939
1 -0.2374 0.8907
1 -0.2394 0.8876
1 -0.2413 0.8844
1 -0.2433 0.8811
1 -0.2452 0.8777
1 -0.2472 0.8741
1 -0.2492 0.8706
1 -0.2509 0.8675
1 -0.2525 0.8642
1 -0.2543 0.8606
1 -0.2559 0.8571
1 -0.2575 0.8536
1 -0.2591 0.8500
1 -0.2606 0.8465
1 -0.2621 0.8428
1 -0.2636 0.8392
1 -0.2649 0.8357
1 -0.2663 0.8321
1 -0.2674 0.8286
1 -0.2686 0.8249
1 -0.2698 0.8213
1 -0.2709 0.8175
1 -0.2720 0.8137
1 -0.2730 0.8099
1 -0.2740 0.8062
1 -0.2749 0.8024
1 -0.2759 0.7986
1 -0.2766 0.7951
1 -0.2773 0.7913
1 -0.2781 0.7874
1 -0.2787 0.7836
1 -0.2794 0.7797
1 -0.2798 0.7762
1 -0.2803 0.7723
1 -0.2808 0.7681
1 -0.2813 0.7641
1 -0.2816 0.7606
1 -0.2818 0.7570
1 -0.2820 0.7532
1 -0.2822 0.7489
1 -0.2824 0.7449
1 -0.2825 0.7414
1 -0.2825 0.7375
1 -0.2825 0.7336
1 -0.2824 0.7301
1 -0.2822 0.7261
1 -0.2820 0.7218
1 -0.2818 0.7180
1 -0.2816 0.7144
1 -0.2813 0.7109
1 -0.2808 0.7069
1 -0.2803 0.7027
1 -0.2798 0.6988
1 -0.2794 0.6953
1 -0.2787 0.6914
1 -0.2781 0.6876
1 -0.2773 0.6837
1 -0.2766 0.6799
1 -0.2759 0.6764
1 -0.2749 0.6726
1 -0.2740 0.6688
1 -0.2730 0.6651
1 -0.2720 0.6613
1 -0.2709 0.6575
1 -0.2698 0.6537
1 -0.2686 0.6501
1 -0.2675 0.6465
1 -0.2663 0.6430
1 -0.2649 0.6392
1 -0.2636 0.6358
1 -0.2621 0.6322
1 -0.2606 0.6285
1 -0.2591 0.6250
1 -0.2575 0.6214
1 -0.2559 0.6179
1 -0.2543 0.6144
1 -0.2525 0.6108
1 -0.2509 0.6075
1 -0.2492 0.6044
1 -0.2472 0.6009
1 -0.2452 0.5973
1 -0.2433 0.5939
1 -0.2413 0.5906
1 -0.2394 0.5874
1 -0.2374 0.5843
1 -0.2352 0.5811
1 -0.2330 0.5778
1 -0.2307 0.5745
1 -0.2285 0.5714
1 -0.2263 0.5684
1 -0.2239 0.5652
1 -0.2216 0.5622
1 -0.2192 0.5593
1 -0.2167 0.5562
1 -0.2142 0.5533
1 -0.2115 0.5503
1 -0.2091 0.5474
1 -0.2065 0.5447
1 -0.2038 0.5418
1 -0.2011 0.5390
1 -0.1985 0.5364
1 -0.1957 0.5337
1 -0.1928 0.5310
1 -0.1901 0.5284
1 -0.1872 0.5260
1 -0.1842 0.5233
1 -0.1813 0.5208
1 -0.1782 0.5183
1 -0.1753 0.5159
1 -0.1723 0.5136
1 -0.1691 0.5112
1 -0.1661 0.5090
1 -0.1630 0.5068
1 -0.1597 0.5045
1 -0.1564 0.5023
1 -0.1532 0.5001
1 -0.1501 0.4981
1 -0.1469 0.4962
1 -0.1436 0.4942
1 -0.1402 0.4923
1 -0.1366 0.4903
1 -0.1331 0.4883
1 -0.1300 0.4866
1 -0.1267 0.4850
1 -0.1231 0.4832
1 -0.1196 0.4816
1 -0.1161 0.4800
1 -0.1125 0.4784
1 -0.1090 0.4769
1 -0.1053 0.4754
1 -0.1017 0.4739
1 -0.0982 0.4726
1 -0.0946 0.4712
1 -0.0911 0.4701
1 -0.0874 0.4689
1 -0.0838 0.4677
1 -0.0800 0.4666
1 -0.0762 0.4655
1 -0.0724 0.4645
1 -0.0687 0.4635
1 -0.0649 0.4626
1 -0.0611 0.4616
1 -0.0576 0.4609
1 -0.0538 0.4602
1 -0.0499 0.4594
1 -0.0461 0.4588
1 -0.0422 0.4581
1 -0.0387 0.4577
1 -0.0348 0.4572
1 -0.0306 0.4567
1 -0.0266 0.4562
1 -0.0231 0.4559
1 -0.0195 0.4557
1 -0.0157 0.4555
1 -0.0114 0.4553
1 -0.0074 0.4551
1 -0.0039 0.4550
1 0.0000 0.4550
1 0.0039 0.4550
1 0.0074 0.4551
1 0.0114 0.4553
1 0.0157 0.4555
1 0.0195 0.4557
1 0.0231 0.4559
1 0.0266 0.4562
1 0.0306 0.4567
1 0.0348 0.4572
1 0.0387 0.4577
1 0.0422 0.4581
1 0.0461 0.4588
1 0.0499 0.4594
1 0.0538 0.4602
1 0.0576 0.4609
1 0.0611 0.4616
1 0.0649 0.4626
1 0.0687 0.4635
1 0.0724 0.4645
1 0.0762 0.4655
1 0.0800 0.4666
1 0.0838 0.4677
1 0.0874 0.4689
1 0.0910 0.4700
1 0.0945 0.4712
1 0.0983 0.4726
1 0.1017 0.4739
1 0.1053 0.4754
1 0.1090 0.4769
1 0.1125 0.4784
1 0.1161 0.4800
1 0.1196 0.4816
1 0.1231 0.4832
1 0.1267 0.4850
1 0.1300 0.4866
1 0.1331 0.4883
1 0.1366 0.4903
1 0.1402 0.4923
1 0.1436 0.4942
1 0.1469 0.4962
1 0.1501 0.4981
1 0.1532 0.5001
1 0.1564 0.5023
1 0.1597 0.5045
1 0.1630 0.5068
1 0.1661 0.5090
1 0.1691 0.5112
1 0.1723 0.5136
1 0.1753 0.5159
1 0.1782 0.5183
1 0.1813 0.5208
1 0.1842 0.5233
1 0.1872 0.5260
1 0.1901 0.5284
1 0.1928 0.5310
1 0.1957 0.5337
1 0.1985 0.5364
1 0.2011 0.5390
1 0.2038 0.5418
1 0.2065 0.5447
1 0.2091 0.5474
1 0.2115 0.5503
1 0.2142 0.5533
1 0.2167 0.5562
1 0.2192 0.5593
1 0.2216 0.5622
1 0.2239 0.5652
1 0.2263 0.5684
1 0.2285 0.5714
1 0.2307 0.5745
1 0.2330 0.5778
1 0.2352 0.5811
1 0.2374 0.5843
1 0.2394 0.5874
1 0.2413 0.5906
1 0.2433 0.5939
1 0.2452 0.5973
1 0.2472 0.6009
1 0.2492 0.6044
1 0.2509 0.6075
1 0.2525 0.6108
1 0.2543 0.6144
1 0.2559 0.6179
1 0.2575 0.6214
1 0.2591 0.6250
1 0.2606 0.6285
1 0.2621 0.6322
1 0.2636 0.6358
1 0.2649 0.6392
1 0.2663 0.6430
1 0.2675 0.6465
1 0.2686 0.6501
1 0.2698 0.6537
1 0.2709 0.6575
1 0.2720 0.6613
1 0.2730 0.6651
1 0.2740 0.6688
1 0.2749 0.6726
1 0.2759 0.6764
1 0.2766 0.6799
1 0.2773 0.6837
1 0.2781 0.6876
1 0.2787 0.6914
1 0.2794 0.6953
1 0.2798 0.6988
1 0.2803 0.7027
1 0.2808 0.7069
1 0.2813 0.7109
1 0.2816 0.7144
1 0.2818 0.7180
1 0.2820 0.7218
1 0.2822 0.7261
1 0.2824 0.7301
1 0.2825 0.7336
1 0.2827 0.7391
112 1250 11
0 -0.0484 0.3726
1 -0.1324 0.3726
1 -0.1324 0.2473
1 -0.1082 0.2473
1 -0.1082 0.3057
1 -0.0698 0.3057
1 -0.0698 0.3206
1 -0.1082 0.3206
1 -0.1082 0.3580
1 -0.0484 0.3580
1 -0.0484 0.3726
112 1250 5
0 -0.0035 0.2473
1 -0.0277 0.2473
1 -0.0277 0.3726
1 -0.0035 0.3726
1 -0.0035 0.2473
112 1250 6
0 0.0478 0.3432
1 0.0478 0.2473
1 0.0237 0.2473
1 0.0237 0.3726
1 0.0567 0.3726
1 0.0478 0.3432
112 1250 8
0 0.0567 0.3726
1 0.1084 0.2922
1 0.1084 0.3726
1 0.1326 0.3726
1 0.1326 0.2473
1 0.1071 0.2473
1 0.0478 0.3432
1 0.0567 0.3726
112 1250 27
0 -0.2700 0.1391
1 -0.2835 0.1391
1 -0.2835 0.1045
1 -0.2957 0.1045
1 -0.2957 0.1931
1 -0.2629 0.1931
1 -0.2592 0.1927
1 -0.2557 0.1914
1 -0.2527 0.1892
1 -0.2500 0.1861
1 -0.2486 0.1838
1 -0.2468 0.1803
1 -0.2455 0.1766
1 -0.2447 0.1726
1 -0.2442 0.1684
1 -0.2442 0.1663
1 -0.2444 0.1620
1 -0.2450 0.1579
1 -0.2460 0.1540
1 -0.2473 0.1504
1 -0.2492 0.1467
1 -0.2517 0.1435
1 -0.2546 0.1408
1 -0.2568 0.1392
1 -0.2450 0.1045
1 -0.2590 0.1045
1 -0.2700 0.1391
112 1250 13
0 -0.1929 0.1931
1 -0.2357 0.1931
1 -0.2357 0.1045
1 -0.1929 0.1045
1 -0.1929 0.1151
1 -0.2235 0.1151
1 -0.2235 0.1471
1 -0.2047 0.1471
1 -0.2047 0.1576
1 -0.2235 0.1576
1 -0.2235 0.1828
1 -0.1929 0.1828
1 -0.1929 0.1931
112 1250 100
0 -0.1608 0.1147
1 -0.1570 0.1151
1 -0.1539 0.1162
1 -0.1515 0.1181
1 -0.1496 0.1207
1 -0.1484 0.1241
1 -0.1478 0.1282
1 -0.1478 0.1302
1 -0.1483 0.1335
1 -0.1497 0.1366
1 -0.1521 0.1396
1 -0.1555 0.1424
1 -0.1566 0.1432
1 -0.1600 0.1453
1 -0.1634 0.1475
1 -0.1668 0.1496
1 -0.1702 0.1517
1 -0.1730 0.1534
1 -0.1760 0.1562
1 -0.1784 0.1592
1 -0.1802 0.1626
1 -0.1813 0.1661
1 -0.1818 0.1700
1 -0.1818 0.1710
1 -0.1815 0.1752
1 -0.1805 0.1790
1 -0.1790 0.1824
1 -0.1768 0.1854
1 -0.1752 0.1870
1 -0.1721 0.1893
1 -0.1688 0.1910
1 -0.1652 0.1921
1 -0.1612 0.1928
1 -0.1583 0.1929
1 -0.1543 0.1926
1 -0.1506 0.1916
1 -0.1471 0.1899
1 -0.1439 0.1876
1 -0.1438 0.1874
1 -0.1411 0.1845
1 -0.1392 0.1811
1 -0.1381 0.1775
1 -0.1378 0.1736
1 -0.1490 0.1736
1 -0.1503 0.1773
1 -0.1521 0.1799
1 -0.1554 0.1820
1 -0.1583 0.1825
1 -0.1623 0.1819
1 -0.1655 0.1800
1 -0.1662 0.1794
1 -0.1683 0.1762
1 -0.1692 0.1724
1 -0.1693 0.1711
1 -0.1687 0.1682
1 -0.1669 0.1653
1 -0.1640 0.1623
1 -0.1604 0.1597
1 -0.1548 0.1560
1 -0.1504 0.1530
1 -0.1471 0.1508
1 -0.1450 0.1492
1 -0.1440 0.1485
1 -0.1410 0.1456
1 -0.1386 0.1424
1 -0.1369 0.1391
1 -0.1357 0.1355
1 -0.1352 0.1318
1 -0.1351 0.1303
1 -0.1353 0.1262
1 -0.1359 0.1224
1 -0.1368 0.1190
1 -0.1382 0.1160
1 -0.1399 0.1133
1 -0.1420 0.1109
1 -0.1444 0.1090
1 -0.1473 0.1073
1 -0.1505 0.1061
1 -0.1541 0.1051
1 -0.1581 0.1045
1 -0.1624 0.1043
1 -0.1630 0.1043
1 -0.1668 0.1047
1 -0.1707 0.1059
1 -0.1714 0.1062
1 -0.1747 0.1080
1 -0.1776 0.1102
1 -0.1800 0.1128
1 -0.1820 0.1158
1 -0.1835 0.1192
1 -0.1846 0.1229
1 -0.1852 0.1271
1 -0.1853 0.1290
1 -0.1739 0.1290
1 -0.1733 0.1255
1 -0.1715 0.1219
1 -0.1697 0.1195
1 -0.1665 0.1166
1 -0.1632 0.1150
1 -0.1608 0.1147
112 1250 9
0 -0.0719 0.1931
1 -0.1251 0.1931
1 -0.1251 0.1806
1 -0.1047 0.1806
1 -0.1047 0.1045
1 -0.0922 0.1045
1 -0.0922 0.1806
1 -0.0719 0.1806
1 -0.0719 0.1931
112 1250 27
0 -0.0368 0.1391
1 -0.0504 0.1391
1 -0.0504 0.1045
1 -0.0625 0.1045
1 -0.0625 0.1931
1 -0.0298 0.1931
1 -0.0260 0.1927
1 -0.0226 0.1914
1 -0.0195 0.1892
1 -0.0168 0.1861
1 -0.0154 0.1838
1 -0.0137 0.1803
1 -0.0124 0.1766
1 -0.0115 0.1726
1 -0.0111 0.1684
1 -0.0110 0.1663
1 -0.0112 0.1620
1 -0.0118 0.1579
1 -0.0128 0.1540
1 -0.0141 0.1504
1 -0.0161 0.1467
1 -0.0185 0.1435
1 -0.0214 0.1408
1 -0.0236 0.1392
1 -0.0118 0.1045
1 -0.0258 0.1045
1 -0.0368 0.1391
112 1251 16
0 -0.0338 0.1814
1 -0.0321 0.1811
1 -0.0291 0.1793
1 -0.0267 0.1756
1 -0.0260 0.1739
1 -0.0250 0.1700
1 -0.0246 0.1658
1 -0.0247 0.1643
1 -0.0253 0.1602
1 -0.0266 0.1565
1 -0.0275 0.1548
1 -0.0302 0.1521
1 -0.0338 0.1512
1 -0.0504 0.1512
1 -0.0504 0.1814
1 -0.0338 0.1814
112 1250 5
0 0.0135 0.1045
1 0.0013 0.1045
1 0.0013 0.1931
1 0.0135 0.1931
1 0.0135 0.1045
112 1250 90
0 0.0722 0.1806
1 0.0741 0.1772
1 0.0755 0.1736
1 0.0764 0.1703
1 0.0635 0.1703
1 0.0619 0.1739
1 0.0593 0.1768
1 0.0582 0.1777
1 0.0547 0.1795
1 0.0509 0.1804
1 0.0494 0.1805
1 0.0465 0.1802
1 0.0439 0.1794
1 0.0415 0.1781
1 0.0394 0.1763
1 0.0376 0.1739
1 0.0361 0.1711
1 0.0349 0.1677
1 0.0339 0.1637
1 0.0332 0.1593
1 0.0328 0.1543
1 0.0326 0.1489
1 0.0326 0.1487
1 0.0328 0.1433
1 0.0332 0.1383
1 0.0339 0.1338
1 0.0348 0.1299
1 0.0361 0.1265
1 0.0376 0.1236
1 0.0394 0.1212
1 0.0415 0.1194
1 0.0438 0.1181
1 0.0465 0.1173
1 0.0494 0.1170
1 0.0494 0.1170
1 0.0537 0.1175
1 0.0571 0.1188
1 0.0597 0.1211
1 0.0616 0.1242
1 0.0617 0.1244
1 0.0756 0.1244
1 0.0743 0.1206
1 0.0725 0.1172
1 0.0703 0.1140
1 0.0675 0.1112
1 0.0660 0.1100
1 0.0626 0.1077
1 0.0591 0.1061
1 0.0554 0.1050
1 0.0515 0.1044
1 0.0494 0.1043
1 0.0455 0.1045
1 0.0418 0.1053
1 0.0384 0.1066
1 0.0352 0.1083
1 0.0324 0.1105
1 0.0298 0.1133
1 0.0274 0.1165
1 0.0257 0.1194
1 0.0242 0.1227
1 0.0229 0.1261
1 0.0217 0.1297
1 0.0208 0.1335
1 0.0202 0.1375
1 0.0197 0.1417
1 0.0195 0.1460
1 0.0194 0.1487
1 0.0195 0.1533
1 0.0199 0.1577
1 0.0204 0.1618
1 0.0211 0.1658
1 0.0221 0.1695
1 0.0232 0.1730
1 0.0246 0.1763
1 0.0255 0.1781
1 0.0276 0.1816
1 0.0300 0.1847
1 0.0327 0.1873
1 0.0356 0.1894
1 0.0389 0.1910
1 0.0424 0.1921
1 0.0462 0.1928
1 0.0494 0.1929
1 0.0534 0.1926
1 0.0572 0.1918
1 0.0607 0.1905
1 0.0641 0.1885
1 0.0668 0.1865
1 0.0698 0.1837
1 0.0722 0.1806
112 1250 5
0 0.1666 0.1045
1 0.1544 0.1045
1 0.1544 0.1931
1 0.1666 0.1931
1 0.1666 0.1045
112 1250 65
0 0.2272 0.1809
1 0.2288 0.1781
1 0.2303 0.1749
1 0.2316 0.1715
1 0.2327 0.1680
1 0.2335 0.1641
1 0.2341 0.1601
1 0.2346 0.1559
1 0.2348 0.1514
1 0.2349 0.1487
1 0.2347 0.1441
1 0.2344 0.1398
1 0.2339 0.1356
1 0.2332 0.1317
1 0.2322 0.1280
1 0.2311 0.1245
1 0.2298 0.1212
1 0.2288 0.1193
1 0.2267 0.1157
1 0.2244 0.1126
1 0.2217 0.1100
1 0.2188 0.1079
1 0.2156 0.1063
1 0.2121 0.1051
1 0.2083 0.1045
1 0.2050 0.1043
1 0.2011 0.1045
1 0.1974 0.1053
1 0.1940 0.1066
1 0.1909 0.1083
1 0.1880 0.1106
1 0.1854 0.1133
1 0.1830 0.1166
1 0.1814 0.1194
1 0.1799 0.1227
1 0.1786 0.1261
1 0.1775 0.1297
1 0.1765 0.1335
1 0.1759 0.1375
1 0.1754 0.1417
1 0.1752 0.1460
1 0.1751 0.1487
1 0.1753 0.1533
1 0.1756 0.1577
1 0.1761 0.1618
1 0.1768 0.1658
1 0.1778 0.1695
1 0.1789 0.1730
1 0.1803 0.1763
1 0.1812 0.1781
1 0.1833 0.1817
1 0.1857 0.1847
1 0.1884 0.1873
1 0.1914 0.1894
1 0.1946 0.1910
1 0.1981 0.1921
1 0.2019 0.1928
1 0.2050 0.1929
1 0.2090 0.1927
1 0.2127 0.1919
1 0.2161 0.1907
1 0.2193 0.1890
1 0.2222 0.1868
1 0.2248 0.1841
1 0.2272 0.1809
112 1250 11
0 0.2566 0.1724
1 0.2566 0.1045
1 0.2444 0.1045
1 0.2444 0.1931
1 0.2611 0.1931
1 0.2872 0.1362
1 0.2872 0.1931
1 0.2994 0.1931
1 0.2994 0.1045
1 0.2866 0.1045
1 0.2566 0.1724
112 1250 5
0 0.2137 0.9367
1 -0.2033 0.5196
1 -0.2137 0.5300
1 0.2033 0.9470
1 0.2137 0.9367
112 1250 5
0 0.1962 0.9537
1 -0.2204 0.5372
1 -0.2298 0.5485
1 0.1849 0.9632
1 0.1962 0.9537
112 1250 5
0 0.1772 0.9693
1 -0.2360 0.5561
1 -0.2445 0.5684
1 0.1650 0.9778
1 0.1772 0.9693
112 1250 5
0 0.2445 0.8983
1 -0.1650 0.4889
1 -0.1772 0.4974
1 0.2360 0.9105
1 0.2445 0.8983
112 1250 5
0 0.2298 0.9182
1 -0.1849 0.5035
1 -0.1962 0.5130
1 0.2204 0.9295
1 0.2298 0.9182
112 1251 16
0 -0.2669 0.1814
1 -0.2652 0.1811
1 -0.2622 0.1793
1 -0.2599 0.1756
1 -0.2592 0.1739
1 -0.2581 0.1700
1 -0.2578 0.1658
1 -0.2578 0.1643
1 -0.2584 0.1602
1 -0.2597 0.1565
1 -0.2607 0.1548
1 -0.2634 0.1521
1 -0.2669 0.1512
1 -0.2835 0.1512
1 -0.2835 0.1814
1 -0.2669 0.1814
112 1250 90
0 0.1115 0.1170
1 0.1114 0.1170
1 0.1085 0.1173
1 0.1059 0.1181
1 0.1035 0.1194
1 0.1015 0.1212
1 0.0997 0.1236
1 0.0982 0.1265
1 0.0969 0.1299
1 0.0959 0.1338
1 0.0952 0.1383
1 0.0948 0.1433
1 0.0947 0.1487
1 0.0947 0.1489
1 0.0948 0.1543
1 0.0952 0.1593
1 0.0960 0.1637
1 0.0969 0.1677
1 0.0982 0.1711
1 0.0997 0.1739
1 0.1015 0.1763
1 0.1036 0.1781
1 0.1059 0.1794
1 0.1086 0.1802
1 0.1115 0.1805
1 0.1129 0.1804
1 0.1167 0.1795
1 0.1203 0.1777
1 0.1215 0.1768
1 0.1240 0.1739
1 0.1255 0.1703
1 0.1385 0.1703
1 0.1376 0.1736
1 0.1362 0.1772
1 0.1342 0.1806
1 0.1318 0.1837
1 0.1289 0.1865
1 0.1263 0.1885
1 0.1228 0.1905
1 0.1192 0.1918
1 0.1155 0.1926
1 0.1115 0.1929
1 0.1082 0.1928
1 0.1045 0.1921
1 0.1009 0.1910
1 0.0977 0.1894
1 0.0947 0.1873
1 0.0921 0.1847
1 0.0897 0.1816
1 0.0875 0.1781
1 0.0866 0.1763
1 0.0853 0.1730
1 0.0841 0.1695
1 0.0832 0.1658
1 0.0825 0.1618
1 0.0819 0.1577
1 0.0816 0.1533
1 0.0815 0.1487
1 0.0816 0.1460
1 0.0818 0.1417
1 0.0823 0.1375
1 0.0829 0.1335
1 0.0838 0.1297
1 0.0849 0.1261
1 0.0862 0.1227
1 0.0878 0.1194
1 0.0895 0.1165
1 0.0918 0.1133
1 0.0944 0.1105
1 0.0974 0.1083
1 0.1005 0.1066
1 0.1039 0.1053
1 0.1075 0.1045
1 0.1115 0.1043
1 0.1136 0.1044
1 0.1174 0.1050
1 0.1212 0.1061
1 0.1247 0.1077
1 0.1280 0.1100
1 0.1296 0.1112
1 0.1323 0.1140
1 0.1346 0.1172
1 0.1364 0.1206
1 0.1377 0.1244
1 0.1238 0.1244
1 0.1237 0.1242
1 0.1218 0.1211
1 0.1191 0.1188
1 0.1157 0.1175
1 0.1115 0.1170
112 1251 47
0 0.2050 0.1805
1 0.2051 0.1805
1 0.2080 0.1802
1 0.2106 0.1794
1 0.2129 0.1781
1 0.2150 0.1763
1 0.2168 0.1739
1 0.2183 0.1710
1 0.2196 0.1676
1 0.2206 0.1637
1 0.2212 0.1592
1 0.2217 0.1542
1 0.2218 0.1487
1 0.2218 0.1486
1 0.2217 0.1431
1 0.2212 0.1382
1 0.2205 0.1337
1 0.2196 0.1298
1 0.2183 0.1264
1 0.2168 0.1235
1 0.2150 0.1212
1 0.2129 0.1194
1 0.2105 0.1181
1 0.2079 0.1173
1 0.2050 0.1170
1 0.2021 0.1173
1 0.1995 0.1181
1 0.1971 0.1194
1 0.1951 0.1212
1 0.1933 0.1236
1 0.1917 0.1265
1 0.1905 0.1299
1 0.1896 0.1338
1 0.1889 0.1383
1 0.1885 0.1432
1 0.1883 0.1487
1 0.1885 0.1542
1 0.1889 0.1592
1 0.1896 0.1637
1 0.1905 0.1676
1 0.1917 0.1710
1 0.1933 0.1739
1 0.1951 0.1763
1 0.1971 0.1781
1 0.1995 0.1794
1 0.2021 0.1802
1 0.2050 0.1805
31 0 213
 0 -0.3150 1.1000
 1 -0.3168 1.1000
 1 -0.3186 1.0999
 1 -0.3204 1.0998
 1 -0.3222 1.0996
 1 -0.3240 1.0993
 1 -0.3258 1.0990
 1 -0.3276 1.0987
 1 -0.3294 1.0983
 1 -0.3311 1.0978
 1 -0.3329 1.0973
 1 -0.3346 1.0967
 1 -0.3363 1.0961
 1 -0.3380 1.0954
 1 -0.3396 1.0947
 1 -0.3413 1.0939
 1 -0.3429 1.0931
 1 -0.3445 1.0923
 1 -0.3460 1.0913
 1 -0.3476 1.0904
 1 -0.3491 1.0894
 1 -0.3506 1.0883
 1 -0.3520 1.0872
 1 -0.3534 1.0861
 1 -0.3548 1.0849
 1 -0.3561 1.0837
 1 -0.3574 1.0824
 1 -0.3587 1.0811
 1 -0.3599 1.0798
 1 -0.3611 1.0784
 1 -0.3622 1.0770
 1 -0.3633 1.0756
 1 -0.3644 1.0741
 1 -0.3654 1.0726
 1 -0.3663 1.0710
 1 -0.3673 1.0695
 1 -0.3681 1.0679
 1 -0.3689 1.0663
 1 -0.3697 1.0646
 1 -0.3704 1.0630
 1 -0.3711 1.0613
 1 -0.3717 1.0596
 1 -0.3723 1.0579
 1 -0.3728 1.0561
 1 -0.3733 1.0544
 1 -0.3737 1.0526
 1 -0.3740 1.0508
 1 -0.3743 1.0490
 1 -0.3746 1.0472
 1 -0.3748 1.0454
 1 -0.3749 1.0436
 1 -0.3750 1.0418
 1 -0.3750 1.0400
 1 -0.3750 0.0600
 1 -0.3750 0.0582
 1 -0.3749 0.0564
 1 -0.3748 0.0546
 1 -0.3746 0.0528
 1 -0.3743 0.0510
 1 -0.3740 0.0492
 1 -0.3737 0.0474
 1 -0.3733 0.0456
 1 -0.3728 0.0439
 1 -0.3723 0.0421
 1 -0.3717 0.0404
 1 -0.3711 0.0387
 1 -0.3704 0.0370
 1 -0.3697 0.0354
 1 -0.3689 0.0337
 1 -0.3681 0.0321
 1 -0.3673 0.0305
 1 -0.3663 0.0290
 1 -0.3654 0.0274
 1 -0.3644 0.0259
 1 -0.3633 0.0244
 1 -0.3622 0.0230
 1 -0.3611 0.0216
 1 -0.3599 0.0202
 1 -0.3587 0.0189
 1 -0.3574 0.0176
 1 -0.3561 0.0163
 1 -0.3548 0.0151
 1 -0.3534 0.0139
 1 -0.3520 0.0128
 1 -0.3506 0.0117
 1 -0.3491 0.0106
 1 -0.3476 0.0096
 1 -0.3460 0.0087
 1 -0.3445 0.0077
 1 -0.3429 0.0069
 1 -0.3413 0.0061
 1 -0.3396 0.0053
 1 -0.3380 0.0046
 1 -0.3363 0.0039
 1 -0.3346 0.0033
 1 -0.3329 0.0027
 1 -0.3311 0.0022
 1 -0.3294 0.0017
 1 -0.3276 0.0013
 1 -0.3258 0.0010
 1 -0.3240 0.0007
 1 -0.3222 0.0004
 1 -0.3204 0.0002
 1 -0.3186 0.0001
 1 -0.3168 -0.0000
 1 -0.3150 -0.0000
 1 0.3150 -0.0000
 1 0.3168 -0.0000
 1 0.3186 0.0001
 1 0.3204 0.0002
 1 0.3222 0.0004
 1 0.3240 0.0007
 1 0.3258 0.0010
 1 0.3276 0.0013
 1 0.3294 0.0017
 1 0.3311 0.0022
 1 0.3328 0.0027
 1 0.3346 0.0033
 1 0.3363 0.0039
 1 0.3380 0.0046
 1 0.3396 0.0053
 1 0.3413 0.0061
 1 0.3429 0.0069
 1 0.3445 0.0077
 1 0.3460 0.0087
 1 0.3476 0.0096
 1 0.3491 0.0106
 1 0.3506 0.0117
 1 0.3520 0.0128
 1 0.3534 0.0139
 1 0.3548 0.0151
 1 0.3561 0.0163
 1 0.3574 0.0176
 1 0.3587 0.0189
 1 0.3599 0.0202
 1 0.3611 0.0216
 1 0.3622 0.0230
 1 0.3633 0.0244
 1 0.3644 0.0259
 1 0.3654 0.0274
 1 0.3663 0.0290
 1 0.3673 0.0305
 1 0.3681 0.0321
 1 0.3689 0.0337
 1 0.3697 0.0354
 1 0.3704 0.0370
 1 0.3711 0.0387
 1 0.3717 0.0404
 1 0.3723 0.0421
 1 0.3728 0.0439
 1 0.3733 0.0456
 1 0.3737 0.0474
 1 0.3740 0.0492
 1 0.3743 0.0510
 1 0.3746 0.0528
 1 0.3748 0.0546
 1 0.3749 0.0564
 1 0.3750 0.0582
 1 0.3750 0.0600
 1 0.3750 1.0400
 1 0.3750 1.0418
 1 0.3749 1.0436
 1 0.3748 1.0454
 1 0.3746 1.0472
 1 0.3743 1.0490
 1 0.3740 1.0508
 1 0.3737 1.0526
 1 0.3733 1.0544
 1 0.3728 1.0561
 1 0.3723 1.0579
 1 0.3717 1.0596
 1 0.3711 1.0613
 1 0.3704 1.0630
 1 0.3697 1.0646
 1 0.3689 1.0663
 1 0.3681 1.0679
 1 0.3673 1.0695
 1 0.3663 1.0710
 1 0.3654 1.0726
 1 0.3644 1.0741
 1 0.3633 1.0756
 1 0.3622 1.0770
 1 0.3611 1.0784
 1 0.3599 1.0798
 1 0.3587 1.0811
 1 0.3574 1.0824
 1 0.3561 1.0837
 1 0.3548 1.0849
 1 0.3534 1.0861
 1 0.3520 1.0872
 1 0.3506 1.0883
 1 0.3491 1.0894
 1 0.3476 1.0904
 1 0.3460 1.0913
 1 0.3445 1.0923
 1 0.3429 1.0931
 1 0.3413 1.0939
 1 0.3396 1.0947
 1 0.3380 1.0954
 1 0.3363 1.0961
 1 0.3346 1.0967
 1 0.3328 1.0973
 1 0.3311 1.0978
 1 0.3294 1.0983
 1 0.3276 1.0987
 1 0.3258 1.0990
 1 0.3240 1.0993
 1 0.3222 1.0996
 1 0.3204 1.0998
 1 0.3186 1.0999
 1 0.3168 1.1000
 1 0.3150 1.1000
 1 -0.3150 1.1000
