SEcl_RR-10
3361 53 1 1 0 0 0 0 0 0 1 1
1.000
112 1251 213
0 -0.3150 1.1000
1 -0.3168 1.1000
1 -0.3186 1.0999
1 -0.3204 1.0998
1 -0.3222 1.0996
1 -0.3240 1.0993
1 -0.3258 1.0990
1 -0.3276 1.0987
1 -0.3294 1.0983
1 -0.3311 1.0978
1 -0.3329 1.0973
1 -0.3346 1.0967
1 -0.3363 1.0961
1 -0.3380 1.0954
1 -0.3396 1.0947
1 -0.3413 1.0939
1 -0.3429 1.0931
1 -0.3445 1.0923
1 -0.3460 1.0913
1 -0.3476 1.0904
1 -0.3491 1.0894
1 -0.3506 1.0883
1 -0.3520 1.0872
1 -0.3534 1.0861
1 -0.3548 1.0849
1 -0.3561 1.0837
1 -0.3574 1.0824
1 -0.3587 1.0811
1 -0.3599 1.0798
1 -0.3611 1.0784
1 -0.3622 1.0770
1 -0.3633 1.0756
1 -0.3644 1.0741
1 -0.3654 1.0726
1 -0.3663 1.0710
1 -0.3673 1.0695
1 -0.3681 1.0679
1 -0.3689 1.0663
1 -0.3697 1.0646
1 -0.3704 1.0630
1 -0.3711 1.0613
1 -0.3717 1.0596
1 -0.3723 1.0579
1 -0.3728 1.0561
1 -0.3733 1.0544
1 -0.3737 1.0526
1 -0.3740 1.0508
1 -0.3743 1.0490
1 -0.3746 1.0472
1 -0.3748 1.0454
1 -0.3749 1.0436
1 -0.3750 1.0418
1 -0.3750 1.0400
1 -0.3750 0.0600
1 -0.3750 0.0582
1 -0.3749 0.0564
1 -0.3748 0.0546
1 -0.3746 0.0528
1 -0.3743 0.0510
1 -0.3740 0.0492
1 -0.3737 0.0474
1 -0.3733 0.0456
1 -0.3728 0.0439
1 -0.3723 0.0421
1 -0.3717 0.0404
1 -0.3711 0.0387
1 -0.3704 0.0370
1 -0.3697 0.0354
1 -0.3689 0.0337
1 -0.3681 0.0321
1 -0.3673 0.0305
1 -0.3663 0.0290
1 -0.3654 0.0274
1 -0.3644 0.0259
1 -0.3633 0.0244
1 -0.3622 0.0230
1 -0.3611 0.0216
1 -0.3599 0.0202
1 -0.3587 0.0189
1 -0.3574 0.0176
1 -0.3561 0.0163
1 -0.3548 0.0151
1 -0.3534 0.0139
1 -0.3520 0.0128
1 -0.3506 0.0117
1 -0.3491 0.0106
1 -0.3476 0.0096
1 -0.3460 0.0087
1 -0.3445 0.0077
1 -0.3429 0.0069
1 -0.3413 0.0061
1 -0.3396 0.0053
1 -0.3380 0.0046
1 -0.3363 0.0039
1 -0.3346 0.0033
1 -0.3329 0.0027
1 -0.3311 0.0022
1 -0.3294 0.0017
1 -0.3276 0.0013
1 -0.3258 0.0010
1 -0.3240 0.0007
1 -0.3222 0.0004
1 -0.3204 0.0002
1 -0.3186 0.0001
1 -0.3168 0.0000
1 -0.3150 0.0000
1 0.3150 0.0000
1 0.3168 0.0000
1 0.3186 0.0001
1 0.3204 0.0002
1 0.3222 0.0004
1 0.3240 0.0007
1 0.3258 0.0010
1 0.3276 0.0013
1 0.3294 0.0017
1 0.3311 0.0022
1 0.3328 0.0027
1 0.3346 0.0033
1 0.3363 0.0039
1 0.3380 0.0046
1 0.3396 0.0053
1 0.3413 0.0061
1 0.3429 0.0069
1 0.3445 0.0077
1 0.3460 0.0087
1 0.3476 0.0096
1 0.3491 0.0106
1 0.3506 0.0117
1 0.3520 0.0128
1 0.3534 0.0139
1 0.3548 0.0151
1 0.3561 0.0163
1 0.3574 0.0176
1 0.3587 0.0189
1 0.3599 0.0202
1 0.3611 0.0216
1 0.3622 0.0230
1 0.3633 0.0244
1 0.3644 0.0259
1 0.3654 0.0274
1 0.3663 0.0290
1 0.3673 0.0305
1 0.3681 0.0321
1 0.3689 0.0337
1 0.3697 0.0354
1 0.3704 0.0370
1 0.3711 0.0387
1 0.3717 0.0404
1 0.3723 0.0421
1 0.3728 0.0439
1 0.3733 0.0456
1 0.3737 0.0474
1 0.3740 0.0492
1 0.3743 0.0510
1 0.3746 0.0528
1 0.3748 0.0546
1 0.3749 0.0564
1 0.3750 0.0582
1 0.3750 0.0600
1 0.3750 1.0400
1 0.3750 1.0418
1 0.3749 1.0436
1 0.3748 1.0454
1 0.3746 1.0472
1 0.3743 1.0490
1 0.3740 1.0508
1 0.3737 1.0526
1 0.3733 1.0544
1 0.3728 1.0561
1 0.3723 1.0579
1 0.3717 1.0596
1 0.3711 1.0613
1 0.3704 1.0630
1 0.3697 1.0646
1 0.3689 1.0663
1 0.3681 1.0679
1 0.3673 1.0695
1 0.3663 1.0710
1 0.3654 1.0726
1 0.3644 1.0741
1 0.3633 1.0756
1 0.3622 1.0770
1 0.3611 1.0784
1 0.3599 1.0798
1 0.3587 1.0811
1 0.3574 1.0824
1 0.3561 1.0837
1 0.3548 1.0849
1 0.3534 1.0861
1 0.3520 1.0872
1 0.3506 1.0883
1 0.3491 1.0894
1 0.3476 1.0904
1 0.3460 1.0913
1 0.3445 1.0923
1 0.3429 1.0931
1 0.3413 1.0939
1 0.3396 1.0947
1 0.3380 1.0954
1 0.3363 1.0961
1 0.3346 1.0967
1 0.3328 1.0973
1 0.3311 1.0978
1 0.3294 1.0983
1 0.3276 1.0987
1 0.3258 1.0990
1 0.3240 1.0993
1 0.3222 1.0996
1 0.3204 1.0998
1 0.3186 1.0999
1 0.3168 1.1000
1 0.3150 1.1000
1 -0.3150 1.1000
112 1250 181
0 -0.3150 1.0850
1 -0.3166 1.0850
1 -0.3182 1.0849
1 -0.3198 1.0847
1 -0.3214 1.0845
1 -0.3230 1.0843
1 -0.3246 1.0840
1 -0.3261 1.0836
1 -0.3277 1.0832
1 -0.3292 1.0827
1 -0.3307 1.0822
1 -0.3322 1.0816
1 -0.3337 1.0809
1 -0.3351 1.0802
1 -0.3366 1.0795
1 -0.3380 1.0787
1 -0.3393 1.0779
1 -0.3407 1.0770
1 -0.3420 1.0760
1 -0.3432 1.0750
1 -0.3445 1.0740
1 -0.3457 1.0729
1 -0.3468 1.0718
1 -0.3479 1.0707
1 -0.3490 1.0695
1 -0.3500 1.0682
1 -0.3510 1.0670
1 -0.3520 1.0657
1 -0.3529 1.0643
1 -0.3537 1.0630
1 -0.3545 1.0616
1 -0.3552 1.0601
1 -0.3559 1.0587
1 -0.3566 1.0572
1 -0.3572 1.0557
1 -0.3577 1.0542
1 -0.3582 1.0527
1 -0.3586 1.0511
1 -0.3590 1.0496
1 -0.3593 1.0480
1 -0.3595 1.0464
1 -0.3597 1.0448
1 -0.3599 1.0432
1 -0.3600 1.0416
1 -0.3600 1.0400
1 -0.3600 0.0600
1 -0.3600 0.0584
1 -0.3599 0.0568
1 -0.3597 0.0552
1 -0.3595 0.0536
1 -0.3593 0.0520
1 -0.3590 0.0504
1 -0.3586 0.0489
1 -0.3582 0.0473
1 -0.3577 0.0458
1 -0.3572 0.0443
1 -0.3566 0.0428
1 -0.3559 0.0413
1 -0.3552 0.0399
1 -0.3545 0.0384
1 -0.3537 0.0370
1 -0.3529 0.0357
1 -0.3520 0.0343
1 -0.3510 0.0330
1 -0.3500 0.0318
1 -0.3490 0.0305
1 -0.3479 0.0293
1 -0.3468 0.0282
1 -0.3457 0.0271
1 -0.3445 0.0260
1 -0.3432 0.0250
1 -0.3420 0.0240
1 -0.3407 0.0230
1 -0.3393 0.0221
1 -0.3380 0.0213
1 -0.3366 0.0205
1 -0.3351 0.0198
1 -0.3337 0.0191
1 -0.3322 0.0184
1 -0.3307 0.0178
1 -0.3292 0.0173
1 -0.3277 0.0168
1 -0.3261 0.0164
1 -0.3246 0.0160
1 -0.3230 0.0157
1 -0.3214 0.0155
1 -0.3198 0.0153
1 -0.3182 0.0151
1 -0.3166 0.0150
1 -0.3150 0.0150
1 0.3150 0.0150
1 0.3166 0.0150
1 0.3182 0.0151
1 0.3198 0.0153
1 0.3214 0.0155
1 0.3230 0.0157
1 0.3246 0.0160
1 0.3261 0.0164
1 0.3277 0.0168
1 0.3292 0.0173
1 0.3307 0.0178
1 0.3322 0.0184
1 0.3337 0.0191
1 0.3351 0.0198
1 0.3366 0.0205
1 0.3380 0.0213
1 0.3393 0.0221
1 0.3407 0.0230
1 0.3420 0.0240
1 0.3432 0.0250
1 0.3445 0.0260
1 0.3457 0.0271
1 0.3468 0.0282
1 0.3479 0.0293
1 0.3490 0.0305
1 0.3500 0.0318
1 0.3510 0.0330
1 0.3520 0.0343
1 0.3529 0.0357
1 0.3537 0.0370
1 0.3545 0.0384
1 0.3552 0.0399
1 0.3559 0.0413
1 0.3566 0.0428
1 0.3572 0.0443
1 0.3577 0.0458
1 0.3582 0.0473
1 0.3586 0.0489
1 0.3590 0.0504
1 0.3593 0.0520
1 0.3595 0.0536
1 0.3597 0.0552
1 0.3599 0.0568
1 0.3600 0.0584
1 0.3600 0.0600
1 0.3600 1.0400
1 0.3600 1.0416
1 0.3599 1.0432
1 0.3597 1.0448
1 0.3595 1.0464
1 0.3593 1.0480
1 0.3590 1.0496
1 0.3586 1.0511
1 0.3582 1.0527
1 0.3577 1.0542
1 0.3572 1.0557
1 0.3566 1.0572
1 0.3559 1.0587
1 0.3552 1.0601
1 0.3545 1.0616
1 0.3537 1.0630
1 0.3529 1.0643
1 0.3520 1.0657
1 0.3510 1.0670
1 0.3500 1.0682
1 0.3490 1.0695
1 0.3479 1.0707
1 0.3468 1.0718
1 0.3457 1.0729
1 0.3445 1.0740
1 0.3432 1.0750
1 0.3420 1.0760
1 0.3407 1.0770
1 0.3393 1.0779
1 0.3380 1.0787
1 0.3366 1.0795
1 0.3351 1.0802
1 0.3337 1.0809
1 0.3322 1.0816
1 0.3307 1.0822
1 0.3292 1.0827
1 0.3277 1.0832
1 0.3261 1.0836
1 0.3246 1.0840
1 0.3230 1.0843
1 0.3214 1.0845
1 0.3198 1.0847
1 0.3182 1.0849
1 0.3166 1.0850
1 0.3150 1.0850
1 -0.3150 1.0850
112 1251 112
0 0.3300 1.0400
1 0.3300 1.0409
1 0.3299 1.0418
1 0.3298 1.0427
1 0.3296 1.0436
1 0.3293 1.0445
1 0.3290 1.0453
1 0.3287 1.0462
1 0.3283 1.0470
1 0.3278 1.0478
1 0.3273 1.0485
1 0.3268 1.0493
1 0.3262 1.0499
1 0.3256 1.0506
1 0.3249 1.0512
1 0.3243 1.0518
1 0.3235 1.0523
1 0.3228 1.0528
1 0.3220 1.0533
1 0.3212 1.0537
1 0.3203 1.0540
1 0.3195 1.0543
1 0.3186 1.0546
1 0.3177 1.0548
1 0.3168 1.0549
1 0.3159 1.0550
1 0.3150 1.0550
1 0.3150 1.0550
1 -0.3150 1.0550
1 -0.3159 1.0550
1 -0.3168 1.0549
1 -0.3177 1.0548
1 -0.3186 1.0546
1 -0.3195 1.0543
1 -0.3203 1.0540
1 -0.3212 1.0537
1 -0.3220 1.0533
1 -0.3228 1.0528
1 -0.3235 1.0523
1 -0.3243 1.0518
1 -0.3249 1.0512
1 -0.3256 1.0506
1 -0.3262 1.0499
1 -0.3268 1.0493
1 -0.3273 1.0485
1 -0.3278 1.0478
1 -0.3283 1.0470
1 -0.3287 1.0462
1 -0.3290 1.0453
1 -0.3293 1.0445
1 -0.3296 1.0436
1 -0.3298 1.0427
1 -0.3299 1.0418
1 -0.3300 1.0409
1 -0.3300 1.0400
1 -0.3300 1.0400
1 -0.3300 0.0600
1 -0.3300 0.0591
1 -0.3299 0.0582
1 -0.3298 0.0573
1 -0.3296 0.0564
1 -0.3293 0.0555
1 -0.3290 0.0547
1 -0.3287 0.0538
1 -0.3283 0.0530
1 -0.3278 0.0522
1 -0.3273 0.0515
1 -0.3268 0.0507
1 -0.3262 0.0501
1 -0.3256 0.0494
1 -0.3249 0.0488
1 -0.3243 0.0482
1 -0.3235 0.0477
1 -0.3228 0.0472
1 -0.3220 0.0467
1 -0.3212 0.0463
1 -0.3203 0.0460
1 -0.3195 0.0457
1 -0.3186 0.0454
1 -0.3177 0.0452
1 -0.3168 0.0451
1 -0.3159 0.0450
1 -0.3150 0.0450
1 -0.3150 0.0450
1 0.3150 0.0450
1 0.3159 0.0450
1 0.3168 0.0451
1 0.3177 0.0452
1 0.3186 0.0454
1 0.3195 0.0457
1 0.3203 0.0460
1 0.3212 0.0463
1 0.3220 0.0467
1 0.3228 0.0472
1 0.3235 0.0477
1 0.3243 0.0482
1 0.3249 0.0488
1 0.3256 0.0494
1 0.3262 0.0501
1 0.3268 0.0507
1 0.3273 0.0515
1 0.3278 0.0522
1 0.3283 0.0530
1 0.3287 0.0538
1 0.3290 0.0547
1 0.3293 0.0555
1 0.3296 0.0564
1 0.3298 0.0573
1 0.3299 0.0582
1 0.3300 0.0591
1 0.3300 0.0600
1 0.3300 0.0600
112 1462 461
0 0.3125 0.7185
1 0.3125 0.7228
1 0.3124 0.7270
1 0.3122 0.7313
1 0.3120 0.7356
1 0.3118 0.7398
1 0.3115 0.7441
1 0.3111 0.7483
1 0.3106 0.7526
1 0.3101 0.7568
1 0.3096 0.7611
1 0.3090 0.7653
1 0.3083 0.7695
1 0.3076 0.7737
1 0.3068 0.7779
1 0.3060 0.7821
1 0.3051 0.7863
1 0.3041 0.7904
1 0.3031 0.7946
1 0.3020 0.7987
1 0.3009 0.8028
1 0.2997 0.8069
1 0.2985 0.8110
1 0.2972 0.8151
1 0.2959 0.8191
1 0.2945 0.8232
1 0.2930 0.8272
1 0.2915 0.8312
1 0.2899 0.8351
1 0.2883 0.8391
1 0.2866 0.8430
1 0.2849 0.8469
1 0.2831 0.8508
1 0.2813 0.8546
1 0.2794 0.8585
1 0.2775 0.8623
1 0.2755 0.8660
1 0.2734 0.8698
1 0.2713 0.8735
1 0.2692 0.8772
1 0.2670 0.8809
1 0.2648 0.8845
1 0.2625 0.8881
1 0.2601 0.8917
1 0.2577 0.8952
1 0.2553 0.8987
1 0.2528 0.9022
1 0.2503 0.9056
1 0.2477 0.9090
1 0.2451 0.9124
1 0.2424 0.9157
1 0.2397 0.9190
1 0.2369 0.9223
1 0.2341 0.9255
1 0.2313 0.9287
1 0.2284 0.9318
1 0.2255 0.9349
1 0.2225 0.9380
1 0.2195 0.9410
1 0.2164 0.9440
1 0.2133 0.9469
1 0.2102 0.9498
1 0.2070 0.9526
1 0.2038 0.9554
1 0.2005 0.9582
1 0.1972 0.9609
1 0.1939 0.9636
1 0.1905 0.9662
1 0.1871 0.9688
1 0.1837 0.9713
1 0.1802 0.9738
1 0.1767 0.9762
1 0.1732 0.9786
1 0.1696 0.9810
1 0.1660 0.9833
1 0.1624 0.9855
1 0.1587 0.9877
1 0.1550 0.9898
1 0.1513 0.9919
1 0.1475 0.9940
1 0.1438 0.9960
1 0.1400 0.9979
1 0.1361 0.9998
1 0.1323 1.0016
1 0.1284 1.0034
1 0.1245 1.0051
1 0.1206 1.0068
1 0.1166 1.0084
1 0.1127 1.0100
1 0.1087 1.0115
1 0.1046 1.0130
1 0.1006 1.0144
1 0.0966 1.0157
1 0.0925 1.0170
1 0.0884 1.0182
1 0.0843 1.0194
1 0.0802 1.0205
1 0.0761 1.0216
1 0.0719 1.0226
1 0.0678 1.0236
1 0.0636 1.0245
1 0.0594 1.0253
1 0.0552 1.0261
1 0.0510 1.0268
1 0.0468 1.0275
1 0.0426 1.0281
1 0.0383 1.0286
1 0.0341 1.0291
1 0.0298 1.0296
1 0.0256 1.0300
1 0.0213 1.0303
1 0.0171 1.0305
1 0.0128 1.0307
1 0.0085 1.0309
1 0.0043 1.0310
1 0.0000 1.0310
1 -0.0043 1.0310
1 -0.0085 1.0309
1 -0.0128 1.0307
1 -0.0171 1.0305
1 -0.0213 1.0303
1 -0.0256 1.0300
1 -0.0298 1.0296
1 -0.0341 1.0291
1 -0.0383 1.0286
1 -0.0426 1.0281
1 -0.0468 1.0275
1 -0.0510 1.0268
1 -0.0552 1.0261
1 -0.0594 1.0253
1 -0.0636 1.0245
1 -0.0678 1.0236
1 -0.0719 1.0226
1 -0.0761 1.0216
1 -0.0802 1.0205
1 -0.0843 1.0194
1 -0.0884 1.0182
1 -0.0925 1.0170
1 -0.0966 1.0157
1 -0.1006 1.0144
1 -0.1047 1.0130
1 -0.1087 1.0115
1 -0.1127 1.0100
1 -0.1166 1.0084
1 -0.1206 1.0068
1 -0.1245 1.0051
1 -0.1284 1.0034
1 -0.1323 1.0016
1 -0.1361 0.9998
1 -0.1400 0.9979
1 -0.1438 0.9960
1 -0.1475 0.9940
1 -0.1513 0.9919
1 -0.1550 0.9898
1 -0.1587 0.9877
1 -0.1624 0.9855
1 -0.1660 0.9833
1 -0.1696 0.9810
1 -0.1732 0.9786
1 -0.1767 0.9762
1 -0.1802 0.9738
1 -0.1837 0.9713
1 -0.1871 0.9688
1 -0.1905 0.9662
1 -0.1939 0.9636
1 -0.1972 0.9609
1 -0.2005 0.9582
1 -0.2038 0.9554
1 -0.2070 0.9526
1 -0.2102 0.9498
1 -0.2133 0.9469
1 -0.2164 0.9440
1 -0.2195 0.9410
1 -0.2225 0.9380
1 -0.2255 0.9349
1 -0.2284 0.9318
1 -0.2313 0.9287
1 -0.2341 0.9255
1 -0.2369 0.9223
1 -0.2397 0.9190
1 -0.2424 0.9157
1 -0.2451 0.9124
1 -0.2477 0.9090
1 -0.2503 0.9056
1 -0.2528 0.9022
1 -0.2553 0.8987
1 -0.2577 0.8952
1 -0.2601 0.8917
1 -0.2625 0.8881
1 -0.2648 0.8845
1 -0.2670 0.8809
1 -0.2692 0.8772
1 -0.2713 0.8735
1 -0.2734 0.8698
1 -0.2755 0.8660
1 -0.2775 0.8623
1 -0.2794 0.8585
1 -0.2813 0.8546
1 -0.2831 0.8508
1 -0.2849 0.8469
1 -0.2866 0.8430
1 -0.2883 0.8391
1 -0.2899 0.8351
1 -0.2915 0.8312
1 -0.2930 0.8272
1 -0.2945 0.8232
1 -0.2959 0.8191
1 -0.2972 0.8151
1 -0.2985 0.8110
1 -0.2997 0.8069
1 -0.3009 0.8028
1 -0.3020 0.7987
1 -0.3031 0.7946
1 -0.3041 0.7904
1 -0.3051 0.7863
1 -0.3060 0.7821
1 -0.3068 0.7779
1 -0.3076 0.7737
1 -0.3083 0.7695
1 -0.3090 0.7653
1 -0.3096 0.7611
1 -0.3101 0.7568
1 -0.3106 0.7526
1 -0.3111 0.7483
1 -0.3115 0.7441
1 -0.3118 0.7398
1 -0.3120 0.7356
1 -0.3122 0.7313
1 -0.3124 0.7270
1 -0.3125 0.7228
1 -0.3125 0.7185
1 -0.3125 0.7142
1 -0.3124 0.7100
1 -0.3122 0.7057
1 -0.3120 0.7014
1 -0.3118 0.6972
1 -0.3115 0.6929
1 -0.3111 0.6887
1 -0.3106 0.6844
1 -0.3101 0.6802
1 -0.3096 0.6759
1 -0.3090 0.6717
1 -0.3083 0.6675
1 -0.3076 0.6633
1 -0.3068 0.6591
1 -0.3060 0.6549
1 -0.3051 0.6507
1 -0.3041 0.6466
1 -0.3031 0.6424
1 -0.3020 0.6383
1 -0.3009 0.6342
1 -0.2997 0.6301
1 -0.2985 0.6260
1 -0.2972 0.6219
1 -0.2959 0.6179
1 -0.2945 0.6139
1 -0.2930 0.6098
1 -0.2915 0.6058
1 -0.2899 0.6019
1 -0.2883 0.5979
1 -0.2866 0.5940
1 -0.2849 0.5901
1 -0.2831 0.5862
1 -0.2813 0.5824
1 -0.2794 0.5785
1 -0.2775 0.5747
1 -0.2755 0.5710
1 -0.2734 0.5672
1 -0.2713 0.5635
1 -0.2692 0.5598
1 -0.2670 0.5561
1 -0.2648 0.5525
1 -0.2625 0.5489
1 -0.2601 0.5453
1 -0.2577 0.5418
1 -0.2553 0.5383
1 -0.2528 0.5348
1 -0.2503 0.5314
1 -0.2477 0.5280
1 -0.2451 0.5246
1 -0.2424 0.5213
1 -0.2397 0.5180
1 -0.2369 0.5147
1 -0.2341 0.5115
1 -0.2313 0.5083
1 -0.2284 0.5052
1 -0.2255 0.5021
1 -0.2225 0.4990
1 -0.2195 0.4960
1 -0.2164 0.4930
1 -0.2133 0.4901
1 -0.2102 0.4872
1 -0.2070 0.4844
1 -0.2038 0.4816
1 -0.2005 0.4788
1 -0.1972 0.4761
1 -0.1939 0.4734
1 -0.1905 0.4708
1 -0.1871 0.4682
1 -0.1837 0.4657
1 -0.1802 0.4632
1 -0.1767 0.4608
1 -0.1732 0.4584
1 -0.1696 0.4560
1 -0.1660 0.4537
1 -0.1624 0.4515
1 -0.1587 0.4493
1 -0.1550 0.4472
1 -0.1513 0.4451
1 -0.1475 0.4430
1 -0.1438 0.4410
1 -0.1400 0.4391
1 -0.1361 0.4372
1 -0.1323 0.4354
1 -0.1284 0.4336
1 -0.1245 0.4319
1 -0.1206 0.4302
1 -0.1166 0.4286
1 -0.1127 0.4270
1 -0.1087 0.4255
1 -0.1047 0.4240
1 -0.1006 0.4226
1 -0.0966 0.4213
1 -0.0925 0.4200
1 -0.0884 0.4188
1 -0.0843 0.4176
1 -0.0802 0.4165
1 -0.0761 0.4154
1 -0.0719 0.4144
1 -0.0678 0.4134
1 -0.0636 0.4125
1 -0.0594 0.4117
1 -0.0552 0.4109
1 -0.0510 0.4102
1 -0.0468 0.4095
1 -0.0426 0.4089
1 -0.0383 0.4084
1 -0.0341 0.4079
1 -0.0298 0.4074
1 -0.0256 0.4070
1 -0.0213 0.4067
1 -0.0171 0.4065
1 -0.0128 0.4063
1 -0.0085 0.4061
1 -0.0043 0.4060
1 0.0000 0.4060
1 0.0043 0.4060
1 0.0085 0.4061
1 0.0128 0.4063
1 0.0171 0.4065
1 0.0213 0.4067
1 0.0256 0.4070
1 0.0298 0.4074
1 0.0341 0.4079
1 0.0383 0.4084
1 0.0426 0.4089
1 0.0468 0.4095
1 0.0510 0.4102
1 0.0552 0.4109
1 0.0594 0.4117
1 0.0636 0.4125
1 0.0678 0.4134
1 0.0719 0.4144
1 0.0761 0.4154
1 0.0802 0.4165
1 0.0843 0.4176
1 0.0884 0.4188
1 0.0925 0.4200
1 0.0966 0.4213
1 0.1006 0.4226
1 0.1046 0.4240
1 0.1087 0.4255
1 0.1127 0.4270
1 0.1166 0.4286
1 0.1206 0.4302
1 0.1245 0.4319
1 0.1284 0.4336
1 0.1323 0.4354
1 0.1361 0.4372
1 0.1400 0.4391
1 0.1438 0.4410
1 0.1475 0.4430
1 0.1513 0.4451
1 0.1550 0.4472
1 0.1587 0.4493
1 0.1624 0.4515
1 0.1660 0.4537
1 0.1696 0.4560
1 0.1732 0.4584
1 0.1767 0.4608
1 0.1802 0.4632
1 0.1837 0.4657
1 0.1871 0.4682
1 0.1905 0.4708
1 0.1939 0.4734
1 0.1972 0.4761
1 0.2005 0.4788
1 0.2038 0.4816
1 0.2070 0.4844
1 0.2102 0.4872
1 0.2133 0.4901
1 0.2164 0.4930
1 0.2195 0.4960
1 0.2225 0.4990
1 0.2255 0.5021
1 0.2284 0.5052
1 0.2313 0.5083
1 0.2341 0.5115
1 0.2369 0.5147
1 0.2397 0.5180
1 0.2424 0.5213
1 0.2451 0.5246
1 0.2477 0.5280
1 0.2503 0.5314
1 0.2528 0.5348
1 0.2553 0.5383
1 0.2577 0.5418
1 0.2601 0.5453
1 0.2625 0.5489
1 0.2648 0.5525
1 0.2670 0.5561
1 0.2692 0.5598
1 0.2713 0.5635
1 0.2734 0.5672
1 0.2755 0.5710
1 0.2775 0.5747
1 0.2794 0.5785
1 0.2813 0.5824
1 0.2831 0.5862
1 0.2849 0.5901
1 0.2866 0.5940
1 0.2883 0.5979
1 0.2899 0.6019
1 0.2915 0.6058
1 0.2930 0.6098
1 0.2945 0.6139
1 0.2959 0.6179
1 0.2972 0.6219
1 0.2985 0.6260
1 0.2997 0.6301
1 0.3009 0.6342
1 0.3020 0.6383
1 0.3031 0.6424
1 0.3041 0.6466
1 0.3051 0.6507
1 0.3060 0.6549
1 0.3068 0.6591
1 0.3076 0.6633
1 0.3083 0.6675
1 0.3090 0.6717
1 0.3096 0.6759
1 0.3101 0.6802
1 0.3106 0.6844
1 0.3111 0.6887
1 0.3115 0.6929
1 0.3118 0.6972
1 0.3120 0.7014
1 0.3122 0.7057
1 0.3124 0.7100
1 0.3125 0.7142
1 0.3125 0.7185
112 1250 90
0 -0.2676 0.3657
1 -0.2640 0.3641
1 -0.2625 0.3625
1 -0.2610 0.3595
1 -0.2503 0.3595
1 -0.2504 0.3612
1 -0.2513 0.3643
1 -0.2532 0.3670
1 -0.2560 0.3695
1 -0.2579 0.3706
1 -0.2616 0.3722
1 -0.2656 0.3732
1 -0.2699 0.3735
1 -0.2703 0.3735
1 -0.2749 0.3732
1 -0.2790 0.3724
1 -0.2827 0.3710
1 -0.2860 0.3692
1 -0.2862 0.3692
1 -0.2889 0.3668
1 -0.2908 0.3641
1 -0.2920 0.3611
1 -0.2924 0.3576
1 -0.2922 0.3557
1 -0.2914 0.3526
1 -0.2897 0.3498
1 -0.2873 0.3473
1 -0.2840 0.3449
1 -0.2832 0.3445
1 -0.2794 0.3428
1 -0.2757 0.3411
1 -0.2720 0.3393
1 -0.2683 0.3376
1 -0.2653 0.3359
1 -0.2623 0.3335
1 -0.2604 0.3309
1 -0.2598 0.3281
1 -0.2600 0.3258
1 -0.2608 0.3227
1 -0.2625 0.3202
1 -0.2650 0.3184
1 -0.2682 0.3173
1 -0.2723 0.3170
1 -0.2736 0.3170
1 -0.2774 0.3181
1 -0.2808 0.3204
1 -0.2819 0.3215
1 -0.2841 0.3244
1 -0.2849 0.3273
1 -0.2957 0.3273
1 -0.2955 0.3254
1 -0.2948 0.3221
1 -0.2935 0.3191
1 -0.2916 0.3165
1 -0.2891 0.3142
1 -0.2860 0.3123
1 -0.2824 0.3108
1 -0.2786 0.3098
1 -0.2744 0.3094
1 -0.2714 0.3095
1 -0.2669 0.3099
1 -0.2629 0.3106
1 -0.2593 0.3116
1 -0.2562 0.3130
1 -0.2536 0.3147
1 -0.2515 0.3168
1 -0.2499 0.3191
1 -0.2487 0.3218
1 -0.2480 0.3248
1 -0.2477 0.3282
1 -0.2479 0.3305
1 -0.2489 0.3335
1 -0.2506 0.3363
1 -0.2530 0.3389
1 -0.2562 0.3414
1 -0.2565 0.3415
1 -0.2582 0.3425
1 -0.2613 0.3441
1 -0.2659 0.3464
1 -0.2719 0.3494
1 -0.2739 0.3505
1 -0.2775 0.3529
1 -0.2797 0.3553
1 -0.2804 0.3577
1 -0.2804 0.3578
1 -0.2796 0.3611
1 -0.2774 0.3637
1 -0.2742 0.3654
1 -0.2699 0.3660
1 -0.2676 0.3657
112 1250 7
0 -0.1744 0.3726
1 -0.1744 0.3103
1 -0.1326 0.3103
1 -0.1326 0.3192
1 -0.1630 0.3192
1 -0.1630 0.3726
1 -0.1744 0.3726
112 1250 9
0 -0.0318 0.3726
1 -0.0318 0.3638
1 -0.0128 0.3638
1 -0.0128 0.3103
1 -0.0012 0.3103
1 -0.0012 0.3638
1 0.0177 0.3638
1 0.0177 0.3726
1 -0.0318 0.3726
112 1250 13
0 0.0238 0.3726
1 0.0238 0.3103
1 0.0637 0.3103
1 0.0637 0.3177
1 0.0352 0.3177
1 0.0352 0.3402
1 0.0527 0.3402
1 0.0527 0.3476
1 0.0352 0.3476
1 0.0352 0.3653
1 0.0637 0.3653
1 0.0637 0.3726
1 0.0238 0.3726
112 1250 7
0 0.0680 0.3726
1 0.0680 0.3103
1 0.1097 0.3103
1 0.1097 0.3192
1 0.0793 0.3192
1 0.0793 0.3726
1 0.0680 0.3726
112 1250 13
0 0.1558 0.3726
1 0.1160 0.3726
1 0.1160 0.3103
1 0.1558 0.3103
1 0.1558 0.3177
1 0.1274 0.3177
1 0.1274 0.3402
1 0.1448 0.3402
1 0.1448 0.3476
1 0.1274 0.3476
1 0.1274 0.3653
1 0.1558 0.3653
1 0.1558 0.3726
112 1250 8
0 0.1636 0.3726
1 0.1763 0.3726
1 0.1920 0.3261
1 0.2077 0.3726
1 0.2200 0.3726
1 0.1990 0.3103
1 0.1844 0.3103
1 0.1636 0.3726
112 1250 5
0 0.2303 0.3103
1 0.2303 0.3726
1 0.2417 0.3726
1 0.2417 0.3103
1 0.2303 0.3103
112 1250 90
0 -0.1076 0.2551
1 -0.1041 0.2534
1 -0.1027 0.2519
1 -0.1012 0.2489
1 -0.0907 0.2489
1 -0.0908 0.2506
1 -0.0917 0.2536
1 -0.0935 0.2564
1 -0.0963 0.2588
1 -0.0981 0.2599
1 -0.1017 0.2615
1 -0.1056 0.2624
1 -0.1098 0.2627
1 -0.1103 0.2627
1 -0.1147 0.2624
1 -0.1188 0.2616
1 -0.1224 0.2603
1 -0.1256 0.2585
1 -0.1257 0.2584
1 -0.1284 0.2561
1 -0.1303 0.2535
1 -0.1314 0.2505
1 -0.1319 0.2471
1 -0.1317 0.2452
1 -0.1309 0.2422
1 -0.1292 0.2394
1 -0.1268 0.2369
1 -0.1237 0.2346
1 -0.1229 0.2342
1 -0.1192 0.2325
1 -0.1156 0.2308
1 -0.1120 0.2290
1 -0.1083 0.2273
1 -0.1053 0.2256
1 -0.1024 0.2233
1 -0.1006 0.2207
1 -0.1000 0.2180
1 -0.1002 0.2158
1 -0.1010 0.2126
1 -0.1027 0.2102
1 -0.1051 0.2084
1 -0.1082 0.2074
1 -0.1122 0.2070
1 -0.1135 0.2071
1 -0.1171 0.2082
1 -0.1205 0.2104
1 -0.1216 0.2115
1 -0.1237 0.2143
1 -0.1245 0.2172
1 -0.1351 0.2172
1 -0.1350 0.2154
1 -0.1342 0.2121
1 -0.1329 0.2091
1 -0.1310 0.2065
1 -0.1286 0.2043
1 -0.1257 0.2024
1 -0.1221 0.2009
1 -0.1184 0.2000
1 -0.1143 0.1996
1 -0.1113 0.1997
1 -0.1069 0.2000
1 -0.1030 0.2007
1 -0.0995 0.2018
1 -0.0965 0.2031
1 -0.0940 0.2048
1 -0.0919 0.2068
1 -0.0903 0.2091
1 -0.0891 0.2118
1 -0.0884 0.2148
1 -0.0882 0.2181
1 -0.0884 0.2203
1 -0.0893 0.2233
1 -0.0910 0.2261
1 -0.0934 0.2287
1 -0.0965 0.2311
1 -0.0968 0.2312
1 -0.0984 0.2322
1 -0.1015 0.2338
1 -0.1060 0.2361
1 -0.1118 0.2390
1 -0.1137 0.2400
1 -0.1173 0.2424
1 -0.1194 0.2448
1 -0.1201 0.2472
1 -0.1201 0.2473
1 -0.1194 0.2505
1 -0.1172 0.2531
1 -0.1140 0.2547
1 -0.1098 0.2553
1 -0.1076 0.2551
112 1250 5
0 -0.0770 0.1997
1 -0.0770 0.2627
1 -0.0656 0.2627
1 -0.0656 0.1997
1 -0.0770 0.1997
112 1250 9
0 0.0008 0.2627
1 0.0008 0.2538
1 0.0198 0.2538
1 0.0198 0.1997
1 0.0315 0.1997
1 0.0315 0.2538
1 0.0504 0.2538
1 0.0504 0.2627
1 0.0008 0.2627
112 1250 13
0 0.0964 0.2627
1 0.0565 0.2627
1 0.0565 0.1997
1 0.0964 0.1997
1 0.0964 0.2073
1 0.0679 0.2073
1 0.0679 0.2300
1 0.0854 0.2300
1 0.0854 0.2375
1 0.0679 0.2375
1 0.0679 0.2554
1 0.0964 0.2554
1 0.0964 0.2627
112 1250 13
0 0.1172 0.1997
1 0.1063 0.1997
1 0.1063 0.2627
1 0.1214 0.2627
1 0.1361 0.2288
1 0.1510 0.2627
1 0.1659 0.2627
1 0.1659 0.1997
1 0.1541 0.1997
1 0.1541 0.2439
1 0.1361 0.2016
1 0.1172 0.2442
1 0.1172 0.1997
112 1250 9
0 0.1934 0.2141
1 0.1891 0.1997
1 0.1765 0.1997
1 0.1975 0.2627
1 0.2098 0.2627
1 0.2309 0.1997
1 0.2187 0.1997
1 0.2145 0.2141
1 0.1934 0.2141
112 1251 4
0 0.2119 0.2210
1 0.2038 0.2477
1 0.1959 0.2210
1 0.2119 0.2210
112 1250 79
0 -0.2915 0.1483
1 -0.2892 0.1502
1 -0.2866 0.1518
1 -0.2837 0.1528
1 -0.2806 0.1535
1 -0.2778 0.1536
1 -0.2745 0.1534
1 -0.2714 0.1526
1 -0.2685 0.1513
1 -0.2657 0.1495
1 -0.2651 0.1490
1 -0.2627 0.1466
1 -0.2608 0.1441
1 -0.2593 0.1412
1 -0.2583 0.1381
1 -0.2581 0.1373
1 -0.2676 0.1373
1 -0.2689 0.1402
1 -0.2712 0.1425
1 -0.2714 0.1426
1 -0.2744 0.1441
1 -0.2776 0.1446
1 -0.2778 0.1446
1 -0.2803 0.1444
1 -0.2824 0.1437
1 -0.2843 0.1424
1 -0.2859 0.1407
1 -0.2873 0.1385
1 -0.2883 0.1358
1 -0.2892 0.1326
1 -0.2898 0.1289
1 -0.2901 0.1248
1 -0.2901 0.1218
1 -0.2900 0.1173
1 -0.2896 0.1133
1 -0.2889 0.1098
1 -0.2880 0.1067
1 -0.2868 0.1042
1 -0.2854 0.1022
1 -0.2837 0.1007
1 -0.2817 0.0996
1 -0.2794 0.0990
1 -0.2778 0.0989
1 -0.2744 0.0994
1 -0.2716 0.1006
1 -0.2696 0.1027
1 -0.2689 0.1043
1 -0.2587 0.1043
1 -0.2598 0.1012
1 -0.2614 0.0984
1 -0.2634 0.0959
1 -0.2657 0.0938
1 -0.2685 0.0920
1 -0.2715 0.0907
1 -0.2747 0.0900
1 -0.2778 0.0897
1 -0.2811 0.0900
1 -0.2841 0.0907
1 -0.2869 0.0919
1 -0.2894 0.0935
1 -0.2917 0.0956
1 -0.2937 0.0982
1 -0.2952 0.1007
1 -0.2964 0.1033
1 -0.2975 0.1062
1 -0.2984 0.1092
1 -0.2990 0.1124
1 -0.2995 0.1158
1 -0.2997 0.1194
1 -0.2997 0.1218
1 -0.2997 0.1255
1 -0.2994 0.1291
1 -0.2988 0.1324
1 -0.2981 0.1356
1 -0.2973 0.1385
1 -0.2961 0.1413
1 -0.2954 0.1429
1 -0.2935 0.1458
1 -0.2915 0.1483
112 1250 57
0 -0.2468 0.1007
1 -0.2481 0.1033
1 -0.2492 0.1062
1 -0.2500 0.1092
1 -0.2507 0.1124
1 -0.2511 0.1158
1 -0.2514 0.1194
1 -0.2514 0.1218
1 -0.2513 0.1255
1 -0.2510 0.1291
1 -0.2505 0.1324
1 -0.2498 0.1356
1 -0.2489 0.1385
1 -0.2478 0.1413
1 -0.2470 0.1429
1 -0.2452 0.1458
1 -0.2431 0.1483
1 -0.2408 0.1503
1 -0.2382 0.1518
1 -0.2354 0.1529
1 -0.2323 0.1535
1 -0.2296 0.1536
1 -0.2263 0.1534
1 -0.2232 0.1527
1 -0.2204 0.1515
1 -0.2179 0.1499
1 -0.2156 0.1479
1 -0.2136 0.1453
1 -0.2122 0.1429
1 -0.2109 0.1403
1 -0.2099 0.1375
1 -0.2091 0.1345
1 -0.2084 0.1312
1 -0.2080 0.1278
1 -0.2078 0.1242
1 -0.2078 0.1218
1 -0.2079 0.1180
1 -0.2081 0.1145
1 -0.2087 0.1111
1 -0.2093 0.1080
1 -0.2102 0.1050
1 -0.2113 0.1023
1 -0.2122 0.1005
1 -0.2139 0.0977
1 -0.2160 0.0952
1 -0.2183 0.0932
1 -0.2208 0.0916
1 -0.2237 0.0906
1 -0.2268 0.0899
1 -0.2296 0.0897
1 -0.2328 0.0900
1 -0.2358 0.0907
1 -0.2386 0.0919
1 -0.2411 0.0935
1 -0.2434 0.0956
1 -0.2454 0.0982
1 -0.2468 0.1007
112 1250 13
0 -0.1644 0.1529
1 -0.1758 0.1193
1 -0.1870 0.1529
1 -0.1986 0.1529
1 -0.1986 0.0906
1 -0.1903 0.0906
1 -0.1903 0.1346
1 -0.1758 0.0924
1 -0.1620 0.1343
1 -0.1620 0.0906
1 -0.1529 0.0906
1 -0.1529 0.1529
1 -0.1644 0.1529
112 1250 7
0 -0.0973 0.1529
1 -0.1059 0.1529
1 -0.1059 0.0906
1 -0.0740 0.0906
1 -0.0740 0.0995
1 -0.0973 0.0995
1 -0.0973 0.1529
112 1250 13
0 -0.0386 0.1529
1 -0.0692 0.1529
1 -0.0692 0.0906
1 -0.0386 0.0906
1 -0.0386 0.0980
1 -0.0605 0.0980
1 -0.0605 0.1205
1 -0.0471 0.1205
1 -0.0471 0.1279
1 -0.0605 0.1279
1 -0.0605 0.1456
1 -0.0386 0.1456
1 -0.0386 0.1529
112 1250 13
0 -0.0228 0.1346
1 -0.0228 0.0906
1 -0.0311 0.0906
1 -0.0311 0.1529
1 -0.0196 0.1529
1 -0.0083 0.1193
1 0.0031 0.1529
1 0.0146 0.1529
1 0.0146 0.0906
1 0.0055 0.0906
1 0.0055 0.1343
1 -0.0083 0.0924
1 -0.0228 0.1346
112 1250 13
0 0.0521 0.1529
1 0.0216 0.1529
1 0.0216 0.0906
1 0.0521 0.0906
1 0.0521 0.0980
1 0.0303 0.0980
1 0.0303 0.1205
1 0.0437 0.1205
1 0.0437 0.1279
1 0.0303 0.1279
1 0.0303 0.1456
1 0.0521 0.1456
1 0.0521 0.1529
112 1250 11
0 0.0683 0.1383
1 0.0683 0.0906
1 0.0596 0.0906
1 0.0596 0.1529
1 0.0715 0.1529
1 0.0901 0.1129
1 0.0901 0.1529
1 0.0988 0.1529
1 0.0988 0.0906
1 0.0897 0.0906
1 0.0683 0.1383
112 1250 9
0 0.1440 0.1529
1 0.1060 0.1529
1 0.1060 0.1441
1 0.1206 0.1441
1 0.1206 0.0906
1 0.1295 0.0906
1 0.1295 0.1441
1 0.1440 0.1441
1 0.1440 0.1529
112 1250 26
0 0.2168 0.1149
1 0.2072 0.1149
1 0.2072 0.0906
1 0.1984 0.0906
1 0.1984 0.1529
1 0.2218 0.1529
1 0.2249 0.1525
1 0.2276 0.1513
1 0.2300 0.1493
1 0.2321 0.1465
1 0.2321 0.1463
1 0.2335 0.1435
1 0.2345 0.1405
1 0.2350 0.1372
1 0.2352 0.1340
1 0.2350 0.1306
1 0.2345 0.1273
1 0.2336 0.1243
1 0.2330 0.1229
1 0.2314 0.1199
1 0.2293 0.1174
1 0.2268 0.1154
1 0.2262 0.1150
1 0.2347 0.0906
1 0.2247 0.0906
1 0.2168 0.1149
112 1251 16
0 0.2190 0.1234
1 0.2218 0.1242
1 0.2239 0.1267
1 0.2241 0.1271
1 0.2251 0.1301
1 0.2255 0.1335
1 0.2255 0.1336
1 0.2252 0.1370
1 0.2242 0.1401
1 0.2240 0.1406
1 0.2221 0.1434
1 0.2195 0.1446
1 0.2190 0.1446
1 0.2072 0.1446
1 0.2072 0.1234
1 0.2190 0.1234
112 1250 5
0 0.2527 0.0906
1 0.2440 0.0906
1 0.2440 0.1529
1 0.2527 0.1529
1 0.2527 0.0906
112 1251 405
0 0.1886 0.5741
1 0.1908 0.5771
1 0.1930 0.5801
1 0.1951 0.5831
1 0.1972 0.5862
1 0.1993 0.5893
1 0.2013 0.5924
1 0.2032 0.5956
1 0.2051 0.5988
1 0.2070 0.6020
1 0.2088 0.6053
1 0.2105 0.6085
1 0.2122 0.6118
1 0.2138 0.6152
1 0.2154 0.6185
1 0.2170 0.6219
1 0.2185 0.6253
1 0.2199 0.6287
1 0.2213 0.6322
1 0.2226 0.6357
1 0.2239 0.6392
1 0.2251 0.6427
1 0.2262 0.6462
1 0.2273 0.6497
1 0.2284 0.6533
1 0.2294 0.6569
1 0.2303 0.6605
1 0.2312 0.6641
1 0.2320 0.6677
1 0.2328 0.6713
1 0.2335 0.6750
1 0.2341 0.6786
1 0.2347 0.6823
1 0.2353 0.6860
1 0.2357 0.6897
1 0.2362 0.6934
1 0.2365 0.6971
1 0.2368 0.7008
1 0.2371 0.7045
1 0.2373 0.7082
1 0.2374 0.7119
1 0.2375 0.7156
1 0.2375 0.7193
1 0.2375 0.7230
1 0.2374 0.7267
1 0.2372 0.7305
1 0.2370 0.7342
1 0.2367 0.7379
1 0.2364 0.7416
1 0.2360 0.7453
1 0.2355 0.7489
1 0.2350 0.7526
1 0.2345 0.7563
1 0.2339 0.7600
1 0.2332 0.7636
1 0.2324 0.7673
1 0.2317 0.7709
1 0.2308 0.7745
1 0.2299 0.7781
1 0.2289 0.7817
1 0.2279 0.7853
1 0.2269 0.7888
1 0.2257 0.7924
1 0.2245 0.7959
1 0.2233 0.7994
1 0.2220 0.8029
1 0.2207 0.8063
1 0.2193 0.8098
1 0.2178 0.8132
1 0.2163 0.8166
1 0.2147 0.8199
1 0.2131 0.8233
1 0.2115 0.8266
1 0.2097 0.8299
1 0.2080 0.8332
1 0.2062 0.8364
1 0.2043 0.8396
1 0.2024 0.8428
1 0.2004 0.8460
1 0.1984 0.8491
1 0.1963 0.8522
1 0.1942 0.8552
1 0.1920 0.8582
1 0.1898 0.8612
1 0.1876 0.8642
1 0.1853 0.8671
1 0.1829 0.8700
1 0.1805 0.8728
1 0.1781 0.8756
1 0.1756 0.8784
1 0.1731 0.8811
1 0.1705 0.8838
1 0.1679 0.8864
1 0.1653 0.8890
1 0.1626 0.8916
1 0.1599 0.8941
1 0.1571 0.8966
1 0.1543 0.8990
1 0.1515 0.9014
1 0.1486 0.9038
1 0.1457 0.9061
1 0.1427 0.9083
1 0.1397 0.9105
1 0.1367 0.9127
1 0.1337 0.9148
1 0.1306 0.9169
1 0.1275 0.9189
1 0.1243 0.9209
1 0.1211 0.9228
1 0.1179 0.9247
1 0.1147 0.9265
1 0.1114 0.9282
1 0.1081 0.9300
1 0.1048 0.9316
1 0.1014 0.9332
1 0.0981 0.9348
1 0.0947 0.9363
1 0.0913 0.9378
1 0.0878 0.9392
1 0.0844 0.9405
1 0.0809 0.9418
1 0.0774 0.9430
1 0.0739 0.9442
1 0.0703 0.9454
1 0.0668 0.9464
1 0.0632 0.9474
1 0.0596 0.9484
1 0.0560 0.9493
1 0.0524 0.9502
1 0.0488 0.9509
1 0.0451 0.9517
1 0.0415 0.9524
1 0.0378 0.9530
1 0.0341 0.9535
1 0.0304 0.9540
1 0.0268 0.9545
1 0.0231 0.9549
1 0.0194 0.9552
1 0.0157 0.9555
1 0.0120 0.9557
1 0.0082 0.9559
1 0.0045 0.9560
1 0.0008 0.9560
1 -0.0029 0.9560
1 -0.0066 0.9559
1 -0.0103 0.9558
1 -0.0140 0.9556
1 -0.0177 0.9553
1 -0.0214 0.9550
1 -0.0251 0.9547
1 -0.0288 0.9542
1 -0.0325 0.9538
1 -0.0362 0.9532
1 -0.0399 0.9526
1 -0.0435 0.9520
1 -0.0472 0.9513
1 -0.0508 0.9505
1 -0.0544 0.9497
1 -0.0580 0.9488
1 -0.0616 0.9479
1 -0.0652 0.9469
1 -0.0688 0.9458
1 -0.0723 0.9447
1 -0.0758 0.9436
1 -0.0793 0.9424
1 -0.0828 0.9411
1 -0.0863 0.9398
1 -0.0898 0.9384
1 -0.0932 0.9370
1 -0.0966 0.9355
1 -0.1000 0.9339
1 -0.1033 0.9323
1 -0.1067 0.9307
1 -0.1100 0.9290
1 -0.1132 0.9273
1 -0.1165 0.9255
1 -0.1197 0.9236
1 -0.1229 0.9217
1 -0.1261 0.9198
1 -0.1292 0.9178
1 -0.1323 0.9157
1 -0.1354 0.9136
1 -0.1384 0.9115
1 -0.1414 0.9093
1 -0.1444 0.9071
1 -0.1444 0.9071
1 -0.1469 0.9051
1 -0.1498 0.9028
1 -0.1527 0.9004
1 -0.1555 0.8980
1 -0.1583 0.8955
1 -0.1611 0.8930
1 -0.1638 0.8905
1 -0.1665 0.8879
1 -0.1691 0.8853
1 -0.1717 0.8826
1 -0.1742 0.8799
1 -0.1767 0.8772
1 -0.1792 0.8744
1 -0.1816 0.8716
1 -0.1840 0.8687
1 -0.1863 0.8658
1 -0.1886 0.8629
1 -0.1886 0.8629
1 -0.1908 0.8599
1 -0.1930 0.8569
1 -0.1951 0.8539
1 -0.1972 0.8508
1 -0.1993 0.8477
1 -0.2013 0.8446
1 -0.2032 0.8414
1 -0.2051 0.8382
1 -0.2070 0.8350
1 -0.2088 0.8317
1 -0.2105 0.8285
1 -0.2122 0.8252
1 -0.2138 0.8218
1 -0.2154 0.8185
1 -0.2170 0.8151
1 -0.2185 0.8117
1 -0.2199 0.8083
1 -0.2213 0.8048
1 -0.2226 0.8013
1 -0.2239 0.7978
1 -0.2251 0.7943
1 -0.2262 0.7908
1 -0.2273 0.7873
1 -0.2284 0.7837
1 -0.2294 0.7801
1 -0.2303 0.7765
1 -0.2312 0.7729
1 -0.2320 0.7693
1 -0.2328 0.7657
1 -0.2335 0.7620
1 -0.2341 0.7584
1 -0.2347 0.7547
1 -0.2353 0.7510
1 -0.2357 0.7473
1 -0.2362 0.7436
1 -0.2365 0.7399
1 -0.2368 0.7362
1 -0.2371 0.7325
1 -0.2373 0.7288
1 -0.2374 0.7251
1 -0.2375 0.7214
1 -0.2375 0.7177
1 -0.2375 0.7140
1 -0.2374 0.7103
1 -0.2372 0.7065
1 -0.2370 0.7028
1 -0.2367 0.6991
1 -0.2364 0.6954
1 -0.2360 0.6917
1 -0.2355 0.6881
1 -0.2350 0.6844
1 -0.2345 0.6807
1 -0.2339 0.6770
1 -0.2332 0.6734
1 -0.2324 0.6697
1 -0.2317 0.6661
1 -0.2308 0.6625
1 -0.2299 0.6589
1 -0.2289 0.6553
1 -0.2279 0.6517
1 -0.2269 0.6482
1 -0.2257 0.6446
1 -0.2245 0.6411
1 -0.2233 0.6376
1 -0.2220 0.6341
1 -0.2207 0.6307
1 -0.2193 0.6272
1 -0.2178 0.6238
1 -0.2163 0.6204
1 -0.2147 0.6171
1 -0.2131 0.6137
1 -0.2115 0.6104
1 -0.2098 0.6071
1 -0.2080 0.6038
1 -0.2062 0.6006
1 -0.2043 0.5974
1 -0.2024 0.5942
1 -0.2004 0.5910
1 -0.1984 0.5879
1 -0.1963 0.5848
1 -0.1942 0.5818
1 -0.1920 0.5788
1 -0.1898 0.5758
1 -0.1876 0.5728
1 -0.1853 0.5699
1 -0.1829 0.5670
1 -0.1805 0.5642
1 -0.1781 0.5614
1 -0.1756 0.5586
1 -0.1731 0.5559
1 -0.1705 0.5532
1 -0.1679 0.5506
1 -0.1653 0.5480
1 -0.1626 0.5454
1 -0.1599 0.5429
1 -0.1571 0.5404
1 -0.1543 0.5380
1 -0.1515 0.5356
1 -0.1486 0.5332
1 -0.1457 0.5309
1 -0.1427 0.5287
1 -0.1397 0.5265
1 -0.1367 0.5243
1 -0.1337 0.5222
1 -0.1306 0.5201
1 -0.1275 0.5181
1 -0.1243 0.5161
1 -0.1211 0.5142
1 -0.1179 0.5123
1 -0.1147 0.5105
1 -0.1114 0.5088
1 -0.1081 0.5070
1 -0.1048 0.5054
1 -0.1014 0.5038
1 -0.0981 0.5022
1 -0.0947 0.5007
1 -0.0913 0.4992
1 -0.0878 0.4978
1 -0.0844 0.4965
1 -0.0809 0.4952
1 -0.0774 0.4940
1 -0.0739 0.4928
1 -0.0703 0.4916
1 -0.0668 0.4906
1 -0.0632 0.4896
1 -0.0596 0.4886
1 -0.0560 0.4877
1 -0.0524 0.4868
1 -0.0488 0.4861
1 -0.0451 0.4853
1 -0.0415 0.4846
1 -0.0378 0.4840
1 -0.0341 0.4835
1 -0.0304 0.4830
1 -0.0268 0.4825
1 -0.0231 0.4821
1 -0.0194 0.4818
1 -0.0157 0.4815
1 -0.0120 0.4813
1 -0.0082 0.4811
1 -0.0045 0.4810
1 -0.0008 0.4810
1 0.0029 0.4810
1 0.0066 0.4811
1 0.0103 0.4812
1 0.0140 0.4814
1 0.0177 0.4817
1 0.0214 0.4820
1 0.0251 0.4823
1 0.0288 0.4828
1 0.0325 0.4832
1 0.0362 0.4838
1 0.0399 0.4844
1 0.0435 0.4850
1 0.0472 0.4857
1 0.0508 0.4865
1 0.0544 0.4873
1 0.0580 0.4882
1 0.0616 0.4891
1 0.0652 0.4901
1 0.0688 0.4912
1 0.0723 0.4923
1 0.0758 0.4934
1 0.0793 0.4946
1 0.0828 0.4959
1 0.0863 0.4972
1 0.0898 0.4986
1 0.0932 0.5000
1 0.0966 0.5015
1 0.1000 0.5031
1 0.1033 0.5047
1 0.1067 0.5063
1 0.1100 0.5080
1 0.1132 0.5097
1 0.1165 0.5115
1 0.1197 0.5134
1 0.1229 0.5153
1 0.1261 0.5172
1 0.1292 0.5192
1 0.1323 0.5213
1 0.1354 0.5234
1 0.1384 0.5255
1 0.1414 0.5277
1 0.1444 0.5299
1 0.1469 0.5319
1 0.1498 0.5342
1 0.1527 0.5366
1 0.1555 0.5390
1 0.1583 0.5415
1 0.1611 0.5440
1 0.1638 0.5465
1 0.1665 0.5491
1 0.1691 0.5517
1 0.1717 0.5544
1 0.1742 0.5571
1 0.1767 0.5598
1 0.1792 0.5626
1 0.1816 0.5654
1 0.1840 0.5683
1 0.1863 0.5712
1 0.1886 0.5741
112 1250 17
0 -0.0594 0.5429
1 -0.0838 0.5429
1 -0.0838 0.5673
1 -0.0960 0.5796
1 -0.0960 0.6284
1 -0.0838 0.6407
1 -0.0716 0.6896
1 0.0751 0.6896
1 0.0873 0.6407
1 0.0995 0.6284
1 0.0995 0.5796
1 0.0873 0.5673
1 0.0873 0.5429
1 0.0628 0.5429
1 0.0628 0.5673
1 -0.0594 0.5673
1 -0.0594 0.5429
112 1251 5
0 0.0744 0.6407
1 -0.0709 0.6407
1 -0.0629 0.6773
1 0.0664 0.6773
1 0.0744 0.6407
112 1250 99
0 0.1210 0.7388
1 0.1184 0.7691
1 0.1136 0.7678
1 0.1088 0.7666
1 0.1041 0.7655
1 0.0993 0.7644
1 0.0945 0.7634
1 0.0897 0.7624
1 0.0848 0.7614
1 0.0800 0.7605
1 0.0751 0.7597
1 0.0703 0.7589
1 0.0654 0.7582
1 0.0606 0.7575
1 0.0557 0.7569
1 0.0508 0.7564
1 0.0459 0.7558
1 0.0410 0.7554
1 0.0361 0.7550
1 0.0312 0.7546
1 0.0263 0.7543
1 0.0214 0.7541
1 0.0165 0.7539
1 0.0116 0.7538
1 0.0067 0.7537
1 0.0017 0.7537
1 -0.0032 0.7537
1 -0.0081 0.7538
1 -0.0130 0.7539
1 -0.0179 0.7541
1 -0.0228 0.7543
1 -0.0277 0.7546
1 -0.0326 0.7550
1 -0.0375 0.7554
1 -0.0424 0.7558
1 -0.0473 0.7564
1 -0.0522 0.7569
1 -0.0571 0.7575
1 -0.0620 0.7582
1 -0.0668 0.7589
1 -0.0717 0.7597
1 -0.0765 0.7605
1 -0.0814 0.7614
1 -0.0862 0.7624
1 -0.0910 0.7634
1 -0.0958 0.7644
1 -0.1006 0.7655
1 -0.1054 0.7666
1 -0.1101 0.7678
1 -0.1149 0.7691
1 -0.1175 0.7388
1 -0.1127 0.7376
1 -0.1078 0.7364
1 -0.1029 0.7353
1 -0.0980 0.7342
1 -0.0931 0.7332
1 -0.0881 0.7322
1 -0.0832 0.7313
1 -0.0783 0.7305
1 -0.0733 0.7296
1 -0.0683 0.7289
1 -0.0634 0.7282
1 -0.0584 0.7275
1 -0.0534 0.7269
1 -0.0484 0.7264
1 -0.0434 0.7259
1 -0.0384 0.7254
1 -0.0334 0.7250
1 -0.0284 0.7247
1 -0.0234 0.7244
1 -0.0184 0.7241
1 -0.0133 0.7240
1 -0.0083 0.7238
1 -0.0033 0.7237
1 0.0017 0.7237
1 0.0068 0.7237
1 0.0118 0.7238
1 0.0168 0.7240
1 0.0218 0.7241
1 0.0268 0.7244
1 0.0319 0.7247
1 0.0369 0.7250
1 0.0419 0.7254
1 0.0469 0.7259
1 0.0519 0.7264
1 0.0569 0.7269
1 0.0619 0.7275
1 0.0668 0.7282
1 0.0718 0.7289
1 0.0768 0.7296
1 0.0817 0.7305
1 0.0867 0.7313
1 0.0916 0.7322
1 0.0965 0.7332
1 0.1015 0.7342
1 0.1064 0.7353
1 0.1113 0.7364
1 0.1161 0.7376
1 0.1210 0.7388
112 1250 99
0 0.1135 0.8242
1 0.1090 0.8229
1 0.1045 0.8217
1 0.0999 0.8205
1 0.0953 0.8193
1 0.0907 0.8182
1 0.0861 0.8172
1 0.0815 0.8162
1 0.0769 0.8153
1 0.0722 0.8144
1 0.0676 0.8136
1 0.0629 0.8128
1 0.0582 0.8121
1 0.0535 0.8115
1 0.0489 0.8109
1 0.0442 0.8103
1 0.0395 0.8099
1 0.0348 0.8094
1 0.0301 0.8091
1 0.0253 0.8088
1 0.0206 0.8085
1 0.0159 0.8083
1 0.0112 0.8082
1 0.0065 0.8081
1 0.0017 0.8081
1 -0.0030 0.8081
1 -0.0077 0.8082
1 -0.0124 0.8083
1 -0.0172 0.8085
1 -0.0219 0.8088
1 -0.0266 0.8091
1 -0.0313 0.8094
1 -0.0360 0.8099
1 -0.0407 0.8103
1 -0.0454 0.8109
1 -0.0501 0.8115
1 -0.0547 0.8121
1 -0.0594 0.8128
1 -0.0641 0.8136
1 -0.0687 0.8144
1 -0.0734 0.8153
1 -0.0780 0.8162
1 -0.0826 0.8172
1 -0.0872 0.8182
1 -0.0918 0.8193
1 -0.0964 0.8205
1 -0.1010 0.8217
1 -0.1055 0.8229
1 -0.1101 0.8242
1 -0.1074 0.8547
1 -0.1030 0.8534
1 -0.0986 0.8521
1 -0.0941 0.8508
1 -0.0896 0.8497
1 -0.0852 0.8485
1 -0.0807 0.8474
1 -0.0762 0.8464
1 -0.0717 0.8455
1 -0.0671 0.8446
1 -0.0626 0.8437
1 -0.0580 0.8429
1 -0.0535 0.8422
1 -0.0489 0.8415
1 -0.0443 0.8409
1 -0.0397 0.8404
1 -0.0351 0.8399
1 -0.0306 0.8394
1 -0.0259 0.8391
1 -0.0213 0.8387
1 -0.0167 0.8385
1 -0.0121 0.8383
1 -0.0075 0.8381
1 -0.0029 0.8380
1 0.0017 0.8380
1 0.0064 0.8380
1 0.0110 0.8381
1 0.0156 0.8383
1 0.0202 0.8385
1 0.0248 0.8387
1 0.0294 0.8391
1 0.0340 0.8394
1 0.0386 0.8399
1 0.0432 0.8404
1 0.0478 0.8409
1 0.0524 0.8415
1 0.0569 0.8422
1 0.0615 0.8429
1 0.0661 0.8437
1 0.0706 0.8446
1 0.0751 0.8455
1 0.0796 0.8464
1 0.0841 0.8474
1 0.0886 0.8485
1 0.0931 0.8497
1 0.0976 0.8508
1 0.1020 0.8521
1 0.1065 0.8534
1 0.1109 0.8547
1 0.1135 0.8242
112 1250 105
0 0.1060 0.9105
1 0.1021 0.9091
1 0.0983 0.9078
1 0.0944 0.9066
1 0.0905 0.9054
1 0.0865 0.9042
1 0.0826 0.9031
1 0.0786 0.9021
1 0.0747 0.9011
1 0.0707 0.9002
1 0.0667 0.8993
1 0.0627 0.8984
1 0.0587 0.8977
1 0.0546 0.8969
1 0.0506 0.8963
1 0.0466 0.8957
1 0.0425 0.8951
1 0.0385 0.8946
1 0.0344 0.8941
1 0.0303 0.8937
1 0.0263 0.8934
1 0.0222 0.8931
1 0.0181 0.8928
1 0.0140 0.8926
1 0.0099 0.8925
1 0.0058 0.8924
1 0.0017 0.8924
1 -0.0024 0.8924
1 -0.0064 0.8925
1 -0.0105 0.8926
1 -0.0146 0.8928
1 -0.0187 0.8931
1 -0.0228 0.8934
1 -0.0269 0.8937
1 -0.0309 0.8941
1 -0.0350 0.8946
1 -0.0390 0.8951
1 -0.0431 0.8957
1 -0.0471 0.8963
1 -0.0512 0.8969
1 -0.0552 0.8977
1 -0.0592 0.8984
1 -0.0632 0.8993
1 -0.0672 0.9002
1 -0.0712 0.9011
1 -0.0752 0.9021
1 -0.0791 0.9031
1 -0.0831 0.9042
1 -0.0870 0.9054
1 -0.0909 0.9066
1 -0.0948 0.9078
1 -0.0987 0.9091
1 -0.1025 0.9105
1 -0.1005 0.9335
1 -0.0907 0.9380
1 -0.0870 0.9368
1 -0.0833 0.9356
1 -0.0795 0.9344
1 -0.0757 0.9333
1 -0.0720 0.9322
1 -0.0682 0.9312
1 -0.0644 0.9303
1 -0.0605 0.9294
1 -0.0567 0.9285
1 -0.0529 0.9277
1 -0.0490 0.9270
1 -0.0451 0.9263
1 -0.0413 0.9257
1 -0.0374 0.9251
1 -0.0335 0.9246
1 -0.0296 0.9241
1 -0.0257 0.9237
1 -0.0218 0.9233
1 -0.0179 0.9230
1 -0.0140 0.9228
1 -0.0100 0.9226
1 -0.0061 0.9224
1 -0.0022 0.9224
1 0.0017 0.9223
1 0.0057 0.9224
1 0.0096 0.9224
1 0.0135 0.9226
1 0.0174 0.9228
1 0.0213 0.9230
1 0.0253 0.9233
1 0.0292 0.9237
1 0.0331 0.9241
1 0.0370 0.9246
1 0.0409 0.9251
1 0.0447 0.9257
1 0.0486 0.9263
1 0.0525 0.9270
1 0.0563 0.9277
1 0.0602 0.9285
1 0.0640 0.9294
1 0.0678 0.9303
1 0.0716 0.9312
1 0.0754 0.9322
1 0.0792 0.9333
1 0.0830 0.9344
1 0.0867 0.9356
1 0.0905 0.9368
1 0.0942 0.9380
1 0.1040 0.9335
1 0.1060 0.9105
112 1250 57
0 -0.2335 0.3230
1 -0.2349 0.3259
1 -0.2360 0.3289
1 -0.2368 0.3321
1 -0.2374 0.3355
1 -0.2378 0.3391
1 -0.2378 0.3415
1 -0.2377 0.3452
1 -0.2373 0.3488
1 -0.2367 0.3521
1 -0.2357 0.3553
1 -0.2345 0.3582
1 -0.2331 0.3610
1 -0.2320 0.3626
1 -0.2297 0.3655
1 -0.2270 0.3680
1 -0.2240 0.3700
1 -0.2206 0.3715
1 -0.2169 0.3725
1 -0.2129 0.3732
1 -0.2093 0.3733
1 -0.2050 0.3731
1 -0.2010 0.3724
1 -0.1974 0.3712
1 -0.1940 0.3696
1 -0.1911 0.3675
1 -0.1884 0.3650
1 -0.1866 0.3626
1 -0.1850 0.3600
1 -0.1837 0.3572
1 -0.1826 0.3542
1 -0.1817 0.3509
1 -0.1812 0.3475
1 -0.1809 0.3439
1 -0.1808 0.3415
1 -0.1809 0.3377
1 -0.1814 0.3342
1 -0.1820 0.3308
1 -0.1829 0.3277
1 -0.1841 0.3247
1 -0.1855 0.3219
1 -0.1866 0.3202
1 -0.1889 0.3173
1 -0.1916 0.3149
1 -0.1945 0.3129
1 -0.1979 0.3113
1 -0.2016 0.3102
1 -0.2056 0.3096
1 -0.2093 0.3094
1 -0.2136 0.3097
1 -0.2175 0.3104
1 -0.2211 0.3116
1 -0.2244 0.3132
1 -0.2273 0.3153
1 -0.2300 0.3179
1 -0.2318 0.3204
1 -0.2335 0.3230
112 1251 41
0 -0.2009 0.3208
1 -0.1988 0.3225
1 -0.1970 0.3247
1 -0.1956 0.3274
1 -0.1945 0.3306
1 -0.1938 0.3343
1 -0.1933 0.3385
1 -0.1933 0.3415
1 -0.1935 0.3460
1 -0.1940 0.3500
1 -0.1948 0.3535
1 -0.1961 0.3565
1 -0.1976 0.3590
1 -0.1995 0.3611
1 -0.2017 0.3626
1 -0.2043 0.3637
1 -0.2072 0.3642
1 -0.2093 0.3643
1 -0.2125 0.3641
1 -0.2152 0.3633
1 -0.2177 0.3621
1 -0.2198 0.3604
1 -0.2215 0.3582
1 -0.2230 0.3555
1 -0.2241 0.3522
1 -0.2248 0.3486
1 -0.2252 0.3444
1 -0.2252 0.3415
1 -0.2251 0.3370
1 -0.2246 0.3330
1 -0.2237 0.3294
1 -0.2225 0.3264
1 -0.2210 0.3239
1 -0.2191 0.3219
1 -0.2168 0.3203
1 -0.2142 0.3193
1 -0.2113 0.3187
1 -0.2093 0.3186
1 -0.2062 0.3189
1 -0.2034 0.3196
1 -0.2009 0.3208
112 1250 57
0 -0.1177 0.3204
1 -0.1194 0.3230
1 -0.1208 0.3259
1 -0.1219 0.3289
1 -0.1228 0.3321
1 -0.1234 0.3355
1 -0.1237 0.3391
1 -0.1238 0.3415
1 -0.1236 0.3452
1 -0.1232 0.3488
1 -0.1226 0.3521
1 -0.1216 0.3553
1 -0.1205 0.3582
1 -0.1190 0.3610
1 -0.1180 0.3626
1 -0.1157 0.3655
1 -0.1130 0.3680
1 -0.1099 0.3700
1 -0.1066 0.3715
1 -0.1029 0.3725
1 -0.0988 0.3732
1 -0.0953 0.3733
1 -0.0909 0.3731
1 -0.0869 0.3724
1 -0.0833 0.3712
1 -0.0800 0.3696
1 -0.0770 0.3675
1 -0.0744 0.3650
1 -0.0725 0.3626
1 -0.0709 0.3600
1 -0.0696 0.3572
1 -0.0685 0.3542
1 -0.0677 0.3509
1 -0.0671 0.3475
1 -0.0668 0.3439
1 -0.0668 0.3415
1 -0.0669 0.3377
1 -0.0673 0.3342
1 -0.0679 0.3308
1 -0.0688 0.3277
1 -0.0700 0.3247
1 -0.0714 0.3219
1 -0.0725 0.3202
1 -0.0748 0.3173
1 -0.0775 0.3149
1 -0.0805 0.3129
1 -0.0838 0.3113
1 -0.0875 0.3102
1 -0.0916 0.3096
1 -0.0953 0.3094
1 -0.0995 0.3097
1 -0.1034 0.3104
1 -0.1070 0.3116
1 -0.1103 0.3132
1 -0.1133 0.3153
1 -0.1159 0.3179
1 -0.1177 0.3204
112 1251 41
0 -0.0921 0.3189
1 -0.0893 0.3196
1 -0.0868 0.3208
1 -0.0847 0.3225
1 -0.0829 0.3247
1 -0.0815 0.3274
1 -0.0805 0.3306
1 -0.0797 0.3343
1 -0.0793 0.3385
1 -0.0792 0.3415
1 -0.0794 0.3460
1 -0.0799 0.3500
1 -0.0808 0.3535
1 -0.0820 0.3565
1 -0.0835 0.3590
1 -0.0854 0.3611
1 -0.0877 0.3626
1 -0.0902 0.3637
1 -0.0932 0.3642
1 -0.0953 0.3643
1 -0.0984 0.3641
1 -0.1012 0.3633
1 -0.1036 0.3621
1 -0.1057 0.3604
1 -0.1075 0.3582
1 -0.1089 0.3555
1 -0.1100 0.3522
1 -0.1107 0.3486
1 -0.1111 0.3444
1 -0.1112 0.3415
1 -0.1110 0.3370
1 -0.1105 0.3330
1 -0.1096 0.3294
1 -0.1084 0.3264
1 -0.1069 0.3239
1 -0.1050 0.3219
1 -0.1028 0.3203
1 -0.1002 0.3193
1 -0.0973 0.3187
1 -0.0953 0.3186
1 -0.0921 0.3189
112 1250 9
0 0.2691 0.3245
1 0.2648 0.3103
1 0.2522 0.3103
1 0.2731 0.3726
1 0.2855 0.3726
1 0.3065 0.3103
1 0.2943 0.3103
1 0.2901 0.3245
1 0.2691 0.3245
112 1251 4
0 0.2795 0.3577
1 0.2716 0.3313
1 0.2875 0.3313
1 0.2795 0.3577
112 1250 57
0 -0.2218 0.2103
1 -0.2235 0.2130
1 -0.2248 0.2158
1 -0.2259 0.2188
1 -0.2268 0.2219
1 -0.2273 0.2253
1 -0.2276 0.2288
1 -0.2277 0.2312
1 -0.2276 0.2349
1 -0.2272 0.2384
1 -0.2265 0.2417
1 -0.2257 0.2448
1 -0.2245 0.2477
1 -0.2231 0.2504
1 -0.2221 0.2520
1 -0.2198 0.2549
1 -0.2171 0.2573
1 -0.2142 0.2592
1 -0.2109 0.2607
1 -0.2073 0.2618
1 -0.2033 0.2624
1 -0.1998 0.2625
1 -0.1956 0.2623
1 -0.1917 0.2616
1 -0.1882 0.2605
1 -0.1849 0.2589
1 -0.1820 0.2569
1 -0.1795 0.2543
1 -0.1776 0.2520
1 -0.1761 0.2494
1 -0.1747 0.2466
1 -0.1737 0.2437
1 -0.1729 0.2405
1 -0.1724 0.2371
1 -0.1721 0.2335
1 -0.1720 0.2312
1 -0.1721 0.2275
1 -0.1725 0.2240
1 -0.1731 0.2207
1 -0.1740 0.2176
1 -0.1752 0.2146
1 -0.1766 0.2119
1 -0.1776 0.2102
1 -0.1799 0.2073
1 -0.1825 0.2049
1 -0.1854 0.2030
1 -0.1887 0.2015
1 -0.1923 0.2004
1 -0.1962 0.1998
1 -0.1998 0.1996
1 -0.2040 0.1999
1 -0.2078 0.2005
1 -0.2114 0.2017
1 -0.2145 0.2033
1 -0.2174 0.2054
1 -0.2200 0.2080
1 -0.2218 0.2103
112 1251 41
0 -0.1968 0.2089
1 -0.1940 0.2096
1 -0.1916 0.2108
1 -0.1896 0.2125
1 -0.1878 0.2147
1 -0.1864 0.2173
1 -0.1854 0.2205
1 -0.1846 0.2241
1 -0.1843 0.2282
1 -0.1842 0.2312
1 -0.1843 0.2356
1 -0.1848 0.2395
1 -0.1857 0.2430
1 -0.1869 0.2460
1 -0.1884 0.2485
1 -0.1902 0.2505
1 -0.1924 0.2520
1 -0.1949 0.2530
1 -0.1978 0.2536
1 -0.1998 0.2537
1 -0.2029 0.2534
1 -0.2056 0.2527
1 -0.2080 0.2515
1 -0.2101 0.2498
1 -0.2118 0.2476
1 -0.2132 0.2449
1 -0.2142 0.2418
1 -0.2149 0.2381
1 -0.2153 0.2340
1 -0.2154 0.2312
1 -0.2152 0.2267
1 -0.2147 0.2228
1 -0.2139 0.2193
1 -0.2127 0.2163
1 -0.2112 0.2139
1 -0.2093 0.2118
1 -0.2072 0.2103
1 -0.2047 0.2093
1 -0.2018 0.2087
1 -0.1998 0.2086
1 -0.1968 0.2089
112 1250 90
0 -0.0110 0.2091
1 -0.0098 0.2118
1 -0.0091 0.2148
1 -0.0089 0.2181
1 -0.0091 0.2203
1 -0.0100 0.2233
1 -0.0117 0.2261
1 -0.0141 0.2287
1 -0.0172 0.2311
1 -0.0175 0.2312
1 -0.0191 0.2322
1 -0.0222 0.2338
1 -0.0267 0.2361
1 -0.0325 0.2390
1 -0.0345 0.2400
1 -0.0380 0.2424
1 -0.0402 0.2448
1 -0.0409 0.2472
1 -0.0409 0.2473
1 -0.0401 0.2505
1 -0.0379 0.2531
1 -0.0347 0.2547
1 -0.0306 0.2553
1 -0.0284 0.2551
1 -0.0248 0.2534
1 -0.0234 0.2519
1 -0.0219 0.2489
1 -0.0114 0.2489
1 -0.0115 0.2506
1 -0.0124 0.2536
1 -0.0142 0.2564
1 -0.0170 0.2588
1 -0.0188 0.2599
1 -0.0224 0.2615
1 -0.0263 0.2624
1 -0.0306 0.2627
1 -0.0310 0.2627
1 -0.0354 0.2624
1 -0.0395 0.2616
1 -0.0431 0.2603
1 -0.0463 0.2585
1 -0.0464 0.2584
1 -0.0491 0.2561
1 -0.0510 0.2535
1 -0.0522 0.2505
1 -0.0526 0.2471
1 -0.0524 0.2452
1 -0.0516 0.2422
1 -0.0499 0.2394
1 -0.0475 0.2369
1 -0.0444 0.2346
1 -0.0436 0.2342
1 -0.0399 0.2325
1 -0.0363 0.2308
1 -0.0327 0.2290
1 -0.0290 0.2273
1 -0.0260 0.2256
1 -0.0231 0.2233
1 -0.0213 0.2207
1 -0.0207 0.2180
1 -0.0209 0.2158
1 -0.0217 0.2126
1 -0.0234 0.2102
1 -0.0258 0.2084
1 -0.0290 0.2074
1 -0.0329 0.2070
1 -0.0343 0.2071
1 -0.0379 0.2082
1 -0.0412 0.2104
1 -0.0423 0.2115
1 -0.0444 0.2143
1 -0.0452 0.2172
1 -0.0558 0.2172
1 -0.0557 0.2154
1 -0.0549 0.2121
1 -0.0536 0.2091
1 -0.0518 0.2065
1 -0.0493 0.2043
1 -0.0464 0.2024
1 -0.0428 0.2009
1 -0.0391 0.2000
1 -0.0350 0.1996
1 -0.0320 0.1997
1 -0.0276 0.2000
1 -0.0237 0.2007
1 -0.0202 0.2018
1 -0.0172 0.2031
1 -0.0147 0.2048
1 -0.0126 0.2068
1 -0.0110 0.2091
112 1251 41
0 -0.2311 0.0990
1 -0.2334 0.0996
1 -0.2354 0.1006
1 -0.2371 0.1022
1 -0.2385 0.1042
1 -0.2397 0.1067
1 -0.2406 0.1097
1 -0.2413 0.1133
1 -0.2417 0.1173
1 -0.2418 0.1218
1 -0.2417 0.1247
1 -0.2414 0.1289
1 -0.2409 0.1326
1 -0.2401 0.1358
1 -0.2390 0.1385
1 -0.2376 0.1407
1 -0.2360 0.1424
1 -0.2341 0.1436
1 -0.2320 0.1444
1 -0.2296 0.1446
1 -0.2280 0.1445
1 -0.2257 0.1440
1 -0.2238 0.1429
1 -0.2221 0.1414
1 -0.2206 0.1393
1 -0.2194 0.1368
1 -0.2185 0.1338
1 -0.2178 0.1303
1 -0.2174 0.1263
1 -0.2173 0.1218
1 -0.2174 0.1188
1 -0.2176 0.1146
1 -0.2182 0.1109
1 -0.2191 0.1077
1 -0.2202 0.1051
1 -0.2215 0.1028
1 -0.2231 0.1011
1 -0.2250 0.0999
1 -0.2272 0.0992
1 -0.2296 0.0989
1 -0.2311 0.0990
112 1250 23
0 -0.1131 0.1199
1 -0.1152 0.1174
1 -0.1178 0.1158
1 -0.1209 0.1150
1 -0.1226 0.1149
1 -0.1372 0.1149
1 -0.1372 0.0906
1 -0.1461 0.0906
1 -0.1461 0.1529
1 -0.1226 0.1529
1 -0.1196 0.1525
1 -0.1168 0.1513
1 -0.1144 0.1493
1 -0.1124 0.1465
1 -0.1124 0.1465
1 -0.1110 0.1436
1 -0.1100 0.1406
1 -0.1094 0.1373
1 -0.1092 0.1340
1 -0.1094 0.1305
1 -0.1100 0.1272
1 -0.1109 0.1241
1 -0.1122 0.1213
112 1251 16
0 -0.1254 0.1234
1 -0.1225 0.1241
1 -0.1202 0.1264
1 -0.1198 0.1270
1 -0.1185 0.1300
1 -0.1180 0.1332
1 -0.1180 0.1336
1 -0.1183 0.1370
1 -0.1194 0.1400
1 -0.1198 0.1407
1 -0.1220 0.1434
1 -0.1246 0.1446
1 -0.1254 0.1446
1 -0.1372 0.1446
1 -0.1372 0.1234
1 -0.1254 0.1234
112 1250 9
0 0.1787 0.1048
1 0.1626 0.1048
1 0.1593 0.0906
1 0.1496 0.0906
1 0.1657 0.1529
1 0.1751 0.1529
1 0.1913 0.0906
1 0.1819 0.0906
1 0.1787 0.1048
112 1251 4
0 0.1645 0.1116
1 0.1767 0.1116
1 0.1706 0.1380
1 0.1645 0.1116
112 1250 57
0 0.2664 0.1007
1 0.2651 0.1033
1 0.2640 0.1062
1 0.2632 0.1092
1 0.2625 0.1124
1 0.2621 0.1158
1 0.2619 0.1194
1 0.2618 0.1218
1 0.2619 0.1255
1 0.2622 0.1291
1 0.2627 0.1324
1 0.2634 0.1356
1 0.2643 0.1385
1 0.2654 0.1413
1 0.2662 0.1429
1 0.2680 0.1458
1 0.2701 0.1483
1 0.2724 0.1503
1 0.2750 0.1518
1 0.2778 0.1529
1 0.2809 0.1535
1 0.2836 0.1536
1 0.2869 0.1534
1 0.2900 0.1527
1 0.2928 0.1515
1 0.2953 0.1499
1 0.2976 0.1479
1 0.2996 0.1453
1 0.3011 0.1429
1 0.3023 0.1403
1 0.3033 0.1375
1 0.3041 0.1345
1 0.3048 0.1312
1 0.3052 0.1278
1 0.3054 0.1242
1 0.3055 0.1218
1 0.3054 0.1180
1 0.3051 0.1145
1 0.3046 0.1111
1 0.3039 0.1080
1 0.3030 0.1050
1 0.3019 0.1023
1 0.3011 0.1005
1 0.2993 0.0977
1 0.2973 0.0952
1 0.2950 0.0932
1 0.2924 0.0916
1 0.2895 0.0906
1 0.2865 0.0899
1 0.2836 0.0897
1 0.2804 0.0900
1 0.2774 0.0907
1 0.2746 0.0919
1 0.2721 0.0935
1 0.2698 0.0956
1 0.2678 0.0982
1 0.2664 0.1007
112 1251 41
0 0.2861 0.0992
1 0.2882 0.0999
1 0.2901 0.1011
1 0.2917 0.1028
1 0.2931 0.1051
1 0.2942 0.1077
1 0.2950 0.1109
1 0.2956 0.1146
1 0.2959 0.1188
1 0.2959 0.1218
1 0.2958 0.1263
1 0.2954 0.1303
1 0.2947 0.1338
1 0.2938 0.1368
1 0.2926 0.1393
1 0.2912 0.1414
1 0.2895 0.1429
1 0.2875 0.1440
1 0.2852 0.1445
1 0.2836 0.1446
1 0.2812 0.1444
1 0.2791 0.1436
1 0.2772 0.1424
1 0.2756 0.1407
1 0.2743 0.1385
1 0.2732 0.1358
1 0.2724 0.1326
1 0.2718 0.1289
1 0.2715 0.1247
1 0.2714 0.1218
1 0.2716 0.1173
1 0.2719 0.1133
1 0.2726 0.1097
1 0.2735 0.1067
1 0.2747 0.1042
1 0.2762 0.1022
1 0.2779 0.1006
1 0.2799 0.0996
1 0.2821 0.0990
1 0.2836 0.0989
1 0.2861 0.0992
