SEcl_RR-8
3359 9 1 1 0 0 0 0 0 0 1 1
1.000
112 1462 461
0 0.3000 0.3000
1 0.3000 0.3041
1 0.2999 0.3082
1 0.2997 0.3123
1 0.2995 0.3164
1 0.2993 0.3204
1 0.2990 0.3246
1 0.2987 0.3286
1 0.2982 0.3327
1 0.2977 0.3368
1 0.2972 0.3409
1 0.2966 0.3449
1 0.2960 0.3490
1 0.2953 0.3530
1 0.2945 0.3570
1 0.2938 0.3611
1 0.2929 0.3651
1 0.2919 0.3690
1 0.2910 0.3731
1 0.2899 0.3770
1 0.2889 0.3809
1 0.2877 0.3849
1 0.2866 0.3888
1 0.2853 0.3927
1 0.2841 0.3966
1 0.2827 0.4005
1 0.2813 0.4044
1 0.2798 0.4082
1 0.2783 0.4119
1 0.2768 0.4158
1 0.2751 0.4195
1 0.2735 0.4233
1 0.2718 0.4270
1 0.2700 0.4307
1 0.2682 0.4344
1 0.2664 0.4380
1 0.2645 0.4416
1 0.2625 0.4452
1 0.2604 0.4488
1 0.2584 0.4524
1 0.2563 0.4559
1 0.2542 0.4594
1 0.2520 0.4628
1 0.2497 0.4663
1 0.2474 0.4696
1 0.2451 0.4730
1 0.2427 0.4764
1 0.2403 0.4796
1 0.2378 0.4829
1 0.2353 0.4861
1 0.2327 0.4893
1 0.2301 0.4925
1 0.2274 0.4956
1 0.2247 0.4987
1 0.2220 0.5018
1 0.2193 0.5048
1 0.2165 0.5077
1 0.2136 0.5107
1 0.2107 0.5136
1 0.2077 0.5165
1 0.2048 0.5193
1 0.2018 0.5220
1 0.1987 0.5247
1 0.1956 0.5274
1 0.1925 0.5301
1 0.1893 0.5327
1 0.1861 0.5353
1 0.1829 0.5378
1 0.1796 0.5403
1 0.1764 0.5427
1 0.1730 0.5451
1 0.1696 0.5474
1 0.1663 0.5497
1 0.1628 0.5520
1 0.1594 0.5542
1 0.1559 0.5563
1 0.1524 0.5584
1 0.1488 0.5604
1 0.1452 0.5625
1 0.1416 0.5645
1 0.1380 0.5664
1 0.1344 0.5682
1 0.1307 0.5700
1 0.1270 0.5718
1 0.1233 0.5735
1 0.1195 0.5751
1 0.1158 0.5768
1 0.1119 0.5783
1 0.1082 0.5798
1 0.1044 0.5813
1 0.1004 0.5827
1 0.0966 0.5841
1 0.0927 0.5853
1 0.0888 0.5866
1 0.0849 0.5877
1 0.0809 0.5889
1 0.0770 0.5899
1 0.0731 0.5910
1 0.0690 0.5919
1 0.0651 0.5929
1 0.0611 0.5938
1 0.0570 0.5945
1 0.0530 0.5953
1 0.0490 0.5960
1 0.0449 0.5966
1 0.0409 0.5972
1 0.0368 0.5977
1 0.0327 0.5982
1 0.0286 0.5987
1 0.0246 0.5990
1 0.0204 0.5993
1 0.0164 0.5995
1 0.0123 0.5997
1 0.0082 0.5999
1 0.0041 0.6000
1 0.0000 0.6000
1 -0.0041 0.6000
1 -0.0082 0.5999
1 -0.0123 0.5997
1 -0.0164 0.5995
1 -0.0204 0.5993
1 -0.0246 0.5990
1 -0.0286 0.5987
1 -0.0327 0.5982
1 -0.0368 0.5977
1 -0.0409 0.5972
1 -0.0449 0.5966
1 -0.0490 0.5960
1 -0.0530 0.5953
1 -0.0570 0.5945
1 -0.0611 0.5938
1 -0.0651 0.5929
1 -0.0690 0.5919
1 -0.0731 0.5910
1 -0.0770 0.5899
1 -0.0809 0.5889
1 -0.0849 0.5877
1 -0.0888 0.5866
1 -0.0927 0.5853
1 -0.0966 0.5841
1 -0.1005 0.5827
1 -0.1044 0.5813
1 -0.1082 0.5798
1 -0.1119 0.5783
1 -0.1158 0.5768
1 -0.1195 0.5751
1 -0.1233 0.5735
1 -0.1270 0.5718
1 -0.1307 0.5700
1 -0.1344 0.5682
1 -0.1380 0.5664
1 -0.1416 0.5645
1 -0.1452 0.5625
1 -0.1488 0.5604
1 -0.1524 0.5584
1 -0.1559 0.5563
1 -0.1594 0.5542
1 -0.1628 0.5520
1 -0.1663 0.5497
1 -0.1696 0.5474
1 -0.1730 0.5451
1 -0.1764 0.5427
1 -0.1796 0.5403
1 -0.1829 0.5378
1 -0.1861 0.5353
1 -0.1893 0.5327
1 -0.1925 0.5301
1 -0.1956 0.5274
1 -0.1987 0.5247
1 -0.2018 0.5220
1 -0.2048 0.5193
1 -0.2077 0.5165
1 -0.2107 0.5136
1 -0.2136 0.5107
1 -0.2165 0.5077
1 -0.2193 0.5048
1 -0.2220 0.5018
1 -0.2247 0.4987
1 -0.2274 0.4956
1 -0.2301 0.4925
1 -0.2327 0.4893
1 -0.2353 0.4861
1 -0.2378 0.4829
1 -0.2403 0.4796
1 -0.2427 0.4764
1 -0.2451 0.4730
1 -0.2474 0.4696
1 -0.2497 0.4663
1 -0.2520 0.4628
1 -0.2542 0.4594
1 -0.2563 0.4559
1 -0.2584 0.4524
1 -0.2604 0.4488
1 -0.2625 0.4452
1 -0.2645 0.4416
1 -0.2664 0.4380
1 -0.2682 0.4344
1 -0.2700 0.4307
1 -0.2718 0.4270
1 -0.2735 0.4233
1 -0.2751 0.4195
1 -0.2768 0.4158
1 -0.2783 0.4119
1 -0.2798 0.4082
1 -0.2813 0.4044
1 -0.2827 0.4005
1 -0.2841 0.3966
1 -0.2853 0.3927
1 -0.2866 0.3888
1 -0.2877 0.3849
1 -0.2889 0.3809
1 -0.2899 0.3770
1 -0.2910 0.3731
1 -0.2919 0.3690
1 -0.2929 0.3651
1 -0.2938 0.3611
1 -0.2945 0.3570
1 -0.2953 0.3530
1 -0.2960 0.3490
1 -0.2966 0.3449
1 -0.2972 0.3409
1 -0.2977 0.3368
1 -0.2982 0.3327
1 -0.2987 0.3286
1 -0.2990 0.3246
1 -0.2993 0.3204
1 -0.2995 0.3164
1 -0.2997 0.3123
1 -0.2999 0.3082
1 -0.3000 0.3041
1 -0.3000 0.3000
1 -0.3000 0.2959
1 -0.2999 0.2918
1 -0.2997 0.2877
1 -0.2995 0.2836
1 -0.2993 0.2796
1 -0.2990 0.2754
1 -0.2987 0.2714
1 -0.2982 0.2673
1 -0.2977 0.2632
1 -0.2972 0.2591
1 -0.2966 0.2551
1 -0.2960 0.2510
1 -0.2953 0.2470
1 -0.2945 0.2430
1 -0.2938 0.2389
1 -0.2929 0.2349
1 -0.2919 0.2310
1 -0.2910 0.2269
1 -0.2899 0.2230
1 -0.2889 0.2191
1 -0.2877 0.2151
1 -0.2866 0.2112
1 -0.2853 0.2073
1 -0.2841 0.2034
1 -0.2827 0.1996
1 -0.2813 0.1956
1 -0.2798 0.1918
1 -0.2783 0.1881
1 -0.2768 0.1842
1 -0.2751 0.1805
1 -0.2735 0.1767
1 -0.2718 0.1730
1 -0.2700 0.1693
1 -0.2682 0.1656
1 -0.2664 0.1620
1 -0.2645 0.1584
1 -0.2625 0.1548
1 -0.2604 0.1512
1 -0.2584 0.1476
1 -0.2563 0.1441
1 -0.2542 0.1406
1 -0.2520 0.1372
1 -0.2497 0.1337
1 -0.2474 0.1304
1 -0.2451 0.1270
1 -0.2427 0.1236
1 -0.2403 0.1204
1 -0.2378 0.1171
1 -0.2353 0.1139
1 -0.2327 0.1107
1 -0.2301 0.1075
1 -0.2274 0.1044
1 -0.2247 0.1013
1 -0.2220 0.0982
1 -0.2193 0.0952
1 -0.2165 0.0923
1 -0.2136 0.0893
1 -0.2107 0.0864
1 -0.2077 0.0835
1 -0.2048 0.0807
1 -0.2018 0.0780
1 -0.1987 0.0753
1 -0.1956 0.0726
1 -0.1925 0.0699
1 -0.1893 0.0673
1 -0.1861 0.0647
1 -0.1829 0.0622
1 -0.1796 0.0597
1 -0.1764 0.0573
1 -0.1730 0.0549
1 -0.1696 0.0526
1 -0.1663 0.0503
1 -0.1628 0.0480
1 -0.1594 0.0458
1 -0.1559 0.0437
1 -0.1524 0.0416
1 -0.1488 0.0396
1 -0.1452 0.0375
1 -0.1416 0.0355
1 -0.1380 0.0336
1 -0.1344 0.0318
1 -0.1307 0.0300
1 -0.1270 0.0282
1 -0.1233 0.0265
1 -0.1195 0.0249
1 -0.1158 0.0232
1 -0.1119 0.0217
1 -0.1082 0.0202
1 -0.1044 0.0187
1 -0.1005 0.0173
1 -0.0966 0.0159
1 -0.0927 0.0147
1 -0.0888 0.0134
1 -0.0849 0.0123
1 -0.0809 0.0111
1 -0.0770 0.0101
1 -0.0731 0.0090
1 -0.0690 0.0081
1 -0.0651 0.0071
1 -0.0611 0.0062
1 -0.0570 0.0055
1 -0.0530 0.0047
1 -0.0490 0.0040
1 -0.0449 0.0034
1 -0.0409 0.0028
1 -0.0368 0.0023
1 -0.0327 0.0018
1 -0.0286 0.0013
1 -0.0246 0.0010
1 -0.0204 0.0007
1 -0.0164 0.0005
1 -0.0123 0.0003
1 -0.0082 0.0001
1 -0.0041 0.0000
1 0.0000 0.0000
1 0.0041 0.0000
1 0.0082 0.0001
1 0.0123 0.0003
1 0.0164 0.0005
1 0.0204 0.0007
1 0.0246 0.0010
1 0.0286 0.0013
1 0.0327 0.0018
1 0.0368 0.0023
1 0.0409 0.0028
1 0.0449 0.0034
1 0.0490 0.0040
1 0.0530 0.0047
1 0.0570 0.0055
1 0.0611 0.0062
1 0.0651 0.0071
1 0.0690 0.0081
1 0.0731 0.0090
1 0.0770 0.0101
1 0.0809 0.0111
1 0.0849 0.0123
1 0.0888 0.0134
1 0.0927 0.0147
1 0.0966 0.0159
1 0.1004 0.0173
1 0.1044 0.0187
1 0.1082 0.0202
1 0.1119 0.0217
1 0.1158 0.0232
1 0.1195 0.0249
1 0.1233 0.0265
1 0.1270 0.0282
1 0.1307 0.0300
1 0.1344 0.0318
1 0.1380 0.0336
1 0.1416 0.0355
1 0.1452 0.0375
1 0.1488 0.0396
1 0.1524 0.0416
1 0.1559 0.0437
1 0.1594 0.0458
1 0.1628 0.0480
1 0.1663 0.0503
1 0.1696 0.0526
1 0.1730 0.0549
1 0.1764 0.0573
1 0.1796 0.0597
1 0.1829 0.0622
1 0.1861 0.0647
1 0.1893 0.0673
1 0.1925 0.0699
1 0.1956 0.0726
1 0.1987 0.0753
1 0.2018 0.0780
1 0.2048 0.0807
1 0.2077 0.0835
1 0.2107 0.0864
1 0.2136 0.0893
1 0.2165 0.0923
1 0.2193 0.0952
1 0.2220 0.0982
1 0.2247 0.1013
1 0.2274 0.1044
1 0.2301 0.1075
1 0.2327 0.1107
1 0.2353 0.1139
1 0.2378 0.1171
1 0.2403 0.1204
1 0.2427 0.1236
1 0.2451 0.1270
1 0.2474 0.1304
1 0.2497 0.1337
1 0.2520 0.1372
1 0.2542 0.1406
1 0.2563 0.1441
1 0.2584 0.1476
1 0.2604 0.1512
1 0.2625 0.1548
1 0.2645 0.1584
1 0.2664 0.1620
1 0.2682 0.1656
1 0.2700 0.1693
1 0.2718 0.1730
1 0.2735 0.1767
1 0.2751 0.1805
1 0.2768 0.1842
1 0.2783 0.1881
1 0.2798 0.1918
1 0.2813 0.1956
1 0.2827 0.1996
1 0.2841 0.2034
1 0.2853 0.2073
1 0.2866 0.2112
1 0.2877 0.2151
1 0.2889 0.2191
1 0.2899 0.2230
1 0.2910 0.2269
1 0.2919 0.2310
1 0.2929 0.2349
1 0.2938 0.2389
1 0.2945 0.2430
1 0.2953 0.2470
1 0.2960 0.2510
1 0.2966 0.2551
1 0.2972 0.2591
1 0.2977 0.2632
1 0.2982 0.2673
1 0.2987 0.2714
1 0.2990 0.2754
1 0.2993 0.2796
1 0.2995 0.2836
1 0.2997 0.2877
1 0.2999 0.2918
1 0.3000 0.2959
1 0.3000 0.3000
112 1251 404
0 0.1811 0.1614
1 0.1832 0.1643
1 0.1853 0.1671
1 0.1873 0.1700
1 0.1893 0.1730
1 0.1913 0.1760
1 0.1932 0.1789
1 0.1951 0.1820
1 0.1969 0.1851
1 0.1987 0.1882
1 0.2004 0.1913
1 0.2021 0.1944
1 0.2037 0.1976
1 0.2052 0.2008
1 0.2068 0.2040
1 0.2083 0.2073
1 0.2098 0.2105
1 0.2111 0.2138
1 0.2124 0.2172
1 0.2137 0.2205
1 0.2149 0.2239
1 0.2161 0.2272
1 0.2172 0.2306
1 0.2182 0.2340
1 0.2193 0.2374
1 0.2202 0.2409
1 0.2211 0.2443
1 0.2220 0.2478
1 0.2227 0.2512
1 0.2235 0.2547
1 0.2242 0.2582
1 0.2247 0.2617
1 0.2253 0.2652
1 0.2259 0.2688
1 0.2263 0.2724
1 0.2268 0.2759
1 0.2270 0.2795
1 0.2273 0.2830
1 0.2276 0.2866
1 0.2278 0.2901
1 0.2279 0.2937
1 0.2280 0.2972
1 0.2280 0.3008
1 0.2280 0.3043
1 0.2279 0.3079
1 0.2277 0.3115
1 0.2275 0.3151
1 0.2272 0.3186
1 0.2269 0.3222
1 0.2266 0.3257
1 0.2261 0.3292
1 0.2256 0.3327
1 0.2251 0.3363
1 0.2245 0.3398
1 0.2239 0.3433
1 0.2231 0.3468
1 0.2224 0.3503
1 0.2216 0.3538
1 0.2207 0.3572
1 0.2197 0.3607
1 0.2188 0.3641
1 0.2178 0.3675
1 0.2167 0.3709
1 0.2155 0.3743
1 0.2144 0.3777
1 0.2131 0.3810
1 0.2119 0.3843
1 0.2105 0.3876
1 0.2091 0.3909
1 0.2076 0.3942
1 0.2061 0.3973
1 0.2046 0.4006
1 0.2030 0.4038
1 0.2013 0.4069
1 0.1997 0.4101
1 0.1980 0.4132
1 0.1961 0.4163
1 0.1943 0.4193
1 0.1924 0.4224
1 0.1905 0.4254
1 0.1884 0.4284
1 0.1864 0.4312
1 0.1843 0.4341
1 0.1822 0.4370
1 0.1801 0.4399
1 0.1779 0.4427
1 0.1756 0.4454
1 0.1733 0.4481
1 0.1710 0.4508
1 0.1686 0.4535
1 0.1662 0.4561
1 0.1637 0.4587
1 0.1612 0.4612
1 0.1587 0.4637
1 0.1561 0.4662
1 0.1535 0.4686
1 0.1508 0.4710
1 0.1481 0.4733
1 0.1454 0.4756
1 0.1427 0.4779
1 0.1399 0.4801
1 0.1370 0.4822
1 0.1341 0.4843
1 0.1312 0.4864
1 0.1284 0.4884
1 0.1254 0.4905
1 0.1224 0.4924
1 0.1193 0.4943
1 0.1163 0.4961
1 0.1132 0.4980
1 0.1101 0.4997
1 0.1069 0.5013
1 0.1038 0.5030
1 0.1006 0.5046
1 0.0973 0.5061
1 0.0942 0.5076
1 0.0909 0.5091
1 0.0876 0.5105
1 0.0843 0.5119
1 0.0810 0.5131
1 0.0777 0.5144
1 0.0743 0.5155
1 0.0709 0.5167
1 0.0675 0.5178
1 0.0641 0.5188
1 0.0607 0.5197
1 0.0572 0.5207
1 0.0538 0.5216
1 0.0503 0.5224
1 0.0468 0.5231
1 0.0433 0.5239
1 0.0398 0.5245
1 0.0363 0.5251
1 0.0327 0.5256
1 0.0292 0.5261
1 0.0257 0.5266
1 0.0222 0.5269
1 0.0186 0.5272
1 0.0151 0.5275
1 0.0115 0.5277
1 0.0079 0.5279
1 0.0043 0.5280
1 0.0008 0.5280
1 -0.0028 0.5280
1 -0.0063 0.5279
1 -0.0099 0.5278
1 -0.0134 0.5276
1 -0.0170 0.5273
1 -0.0205 0.5270
1 -0.0241 0.5268
1 -0.0276 0.5263
1 -0.0312 0.5259
1 -0.0348 0.5253
1 -0.0383 0.5247
1 -0.0418 0.5242
1 -0.0453 0.5235
1 -0.0488 0.5227
1 -0.0522 0.5220
1 -0.0557 0.5211
1 -0.0591 0.5202
1 -0.0626 0.5193
1 -0.0660 0.5182
1 -0.0694 0.5172
1 -0.0728 0.5161
1 -0.0761 0.5149
1 -0.0795 0.5137
1 -0.0828 0.5124
1 -0.0862 0.5111
1 -0.0895 0.5098
1 -0.0927 0.5083
1 -0.0960 0.5068
1 -0.0992 0.5052
1 -0.1024 0.5037
1 -0.1056 0.5021
1 -0.1087 0.5004
1 -0.1118 0.4987
1 -0.1149 0.4969
1 -0.1180 0.4951
1 -0.1211 0.4932
1 -0.1240 0.4913
1 -0.1270 0.4893
1 -0.1300 0.4873
1 -0.1329 0.4853
1 -0.1357 0.4832
1 -0.1386 0.4811
1 -0.1386 0.4811
1 -0.1410 0.4791
1 -0.1438 0.4769
1 -0.1466 0.4746
1 -0.1493 0.4723
1 -0.1520 0.4699
1 -0.1547 0.4675
1 -0.1572 0.4651
1 -0.1598 0.4626
1 -0.1623 0.4601
1 -0.1648 0.4575
1 -0.1672 0.4549
1 -0.1696 0.4524
1 -0.1720 0.4497
1 -0.1743 0.4470
1 -0.1766 0.4442
1 -0.1788 0.4414
1 -0.1811 0.4386
1 -0.1811 0.4386
1 -0.1832 0.4357
1 -0.1853 0.4329
1 -0.1873 0.4300
1 -0.1893 0.4270
1 -0.1913 0.4240
1 -0.1932 0.4211
1 -0.1951 0.4180
1 -0.1969 0.4149
1 -0.1987 0.4118
1 -0.2004 0.4087
1 -0.2021 0.4056
1 -0.2037 0.4024
1 -0.2052 0.3992
1 -0.2068 0.3960
1 -0.2083 0.3927
1 -0.2098 0.3895
1 -0.2111 0.3862
1 -0.2124 0.3828
1 -0.2137 0.3795
1 -0.2149 0.3761
1 -0.2161 0.3728
1 -0.2172 0.3694
1 -0.2182 0.3660
1 -0.2193 0.3626
1 -0.2202 0.3591
1 -0.2211 0.3557
1 -0.2220 0.3522
1 -0.2227 0.3488
1 -0.2235 0.3453
1 -0.2242 0.3418
1 -0.2247 0.3383
1 -0.2253 0.3348
1 -0.2259 0.3312
1 -0.2263 0.3276
1 -0.2268 0.3241
1 -0.2270 0.3205
1 -0.2273 0.3170
1 -0.2276 0.3134
1 -0.2278 0.3099
1 -0.2279 0.3063
1 -0.2280 0.3028
1 -0.2280 0.2992
1 -0.2280 0.2957
1 -0.2279 0.2921
1 -0.2277 0.2885
1 -0.2275 0.2849
1 -0.2272 0.2814
1 -0.2269 0.2778
1 -0.2266 0.2743
1 -0.2261 0.2708
1 -0.2256 0.2673
1 -0.2251 0.2637
1 -0.2245 0.2602
1 -0.2239 0.2567
1 -0.2231 0.2532
1 -0.2224 0.2497
1 -0.2216 0.2462
1 -0.2207 0.2428
1 -0.2197 0.2393
1 -0.2188 0.2359
1 -0.2178 0.2325
1 -0.2167 0.2291
1 -0.2155 0.2257
1 -0.2144 0.2223
1 -0.2131 0.2190
1 -0.2119 0.2157
1 -0.2105 0.2124
1 -0.2091 0.2091
1 -0.2076 0.2058
1 -0.2061 0.2027
1 -0.2046 0.1994
1 -0.2030 0.1962
1 -0.2014 0.1931
1 -0.1997 0.1899
1 -0.1980 0.1868
1 -0.1961 0.1837
1 -0.1943 0.1807
1 -0.1924 0.1776
1 -0.1905 0.1746
1 -0.1884 0.1716
1 -0.1864 0.1688
1 -0.1843 0.1659
1 -0.1822 0.1630
1 -0.1801 0.1601
1 -0.1779 0.1573
1 -0.1756 0.1546
1 -0.1733 0.1519
1 -0.1710 0.1492
1 -0.1686 0.1465
1 -0.1662 0.1439
1 -0.1637 0.1413
1 -0.1612 0.1388
1 -0.1587 0.1363
1 -0.1561 0.1338
1 -0.1535 0.1314
1 -0.1508 0.1290
1 -0.1481 0.1267
1 -0.1454 0.1244
1 -0.1427 0.1221
1 -0.1399 0.1199
1 -0.1370 0.1178
1 -0.1341 0.1157
1 -0.1312 0.1136
1 -0.1284 0.1116
1 -0.1254 0.1095
1 -0.1224 0.1076
1 -0.1193 0.1057
1 -0.1163 0.1039
1 -0.1132 0.1020
1 -0.1101 0.1003
1 -0.1069 0.0987
1 -0.1038 0.0970
1 -0.1006 0.0954
1 -0.0973 0.0939
1 -0.0942 0.0924
1 -0.0909 0.0909
1 -0.0876 0.0895
1 -0.0843 0.0881
1 -0.0810 0.0869
1 -0.0777 0.0856
1 -0.0743 0.0845
1 -0.0709 0.0833
1 -0.0675 0.0822
1 -0.0641 0.0812
1 -0.0607 0.0803
1 -0.0572 0.0793
1 -0.0538 0.0784
1 -0.0503 0.0776
1 -0.0468 0.0769
1 -0.0433 0.0761
1 -0.0398 0.0755
1 -0.0363 0.0749
1 -0.0327 0.0744
1 -0.0292 0.0739
1 -0.0257 0.0734
1 -0.0222 0.0731
1 -0.0186 0.0728
1 -0.0151 0.0725
1 -0.0115 0.0723
1 -0.0079 0.0721
1 -0.0043 0.0720
1 -0.0008 0.0720
1 0.0028 0.0720
1 0.0063 0.0721
1 0.0099 0.0722
1 0.0134 0.0724
1 0.0170 0.0727
1 0.0205 0.0730
1 0.0241 0.0732
1 0.0276 0.0737
1 0.0312 0.0741
1 0.0348 0.0747
1 0.0383 0.0753
1 0.0418 0.0758
1 0.0453 0.0765
1 0.0488 0.0773
1 0.0522 0.0780
1 0.0557 0.0789
1 0.0591 0.0798
1 0.0626 0.0807
1 0.0660 0.0818
1 0.0694 0.0828
1 0.0728 0.0839
1 0.0761 0.0851
1 0.0795 0.0863
1 0.0828 0.0876
1 0.0862 0.0889
1 0.0895 0.0902
1 0.0927 0.0917
1 0.0960 0.0932
1 0.0992 0.0948
1 0.1024 0.0963
1 0.1056 0.0979
1 0.1087 0.0996
1 0.1118 0.1013
1 0.1149 0.1031
1 0.1180 0.1049
1 0.1211 0.1068
1 0.1240 0.1087
1 0.1270 0.1107
1 0.1300 0.1127
1 0.1329 0.1147
1 0.1357 0.1168
1 0.1386 0.1189
1 0.1410 0.1209
1 0.1438 0.1231
1 0.1466 0.1254
1 0.1493 0.1277
1 0.1520 0.1301
1 0.1547 0.1325
1 0.1572 0.1349
1 0.1598 0.1374
1 0.1623 0.1399
1 0.1648 0.1425
1 0.1672 0.1451
1 0.1696 0.1476
1 0.1720 0.1503
1 0.1743 0.1530
1 0.1766 0.1558
1 0.1788 0.1586
112 1250 8
0 0.1190 0.2185
1 0.1618 0.1758
1 0.1190 0.1330
1 0.1190 0.1697
1 0.1068 0.1697
1 0.1068 0.1819
1 0.1190 0.1819
1 0.1190 0.2185
112 1250 8
0 -0.1038 0.1819
1 -0.0915 0.1819
1 -0.0915 0.1697
1 -0.1038 0.1697
1 -0.1038 0.1330
1 -0.1465 0.1758
1 -0.1038 0.2185
1 -0.1038 0.1819
112 1250 141
0 -0.0682 0.2955
1 -0.0682 0.2968
1 -0.0683 0.2981
1 -0.0684 0.2993
1 -0.0686 0.3006
1 -0.0689 0.3018
1 -0.0692 0.3030
1 -0.0695 0.3042
1 -0.0700 0.3054
1 -0.0704 0.3066
1 -0.0710 0.3077
1 -0.0715 0.3089
1 -0.0722 0.3100
1 -0.0728 0.3110
1 -0.0735 0.3121
1 -0.0743 0.3131
1 -0.0751 0.3140
1 -0.0760 0.3150
1 -0.0769 0.3159
1 -0.0778 0.3167
1 -0.0788 0.3175
1 -0.0798 0.3183
1 -0.0808 0.3190
1 -0.0819 0.3197
1 -0.0830 0.3203
1 -0.0841 0.3209
1 -0.0852 0.3214
1 -0.0864 0.3219
1 -0.0876 0.3223
1 -0.0888 0.3226
1 -0.0900 0.3230
1 -0.0913 0.3232
1 -0.0925 0.3234
1 -0.0938 0.3235
1 -0.0950 0.3236
1 -0.0963 0.3237
1 -0.0975 0.3236
1 -0.0988 0.3235
1 -0.1001 0.3234
1 -0.1013 0.3232
1 -0.1025 0.3230
1 -0.1038 0.3226
1 -0.1050 0.3223
1 -0.1062 0.3219
1 -0.1073 0.3214
1 -0.1085 0.3209
1 -0.1096 0.3203
1 -0.1107 0.3197
1 -0.1118 0.3190
1 -0.1128 0.3183
1 -0.1138 0.3175
1 -0.1148 0.3167
1 -0.1157 0.3159
1 -0.1166 0.3150
1 -0.1175 0.3140
1 -0.1183 0.3131
1 -0.1190 0.3121
1 -0.1197 0.3110
1 -0.1204 0.3100
1 -0.1210 0.3089
1 -0.1216 0.3077
1 -0.1221 0.3066
1 -0.1226 0.3054
1 -0.1230 0.3042
1 -0.1234 0.3030
1 -0.1237 0.3018
1 -0.1239 0.3006
1 -0.1241 0.2993
1 -0.1243 0.2981
1 -0.1244 0.2968
1 -0.1244 0.2955
1 -0.1244 0.2943
1 -0.1243 0.2930
1 -0.1241 0.2918
1 -0.1239 0.2905
1 -0.1237 0.2893
1 -0.1234 0.2881
1 -0.1230 0.2869
1 -0.1226 0.2857
1 -0.1221 0.2845
1 -0.1216 0.2833
1 -0.1210 0.2822
1 -0.1204 0.2811
1 -0.1197 0.2801
1 -0.1190 0.2790
1 -0.1183 0.2780
1 -0.1175 0.2770
1 -0.1166 0.2761
1 -0.1157 0.2752
1 -0.1148 0.2744
1 -0.1138 0.2736
1 -0.1128 0.2728
1 -0.1118 0.2721
1 -0.1107 0.2714
1 -0.1096 0.2708
1 -0.1085 0.2702
1 -0.1073 0.2697
1 -0.1062 0.2692
1 -0.1050 0.2688
1 -0.1038 0.2684
1 -0.1025 0.2681
1 -0.1013 0.2679
1 -0.1001 0.2677
1 -0.0988 0.2675
1 -0.0975 0.2675
1 -0.0963 0.2674
1 -0.0950 0.2675
1 -0.0938 0.2675
1 -0.0925 0.2677
1 -0.0913 0.2679
1 -0.0900 0.2681
1 -0.0888 0.2684
1 -0.0876 0.2688
1 -0.0864 0.2692
1 -0.0852 0.2697
1 -0.0841 0.2702
1 -0.0830 0.2708
1 -0.0819 0.2714
1 -0.0808 0.2721
1 -0.0798 0.2728
1 -0.0788 0.2736
1 -0.0778 0.2744
1 -0.0769 0.2752
1 -0.0760 0.2761
1 -0.0751 0.2770
1 -0.0743 0.2780
1 -0.0735 0.2790
1 -0.0728 0.2801
1 -0.0722 0.2811
1 -0.0715 0.2822
1 -0.0710 0.2833
1 -0.0704 0.2845
1 -0.0700 0.2857
1 -0.0695 0.2869
1 -0.0692 0.2881
1 -0.0689 0.2893
1 -0.0686 0.2905
1 -0.0684 0.2918
1 -0.0683 0.2930
1 -0.0682 0.2943
1 -0.0682 0.2955
112 1250 141
0 0.1665 0.2955
1 0.1665 0.2968
1 0.1664 0.2981
1 0.1662 0.2993
1 0.1660 0.3006
1 0.1658 0.3018
1 0.1655 0.3030
1 0.1651 0.3042
1 0.1647 0.3054
1 0.1642 0.3066
1 0.1637 0.3077
1 0.1631 0.3089
1 0.1625 0.3100
1 0.1618 0.3110
1 0.1611 0.3121
1 0.1604 0.3131
1 0.1596 0.3140
1 0.1587 0.3150
1 0.1578 0.3159
1 0.1569 0.3167
1 0.1559 0.3175
1 0.1549 0.3183
1 0.1539 0.3190
1 0.1528 0.3197
1 0.1517 0.3203
1 0.1506 0.3209
1 0.1494 0.3214
1 0.1483 0.3219
1 0.1471 0.3223
1 0.1459 0.3226
1 0.1446 0.3230
1 0.1434 0.3232
1 0.1422 0.3234
1 0.1409 0.3235
1 0.1396 0.3236
1 0.1384 0.3237
1 0.1371 0.3236
1 0.1359 0.3235
1 0.1346 0.3234
1 0.1334 0.3232
1 0.1321 0.3230
1 0.1309 0.3226
1 0.1297 0.3223
1 0.1285 0.3219
1 0.1273 0.3214
1 0.1262 0.3209
1 0.1251 0.3203
1 0.1240 0.3197
1 0.1229 0.3190
1 0.1219 0.3183
1 0.1209 0.3175
1 0.1199 0.3167
1 0.1190 0.3159
1 0.1181 0.3150
1 0.1172 0.3140
1 0.1164 0.3131
1 0.1156 0.3121
1 0.1149 0.3110
1 0.1143 0.3100
1 0.1136 0.3089
1 0.1131 0.3077
1 0.1125 0.3066
1 0.1121 0.3054
1 0.1117 0.3042
1 0.1113 0.3030
1 0.1110 0.3018
1 0.1107 0.3006
1 0.1105 0.2993
1 0.1104 0.2981
1 0.1103 0.2968
1 0.1103 0.2955
1 0.1103 0.2943
1 0.1104 0.2930
1 0.1105 0.2918
1 0.1107 0.2905
1 0.1110 0.2893
1 0.1113 0.2881
1 0.1117 0.2869
1 0.1121 0.2857
1 0.1125 0.2845
1 0.1131 0.2833
1 0.1136 0.2822
1 0.1143 0.2811
1 0.1149 0.2801
1 0.1156 0.2790
1 0.1164 0.2780
1 0.1172 0.2770
1 0.1181 0.2761
1 0.1190 0.2752
1 0.1199 0.2744
1 0.1209 0.2736
1 0.1219 0.2728
1 0.1229 0.2721
1 0.1240 0.2714
1 0.1251 0.2708
1 0.1262 0.2702
1 0.1273 0.2697
1 0.1285 0.2692
1 0.1297 0.2688
1 0.1309 0.2684
1 0.1321 0.2681
1 0.1334 0.2679
1 0.1346 0.2677
1 0.1359 0.2675
1 0.1371 0.2675
1 0.1384 0.2674
1 0.1396 0.2675
1 0.1409 0.2675
1 0.1422 0.2677
1 0.1434 0.2679
1 0.1446 0.2681
1 0.1459 0.2684
1 0.1471 0.2688
1 0.1483 0.2692
1 0.1494 0.2697
1 0.1506 0.2702
1 0.1517 0.2708
1 0.1528 0.2714
1 0.1539 0.2721
1 0.1549 0.2728
1 0.1559 0.2736
1 0.1569 0.2744
1 0.1578 0.2752
1 0.1587 0.2761
1 0.1596 0.2770
1 0.1604 0.2780
1 0.1611 0.2790
1 0.1618 0.2801
1 0.1625 0.2811
1 0.1631 0.2822
1 0.1637 0.2833
1 0.1642 0.2845
1 0.1647 0.2857
1 0.1651 0.2869
1 0.1655 0.2881
1 0.1658 0.2893
1 0.1660 0.2905
1 0.1662 0.2918
1 0.1664 0.2930
1 0.1665 0.2943
1 0.1665 0.2955
112 1250 165
0 -0.1562 0.2955
1 -0.1562 0.4398
1 0.0651 0.4398
1 0.0651 0.4055
1 0.1158 0.4055
1 0.1298 0.3554
1 0.1806 0.3554
1 0.1806 0.3102
1 0.1983 0.3102
1 0.1983 0.2955
1 0.1714 0.2955
1 0.1714 0.2969
1 0.1713 0.2983
1 0.1711 0.2996
1 0.1709 0.3010
1 0.1707 0.3023
1 0.1704 0.3036
1 0.1700 0.3050
1 0.1696 0.3063
1 0.1691 0.3075
1 0.1686 0.3088
1 0.1680 0.3100
1 0.1674 0.3112
1 0.1667 0.3124
1 0.1660 0.3136
1 0.1652 0.3147
1 0.1644 0.3158
1 0.1636 0.3169
1 0.1627 0.3179
1 0.1617 0.3189
1 0.1607 0.3198
1 0.1597 0.3207
1 0.1587 0.3216
1 0.1576 0.3224
1 0.1564 0.3232
1 0.1553 0.3239
1 0.1541 0.3246
1 0.1529 0.3252
1 0.1516 0.3258
1 0.1504 0.3263
1 0.1491 0.3268
1 0.1478 0.3272
1 0.1465 0.3275
1 0.1452 0.3278
1 0.1438 0.3281
1 0.1425 0.3283
1 0.1411 0.3284
1 0.1398 0.3285
1 0.1384 0.3285
1 0.1370 0.3285
1 0.1357 0.3284
1 0.1343 0.3283
1 0.1330 0.3281
1 0.1316 0.3278
1 0.1303 0.3275
1 0.1290 0.3272
1 0.1277 0.3268
1 0.1264 0.3263
1 0.1251 0.3258
1 0.1239 0.3252
1 0.1227 0.3246
1 0.1215 0.3239
1 0.1203 0.3232
1 0.1192 0.3224
1 0.1181 0.3216
1 0.1171 0.3207
1 0.1160 0.3198
1 0.1151 0.3189
1 0.1141 0.3179
1 0.1132 0.3169
1 0.1123 0.3158
1 0.1115 0.3147
1 0.1108 0.3136
1 0.1100 0.3124
1 0.1094 0.3112
1 0.1087 0.3100
1 0.1082 0.3088
1 0.1076 0.3075
1 0.1072 0.3063
1 0.1068 0.3050
1 0.1064 0.3036
1 0.1061 0.3023
1 0.1058 0.3010
1 0.1056 0.2996
1 0.1055 0.2983
1 0.1054 0.2969
1 0.1054 0.2955
1 -0.0633 0.2955
1 -0.0633 0.2969
1 -0.0634 0.2983
1 -0.0635 0.2996
1 -0.0637 0.3010
1 -0.0640 0.3023
1 -0.0643 0.3036
1 -0.0647 0.3050
1 -0.0651 0.3063
1 -0.0655 0.3075
1 -0.0661 0.3088
1 -0.0666 0.3100
1 -0.0673 0.3112
1 -0.0679 0.3124
1 -0.0687 0.3136
1 -0.0694 0.3147
1 -0.0702 0.3158
1 -0.0711 0.3169
1 -0.0720 0.3179
1 -0.0730 0.3189
1 -0.0739 0.3198
1 -0.0750 0.3207
1 -0.0760 0.3216
1 -0.0771 0.3224
1 -0.0782 0.3232
1 -0.0794 0.3239
1 -0.0806 0.3246
1 -0.0818 0.3252
1 -0.0830 0.3258
1 -0.0843 0.3263
1 -0.0856 0.3268
1 -0.0869 0.3272
1 -0.0882 0.3275
1 -0.0895 0.3278
1 -0.0909 0.3281
1 -0.0922 0.3283
1 -0.0936 0.3284
1 -0.0949 0.3285
1 -0.0963 0.3285
1 -0.0976 0.3285
1 -0.0990 0.3284
1 -0.1004 0.3283
1 -0.1017 0.3281
1 -0.1031 0.3278
1 -0.1044 0.3275
1 -0.1057 0.3272
1 -0.1070 0.3268
1 -0.1083 0.3263
1 -0.1095 0.3258
1 -0.1108 0.3252
1 -0.1120 0.3246
1 -0.1132 0.3239
1 -0.1143 0.3232
1 -0.1155 0.3224
1 -0.1166 0.3216
1 -0.1176 0.3207
1 -0.1186 0.3198
1 -0.1196 0.3189
1 -0.1206 0.3179
1 -0.1215 0.3169
1 -0.1223 0.3158
1 -0.1231 0.3147
1 -0.1239 0.3136
1 -0.1246 0.3124
1 -0.1253 0.3112
1 -0.1259 0.3100
1 -0.1265 0.3088
1 -0.1270 0.3075
1 -0.1275 0.3063
1 -0.1279 0.3050
1 -0.1283 0.3036
1 -0.1286 0.3023
1 -0.1288 0.3010
1 -0.1290 0.2996
1 -0.1292 0.2983
1 -0.1293 0.2969
1 -0.1293 0.2955
1 -0.1562 0.2955
112 1251 5
0 0.0651 0.3554
1 0.0651 0.3970
1 0.1091 0.3970
1 0.1210 0.3554
1 0.0651 0.3554
112 1250 193
0 0.0460 0.1881
1 0.0460 0.1881
1 0.0463 0.1883
1 0.0467 0.1886
1 0.0471 0.1889
1 0.0476 0.1892
1 0.0480 0.1895
1 0.0484 0.1898
1 0.0484 0.1898
1 0.0487 0.1899
1 0.0492 0.1901
1 0.0496 0.1903
1 0.0501 0.1905
1 0.0506 0.1907
1 0.0511 0.1909
1 0.0511 0.1909
1 0.0515 0.1910
1 0.0521 0.1911
1 0.0527 0.1913
1 0.0533 0.1913
1 0.0539 0.1914
1 0.0544 0.1914
1 0.0544 0.1914
1 0.0550 0.1914
1 0.0557 0.1913
1 0.0563 0.1912
1 0.0569 0.1911
1 0.0575 0.1909
1 0.0579 0.1907
1 0.0579 0.1907
1 0.0584 0.1905
1 0.0588 0.1903
1 0.0593 0.1900
1 0.0598 0.1897
1 0.0602 0.1895
1 0.0605 0.1893
1 0.0605 0.1893
1 0.0608 0.1890
1 0.0612 0.1886
1 0.0616 0.1882
1 0.0620 0.1878
1 0.0623 0.1874
1 0.0626 0.1871
1 0.0626 0.1871
1 0.0629 0.1874
1 0.0634 0.1878
1 0.0639 0.1882
1 0.0644 0.1886
1 0.0649 0.1890
1 0.0653 0.1893
1 0.0653 0.1893
1 0.0657 0.1895
1 0.0662 0.1897
1 0.0668 0.1900
1 0.0673 0.1903
1 0.0679 0.1905
1 0.0684 0.1907
1 0.0684 0.1907
1 0.0689 0.1909
1 0.0696 0.1911
1 0.0703 0.1912
1 0.0711 0.1913
1 0.0718 0.1914
1 0.0724 0.1914
1 0.0724 0.1914
1 0.0730 0.1914
1 0.0737 0.1913
1 0.0744 0.1912
1 0.0752 0.1910
1 0.0758 0.1908
1 0.0764 0.1906
1 0.0764 0.1906
1 0.0769 0.1903
1 0.0775 0.1900
1 0.0782 0.1895
1 0.0788 0.1891
1 0.0793 0.1886
1 0.0797 0.1882
1 0.0797 0.1882
1 0.0801 0.1877
1 0.0805 0.1871
1 0.0809 0.1864
1 0.0813 0.1857
1 0.0816 0.1850
1 0.0819 0.1843
1 0.0819 0.1843
1 0.0821 0.1836
1 0.0823 0.1828
1 0.0825 0.1819
1 0.0826 0.1809
1 0.0827 0.1800
1 0.0827 0.1792
1 0.0827 0.1552
1 0.0747 0.1552
1 0.0747 0.1774
1 0.0747 0.1774
1 0.0747 0.1783
1 0.0745 0.1792
1 0.0743 0.1801
1 0.0741 0.1809
1 0.0738 0.1816
1 0.0734 0.1820
1 0.0734 0.1820
1 0.0731 0.1824
1 0.0725 0.1827
1 0.0718 0.1830
1 0.0711 0.1832
1 0.0704 0.1834
1 0.0696 0.1834
1 0.0696 0.1834
1 0.0693 0.1834
1 0.0690 0.1834
1 0.0686 0.1833
1 0.0682 0.1833
1 0.0679 0.1832
1 0.0676 0.1832
1 0.0676 0.1832
1 0.0674 0.1831
1 0.0671 0.1830
1 0.0668 0.1829
1 0.0665 0.1828
1 0.0663 0.1827
1 0.0661 0.1826
1 0.0661 0.1826
1 0.0658 0.1825
1 0.0656 0.1824
1 0.0653 0.1822
1 0.0650 0.1821
1 0.0648 0.1819
1 0.0646 0.1818
1 0.0646 0.1818
1 0.0646 0.1817
1 0.0646 0.1815
1 0.0646 0.1814
1 0.0646 0.1813
1 0.0646 0.1811
1 0.0646 0.1810
1 0.0646 0.1810
1 0.0647 0.1809
1 0.0647 0.1808
1 0.0647 0.1806
1 0.0647 0.1805
1 0.0647 0.1803
1 0.0647 0.1802
1 0.0647 0.1802
1 0.0647 0.1800
1 0.0647 0.1799
1 0.0647 0.1797
1 0.0648 0.1795
1 0.0648 0.1793
1 0.0648 0.1792
1 0.0648 0.1552
1 0.0568 0.1552
1 0.0568 0.1774
1 0.0568 0.1774
1 0.0567 0.1783
1 0.0566 0.1792
1 0.0564 0.1801
1 0.0561 0.1809
1 0.0558 0.1816
1 0.0555 0.1820
1 0.0555 0.1820
1 0.0551 0.1824
1 0.0546 0.1827
1 0.0539 0.1830
1 0.0532 0.1832
1 0.0524 0.1834
1 0.0517 0.1834
1 0.0517 0.1834
1 0.0514 0.1834
1 0.0510 0.1834
1 0.0506 0.1833
1 0.0503 0.1833
1 0.0499 0.1832
1 0.0496 0.1832
1 0.0496 0.1832
1 0.0494 0.1831
1 0.0491 0.1830
1 0.0488 0.1829
1 0.0485 0.1828
1 0.0483 0.1827
1 0.0481 0.1826
1 0.0481 0.1826
1 0.0479 0.1825
1 0.0476 0.1824
1 0.0474 0.1822
1 0.0471 0.1821
1 0.0469 0.1820
1 0.0467 0.1818
1 0.0467 0.1552
1 0.0387 0.1552
1 0.0387 0.1898
1 0.0453 0.1914
