SEcl_RO-1b
3365 3 1 1 0 0 0 0 0 0 1 1
1.000
112 1251 121
0 -0.2640 0.3600
1 -0.2660 0.3599
1 -0.2680 0.3597
1 -0.2700 0.3595
1 -0.2720 0.3591
1 -0.2740 0.3586
1 -0.2759 0.3580
1 -0.2778 0.3572
1 -0.2796 0.3564
1 -0.2814 0.3555
1 -0.2831 0.3545
1 -0.2848 0.3533
1 -0.2864 0.3521
1 -0.2880 0.3508
1 -0.2894 0.3494
1 -0.2908 0.3480
1 -0.2921 0.3464
1 -0.2933 0.3448
1 -0.2945 0.3431
1 -0.2955 0.3414
1 -0.2964 0.3396
1 -0.2972 0.3378
1 -0.2980 0.3359
1 -0.2986 0.3339
1 -0.2991 0.3320
1 -0.2995 0.3300
1 -0.2998 0.3280
1 -0.2999 0.3260
1 -0.3000 0.3240
1 -0.3000 0.0360
1 -0.2999 0.0340
1 -0.2998 0.0320
1 -0.2995 0.0300
1 -0.2991 0.0280
1 -0.2986 0.0260
1 -0.2980 0.0241
1 -0.2972 0.0222
1 -0.2964 0.0204
1 -0.2955 0.0186
1 -0.2945 0.0168
1 -0.2934 0.0152
1 -0.2921 0.0136
1 -0.2908 0.0120
1 -0.2894 0.0105
1 -0.2880 0.0092
1 -0.2864 0.0079
1 -0.2848 0.0066
1 -0.2831 0.0055
1 -0.2814 0.0045
1 -0.2796 0.0036
1 -0.2778 0.0027
1 -0.2759 0.0020
1 -0.2740 0.0014
1 -0.2720 0.0009
1 -0.2700 0.0005
1 -0.2680 0.0002
1 -0.2660 0.0001
1 -0.2640 0.0000
1 0.2640 0.0000
1 0.2658 -0.0001
1 0.2676 -0.0001
1 0.2694 -0.0000
1 0.2712 0.0001
1 0.2730 0.0004
1 0.2748 0.0008
1 0.2765 0.0013
1 0.2783 0.0018
1 0.2800 0.0025
1 0.2816 0.0033
1 0.2832 0.0041
1 0.2848 0.0050
1 0.2863 0.0061
1 0.2877 0.0072
1 0.2891 0.0083
1 0.2904 0.0096
1 0.2917 0.0109
1 0.2928 0.0123
1 0.2939 0.0137
1 0.2949 0.0152
1 0.2959 0.0168
1 0.2967 0.0184
1 0.2975 0.0200
1 0.2981 0.0217
1 0.2987 0.0234
1 0.2992 0.0252
1 0.2996 0.0270
1 0.2998 0.0288
1 0.3000 0.0306
1 0.3001 0.0324
1 0.3001 0.0342
1 0.3000 0.0360
1 0.3000 0.3240
1 0.2999 0.3260
1 0.2998 0.3280
1 0.2995 0.3300
1 0.2991 0.3320
1 0.2986 0.3339
1 0.2980 0.3359
1 0.2972 0.3378
1 0.2964 0.3396
1 0.2955 0.3414
1 0.2945 0.3431
1 0.2934 0.3448
1 0.2921 0.3464
1 0.2908 0.3480
1 0.2894 0.3494
1 0.2880 0.3508
1 0.2864 0.3521
1 0.2848 0.3533
1 0.2831 0.3545
1 0.2814 0.3555
1 0.2796 0.3564
1 0.2778 0.3572
1 0.2759 0.3580
1 0.2740 0.3586
1 0.2720 0.3591
1 0.2700 0.3595
1 0.2680 0.3597
1 0.2660 0.3599
1 0.2640 0.3600
1 -0.2640 0.3600
112 1250 102
0 -0.2640 0.3480
1 -0.2656 0.3480
1 -0.2671 0.3478
1 -0.2687 0.3476
1 -0.2703 0.3473
1 -0.2718 0.3468
1 -0.2733 0.3463
1 -0.2747 0.3457
1 -0.2761 0.3449
1 -0.2774 0.3441
1 -0.2787 0.3432
1 -0.2800 0.3422
1 -0.2811 0.3411
1 -0.2822 0.3399
1 -0.2832 0.3387
1 -0.2841 0.3374
1 -0.2849 0.3361
1 -0.2857 0.3347
1 -0.2863 0.3332
1 -0.2868 0.3318
1 -0.2873 0.3302
1 -0.2876 0.3287
1 -0.2878 0.3271
1 -0.2880 0.3256
1 -0.2880 0.3240
1 -0.2880 0.0360
1 -0.2880 0.0360
1 -0.2879 0.0344
1 -0.2878 0.0329
1 -0.2875 0.0313
1 -0.2872 0.0298
1 -0.2867 0.0283
1 -0.2862 0.0268
1 -0.2855 0.0254
1 -0.2848 0.0240
1 -0.2839 0.0227
1 -0.2830 0.0214
1 -0.2820 0.0202
1 -0.2810 0.0190
1 -0.2798 0.0180
1 -0.2786 0.0170
1 -0.2773 0.0160
1 -0.2760 0.0152
1 -0.2746 0.0145
1 -0.2732 0.0138
1 -0.2717 0.0133
1 -0.2702 0.0128
1 -0.2687 0.0125
1 -0.2671 0.0122
1 -0.2656 0.0121
1 -0.2640 0.0120
1 0.2640 0.0120
1 0.2656 0.0120
1 0.2671 0.0122
1 0.2687 0.0124
1 0.2702 0.0128
1 0.2717 0.0133
1 0.2732 0.0138
1 0.2746 0.0145
1 0.2760 0.0152
1 0.2773 0.0160
1 0.2786 0.0169
1 0.2798 0.0179
1 0.2810 0.0190
1 0.2821 0.0202
1 0.2831 0.0214
1 0.2840 0.0226
1 0.2848 0.0240
1 0.2855 0.0254
1 0.2862 0.0268
1 0.2867 0.0283
1 0.2872 0.0298
1 0.2875 0.0313
1 0.2878 0.0329
1 0.2879 0.0344
1 0.2880 0.0360
1 0.2880 0.3240
1 0.2880 0.3256
1 0.2878 0.3271
1 0.2876 0.3287
1 0.2872 0.3302
1 0.2868 0.3317
1 0.2862 0.3332
1 0.2856 0.3346
1 0.2848 0.3360
1 0.2840 0.3374
1 0.2831 0.3386
1 0.2821 0.3399
1 0.2810 0.3410
1 0.2799 0.3421
1 0.2787 0.3431
1 0.2774 0.3440
1 0.2760 0.3448
1 0.2746 0.3456
1 0.2732 0.3462
1 0.2717 0.3468
1 0.2702 0.3472
1 0.2687 0.3476
1 0.2671 0.3478
1 0.2656 0.3479
1 0.2640 0.3480
1 -0.2640 0.3480
112 1251 123
0 -0.0954 0.1236
1 -0.0747 0.0761
1 -0.0739 0.0742
1 -0.0734 0.0721
1 -0.0730 0.0700
1 -0.0728 0.0679
1 -0.0729 0.0657
1 -0.0731 0.0636
1 -0.0735 0.0615
1 -0.0742 0.0595
1 -0.0750 0.0575
1 -0.0760 0.0556
1 -0.0771 0.0538
1 -0.0785 0.0522
1 -0.0800 0.0507
1 -0.0816 0.0493
1 -0.0833 0.0480
1 -0.0852 0.0470
1 -0.0871 0.0461
1 -0.0891 0.0454
1 -0.0912 0.0449
1 -0.0933 0.0446
1 -0.0955 0.0445
1 -0.0976 0.0447
1 -0.0997 0.0450
1 -0.1018 0.0455
1 -0.1038 0.0462
1 -0.1057 0.0471
1 -0.1076 0.0481
1 -0.1093 0.0494
1 -0.2760 0.1800
1 -0.1093 0.3106
1 -0.1076 0.3119
1 -0.1057 0.3129
1 -0.1038 0.3138
1 -0.1018 0.3145
1 -0.0997 0.3150
1 -0.0976 0.3153
1 -0.0955 0.3154
1 -0.0933 0.3153
1 -0.0912 0.3150
1 -0.0891 0.3146
1 -0.0871 0.3139
1 -0.0852 0.3130
1 -0.0833 0.3119
1 -0.0816 0.3107
1 -0.0800 0.3093
1 -0.0785 0.3078
1 -0.0771 0.3061
1 -0.0760 0.3043
1 -0.0750 0.3025
1 -0.0741 0.3005
1 -0.0735 0.2984
1 -0.0731 0.2964
1 -0.0729 0.2942
1 -0.0728 0.2921
1 -0.0730 0.2900
1 -0.0734 0.2879
1 -0.0739 0.2858
1 -0.0747 0.2838
1 -0.0954 0.2364
1 0.0954 0.2364
1 0.0747 0.2838
1 0.0739 0.2858
1 0.0734 0.2879
1 0.0730 0.2900
1 0.0728 0.2921
1 0.0729 0.2942
1 0.0731 0.2964
1 0.0735 0.2984
1 0.0742 0.3005
1 0.0750 0.3025
1 0.0760 0.3043
1 0.0771 0.3061
1 0.0785 0.3078
1 0.0800 0.3093
1 0.0816 0.3107
1 0.0833 0.3119
1 0.0852 0.3130
1 0.0871 0.3139
1 0.0891 0.3146
1 0.0912 0.3150
1 0.0933 0.3153
1 0.0955 0.3154
1 0.0976 0.3153
1 0.0997 0.3150
1 0.1018 0.3145
1 0.1038 0.3138
1 0.1057 0.3129
1 0.1076 0.3119
1 0.1093 0.3106
1 0.2760 0.1800
1 0.1093 0.0494
1 0.1076 0.0481
1 0.1057 0.0471
1 0.1038 0.0462
1 0.1018 0.0455
1 0.0997 0.0450
1 0.0976 0.0447
1 0.0955 0.0445
1 0.0933 0.0446
1 0.0912 0.0449
1 0.0891 0.0454
1 0.0871 0.0461
1 0.0852 0.0470
1 0.0833 0.0480
1 0.0816 0.0493
1 0.0800 0.0507
1 0.0785 0.0522
1 0.0771 0.0538
1 0.0760 0.0556
1 0.0750 0.0575
1 0.0742 0.0595
1 0.0735 0.0615
1 0.0731 0.0636
1 0.0729 0.0657
1 0.0728 0.0679
1 0.0730 0.0700
1 0.0734 0.0721
1 0.0739 0.0742
1 0.0747 0.0761
1 0.0954 0.1236
1 -0.0954 0.1236
