SEcl_RO-1a
3363 3 1 1 0 0 0 0 0 0 1 1
1.000
112 1251 117
0 0.4260 0.3240
1 0.4259 0.3260
1 0.4257 0.3280
1 0.4255 0.3300
1 0.4251 0.3320
1 0.4246 0.3339
1 0.4240 0.3359
1 0.4232 0.3378
1 0.4224 0.3396
1 0.4215 0.3414
1 0.4205 0.3431
1 0.4193 0.3448
1 0.4181 0.3464
1 0.4168 0.3480
1 0.4154 0.3494
1 0.4140 0.3508
1 0.4124 0.3521
1 0.4108 0.3533
1 0.4091 0.3545
1 0.4074 0.3555
1 0.4056 0.3564
1 0.4037 0.3572
1 0.4019 0.3580
1 0.3999 0.3586
1 0.3980 0.3591
1 0.3960 0.3595
1 0.3940 0.3597
1 0.3920 0.3599
1 0.3900 0.3600
1 -0.3900 0.3600
1 -0.3920 0.3599
1 -0.3940 0.3597
1 -0.3960 0.3595
1 -0.3980 0.3591
1 -0.3999 0.3586
1 -0.4019 0.3580
1 -0.4037 0.3572
1 -0.4056 0.3564
1 -0.4074 0.3555
1 -0.4091 0.3545
1 -0.4108 0.3533
1 -0.4124 0.3521
1 -0.4140 0.3508
1 -0.4154 0.3494
1 -0.4168 0.3480
1 -0.4181 0.3464
1 -0.4193 0.3448
1 -0.4205 0.3431
1 -0.4215 0.3414
1 -0.4224 0.3396
1 -0.4232 0.3378
1 -0.4240 0.3359
1 -0.4246 0.3339
1 -0.4251 0.3320
1 -0.4255 0.3300
1 -0.4257 0.3280
1 -0.4259 0.3260
1 -0.4260 0.3240
1 -0.4260 0.0360
1 -0.4259 0.0340
1 -0.4257 0.0320
1 -0.4255 0.0300
1 -0.4251 0.0280
1 -0.4246 0.0260
1 -0.4240 0.0241
1 -0.4232 0.0222
1 -0.4224 0.0204
1 -0.4215 0.0186
1 -0.4205 0.0168
1 -0.4193 0.0152
1 -0.4181 0.0136
1 -0.4168 0.0120
1 -0.4154 0.0105
1 -0.4140 0.0092
1 -0.4124 0.0079
1 -0.4108 0.0066
1 -0.4091 0.0055
1 -0.4074 0.0045
1 -0.4056 0.0036
1 -0.4037 0.0027
1 -0.4019 0.0020
1 -0.3999 0.0014
1 -0.3980 0.0009
1 -0.3960 0.0005
1 -0.3940 0.0002
1 -0.3920 0.0001
1 -0.3900 0.0000
1 0.3900 0.0000
1 0.3920 0.0001
1 0.3940 0.0002
1 0.3960 0.0005
1 0.3980 0.0009
1 0.3999 0.0014
1 0.4019 0.0020
1 0.4037 0.0027
1 0.4056 0.0036
1 0.4074 0.0045
1 0.4091 0.0055
1 0.4108 0.0066
1 0.4124 0.0079
1 0.4140 0.0092
1 0.4154 0.0105
1 0.4168 0.0120
1 0.4181 0.0136
1 0.4193 0.0152
1 0.4205 0.0168
1 0.4215 0.0186
1 0.4224 0.0204
1 0.4232 0.0222
1 0.4240 0.0241
1 0.4246 0.0260
1 0.4251 0.0280
1 0.4255 0.0300
1 0.4257 0.0320
1 0.4259 0.0340
1 0.4260 0.0360
1 0.4260 0.3240
112 1250 101
0 0.3900 0.3450
1 -0.3900 0.3450
1 -0.3913 0.3449
1 -0.3927 0.3448
1 -0.3941 0.3446
1 -0.3954 0.3443
1 -0.3967 0.3439
1 -0.3980 0.3434
1 -0.3993 0.3428
1 -0.4005 0.3422
1 -0.4016 0.3414
1 -0.4028 0.3406
1 -0.4038 0.3398
1 -0.4048 0.3388
1 -0.4058 0.3378
1 -0.4066 0.3368
1 -0.4074 0.3356
1 -0.4082 0.3345
1 -0.4088 0.3333
1 -0.4094 0.3320
1 -0.4099 0.3307
1 -0.4103 0.3294
1 -0.4106 0.3281
1 -0.4108 0.3267
1 -0.4109 0.3254
1 -0.4110 0.3240
1 -0.4110 0.0360
1 -0.4109 0.0346
1 -0.4108 0.0333
1 -0.4106 0.0319
1 -0.4103 0.0306
1 -0.4099 0.0292
1 -0.4094 0.0280
1 -0.4088 0.0267
1 -0.4082 0.0255
1 -0.4074 0.0243
1 -0.4066 0.0232
1 -0.4058 0.0222
1 -0.4048 0.0211
1 -0.4038 0.0202
1 -0.4028 0.0193
1 -0.4016 0.0185
1 -0.4005 0.0178
1 -0.3993 0.0172
1 -0.3980 0.0166
1 -0.3967 0.0161
1 -0.3954 0.0157
1 -0.3941 0.0154
1 -0.3927 0.0152
1 -0.3913 0.0150
1 -0.3900 0.0150
1 0.3900 0.0150
1 0.3913 0.0150
1 0.3927 0.0152
1 0.3941 0.0154
1 0.3954 0.0157
1 0.3967 0.0161
1 0.3980 0.0166
1 0.3993 0.0172
1 0.4005 0.0178
1 0.4016 0.0185
1 0.4028 0.0193
1 0.4038 0.0202
1 0.4048 0.0211
1 0.4058 0.0222
1 0.4066 0.0232
1 0.4074 0.0243
1 0.4082 0.0255
1 0.4088 0.0267
1 0.4094 0.0280
1 0.4099 0.0292
1 0.4103 0.0306
1 0.4106 0.0319
1 0.4108 0.0333
1 0.4109 0.0346
1 0.4110 0.0360
1 0.4110 0.3240
1 0.4109 0.3254
1 0.4108 0.3267
1 0.4106 0.3281
1 0.4103 0.3294
1 0.4099 0.3307
1 0.4094 0.3320
1 0.4088 0.3333
1 0.4082 0.3345
1 0.4074 0.3356
1 0.4066 0.3368
1 0.4058 0.3378
1 0.4048 0.3388
1 0.4038 0.3398
1 0.4028 0.3406
1 0.4016 0.3414
1 0.4005 0.3422
1 0.3993 0.3428
1 0.3980 0.3434
1 0.3967 0.3439
1 0.3954 0.3443
1 0.3941 0.3446
1 0.3927 0.3448
1 0.3913 0.3449
1 0.3900 0.3450
112 1251 88
0 -0.1020 0.2520
1 0.3300 0.2520
1 0.3300 0.1080
1 -0.1020 0.1080
1 -0.0814 0.0735
1 -0.0806 0.0721
1 -0.0799 0.0706
1 -0.0793 0.0691
1 -0.0789 0.0676
1 -0.0785 0.0660
1 -0.0782 0.0645
1 -0.0781 0.0628
1 -0.0780 0.0612
1 -0.0780 0.0596
1 -0.0782 0.0580
1 -0.0785 0.0564
1 -0.0788 0.0549
1 -0.0793 0.0533
1 -0.0799 0.0518
1 -0.0806 0.0504
1 -0.0813 0.0490
1 -0.0822 0.0476
1 -0.0832 0.0463
1 -0.0842 0.0451
1 -0.0853 0.0439
1 -0.0865 0.0429
1 -0.0878 0.0419
1 -0.0891 0.0409
1 -0.0905 0.0401
1 -0.0919 0.0394
1 -0.0934 0.0388
1 -0.0949 0.0383
1 -0.0965 0.0378
1 -0.0981 0.0375
1 -0.0997 0.0373
1 -0.1013 0.0372
1 -0.1029 0.0372
1 -0.1045 0.0373
1 -0.1061 0.0375
1 -0.1077 0.0379
1 -0.1092 0.0383
1 -0.1107 0.0388
1 -0.1122 0.0395
1 -0.1136 0.0402
1 -0.1150 0.0410
1 -0.3300 0.1800
1 -0.1150 0.3189
1 -0.1136 0.3198
1 -0.1122 0.3205
1 -0.1107 0.3211
1 -0.1092 0.3217
1 -0.1077 0.3221
1 -0.1061 0.3224
1 -0.1045 0.3226
1 -0.1029 0.3228
1 -0.1013 0.3228
1 -0.0997 0.3227
1 -0.0981 0.3225
1 -0.0965 0.3221
1 -0.0949 0.3217
1 -0.0934 0.3212
1 -0.0919 0.3206
1 -0.0905 0.3198
1 -0.0891 0.3190
1 -0.0878 0.3181
1 -0.0865 0.3171
1 -0.0853 0.3160
1 -0.0842 0.3149
1 -0.0832 0.3137
1 -0.0822 0.3124
1 -0.0813 0.3110
1 -0.0806 0.3096
1 -0.0799 0.3081
1 -0.0793 0.3066
1 -0.0788 0.3051
1 -0.0785 0.3035
1 -0.0782 0.3019
1 -0.0780 0.3003
1 -0.0780 0.2987
1 -0.0781 0.2971
1 -0.0782 0.2955
1 -0.0785 0.2939
1 -0.0789 0.2924
1 -0.0793 0.2908
1 -0.0799 0.2893
1 -0.0806 0.2879
1 -0.0814 0.2865
1 -0.1020 0.2520
