SEcl_RO-1b
3364 3 1 1 0 0 0 0 0 0 1 1
1.000
112 1251 121
0 0.5040 0.0000
1 -0.5040 0.0000
1 -0.5059 0.0001
1 -0.5079 0.0002
1 -0.5098 0.0005
1 -0.5117 0.0008
1 -0.5136 0.0013
1 -0.5155 0.0019
1 -0.5173 0.0026
1 -0.5191 0.0033
1 -0.5208 0.0042
1 -0.5225 0.0052
1 -0.5242 0.0062
1 -0.5258 0.0073
1 -0.5273 0.0086
1 -0.5287 0.0099
1 -0.5301 0.0112
1 -0.5314 0.0127
1 -0.5326 0.0142
1 -0.5338 0.0158
1 -0.5348 0.0174
1 -0.5358 0.0191
1 -0.5366 0.0209
1 -0.5374 0.0227
1 -0.5381 0.0245
1 -0.5387 0.0264
1 -0.5391 0.0283
1 -0.5395 0.0302
1 -0.5398 0.0321
1 -0.5399 0.0340
1 -0.5400 0.0360
1 -0.5400 0.3240
1 -0.5399 0.3259
1 -0.5398 0.3279
1 -0.5395 0.3298
1 -0.5391 0.3317
1 -0.5387 0.3336
1 -0.5381 0.3355
1 -0.5374 0.3373
1 -0.5366 0.3391
1 -0.5358 0.3408
1 -0.5348 0.3425
1 -0.5338 0.3442
1 -0.5326 0.3458
1 -0.5314 0.3473
1 -0.5301 0.3487
1 -0.5287 0.3501
1 -0.5273 0.3514
1 -0.5258 0.3526
1 -0.5242 0.3538
1 -0.5225 0.3548
1 -0.5208 0.3558
1 -0.5191 0.3566
1 -0.5173 0.3574
1 -0.5155 0.3581
1 -0.5136 0.3587
1 -0.5117 0.3591
1 -0.5098 0.3595
1 -0.5079 0.3598
1 -0.5059 0.3599
1 -0.5040 0.3600
1 0.5040 0.3600
1 0.5059 0.3599
1 0.5079 0.3598
1 0.5098 0.3595
1 0.5117 0.3591
1 0.5136 0.3587
1 0.5155 0.3581
1 0.5173 0.3574
1 0.5191 0.3566
1 0.5208 0.3558
1 0.5225 0.3548
1 0.5242 0.3538
1 0.5258 0.3526
1 0.5273 0.3514
1 0.5287 0.3501
1 0.5301 0.3487
1 0.5314 0.3473
1 0.5326 0.3458
1 0.5338 0.3442
1 0.5348 0.3425
1 0.5358 0.3408
1 0.5366 0.3391
1 0.5374 0.3373
1 0.5381 0.3355
1 0.5387 0.3336
1 0.5391 0.3317
1 0.5395 0.3298
1 0.5398 0.3279
1 0.5399 0.3259
1 0.5400 0.3240
1 0.5400 0.0360
1 0.5399 0.0340
1 0.5398 0.0321
1 0.5395 0.0302
1 0.5391 0.0283
1 0.5387 0.0264
1 0.5381 0.0245
1 0.5374 0.0227
1 0.5366 0.0209
1 0.5358 0.0191
1 0.5348 0.0174
1 0.5338 0.0158
1 0.5326 0.0142
1 0.5314 0.0127
1 0.5301 0.0112
1 0.5287 0.0099
1 0.5273 0.0086
1 0.5258 0.0073
1 0.5242 0.0062
1 0.5225 0.0052
1 0.5208 0.0042
1 0.5191 0.0033
1 0.5173 0.0026
1 0.5155 0.0019
1 0.5136 0.0013
1 0.5117 0.0008
1 0.5098 0.0005
1 0.5079 0.0002
1 0.5059 0.0001
1 0.5040 0.0000
112 1250 93
0 0.5040 0.0150
1 0.5055 0.0151
1 0.5070 0.0152
1 0.5084 0.0155
1 0.5099 0.0158
1 0.5113 0.0163
1 0.5127 0.0169
1 0.5140 0.0176
1 0.5153 0.0183
1 0.5166 0.0192
1 0.5177 0.0201
1 0.5188 0.0211
1 0.5198 0.0222
1 0.5208 0.0234
1 0.5216 0.0246
1 0.5224 0.0259
1 0.5231 0.0273
1 0.5236 0.0287
1 0.5241 0.0301
1 0.5245 0.0315
1 0.5248 0.0330
1 0.5249 0.0345
1 0.5250 0.0360
1 0.5250 0.0360
1 0.5250 0.3240
1 0.5249 0.3255
1 0.5248 0.3270
1 0.5245 0.3284
1 0.5241 0.3299
1 0.5236 0.3313
1 0.5231 0.3327
1 0.5224 0.3340
1 0.5216 0.3353
1 0.5208 0.3366
1 0.5198 0.3377
1 0.5188 0.3388
1 0.5177 0.3398
1 0.5166 0.3408
1 0.5153 0.3416
1 0.5140 0.3424
1 0.5127 0.3431
1 0.5113 0.3437
1 0.5099 0.3441
1 0.5084 0.3445
1 0.5070 0.3448
1 0.5055 0.3449
1 0.5040 0.3450
1 -0.5040 0.3450
1 -0.5055 0.3449
1 -0.5070 0.3448
1 -0.5084 0.3445
1 -0.5099 0.3441
1 -0.5113 0.3437
1 -0.5127 0.3431
1 -0.5140 0.3424
1 -0.5153 0.3416
1 -0.5166 0.3408
1 -0.5177 0.3398
1 -0.5188 0.3388
1 -0.5198 0.3377
1 -0.5208 0.3366
1 -0.5216 0.3353
1 -0.5224 0.3340
1 -0.5231 0.3327
1 -0.5236 0.3313
1 -0.5241 0.3299
1 -0.5245 0.3284
1 -0.5248 0.3270
1 -0.5249 0.3255
1 -0.5250 0.3240
1 -0.5250 0.0360
1 -0.5249 0.0345
1 -0.5248 0.0330
1 -0.5245 0.0315
1 -0.5241 0.0301
1 -0.5236 0.0287
1 -0.5231 0.0273
1 -0.5224 0.0259
1 -0.5216 0.0246
1 -0.5208 0.0234
1 -0.5198 0.0222
1 -0.5188 0.0211
1 -0.5177 0.0201
1 -0.5166 0.0192
1 -0.5153 0.0183
1 -0.5140 0.0176
1 -0.5127 0.0169
1 -0.5113 0.0163
1 -0.5099 0.0158
1 -0.5084 0.0155
1 -0.5070 0.0152
1 -0.5055 0.0151
1 -0.5040 0.0150
112 1251 178
0 0.2290 0.3189
1 0.2290 0.3189
1 0.2276 0.3198
1 0.2262 0.3205
1 0.2247 0.3211
1 0.2232 0.3217
1 0.2217 0.3221
1 0.2201 0.3224
1 0.2185 0.3226
1 0.2169 0.3228
1 0.2153 0.3228
1 0.2137 0.3227
1 0.2121 0.3225
1 0.2105 0.3221
1 0.2089 0.3217
1 0.2074 0.3212
1 0.2059 0.3206
1 0.2045 0.3198
1 0.2031 0.3190
1 0.2018 0.3181
1 0.2005 0.3171
1 0.1993 0.3160
1 0.1982 0.3149
1 0.1972 0.3137
1 0.1962 0.3124
1 0.1953 0.3110
1 0.1946 0.3096
1 0.1939 0.3081
1 0.1933 0.3066
1 0.1928 0.3051
1 0.1925 0.3035
1 0.1922 0.3019
1 0.1920 0.3003
1 0.1920 0.2987
1 0.1920 0.2971
1 0.1922 0.2955
1 0.1925 0.2939
1 0.1929 0.2924
1 0.1933 0.2908
1 0.1939 0.2893
1 0.1946 0.2879
1 0.1954 0.2865
1 0.1954 0.2865
1 0.2160 0.2520
1 -0.2160 0.2520
1 -0.1954 0.2865
1 -0.1954 0.2865
1 -0.1946 0.2879
1 -0.1939 0.2893
1 -0.1933 0.2908
1 -0.1929 0.2924
1 -0.1925 0.2939
1 -0.1922 0.2955
1 -0.1920 0.2971
1 -0.1920 0.2987
1 -0.1920 0.3003
1 -0.1922 0.3019
1 -0.1925 0.3035
1 -0.1928 0.3051
1 -0.1933 0.3066
1 -0.1939 0.3081
1 -0.1946 0.3096
1 -0.1953 0.3110
1 -0.1962 0.3124
1 -0.1972 0.3137
1 -0.1982 0.3149
1 -0.1993 0.3160
1 -0.2005 0.3171
1 -0.2018 0.3181
1 -0.2031 0.3190
1 -0.2045 0.3198
1 -0.2059 0.3206
1 -0.2074 0.3212
1 -0.2089 0.3217
1 -0.2105 0.3221
1 -0.2121 0.3225
1 -0.2137 0.3227
1 -0.2153 0.3228
1 -0.2169 0.3228
1 -0.2185 0.3226
1 -0.2201 0.3224
1 -0.2217 0.3221
1 -0.2232 0.3217
1 -0.2247 0.3211
1 -0.2262 0.3205
1 -0.2276 0.3198
1 -0.2290 0.3189
1 -0.2290 0.3189
1 -0.4440 0.1800
1 -0.2290 0.0410
1 -0.2290 0.0410
1 -0.2276 0.0402
1 -0.2262 0.0395
1 -0.2247 0.0388
1 -0.2232 0.0383
1 -0.2217 0.0379
1 -0.2201 0.0375
1 -0.2185 0.0373
1 -0.2169 0.0372
1 -0.2153 0.0372
1 -0.2137 0.0373
1 -0.2121 0.0375
1 -0.2105 0.0378
1 -0.2089 0.0383
1 -0.2074 0.0388
1 -0.2059 0.0394
1 -0.2045 0.0401
1 -0.2031 0.0409
1 -0.2018 0.0419
1 -0.2005 0.0429
1 -0.1993 0.0439
1 -0.1982 0.0451
1 -0.1972 0.0463
1 -0.1962 0.0476
1 -0.1953 0.0490
1 -0.1946 0.0504
1 -0.1939 0.0518
1 -0.1933 0.0533
1 -0.1928 0.0549
1 -0.1925 0.0564
1 -0.1922 0.0580
1 -0.1920 0.0596
1 -0.1920 0.0612
1 -0.1920 0.0628
1 -0.1922 0.0645
1 -0.1925 0.0660
1 -0.1929 0.0676
1 -0.1933 0.0691
1 -0.1939 0.0706
1 -0.1946 0.0721
1 -0.1954 0.0735
1 -0.1954 0.0735
1 -0.2160 0.1080
1 0.2160 0.1080
1 0.1954 0.0735
1 0.1954 0.0735
1 0.1946 0.0721
1 0.1939 0.0706
1 0.1933 0.0691
1 0.1929 0.0676
1 0.1925 0.0660
1 0.1922 0.0645
1 0.1920 0.0628
1 0.1920 0.0612
1 0.1920 0.0596
1 0.1922 0.0580
1 0.1925 0.0564
1 0.1928 0.0549
1 0.1933 0.0533
1 0.1939 0.0518
1 0.1946 0.0504
1 0.1953 0.0490
1 0.1962 0.0476
1 0.1972 0.0463
1 0.1982 0.0451
1 0.1993 0.0439
1 0.2005 0.0429
1 0.2018 0.0419
1 0.2031 0.0409
1 0.2045 0.0401
1 0.2059 0.0394
1 0.2074 0.0388
1 0.2089 0.0383
1 0.2105 0.0378
1 0.2121 0.0375
1 0.2137 0.0373
1 0.2153 0.0372
1 0.2169 0.0372
1 0.2185 0.0373
1 0.2201 0.0375
1 0.2217 0.0379
1 0.2232 0.0383
1 0.2247 0.0388
1 0.2262 0.0395
1 0.2276 0.0402
1 0.2290 0.0410
1 0.2290 0.0410
1 0.4440 0.1800
