SEcl_RO-1c
3366 4 1 1 0 0 0 0 0 0 1 1
1.000
112 1251 117
0 -0.1440 0.0000
1 -0.1460 0.0001
1 -0.1480 0.0002
1 -0.1500 0.0005
1 -0.1520 0.0009
1 -0.1539 0.0014
1 -0.1559 0.0020
1 -0.1577 0.0027
1 -0.1596 0.0036
1 -0.1614 0.0045
1 -0.1631 0.0055
1 -0.1648 0.0066
1 -0.1664 0.0079
1 -0.1680 0.0092
1 -0.1694 0.0105
1 -0.1708 0.0120
1 -0.1721 0.0136
1 -0.1733 0.0152
1 -0.1745 0.0168
1 -0.1755 0.0186
1 -0.1764 0.0204
1 -0.1772 0.0222
1 -0.1780 0.0241
1 -0.1786 0.0260
1 -0.1791 0.0280
1 -0.1795 0.0300
1 -0.1797 0.0320
1 -0.1799 0.0340
1 -0.1800 0.0360
1 -0.1800 0.3240
1 -0.1799 0.3260
1 -0.1797 0.3280
1 -0.1795 0.3300
1 -0.1791 0.3320
1 -0.1786 0.3339
1 -0.1780 0.3359
1 -0.1772 0.3378
1 -0.1764 0.3396
1 -0.1755 0.3414
1 -0.1745 0.3431
1 -0.1733 0.3448
1 -0.1721 0.3464
1 -0.1708 0.3480
1 -0.1694 0.3494
1 -0.1680 0.3508
1 -0.1664 0.3521
1 -0.1648 0.3533
1 -0.1631 0.3545
1 -0.1614 0.3555
1 -0.1596 0.3564
1 -0.1577 0.3572
1 -0.1559 0.3580
1 -0.1539 0.3586
1 -0.1520 0.3591
1 -0.1500 0.3595
1 -0.1480 0.3597
1 -0.1460 0.3599
1 -0.1440 0.3600
1 0.1440 0.3600
1 0.1460 0.3599
1 0.1480 0.3597
1 0.1500 0.3595
1 0.1520 0.3591
1 0.1539 0.3586
1 0.1559 0.3580
1 0.1577 0.3572
1 0.1596 0.3564
1 0.1614 0.3555
1 0.1631 0.3545
1 0.1648 0.3533
1 0.1664 0.3521
1 0.1680 0.3508
1 0.1694 0.3494
1 0.1708 0.3480
1 0.1721 0.3464
1 0.1733 0.3448
1 0.1745 0.3431
1 0.1755 0.3414
1 0.1764 0.3396
1 0.1772 0.3378
1 0.1780 0.3359
1 0.1786 0.3339
1 0.1791 0.3320
1 0.1795 0.3300
1 0.1797 0.3280
1 0.1799 0.3260
1 0.1800 0.3240
1 0.1800 0.3240
1 0.1800 0.0360
1 0.1799 0.0340
1 0.1797 0.0320
1 0.1795 0.0300
1 0.1791 0.0280
1 0.1786 0.0260
1 0.1780 0.0241
1 0.1772 0.0222
1 0.1764 0.0204
1 0.1755 0.0186
1 0.1745 0.0168
1 0.1733 0.0152
1 0.1721 0.0136
1 0.1708 0.0120
1 0.1694 0.0105
1 0.1680 0.0092
1 0.1664 0.0079
1 0.1648 0.0066
1 0.1631 0.0055
1 0.1614 0.0045
1 0.1596 0.0036
1 0.1577 0.0027
1 0.1559 0.0020
1 0.1539 0.0014
1 0.1520 0.0009
1 0.1500 0.0005
1 0.1480 0.0002
1 0.1460 0.0001
1 0.1440 0.0000
112 1250 101
0 -0.1440 0.0150
1 -0.1453 0.0150
1 -0.1467 0.0152
1 -0.1481 0.0154
1 -0.1494 0.0157
1 -0.1507 0.0161
1 -0.1520 0.0166
1 -0.1533 0.0172
1 -0.1545 0.0178
1 -0.1556 0.0185
1 -0.1568 0.0193
1 -0.1578 0.0202
1 -0.1588 0.0211
1 -0.1598 0.0222
1 -0.1606 0.0232
1 -0.1614 0.0243
1 -0.1622 0.0255
1 -0.1628 0.0267
1 -0.1634 0.0280
1 -0.1639 0.0292
1 -0.1643 0.0306
1 -0.1646 0.0319
1 -0.1648 0.0333
1 -0.1649 0.0346
1 -0.1650 0.0360
1 -0.1650 0.3240
1 -0.1649 0.3254
1 -0.1648 0.3267
1 -0.1646 0.3281
1 -0.1643 0.3294
1 -0.1639 0.3307
1 -0.1634 0.3320
1 -0.1628 0.3333
1 -0.1622 0.3345
1 -0.1614 0.3356
1 -0.1606 0.3368
1 -0.1598 0.3378
1 -0.1588 0.3388
1 -0.1578 0.3398
1 -0.1568 0.3406
1 -0.1556 0.3414
1 -0.1545 0.3422
1 -0.1533 0.3428
1 -0.1520 0.3434
1 -0.1507 0.3439
1 -0.1494 0.3443
1 -0.1481 0.3446
1 -0.1467 0.3448
1 -0.1453 0.3449
1 -0.1440 0.3450
1 0.1440 0.3450
1 0.1440 0.3450
1 0.1453 0.3449
1 0.1467 0.3448
1 0.1481 0.3446
1 0.1494 0.3443
1 0.1507 0.3439
1 0.1520 0.3434
1 0.1533 0.3428
1 0.1545 0.3422
1 0.1556 0.3414
1 0.1568 0.3406
1 0.1578 0.3398
1 0.1588 0.3388
1 0.1598 0.3378
1 0.1606 0.3368
1 0.1614 0.3356
1 0.1622 0.3345
1 0.1628 0.3333
1 0.1634 0.3320
1 0.1639 0.3307
1 0.1643 0.3294
1 0.1646 0.3281
1 0.1648 0.3267
1 0.1649 0.3254
1 0.1650 0.3240
1 0.1650 0.0360
1 0.1649 0.0346
1 0.1648 0.0333
1 0.1646 0.0319
1 0.1643 0.0306
1 0.1639 0.0292
1 0.1634 0.0280
1 0.1628 0.0267
1 0.1622 0.0255
1 0.1614 0.0243
1 0.1606 0.0232
1 0.1598 0.0222
1 0.1588 0.0211
1 0.1578 0.0202
1 0.1568 0.0193
1 0.1556 0.0185
1 0.1545 0.0178
1 0.1533 0.0172
1 0.1520 0.0166
1 0.1507 0.0161
1 0.1494 0.0157
1 0.1481 0.0154
1 0.1467 0.0152
1 0.1453 0.0150
1 0.1440 0.0150
112 1251 133
0 -0.0031 0.2874
1 -0.0022 0.2872
1 -0.0012 0.2871
1 -0.0003 0.2871
1 0.0006 0.2871
1 0.0016 0.2871
1 0.0025 0.2872
1 0.0035 0.2874
1 0.0044 0.2876
1 0.0053 0.2878
1 0.0062 0.2881
1 0.0071 0.2884
1 0.0080 0.2889
1 0.0089 0.2893
1 0.0097 0.2898
1 0.0106 0.2903
1 0.0114 0.2909
1 0.0122 0.2915
1 0.0130 0.2922
1 0.0137 0.2929
1 0.0144 0.2936
1 0.0151 0.2944
1 0.0158 0.2953
1 0.0164 0.2961
1 0.0170 0.2970
1 0.0176 0.2979
1 0.0181 0.2988
1 0.0186 0.2998
1 0.0190 0.3008
1 0.0194 0.3018
1 0.0198 0.3028
1 0.0201 0.3038
1 0.0203 0.3049
1 0.0206 0.3060
1 0.0208 0.3070
1 0.0209 0.3081
1 0.0210 0.3092
1 0.0211 0.3102
1 0.0211 0.3113
1 0.0211 0.3124
1 0.0210 0.3135
1 0.0209 0.3146
1 0.0207 0.3156
1 0.0205 0.3166
1 0.0202 0.3176
1 0.0200 0.3186
1 0.0196 0.3196
1 0.0192 0.3206
1 0.0188 0.3215
1 0.0183 0.3225
1 0.0178 0.3233
1 0.0173 0.3242
1 0.0167 0.3250
1 0.0161 0.3258
1 0.0155 0.3265
1 0.0148 0.3272
1 0.0141 0.3279
1 0.0134 0.3286
1 0.0126 0.3291
1 0.0119 0.3297
1 0.0111 0.3302
1 0.0102 0.3306
1 0.0094 0.3310
1 0.0085 0.3314
1 0.0076 0.3317
1 0.0067 0.3319
1 0.0058 0.3321
1 0.0049 0.3323
1 0.0040 0.3324
1 0.0030 0.3325
1 0.0021 0.3325
1 0.0011 0.3324
1 0.0002 0.3323
1 -0.0007 0.3322
1 -0.0017 0.3320
1 -0.0026 0.3317
1 -0.0035 0.3314
1 -0.0044 0.3311
1 -0.0053 0.3307
1 -0.0062 0.3302
1 -0.0070 0.3297
1 -0.0079 0.3292
1 -0.0087 0.3286
1 -0.0095 0.3280
1 -0.0103 0.3273
1 -0.0110 0.3266
1 -0.0117 0.3259
1 -0.0124 0.3251
1 -0.0131 0.3243
1 -0.0137 0.3234
1 -0.0143 0.3225
1 -0.0149 0.3217
1 -0.0154 0.3207
1 -0.0159 0.3197
1 -0.0163 0.3188
1 -0.0167 0.3178
1 -0.0171 0.3167
1 -0.0174 0.3157
1 -0.0177 0.3146
1 -0.0179 0.3136
1 -0.0181 0.3125
1 -0.0182 0.3114
1 -0.0183 0.3103
1 -0.0184 0.3093
1 -0.0184 0.3082
1 -0.0184 0.3071
1 -0.0183 0.3060
1 -0.0182 0.3050
1 -0.0180 0.3039
1 -0.0178 0.3029
1 -0.0175 0.3019
1 -0.0173 0.3009
1 -0.0169 0.2999
1 -0.0165 0.2989
1 -0.0161 0.2980
1 -0.0156 0.2971
1 -0.0151 0.2962
1 -0.0146 0.2953
1 -0.0141 0.2945
1 -0.0134 0.2937
1 -0.0128 0.2930
1 -0.0121 0.2923
1 -0.0114 0.2916
1 -0.0107 0.2910
1 -0.0099 0.2904
1 -0.0092 0.2898
1 -0.0083 0.2893
1 -0.0075 0.2889
1 -0.0066 0.2885
1 -0.0058 0.2881
1 -0.0049 0.2878
1 -0.0040 0.2876
1 -0.0031 0.2874
112 1251 315
0 0.0257 0.2752
1 0.0257 0.2752
1 0.0255 0.2755
1 0.0252 0.2758
1 0.0249 0.2761
1 0.0247 0.2764
1 0.0243 0.2767
1 0.0240 0.2769
1 0.0237 0.2772
1 0.0233 0.2774
1 0.0229 0.2776
1 0.0226 0.2778
1 0.0222 0.2779
1 0.0218 0.2780
1 0.0214 0.2781
1 0.0210 0.2782
1 0.0206 0.2783
1 0.0193 0.2787
1 0.0179 0.2790
1 0.0166 0.2793
1 0.0153 0.2796
1 0.0139 0.2799
1 0.0126 0.2801
1 0.0112 0.2803
1 0.0098 0.2805
1 0.0085 0.2807
1 0.0071 0.2808
1 0.0057 0.2810
1 0.0043 0.2810
1 0.0030 0.2811
1 0.0016 0.2812
1 0.0002 0.2812
1 -0.0011 0.2812
1 -0.0025 0.2811
1 -0.0039 0.2810
1 -0.0053 0.2810
1 -0.0066 0.2808
1 -0.0080 0.2807
1 -0.0094 0.2805
1 -0.0107 0.2803
1 -0.0121 0.2801
1 -0.0134 0.2799
1 -0.0148 0.2796
1 -0.0161 0.2793
1 -0.0175 0.2790
1 -0.0188 0.2787
1 -0.0201 0.2783
1 -0.0206 0.2782
1 -0.0210 0.2781
1 -0.0214 0.2780
1 -0.0218 0.2778
1 -0.0223 0.2776
1 -0.0227 0.2774
1 -0.0231 0.2772
1 -0.0234 0.2770
1 -0.0238 0.2767
1 -0.0242 0.2764
1 -0.0245 0.2762
1 -0.0248 0.2758
1 -0.0251 0.2755
1 -0.0254 0.2752
1 -0.0382 0.2479
1 -0.0461 0.2312
1 -0.0672 0.2205
1 -0.0889 0.2099
1 -0.0892 0.2097
1 -0.0895 0.2094
1 -0.0898 0.2091
1 -0.0900 0.2088
1 -0.0902 0.2084
1 -0.0904 0.2081
1 -0.0906 0.2078
1 -0.0908 0.2074
1 -0.0909 0.2070
1 -0.0910 0.2066
1 -0.0911 0.2062
1 -0.0912 0.2058
1 -0.0912 0.2054
1 -0.0912 0.2050
1 -0.0912 0.2046
1 -0.0912 0.2042
1 -0.0911 0.2038
1 -0.0910 0.2034
1 -0.0909 0.2030
1 -0.0908 0.2027
1 -0.0880 0.1954
1 -0.0878 0.1950
1 -0.0876 0.1947
1 -0.0875 0.1943
1 -0.0872 0.1940
1 -0.0870 0.1937
1 -0.0867 0.1934
1 -0.0864 0.1931
1 -0.0861 0.1928
1 -0.0858 0.1926
1 -0.0855 0.1923
1 -0.0851 0.1921
1 -0.0848 0.1919
1 -0.0844 0.1917
1 -0.0840 0.1916
1 -0.0836 0.1915
1 -0.0832 0.1914
1 -0.0828 0.1913
1 -0.0824 0.1913
1 -0.0820 0.1913
1 -0.0816 0.1913
1 -0.0812 0.1913
1 -0.0808 0.1914
1 -0.0804 0.1915
1 -0.0800 0.1916
1 -0.0797 0.1917
1 -0.0793 0.1919
1 -0.0581 0.2022
1 -0.0372 0.2128
1 -0.0369 0.2130
1 -0.0366 0.2132
1 -0.0363 0.2133
1 -0.0360 0.2136
1 -0.0357 0.2138
1 -0.0355 0.2141
1 -0.0352 0.2143
1 -0.0350 0.2146
1 -0.0348 0.2149
1 -0.0261 0.2285
1 -0.0261 0.1816
1 -0.0308 0.1749
1 -0.0594 0.1292
1 -0.0690 0.0536
1 -0.0691 0.0532
1 -0.0691 0.0528
1 -0.0691 0.0524
1 -0.0690 0.0520
1 -0.0690 0.0516
1 -0.0689 0.0512
1 -0.0688 0.0508
1 -0.0686 0.0504
1 -0.0685 0.0501
1 -0.0683 0.0497
1 -0.0681 0.0494
1 -0.0679 0.0490
1 -0.0677 0.0487
1 -0.0674 0.0484
1 -0.0671 0.0482
1 -0.0669 0.0479
1 -0.0665 0.0477
1 -0.0662 0.0474
1 -0.0659 0.0472
1 -0.0655 0.0470
1 -0.0652 0.0468
1 -0.0648 0.0467
1 -0.0644 0.0466
1 -0.0640 0.0465
1 -0.0637 0.0464
1 -0.0532 0.0447
1 -0.0529 0.0447
1 -0.0525 0.0446
1 -0.0521 0.0446
1 -0.0517 0.0446
1 -0.0513 0.0447
1 -0.0509 0.0448
1 -0.0505 0.0449
1 -0.0502 0.0450
1 -0.0498 0.0451
1 -0.0494 0.0453
1 -0.0491 0.0455
1 -0.0487 0.0457
1 -0.0484 0.0459
1 -0.0481 0.0461
1 -0.0478 0.0464
1 -0.0475 0.0467
1 -0.0473 0.0470
1 -0.0470 0.0473
1 -0.0468 0.0476
1 -0.0466 0.0480
1 -0.0464 0.0483
1 -0.0463 0.0487
1 -0.0461 0.0490
1 -0.0460 0.0494
1 -0.0459 0.0498
1 -0.0459 0.0502
1 -0.0370 0.1154
1 -0.0110 0.1551
1 -0.0058 0.1630
1 -0.0038 0.1479
1 0.0017 0.1050
1 0.0362 0.0320
1 0.0363 0.0316
1 0.0365 0.0313
1 0.0368 0.0309
1 0.0370 0.0306
1 0.0373 0.0303
1 0.0376 0.0300
1 0.0379 0.0298
1 0.0382 0.0295
1 0.0385 0.0293
1 0.0389 0.0291
1 0.0392 0.0289
1 0.0396 0.0287
1 0.0400 0.0286
1 0.0404 0.0285
1 0.0408 0.0284
1 0.0411 0.0283
1 0.0416 0.0283
1 0.0419 0.0283
1 0.0424 0.0283
1 0.0428 0.0283
1 0.0431 0.0284
1 0.0436 0.0285
1 0.0440 0.0286
1 0.0443 0.0287
1 0.0447 0.0289
1 0.0569 0.0346
1 0.0573 0.0348
1 0.0576 0.0350
1 0.0580 0.0352
1 0.0583 0.0355
1 0.0586 0.0357
1 0.0588 0.0360
1 0.0591 0.0363
1 0.0594 0.0366
1 0.0596 0.0369
1 0.0598 0.0373
1 0.0600 0.0377
1 0.0602 0.0380
1 0.0603 0.0384
1 0.0604 0.0388
1 0.0605 0.0392
1 0.0606 0.0396
1 0.0606 0.0399
1 0.0606 0.0404
1 0.0606 0.0407
1 0.0606 0.0411
1 0.0605 0.0416
1 0.0605 0.0419
1 0.0603 0.0423
1 0.0602 0.0427
1 0.0601 0.0431
1 0.0300 0.1095
1 0.0295 0.1146
1 0.0240 0.1764
1 0.0240 0.1857
1 0.0240 0.2329
1 0.0320 0.2197
1 0.0322 0.2194
1 0.0323 0.2190
1 0.0325 0.2187
1 0.0326 0.2184
1 0.0327 0.2180
1 0.0328 0.2176
1 0.0329 0.2173
1 0.0330 0.2169
1 0.0330 0.2165
1 0.0330 0.2162
1 0.0330 0.1760
1 0.0330 0.1711
1 0.0330 0.1707
1 0.0331 0.1703
1 0.0331 0.1699
1 0.0332 0.1695
1 0.0333 0.1691
1 0.0335 0.1687
1 0.0336 0.1684
1 0.0338 0.1680
1 0.0340 0.1676
1 0.0342 0.1673
1 0.0345 0.1670
1 0.0348 0.1667
1 0.0350 0.1664
1 0.0354 0.1661
1 0.0357 0.1659
1 0.0360 0.1657
1 0.0364 0.1655
1 0.0367 0.1653
1 0.0371 0.1651
1 0.0375 0.1650
1 0.0379 0.1649
1 0.0382 0.1648
1 0.0386 0.1647
1 0.0391 0.1647
1 0.0394 0.1647
1 0.0445 0.1647
1 0.0467 0.1647
1 0.0471 0.1647
1 0.0475 0.1647
1 0.0478 0.1648
1 0.0482 0.1649
1 0.0486 0.1650
1 0.0490 0.1651
1 0.0493 0.1653
1 0.0497 0.1654
1 0.0500 0.1656
1 0.0504 0.1658
1 0.0507 0.1661
1 0.0510 0.1663
1 0.0512 0.1666
1 0.0515 0.1669
1 0.0517 0.1671
1 0.0520 0.1675
1 0.0522 0.1678
1 0.0524 0.1681
1 0.0526 0.1685
1 0.0527 0.1688
1 0.0528 0.1692
1 0.0529 0.1696
1 0.0530 0.1700
1 0.0531 0.1704
1 0.0531 0.2253
1 0.0530 0.2257
1 0.0529 0.2260
1 0.0529 0.2263
1 0.0527 0.2267
1 0.0526 0.2270
1 0.0525 0.2273
1 0.0523 0.2276
1 0.0257 0.2752
