SEcl_RO-6d
3377 5 1 1 0 0 0 0 0 0 1 1
1.000
112 1251 461
0 -0.3001 0.3000
1 -0.3001 0.3041
1 -0.3000 0.3082
1 -0.2999 0.3123
1 -0.2997 0.3164
1 -0.2994 0.3205
1 -0.2991 0.3246
1 -0.2987 0.3287
1 -0.2983 0.3327
1 -0.2979 0.3368
1 -0.2973 0.3409
1 -0.2967 0.3449
1 -0.2961 0.3490
1 -0.2954 0.3530
1 -0.2946 0.3570
1 -0.2938 0.3611
1 -0.2930 0.3651
1 -0.2921 0.3691
1 -0.2911 0.3730
1 -0.2901 0.3770
1 -0.2890 0.3810
1 -0.2879 0.3849
1 -0.2867 0.3888
1 -0.2854 0.3927
1 -0.2841 0.3966
1 -0.2828 0.4005
1 -0.2814 0.4044
1 -0.2799 0.4082
1 -0.2784 0.4120
1 -0.2769 0.4158
1 -0.2753 0.4196
1 -0.2736 0.4233
1 -0.2719 0.4270
1 -0.2701 0.4307
1 -0.2683 0.4344
1 -0.2665 0.4381
1 -0.2646 0.4417
1 -0.2626 0.4453
1 -0.2606 0.4489
1 -0.2585 0.4524
1 -0.2564 0.4559
1 -0.2543 0.4594
1 -0.2521 0.4629
1 -0.2498 0.4663
1 -0.2475 0.4697
1 -0.2452 0.4731
1 -0.2428 0.4764
1 -0.2404 0.4797
1 -0.2379 0.4830
1 -0.2354 0.4862
1 -0.2328 0.4894
1 -0.2302 0.4926
1 -0.2275 0.4957
1 -0.2249 0.4988
1 -0.2221 0.5018
1 -0.2193 0.5048
1 -0.2165 0.5078
1 -0.2137 0.5108
1 -0.2108 0.5137
1 -0.2078 0.5165
1 -0.2048 0.5193
1 -0.2018 0.5221
1 -0.1988 0.5249
1 -0.1957 0.5275
1 -0.1926 0.5302
1 -0.1894 0.5328
1 -0.1862 0.5354
1 -0.1830 0.5379
1 -0.1797 0.5404
1 -0.1764 0.5428
1 -0.1731 0.5452
1 -0.1697 0.5475
1 -0.1663 0.5498
1 -0.1629 0.5521
1 -0.1594 0.5543
1 -0.1559 0.5564
1 -0.1524 0.5585
1 -0.1489 0.5606
1 -0.1453 0.5626
1 -0.1417 0.5646
1 -0.1381 0.5665
1 -0.1344 0.5683
1 -0.1307 0.5701
1 -0.1270 0.5719
1 -0.1233 0.5736
1 -0.1196 0.5753
1 -0.1158 0.5769
1 -0.1120 0.5784
1 -0.1082 0.5799
1 -0.1044 0.5814
1 -0.1005 0.5828
1 -0.0966 0.5841
1 -0.0927 0.5854
1 -0.0888 0.5867
1 -0.0849 0.5879
1 -0.0810 0.5890
1 -0.0770 0.5901
1 -0.0730 0.5911
1 -0.0691 0.5921
1 -0.0651 0.5930
1 -0.0611 0.5938
1 -0.0570 0.5946
1 -0.0530 0.5954
1 -0.0490 0.5961
1 -0.0449 0.5967
1 -0.0409 0.5973
1 -0.0368 0.5979
1 -0.0327 0.5983
1 -0.0287 0.5987
1 -0.0246 0.5991
1 -0.0205 0.5994
1 -0.0164 0.5997
1 -0.0123 0.5999
1 -0.0082 0.6000
1 -0.0041 0.6001
1 0.0000 0.6001
1 0.0041 0.6001
1 0.0082 0.6000
1 0.0123 0.5999
1 0.0164 0.5997
1 0.0205 0.5994
1 0.0246 0.5991
1 0.0287 0.5987
1 0.0327 0.5983
1 0.0368 0.5979
1 0.0409 0.5973
1 0.0449 0.5967
1 0.0490 0.5961
1 0.0530 0.5954
1 0.0570 0.5946
1 0.0611 0.5938
1 0.0651 0.5930
1 0.0691 0.5921
1 0.0730 0.5911
1 0.0770 0.5901
1 0.0810 0.5890
1 0.0849 0.5879
1 0.0888 0.5867
1 0.0927 0.5854
1 0.0966 0.5841
1 0.1005 0.5828
1 0.1044 0.5814
1 0.1082 0.5799
1 0.1120 0.5784
1 0.1158 0.5769
1 0.1196 0.5753
1 0.1233 0.5736
1 0.1270 0.5719
1 0.1307 0.5701
1 0.1344 0.5683
1 0.1381 0.5665
1 0.1417 0.5646
1 0.1453 0.5626
1 0.1489 0.5606
1 0.1524 0.5585
1 0.1559 0.5564
1 0.1594 0.5543
1 0.1629 0.5521
1 0.1663 0.5498
1 0.1697 0.5475
1 0.1731 0.5452
1 0.1764 0.5428
1 0.1797 0.5404
1 0.1830 0.5379
1 0.1862 0.5354
1 0.1894 0.5328
1 0.1926 0.5302
1 0.1957 0.5275
1 0.1988 0.5249
1 0.2018 0.5221
1 0.2048 0.5193
1 0.2078 0.5165
1 0.2108 0.5137
1 0.2137 0.5108
1 0.2165 0.5078
1 0.2193 0.5048
1 0.2221 0.5018
1 0.2249 0.4988
1 0.2275 0.4957
1 0.2302 0.4926
1 0.2328 0.4894
1 0.2354 0.4862
1 0.2379 0.4830
1 0.2404 0.4797
1 0.2428 0.4764
1 0.2452 0.4731
1 0.2475 0.4697
1 0.2498 0.4663
1 0.2521 0.4629
1 0.2543 0.4594
1 0.2564 0.4559
1 0.2585 0.4524
1 0.2606 0.4489
1 0.2626 0.4453
1 0.2646 0.4417
1 0.2665 0.4381
1 0.2683 0.4344
1 0.2701 0.4307
1 0.2719 0.4270
1 0.2736 0.4233
1 0.2753 0.4196
1 0.2769 0.4158
1 0.2784 0.4120
1 0.2799 0.4082
1 0.2814 0.4044
1 0.2828 0.4005
1 0.2841 0.3966
1 0.2854 0.3927
1 0.2867 0.3888
1 0.2879 0.3849
1 0.2890 0.3810
1 0.2901 0.3770
1 0.2911 0.3730
1 0.2921 0.3691
1 0.2930 0.3651
1 0.2938 0.3611
1 0.2946 0.3570
1 0.2954 0.3530
1 0.2961 0.3490
1 0.2967 0.3449
1 0.2973 0.3409
1 0.2979 0.3368
1 0.2983 0.3327
1 0.2987 0.3287
1 0.2991 0.3246
1 0.2994 0.3205
1 0.2997 0.3164
1 0.2999 0.3123
1 0.3000 0.3082
1 0.3001 0.3041
1 0.3001 0.3000
1 0.3001 0.2959
1 0.3000 0.2918
1 0.2999 0.2877
1 0.2997 0.2836
1 0.2994 0.2795
1 0.2991 0.2754
1 0.2987 0.2713
1 0.2983 0.2673
1 0.2979 0.2632
1 0.2973 0.2591
1 0.2967 0.2551
1 0.2961 0.2510
1 0.2954 0.2470
1 0.2946 0.2430
1 0.2938 0.2389
1 0.2930 0.2349
1 0.2921 0.2309
1 0.2911 0.2270
1 0.2901 0.2230
1 0.2890 0.2190
1 0.2879 0.2151
1 0.2867 0.2112
1 0.2854 0.2073
1 0.2841 0.2034
1 0.2828 0.1995
1 0.2814 0.1956
1 0.2799 0.1918
1 0.2784 0.1880
1 0.2769 0.1842
1 0.2753 0.1804
1 0.2736 0.1767
1 0.2719 0.1730
1 0.2701 0.1693
1 0.2683 0.1656
1 0.2665 0.1619
1 0.2646 0.1583
1 0.2626 0.1547
1 0.2606 0.1511
1 0.2585 0.1476
1 0.2564 0.1441
1 0.2543 0.1406
1 0.2521 0.1371
1 0.2498 0.1337
1 0.2475 0.1303
1 0.2452 0.1269
1 0.2428 0.1236
1 0.2404 0.1203
1 0.2379 0.1170
1 0.2354 0.1138
1 0.2328 0.1106
1 0.2302 0.1074
1 0.2275 0.1043
1 0.2249 0.1012
1 0.2221 0.0982
1 0.2193 0.0952
1 0.2165 0.0922
1 0.2137 0.0892
1 0.2108 0.0863
1 0.2078 0.0835
1 0.2048 0.0807
1 0.2018 0.0779
1 0.1988 0.0751
1 0.1957 0.0725
1 0.1926 0.0698
1 0.1894 0.0672
1 0.1862 0.0646
1 0.1830 0.0621
1 0.1797 0.0596
1 0.1764 0.0572
1 0.1731 0.0548
1 0.1697 0.0525
1 0.1663 0.0502
1 0.1629 0.0479
1 0.1594 0.0457
1 0.1559 0.0436
1 0.1524 0.0415
1 0.1489 0.0394
1 0.1453 0.0374
1 0.1417 0.0354
1 0.1381 0.0335
1 0.1344 0.0317
1 0.1307 0.0299
1 0.1270 0.0281
1 0.1233 0.0264
1 0.1196 0.0247
1 0.1158 0.0231
1 0.1120 0.0216
1 0.1082 0.0201
1 0.1044 0.0186
1 0.1005 0.0172
1 0.0966 0.0159
1 0.0927 0.0146
1 0.0888 0.0133
1 0.0849 0.0121
1 0.0810 0.0110
1 0.0770 0.0099
1 0.0730 0.0089
1 0.0691 0.0079
1 0.0651 0.0070
1 0.0611 0.0062
1 0.0570 0.0054
1 0.0530 0.0046
1 0.0490 0.0039
1 0.0449 0.0033
1 0.0409 0.0027
1 0.0368 0.0021
1 0.0327 0.0017
1 0.0287 0.0013
1 0.0246 0.0009
1 0.0205 0.0006
1 0.0164 0.0003
1 0.0123 0.0001
1 0.0082 -0.0000
1 0.0041 -0.0001
1 0.0000 -0.0001
1 -0.0041 -0.0001
1 -0.0082 -0.0000
1 -0.0123 0.0001
1 -0.0164 0.0003
1 -0.0205 0.0006
1 -0.0246 0.0009
1 -0.0287 0.0013
1 -0.0327 0.0017
1 -0.0368 0.0021
1 -0.0409 0.0027
1 -0.0449 0.0033
1 -0.0490 0.0039
1 -0.0530 0.0046
1 -0.0570 0.0054
1 -0.0611 0.0062
1 -0.0651 0.0070
1 -0.0691 0.0079
1 -0.0730 0.0089
1 -0.0770 0.0099
1 -0.0810 0.0110
1 -0.0849 0.0121
1 -0.0888 0.0133
1 -0.0927 0.0146
1 -0.0966 0.0159
1 -0.1005 0.0172
1 -0.1044 0.0186
1 -0.1082 0.0201
1 -0.1120 0.0216
1 -0.1158 0.0231
1 -0.1196 0.0247
1 -0.1233 0.0264
1 -0.1270 0.0281
1 -0.1307 0.0299
1 -0.1344 0.0317
1 -0.1381 0.0335
1 -0.1417 0.0354
1 -0.1453 0.0374
1 -0.1489 0.0394
1 -0.1524 0.0415
1 -0.1559 0.0436
1 -0.1594 0.0457
1 -0.1629 0.0479
1 -0.1663 0.0502
1 -0.1697 0.0525
1 -0.1731 0.0548
1 -0.1764 0.0572
1 -0.1797 0.0596
1 -0.1830 0.0621
1 -0.1862 0.0646
1 -0.1894 0.0672
1 -0.1926 0.0698
1 -0.1957 0.0725
1 -0.1988 0.0751
1 -0.2018 0.0779
1 -0.2048 0.0807
1 -0.2078 0.0835
1 -0.2108 0.0863
1 -0.2137 0.0892
1 -0.2165 0.0922
1 -0.2193 0.0952
1 -0.2221 0.0982
1 -0.2249 0.1012
1 -0.2275 0.1043
1 -0.2302 0.1074
1 -0.2328 0.1106
1 -0.2354 0.1138
1 -0.2379 0.1170
1 -0.2404 0.1203
1 -0.2428 0.1236
1 -0.2452 0.1269
1 -0.2475 0.1303
1 -0.2498 0.1337
1 -0.2521 0.1371
1 -0.2543 0.1406
1 -0.2564 0.1441
1 -0.2585 0.1476
1 -0.2606 0.1511
1 -0.2626 0.1547
1 -0.2646 0.1583
1 -0.2665 0.1619
1 -0.2683 0.1656
1 -0.2701 0.1693
1 -0.2719 0.1730
1 -0.2736 0.1767
1 -0.2753 0.1804
1 -0.2769 0.1842
1 -0.2784 0.1880
1 -0.2799 0.1918
1 -0.2814 0.1956
1 -0.2828 0.1995
1 -0.2841 0.2034
1 -0.2854 0.2073
1 -0.2867 0.2112
1 -0.2879 0.2151
1 -0.2890 0.2190
1 -0.2901 0.2230
1 -0.2911 0.2270
1 -0.2921 0.2309
1 -0.2930 0.2349
1 -0.2938 0.2389
1 -0.2946 0.2430
1 -0.2954 0.2470
1 -0.2961 0.2510
1 -0.2967 0.2551
1 -0.2973 0.2591
1 -0.2979 0.2632
1 -0.2983 0.2673
1 -0.2987 0.2713
1 -0.2991 0.2754
1 -0.2994 0.2795
1 -0.2997 0.2836
1 -0.2999 0.2877
1 -0.3000 0.2918
1 -0.3001 0.2959
1 -0.3001 0.3000
112 1466 461
0 -0.2901 0.3000
1 -0.2901 0.3040
1 -0.2900 0.3079
1 -0.2899 0.3119
1 -0.2897 0.3158
1 -0.2894 0.3198
1 -0.2891 0.3237
1 -0.2888 0.3277
1 -0.2884 0.3316
1 -0.2879 0.3356
1 -0.2874 0.3395
1 -0.2869 0.3434
1 -0.2862 0.3473
1 -0.2856 0.3512
1 -0.2848 0.3551
1 -0.2841 0.3590
1 -0.2832 0.3629
1 -0.2823 0.3668
1 -0.2814 0.3706
1 -0.2804 0.3745
1 -0.2794 0.3783
1 -0.2783 0.3821
1 -0.2771 0.3859
1 -0.2759 0.3897
1 -0.2747 0.3934
1 -0.2734 0.3972
1 -0.2720 0.4009
1 -0.2706 0.4046
1 -0.2692 0.4083
1 -0.2677 0.4119
1 -0.2661 0.4156
1 -0.2645 0.4192
1 -0.2628 0.4228
1 -0.2611 0.4264
1 -0.2594 0.4299
1 -0.2576 0.4335
1 -0.2557 0.4370
1 -0.2539 0.4405
1 -0.2519 0.4439
1 -0.2499 0.4473
1 -0.2479 0.4507
1 -0.2458 0.4541
1 -0.2437 0.4575
1 -0.2415 0.4608
1 -0.2393 0.4641
1 -0.2370 0.4673
1 -0.2347 0.4705
1 -0.2324 0.4737
1 -0.2300 0.4769
1 -0.2275 0.4800
1 -0.2250 0.4831
1 -0.2225 0.4861
1 -0.2200 0.4892
1 -0.2174 0.4922
1 -0.2147 0.4951
1 -0.2120 0.4980
1 -0.2093 0.5009
1 -0.2065 0.5037
1 -0.2037 0.5065
1 -0.2009 0.5093
1 -0.1980 0.5120
1 -0.1951 0.5147
1 -0.1922 0.5174
1 -0.1892 0.5200
1 -0.1861 0.5225
1 -0.1831 0.5250
1 -0.1800 0.5275
1 -0.1769 0.5300
1 -0.1737 0.5324
1 -0.1705 0.5347
1 -0.1673 0.5370
1 -0.1641 0.5393
1 -0.1608 0.5415
1 -0.1575 0.5437
1 -0.1541 0.5458
1 -0.1507 0.5479
1 -0.1473 0.5499
1 -0.1439 0.5519
1 -0.1405 0.5539
1 -0.1370 0.5557
1 -0.1335 0.5576
1 -0.1299 0.5594
1 -0.1264 0.5611
1 -0.1228 0.5628
1 -0.1192 0.5645
1 -0.1156 0.5661
1 -0.1119 0.5677
1 -0.1083 0.5692
1 -0.1046 0.5706
1 -0.1009 0.5720
1 -0.0972 0.5734
1 -0.0934 0.5747
1 -0.0897 0.5759
1 -0.0859 0.5771
1 -0.0821 0.5783
1 -0.0783 0.5794
1 -0.0745 0.5804
1 -0.0706 0.5814
1 -0.0668 0.5823
1 -0.0629 0.5832
1 -0.0590 0.5841
1 -0.0551 0.5848
1 -0.0512 0.5856
1 -0.0473 0.5862
1 -0.0434 0.5869
1 -0.0395 0.5874
1 -0.0356 0.5879
1 -0.0316 0.5884
1 -0.0277 0.5888
1 -0.0237 0.5891
1 -0.0198 0.5894
1 -0.0158 0.5897
1 -0.0119 0.5899
1 -0.0079 0.5900
1 -0.0040 0.5901
1 0.0000 0.5901
1 0.0040 0.5901
1 0.0079 0.5900
1 0.0119 0.5899
1 0.0158 0.5897
1 0.0198 0.5894
1 0.0237 0.5891
1 0.0277 0.5888
1 0.0316 0.5884
1 0.0356 0.5879
1 0.0395 0.5874
1 0.0434 0.5869
1 0.0473 0.5862
1 0.0512 0.5856
1 0.0551 0.5848
1 0.0590 0.5841
1 0.0629 0.5832
1 0.0668 0.5823
1 0.0706 0.5814
1 0.0745 0.5804
1 0.0783 0.5794
1 0.0821 0.5783
1 0.0859 0.5771
1 0.0897 0.5759
1 0.0934 0.5747
1 0.0972 0.5734
1 0.1009 0.5720
1 0.1046 0.5706
1 0.1083 0.5692
1 0.1119 0.5677
1 0.1156 0.5661
1 0.1192 0.5645
1 0.1228 0.5628
1 0.1264 0.5611
1 0.1299 0.5594
1 0.1335 0.5576
1 0.1370 0.5557
1 0.1405 0.5539
1 0.1439 0.5519
1 0.1473 0.5499
1 0.1507 0.5479
1 0.1541 0.5458
1 0.1575 0.5437
1 0.1608 0.5415
1 0.1641 0.5393
1 0.1673 0.5370
1 0.1705 0.5347
1 0.1737 0.5324
1 0.1769 0.5300
1 0.1800 0.5275
1 0.1831 0.5250
1 0.1861 0.5225
1 0.1892 0.5200
1 0.1922 0.5174
1 0.1951 0.5147
1 0.1980 0.5120
1 0.2009 0.5093
1 0.2037 0.5065
1 0.2065 0.5037
1 0.2093 0.5009
1 0.2120 0.4980
1 0.2147 0.4951
1 0.2174 0.4922
1 0.2200 0.4892
1 0.2225 0.4861
1 0.2250 0.4831
1 0.2275 0.4800
1 0.2300 0.4769
1 0.2324 0.4737
1 0.2347 0.4705
1 0.2370 0.4673
1 0.2393 0.4641
1 0.2415 0.4608
1 0.2437 0.4575
1 0.2458 0.4541
1 0.2479 0.4507
1 0.2499 0.4473
1 0.2519 0.4439
1 0.2539 0.4405
1 0.2557 0.4370
1 0.2576 0.4335
1 0.2594 0.4299
1 0.2611 0.4264
1 0.2628 0.4228
1 0.2645 0.4192
1 0.2661 0.4156
1 0.2677 0.4119
1 0.2692 0.4083
1 0.2706 0.4046
1 0.2720 0.4009
1 0.2734 0.3972
1 0.2747 0.3934
1 0.2759 0.3897
1 0.2771 0.3859
1 0.2783 0.3821
1 0.2794 0.3783
1 0.2804 0.3745
1 0.2814 0.3706
1 0.2823 0.3668
1 0.2832 0.3629
1 0.2841 0.3590
1 0.2848 0.3551
1 0.2856 0.3512
1 0.2862 0.3473
1 0.2869 0.3434
1 0.2874 0.3395
1 0.2879 0.3356
1 0.2884 0.3316
1 0.2888 0.3277
1 0.2891 0.3237
1 0.2894 0.3198
1 0.2897 0.3158
1 0.2899 0.3119
1 0.2900 0.3079
1 0.2901 0.3040
1 0.2901 0.3000
1 0.2901 0.2960
1 0.2900 0.2921
1 0.2899 0.2881
1 0.2897 0.2842
1 0.2894 0.2802
1 0.2891 0.2763
1 0.2888 0.2723
1 0.2884 0.2684
1 0.2879 0.2644
1 0.2874 0.2605
1 0.2869 0.2566
1 0.2862 0.2527
1 0.2856 0.2488
1 0.2848 0.2449
1 0.2841 0.2410
1 0.2832 0.2371
1 0.2823 0.2332
1 0.2814 0.2294
1 0.2804 0.2255
1 0.2794 0.2217
1 0.2783 0.2179
1 0.2771 0.2141
1 0.2759 0.2103
1 0.2747 0.2066
1 0.2734 0.2028
1 0.2720 0.1991
1 0.2706 0.1954
1 0.2692 0.1917
1 0.2677 0.1881
1 0.2661 0.1844
1 0.2645 0.1808
1 0.2628 0.1772
1 0.2611 0.1736
1 0.2594 0.1701
1 0.2576 0.1665
1 0.2557 0.1630
1 0.2539 0.1595
1 0.2519 0.1561
1 0.2499 0.1527
1 0.2479 0.1493
1 0.2458 0.1459
1 0.2437 0.1425
1 0.2415 0.1392
1 0.2393 0.1359
1 0.2370 0.1327
1 0.2347 0.1295
1 0.2324 0.1263
1 0.2300 0.1231
1 0.2275 0.1200
1 0.2250 0.1169
1 0.2225 0.1139
1 0.2200 0.1108
1 0.2174 0.1078
1 0.2147 0.1049
1 0.2120 0.1020
1 0.2093 0.0991
1 0.2065 0.0963
1 0.2037 0.0935
1 0.2009 0.0907
1 0.1980 0.0880
1 0.1951 0.0853
1 0.1922 0.0826
1 0.1892 0.0800
1 0.1861 0.0775
1 0.1831 0.0750
1 0.1800 0.0725
1 0.1769 0.0700
1 0.1737 0.0676
1 0.1705 0.0653
1 0.1673 0.0630
1 0.1641 0.0607
1 0.1608 0.0585
1 0.1575 0.0563
1 0.1541 0.0542
1 0.1507 0.0521
1 0.1473 0.0501
1 0.1439 0.0481
1 0.1405 0.0461
1 0.1370 0.0443
1 0.1335 0.0424
1 0.1299 0.0406
1 0.1264 0.0389
1 0.1228 0.0372
1 0.1192 0.0355
1 0.1156 0.0339
1 0.1119 0.0323
1 0.1083 0.0308
1 0.1046 0.0294
1 0.1009 0.0280
1 0.0972 0.0266
1 0.0934 0.0253
1 0.0897 0.0241
1 0.0859 0.0229
1 0.0821 0.0217
1 0.0783 0.0206
1 0.0744 0.0196
1 0.0706 0.0186
1 0.0668 0.0177
1 0.0629 0.0168
1 0.0590 0.0159
1 0.0551 0.0152
1 0.0512 0.0144
1 0.0473 0.0138
1 0.0434 0.0131
1 0.0395 0.0126
1 0.0356 0.0121
1 0.0316 0.0116
1 0.0277 0.0112
1 0.0237 0.0109
1 0.0198 0.0106
1 0.0158 0.0103
1 0.0119 0.0101
1 0.0079 0.0100
1 0.0040 0.0099
1 0.0000 0.0099
1 -0.0040 0.0099
1 -0.0079 0.0100
1 -0.0119 0.0101
1 -0.0158 0.0103
1 -0.0198 0.0106
1 -0.0237 0.0109
1 -0.0277 0.0112
1 -0.0316 0.0116
1 -0.0356 0.0121
1 -0.0395 0.0126
1 -0.0434 0.0131
1 -0.0473 0.0138
1 -0.0512 0.0144
1 -0.0551 0.0152
1 -0.0590 0.0159
1 -0.0629 0.0168
1 -0.0668 0.0177
1 -0.0706 0.0186
1 -0.0744 0.0196
1 -0.0783 0.0206
1 -0.0821 0.0217
1 -0.0859 0.0229
1 -0.0897 0.0241
1 -0.0934 0.0253
1 -0.0972 0.0266
1 -0.1009 0.0280
1 -0.1046 0.0294
1 -0.1083 0.0308
1 -0.1119 0.0323
1 -0.1156 0.0339
1 -0.1192 0.0355
1 -0.1228 0.0372
1 -0.1264 0.0389
1 -0.1299 0.0406
1 -0.1335 0.0424
1 -0.1370 0.0443
1 -0.1405 0.0461
1 -0.1439 0.0481
1 -0.1473 0.0501
1 -0.1507 0.0521
1 -0.1541 0.0542
1 -0.1575 0.0563
1 -0.1608 0.0585
1 -0.1641 0.0607
1 -0.1673 0.0630
1 -0.1705 0.0653
1 -0.1737 0.0676
1 -0.1769 0.0700
1 -0.1800 0.0725
1 -0.1831 0.0750
1 -0.1861 0.0775
1 -0.1892 0.0800
1 -0.1922 0.0826
1 -0.1951 0.0853
1 -0.1980 0.0880
1 -0.2009 0.0907
1 -0.2037 0.0935
1 -0.2065 0.0963
1 -0.2093 0.0991
1 -0.2120 0.1020
1 -0.2147 0.1049
1 -0.2174 0.1078
1 -0.2200 0.1108
1 -0.2225 0.1139
1 -0.2250 0.1169
1 -0.2275 0.1200
1 -0.2300 0.1231
1 -0.2324 0.1263
1 -0.2347 0.1295
1 -0.2370 0.1327
1 -0.2393 0.1359
1 -0.2415 0.1392
1 -0.2437 0.1425
1 -0.2458 0.1459
1 -0.2479 0.1493
1 -0.2499 0.1527
1 -0.2519 0.1561
1 -0.2539 0.1595
1 -0.2557 0.1630
1 -0.2576 0.1665
1 -0.2594 0.1701
1 -0.2611 0.1736
1 -0.2628 0.1772
1 -0.2645 0.1808
1 -0.2661 0.1844
1 -0.2677 0.1881
1 -0.2692 0.1917
1 -0.2706 0.1954
1 -0.2720 0.1991
1 -0.2734 0.2028
1 -0.2747 0.2066
1 -0.2759 0.2103
1 -0.2771 0.2141
1 -0.2783 0.2179
1 -0.2794 0.2217
1 -0.2804 0.2255
1 -0.2814 0.2294
1 -0.2823 0.2332
1 -0.2832 0.2371
1 -0.2841 0.2410
1 -0.2848 0.2449
1 -0.2856 0.2488
1 -0.2862 0.2527
1 -0.2869 0.2566
1 -0.2874 0.2605
1 -0.2879 0.2644
1 -0.2884 0.2684
1 -0.2888 0.2723
1 -0.2891 0.2763
1 -0.2894 0.2802
1 -0.2897 0.2842
1 -0.2899 0.2881
1 -0.2900 0.2921
1 -0.2901 0.2960
1 -0.2901 0.3000
112 1251 314
0 -0.2258 0.4061
1 -0.2273 0.4030
1 -0.2287 0.3999
1 -0.2301 0.3966
1 -0.2314 0.3935
1 -0.2327 0.3903
1 -0.2340 0.3870
1 -0.2351 0.3838
1 -0.2363 0.3805
1 -0.2374 0.3773
1 -0.2384 0.3739
1 -0.2395 0.3706
1 -0.2404 0.3674
1 -0.2414 0.3640
1 -0.2422 0.3606
1 -0.2431 0.3573
1 -0.2439 0.3539
1 -0.2446 0.3506
1 -0.2454 0.3471
1 -0.2460 0.3437
1 -0.2466 0.3404
1 -0.2472 0.3370
1 -0.2476 0.3336
1 -0.2481 0.3301
1 -0.2485 0.3266
1 -0.2489 0.3232
1 -0.2492 0.3198
1 -0.2494 0.3164
1 -0.2497 0.3128
1 -0.2498 0.3094
1 -0.2500 0.3060
1 -0.2501 0.3025
1 -0.2501 0.2991
1 -0.2501 0.2956
1 -0.2500 0.2921
1 -0.2499 0.2887
1 -0.2497 0.2852
1 -0.2495 0.2818
1 -0.2493 0.2783
1 -0.2490 0.2748
1 -0.2487 0.2714
1 -0.2482 0.2680
1 -0.2478 0.2646
1 -0.2473 0.2612
1 -0.2468 0.2577
1 -0.2462 0.2543
1 -0.2456 0.2509
1 -0.2449 0.2475
1 -0.2441 0.2442
1 -0.2434 0.2407
1 -0.2425 0.2374
1 -0.2417 0.2341
1 -0.2408 0.2307
1 -0.2399 0.2273
1 -0.2388 0.2241
1 -0.2378 0.2208
1 -0.2366 0.2175
1 -0.2355 0.2142
1 -0.2343 0.2110
1 -0.2331 0.2078
1 -0.2318 0.2045
1 -0.2305 0.2013
1 -0.2291 0.1982
1 -0.2277 0.1950
1 -0.2263 0.1919
1 -0.2247 0.1888
1 -0.2232 0.1856
1 -0.2217 0.1826
1 -0.2200 0.1796
1 -0.2184 0.1765
1 -0.2167 0.1735
1 -0.2150 0.1704
1 -0.2132 0.1675
1 -0.2114 0.1645
1 -0.2095 0.1617
1 -0.2076 0.1588
1 -0.2056 0.1559
1 -0.2036 0.1531
1 -0.2016 0.1503
1 -0.1995 0.1475
1 -0.1974 0.1448
1 -0.1953 0.1420
1 -0.1931 0.1394
1 -0.1908 0.1367
1 -0.1886 0.1341
1 -0.1863 0.1315
1 -0.1840 0.1289
1 -0.1816 0.1265
1 -0.1792 0.1239
1 -0.1768 0.1214
1 -0.1743 0.1190
1 -0.1718 0.1167
1 -0.1694 0.1143
1 -0.1668 0.1119
1 -0.1641 0.1096
1 -0.1616 0.1074
1 -0.1589 0.1052
1 -0.1563 0.1030
1 -0.1535 0.1009
1 -0.1507 0.0987
1 -0.1480 0.0967
1 -0.1451 0.0946
1 -0.1424 0.0926
1 -0.1395 0.0907
1 -0.1366 0.0888
1 -0.1337 0.0869
1 -0.1308 0.0851
1 -0.1278 0.0833
1 -0.1248 0.0815
1 -0.1248 0.0815
1 -0.1256 0.0817
1 -0.1263 0.0817
1 -0.1272 0.0817
1 -0.1279 0.0817
1 -0.1287 0.0816
1 -0.1295 0.0815
1 -0.1302 0.0813
1 -0.1310 0.0810
1 -0.1317 0.0808
1 -0.1324 0.0805
1 -0.1331 0.0801
1 -0.1337 0.0797
1 -0.1344 0.0792
1 -0.1350 0.0788
1 -0.1355 0.0782
1 -0.1361 0.0776
1 -0.1366 0.0771
1 -0.1371 0.0765
1 -0.1375 0.0758
1 -0.1379 0.0752
1 -0.1383 0.0744
1 -0.1386 0.0737
1 -0.1388 0.0730
1 -0.1390 0.0722
1 -0.1392 0.0714
1 -0.1392 0.0707
1 -0.1393 0.0698
1 -0.1393 0.0691
1 -0.1393 0.0683
1 -0.1392 0.0676
1 -0.1391 0.0668
1 -0.1389 0.0660
1 -0.1387 0.0653
1 -0.1384 0.0645
1 -0.1381 0.0638
1 -0.1377 0.0632
1 -0.1373 0.0625
1 -0.1369 0.0619
1 -0.1363 0.0613
1 -0.1358 0.0606
1 -0.1353 0.0601
1 -0.1347 0.0596
1 -0.1340 0.0592
1 -0.1334 0.0587
1 -0.1327 0.0583
1 -0.1320 0.0580
1 -0.1313 0.0577
1 -0.1305 0.0575
1 -0.1298 0.0572
1 -0.1290 0.0571
1 -0.1282 0.0570
1 -0.1275 0.0569
1 -0.1267 0.0569
1 -0.1259 0.0569
1 -0.1252 0.0570
1 -0.1243 0.0572
1 -0.1243 0.0572
1 -0.0174 0.0796
1 -0.0810 0.1539
1 -0.0815 0.1545
1 -0.0821 0.1550
1 -0.0827 0.1555
1 -0.0833 0.1560
1 -0.0840 0.1565
1 -0.0846 0.1569
1 -0.0854 0.1572
1 -0.0861 0.1575
1 -0.0869 0.1577
1 -0.0877 0.1579
1 -0.0884 0.1581
1 -0.0892 0.1582
1 -0.0899 0.1583
1 -0.0907 0.1583
1 -0.0916 0.1582
1 -0.0923 0.1581
1 -0.0931 0.1580
1 -0.0938 0.1578
1 -0.0946 0.1575
1 -0.0954 0.1572
1 -0.0960 0.1569
1 -0.0968 0.1566
1 -0.0974 0.1561
1 -0.0980 0.1556
1 -0.0987 0.1551
1 -0.0993 0.1546
1 -0.0997 0.1540
1 -0.1003 0.1534
1 -0.1008 0.1528
1 -0.1012 0.1521
1 -0.1015 0.1514
1 -0.1018 0.1507
1 -0.1021 0.1499
1 -0.1024 0.1492
1 -0.1026 0.1484
1 -0.1027 0.1476
1 -0.1028 0.1469
1 -0.1029 0.1461
1 -0.1029 0.1453
1 -0.1028 0.1445
1 -0.1027 0.1437
1 -0.1025 0.1430
1 -0.1023 0.1422
1 -0.1020 0.1415
1 -0.1017 0.1407
1 -0.1013 0.1400
1 -0.1010 0.1394
1 -0.1006 0.1387
1 -0.1001 0.1380
1 -0.0995 0.1375
1 -0.0990 0.1369
1 -0.0984 0.1363
1 -0.1010 0.1379
1 -0.1035 0.1396
1 -0.1061 0.1413
1 -0.1086 0.1430
1 -0.1110 0.1447
1 -0.1135 0.1465
1 -0.1159 0.1484
1 -0.1183 0.1502
1 -0.1206 0.1522
1 -0.1229 0.1541
1 -0.1252 0.1561
1 -0.1275 0.1581
1 -0.1297 0.1602
1 -0.1318 0.1623
1 -0.1340 0.1644
1 -0.1361 0.1665
1 -0.1382 0.1687
1 -0.1403 0.1710
1 -0.1423 0.1732
1 -0.1443 0.1755
1 -0.1463 0.1778
1 -0.1482 0.1802
1 -0.1500 0.1826
1 -0.1519 0.1850
1 -0.1536 0.1874
1 -0.1554 0.1899
1 -0.1571 0.1924
1 -0.1587 0.1949
1 -0.1604 0.1975
1 -0.1620 0.2001
1 -0.1636 0.2026
1 -0.1651 0.2053
1 -0.1665 0.2080
1 -0.1679 0.2106
1 -0.1694 0.2133
1 -0.1707 0.2160
1 -0.1719 0.2188
1 -0.1732 0.2215
1 -0.1744 0.2243
1 -0.1755 0.2271
1 -0.1767 0.2299
1 -0.1777 0.2328
1 -0.1788 0.2356
1 -0.1797 0.2385
1 -0.1807 0.2413
1 -0.1816 0.2443
1 -0.1825 0.2471
1 -0.1832 0.2500
1 -0.1840 0.2530
1 -0.1847 0.2559
1 -0.1853 0.2589
1 -0.1859 0.2618
1 -0.1865 0.2649
1 -0.1870 0.2678
1 -0.1875 0.2709
1 -0.1879 0.2738
1 -0.1883 0.2768
1 -0.1886 0.2798
1 -0.1888 0.2828
1 -0.1891 0.2859
1 -0.1892 0.2889
1 -0.1894 0.2919
1 -0.1895 0.2950
1 -0.1895 0.2979
1 -0.1895 0.3010
1 -0.1894 0.3040
1 -0.1893 0.3070
1 -0.1891 0.3101
1 -0.1889 0.3131
1 -0.1886 0.3161
1 -0.1884 0.3191
1 -0.1880 0.3222
1 -0.1876 0.3251
1 -0.1872 0.3281
1 -0.1867 0.3311
1 -0.1862 0.3341
1 -0.1855 0.3371
1 -0.1849 0.3400
1 -0.1842 0.3430
1 -0.1835 0.3459
1 -0.1827 0.3488
1 -0.1819 0.3518
1 -0.1810 0.3546
1 -0.1801 0.3576
1 -0.1791 0.3604
1 -0.1781 0.3633
1 -0.1771 0.3661
1 -0.1759 0.3689
1 -0.1748 0.3717
1 -0.1736 0.3745
1 -0.1724 0.3773
1 -0.1711 0.3800
1 -0.1711 0.3800
112 1251 317
0 0.1567 0.4062
1 0.1549 0.4088
1 0.1531 0.4113
1 0.1513 0.4136
1 0.1495 0.4160
1 0.1475 0.4184
1 0.1456 0.4208
1 0.1436 0.4230
1 0.1416 0.4253
1 0.1395 0.4276
1 0.1374 0.4298
1 0.1353 0.4320
1 0.1331 0.4342
1 0.1309 0.4362
1 0.1287 0.4383
1 0.1265 0.4403
1 0.1242 0.4424
1 0.1219 0.4443
1 0.1195 0.4463
1 0.1172 0.4481
1 0.1147 0.4500
1 0.1123 0.4518
1 0.1098 0.4536
1 0.1073 0.4553
1 0.1048 0.4571
1 0.1022 0.4587
1 0.0997 0.4603
1 0.0970 0.4619
1 0.0945 0.4634
1 0.0918 0.4648
1 0.0890 0.4664
1 0.0864 0.4677
1 0.0836 0.4691
1 0.0809 0.4704
1 0.0781 0.4717
1 0.0754 0.4729
1 0.0725 0.4741
1 0.0698 0.4752
1 0.0669 0.4763
1 0.0641 0.4774
1 0.0611 0.4783
1 0.0583 0.4793
1 0.0553 0.4802
1 0.0525 0.4811
1 0.0495 0.4818
1 0.0466 0.4826
1 0.0436 0.4834
1 0.0407 0.4840
1 0.0376 0.4846
1 0.0347 0.4852
1 0.0317 0.4857
1 0.0287 0.4862
1 0.0257 0.4867
1 0.0226 0.4871
1 0.0196 0.4874
1 0.0166 0.4876
1 0.0135 0.4879
1 0.0105 0.4880
1 0.0074 0.4882
1 0.0044 0.4883
1 0.0014 0.4883
1 -0.0017 0.4883
1 -0.0047 0.4883
1 -0.0078 0.4882
1 -0.0108 0.4880
1 -0.0138 0.4878
1 -0.0169 0.4875
1 -0.0198 0.4873
1 -0.0229 0.4869
1 -0.0259 0.4865
1 -0.0290 0.4860
1 -0.0319 0.4856
1 -0.0349 0.4851
1 -0.0379 0.4844
1 -0.0409 0.4838
1 -0.0439 0.4831
1 -0.0468 0.4824
1 -0.0498 0.4817
1 -0.0527 0.4808
1 -0.0556 0.4799
1 -0.0585 0.4790
1 -0.0613 0.4780
1 -0.0642 0.4770
1 -0.0670 0.4760
1 -0.0699 0.4748
1 -0.0727 0.4737
1 -0.0755 0.4725
1 -0.0784 0.4713
1 -0.0811 0.4700
1 -0.0838 0.4686
1 -0.0865 0.4673
1 -0.0892 0.4659
1 -0.0919 0.4645
1 -0.0912 0.4647
1 -0.0905 0.4648
1 -0.0898 0.4650
1 -0.0891 0.4651
1 -0.0883 0.4652
1 -0.0876 0.4652
1 -0.0868 0.4652
1 -0.0861 0.4652
1 -0.0854 0.4651
1 -0.0846 0.4649
1 -0.0840 0.4647
1 -0.0832 0.4646
1 -0.0825 0.4643
1 -0.0819 0.4640
1 -0.0812 0.4636
1 -0.0806 0.4632
1 -0.0800 0.4628
1 -0.0794 0.4624
1 -0.0788 0.4618
1 -0.0784 0.4613
1 -0.0779 0.4608
1 -0.0774 0.4602
1 -0.0770 0.4596
1 -0.0766 0.4590
1 -0.0763 0.4583
1 -0.0760 0.4576
1 -0.0757 0.4570
1 -0.0755 0.4562
1 -0.0753 0.4555
1 -0.0751 0.4548
1 -0.0750 0.4541
1 -0.0750 0.4533
1 -0.0750 0.4526
1 -0.0750 0.4518
1 -0.0751 0.4512
1 -0.0752 0.4504
1 -0.0754 0.4496
1 -0.0756 0.4490
1 -0.0759 0.4483
1 -0.0762 0.4476
1 -0.0765 0.4470
1 -0.0768 0.4463
1 -0.0773 0.4457
1 -0.0777 0.4451
1 -0.0782 0.4445
1 -0.0787 0.4440
1 -0.0792 0.4435
1 -0.0798 0.4430
1 -0.0804 0.4426
1 -0.0810 0.4422
1 -0.0817 0.4419
1 -0.0823 0.4416
1 -0.0830 0.4413
1 -0.0838 0.4410
1 -0.0844 0.4408
1 -0.0852 0.4406
1 -0.1813 0.4228
1 -0.1472 0.5266
1 -0.1469 0.5274
1 -0.1467 0.5280
1 -0.1463 0.5288
1 -0.1459 0.5294
1 -0.1454 0.5300
1 -0.1449 0.5307
1 -0.1445 0.5312
1 -0.1439 0.5318
1 -0.1433 0.5323
1 -0.1427 0.5328
1 -0.1421 0.5332
1 -0.1414 0.5336
1 -0.1407 0.5340
1 -0.1400 0.5343
1 -0.1392 0.5346
1 -0.1385 0.5348
1 -0.1377 0.5350
1 -0.1370 0.5350
1 -0.1362 0.5351
1 -0.1354 0.5351
1 -0.1346 0.5351
1 -0.1338 0.5350
1 -0.1331 0.5350
1 -0.1323 0.5348
1 -0.1316 0.5345
1 -0.1308 0.5343
1 -0.1301 0.5339
1 -0.1295 0.5336
1 -0.1288 0.5331
1 -0.1281 0.5328
1 -0.1275 0.5323
1 -0.1269 0.5317
1 -0.1263 0.5312
1 -0.1259 0.5306
1 -0.1254 0.5300
1 -0.1249 0.5293
1 -0.1245 0.5287
1 -0.1242 0.5280
1 -0.1239 0.5273
1 -0.1237 0.5265
1 -0.1234 0.5257
1 -0.1233 0.5250
1 -0.1231 0.5242
1 -0.1231 0.5235
1 -0.1230 0.5227
1 -0.1231 0.5219
1 -0.1231 0.5212
1 -0.1233 0.5203
1 -0.1235 0.5196
1 -0.1237 0.5189
1 -0.1240 0.5181
1 -0.1242 0.5174
1 -0.1246 0.5167
1 -0.1250 0.5160
1 -0.1255 0.5154
1 -0.1259 0.5148
1 -0.1259 0.5148
1 -0.1229 0.5165
1 -0.1199 0.5182
1 -0.1168 0.5198
1 -0.1137 0.5215
1 -0.1107 0.5230
1 -0.1075 0.5245
1 -0.1044 0.5260
1 -0.1012 0.5274
1 -0.0980 0.5289
1 -0.0948 0.5302
1 -0.0916 0.5314
1 -0.0883 0.5327
1 -0.0851 0.5339
1 -0.0819 0.5350
1 -0.0785 0.5362
1 -0.0752 0.5372
1 -0.0719 0.5383
1 -0.0686 0.5392
1 -0.0652 0.5402
1 -0.0619 0.5411
1 -0.0586 0.5419
1 -0.0552 0.5427
1 -0.0518 0.5435
1 -0.0484 0.5442
1 -0.0450 0.5448
1 -0.0416 0.5454
1 -0.0382 0.5460
1 -0.0347 0.5464
1 -0.0312 0.5469
1 -0.0278 0.5474
1 -0.0244 0.5477
1 -0.0210 0.5481
1 -0.0175 0.5483
1 -0.0140 0.5485
1 -0.0105 0.5487
1 -0.0071 0.5488
1 -0.0036 0.5489
1 -0.0002 0.5489
1 0.0033 0.5489
1 0.0068 0.5488
1 0.0103 0.5487
1 0.0137 0.5486
1 0.0172 0.5483
1 0.0206 0.5482
1 0.0241 0.5478
1 0.0276 0.5475
1 0.0310 0.5470
1 0.0344 0.5466
1 0.0378 0.5462
1 0.0413 0.5456
1 0.0447 0.5450
1 0.0481 0.5444
1 0.0515 0.5437
1 0.0549 0.5429
1 0.0583 0.5422
1 0.0617 0.5413
1 0.0650 0.5405
1 0.0683 0.5395
1 0.0717 0.5386
1 0.0750 0.5375
1 0.0783 0.5365
1 0.0816 0.5354
1 0.0849 0.5343
1 0.0881 0.5331
1 0.0914 0.5318
1 0.0946 0.5306
1 0.0978 0.5293
1 0.1010 0.5278
1 0.1041 0.5264
1 0.1073 0.5250
1 0.1104 0.5235
1 0.1135 0.5219
1 0.1166 0.5203
1 0.1196 0.5187
1 0.1227 0.5170
1 0.1257 0.5153
1 0.1287 0.5136
1 0.1317 0.5118
1 0.1346 0.5099
1 0.1376 0.5081
1 0.1404 0.5061
1 0.1433 0.5042
1 0.1461 0.5022
1 0.1489 0.5001
1 0.1517 0.4980
1 0.1545 0.4959
1 0.1572 0.4937
1 0.1599 0.4915
1 0.1626 0.4894
1 0.1651 0.4871
1 0.1678 0.4848
1 0.1704 0.4824
1 0.1728 0.4800
1 0.1753 0.4777
1 0.1778 0.4752
1 0.1802 0.4727
1 0.1826 0.4703
1 0.1850 0.4677
1 0.1874 0.4651
1 0.1896 0.4626
1 0.1918 0.4599
1 0.1941 0.4572
1 0.1963 0.4545
1 0.1984 0.4518
1 0.2005 0.4491
1 0.2026 0.4462
1 0.2046 0.4435
1 0.2066 0.4406
1 0.1567 0.4062
112 1251 312
0 0.0197 0.0487
1 0.0231 0.0490
1 0.0265 0.0494
1 0.0299 0.0498
1 0.0334 0.0503
1 0.0368 0.0507
1 0.0402 0.0512
1 0.0436 0.0518
1 0.0470 0.0524
1 0.0504 0.0531
1 0.0538 0.0538
1 0.0571 0.0545
1 0.0605 0.0554
1 0.0639 0.0562
1 0.0672 0.0571
1 0.0705 0.0581
1 0.0738 0.0591
1 0.0771 0.0600
1 0.0804 0.0612
1 0.0836 0.0623
1 0.0869 0.0635
1 0.0901 0.0647
1 0.0933 0.0659
1 0.0965 0.0673
1 0.0997 0.0686
1 0.1029 0.0700
1 0.1060 0.0714
1 0.1091 0.0729
1 0.1122 0.0744
1 0.1154 0.0760
1 0.1184 0.0776
1 0.1214 0.0792
1 0.1244 0.0809
1 0.1274 0.0827
1 0.1304 0.0845
1 0.1333 0.0863
1 0.1362 0.0881
1 0.1391 0.0900
1 0.1420 0.0919
1 0.1448 0.0939
1 0.1476 0.0959
1 0.1504 0.0980
1 0.1532 0.1000
1 0.1558 0.1021
1 0.1585 0.1043
1 0.1612 0.1065
1 0.1638 0.1088
1 0.1665 0.1111
1 0.1690 0.1133
1 0.1715 0.1156
1 0.1741 0.1180
1 0.1765 0.1205
1 0.1789 0.1229
1 0.1814 0.1254
1 0.1838 0.1279
1 0.1860 0.1304
1 0.1883 0.1330
1 0.1906 0.1356
1 0.1929 0.1382
1 0.1951 0.1409
1 0.1971 0.1436
1 0.1993 0.1463
1 0.2013 0.1491
1 0.2034 0.1519
1 0.2054 0.1547
1 0.2074 0.1575
1 0.2093 0.1604
1 0.2112 0.1633
1 0.2130 0.1663
1 0.2148 0.1692
1 0.2166 0.1721
1 0.2183 0.1751
1 0.2199 0.1781
1 0.2217 0.1812
1 0.2232 0.1842
1 0.2248 0.1873
1 0.2263 0.1904
1 0.2277 0.1935
1 0.2292 0.1967
1 0.2306 0.1999
1 0.2319 0.2030
1 0.2332 0.2063
1 0.2344 0.2095
1 0.2356 0.2127
1 0.2368 0.2159
1 0.2379 0.2192
1 0.2389 0.2225
1 0.2400 0.2258
1 0.2409 0.2291
1 0.2419 0.2324
1 0.2428 0.2357
1 0.2437 0.2391
1 0.2445 0.2424
1 0.2452 0.2459
1 0.2459 0.2492
1 0.2465 0.2526
1 0.2472 0.2560
1 0.2477 0.2594
1 0.2483 0.2628
1 0.2487 0.2662
1 0.2491 0.2696
1 0.2495 0.2730
1 0.2499 0.2766
1 0.2502 0.2800
1 0.2503 0.2834
1 0.2505 0.2868
1 0.2506 0.2903
1 0.2507 0.2937
1 0.2508 0.2972
1 0.2512 0.2965
1 0.2516 0.2959
1 0.2520 0.2953
1 0.2524 0.2947
1 0.2530 0.2941
1 0.2536 0.2937
1 0.2541 0.2932
1 0.2547 0.2927
1 0.2554 0.2923
1 0.2560 0.2919
1 0.2567 0.2916
1 0.2574 0.2913
1 0.2580 0.2910
1 0.2588 0.2908
1 0.2596 0.2907
1 0.2603 0.2905
1 0.2610 0.2905
1 0.2617 0.2904
1 0.2625 0.2905
1 0.2633 0.2905
1 0.2640 0.2906
1 0.2648 0.2908
1 0.2655 0.2910
1 0.2662 0.2913
1 0.2669 0.2916
1 0.2675 0.2918
1 0.2682 0.2922
1 0.2689 0.2926
1 0.2694 0.2931
1 0.2700 0.2936
1 0.2706 0.2940
1 0.2712 0.2946
1 0.2716 0.2952
1 0.2720 0.2958
1 0.2725 0.2964
1 0.2729 0.2971
1 0.2731 0.2977
1 0.2734 0.2985
1 0.2737 0.2992
1 0.2739 0.2999
1 0.2741 0.3007
1 0.2742 0.3013
1 0.2742 0.3021
1 0.2743 0.3029
1 0.2742 0.3036
1 0.2742 0.3044
1 0.2740 0.3051
1 0.2739 0.3059
1 0.2737 0.3066
1 0.2734 0.3073
1 0.2731 0.3080
1 0.2728 0.3087
1 0.2724 0.3093
1 0.2720 0.3100
1 0.2715 0.3106
1 0.2711 0.3111
1 0.1981 0.3925
1 0.1656 0.3003
1 0.1654 0.2995
1 0.1652 0.2988
1 0.1651 0.2980
1 0.1650 0.2973
1 0.1650 0.2964
1 0.1650 0.2956
1 0.1651 0.2948
1 0.1652 0.2940
1 0.1654 0.2933
1 0.1656 0.2925
1 0.1659 0.2918
1 0.1662 0.2910
1 0.1666 0.2903
1 0.1670 0.2897
1 0.1674 0.2890
1 0.1679 0.2883
1 0.1685 0.2878
1 0.1690 0.2872
1 0.1696 0.2867
1 0.1703 0.2861
1 0.1709 0.2858
1 0.1716 0.2854
1 0.1723 0.2850
1 0.1730 0.2846
1 0.1738 0.2844
1 0.1745 0.2842
1 0.1753 0.2840
1 0.1761 0.2839
1 0.1769 0.2838
1 0.1777 0.2838
1 0.1784 0.2838
1 0.1793 0.2839
1 0.1800 0.2840
1 0.1808 0.2842
1 0.1816 0.2843
1 0.1823 0.2846
1 0.1831 0.2850
1 0.1838 0.2853
1 0.1844 0.2858
1 0.1851 0.2861
1 0.1857 0.2866
1 0.1863 0.2872
1 0.1869 0.2878
1 0.1875 0.2883
1 0.1879 0.2890
1 0.1884 0.2896
1 0.1888 0.2903
1 0.1892 0.2910
1 0.1895 0.2918
1 0.1897 0.2925
1 0.1899 0.2933
1 0.1901 0.2940
1 0.1900 0.2910
1 0.1899 0.2880
1 0.1897 0.2849
1 0.1895 0.2819
1 0.1892 0.2788
1 0.1889 0.2759
1 0.1884 0.2728
1 0.1880 0.2698
1 0.1876 0.2669
1 0.1870 0.2638
1 0.1864 0.2609
1 0.1858 0.2579
1 0.1852 0.2550
1 0.1844 0.2520
1 0.1837 0.2491
1 0.1828 0.2462
1 0.1819 0.2432
1 0.1811 0.2404
1 0.1801 0.2374
1 0.1791 0.2346
1 0.1781 0.2317
1 0.1770 0.2290
1 0.1759 0.2261
1 0.1746 0.2233
1 0.1734 0.2205
1 0.1722 0.2177
1 0.1708 0.2150
1 0.1695 0.2123
1 0.1681 0.2097
1 0.1667 0.2069
1 0.1652 0.2044
1 0.1636 0.2017
1 0.1621 0.1991
1 0.1605 0.1966
1 0.1589 0.1940
1 0.1572 0.1914
1 0.1554 0.1890
1 0.1536 0.1865
1 0.1518 0.1840
1 0.1499 0.1816
1 0.1481 0.1793
1 0.1461 0.1769
1 0.1442 0.1746
1 0.1422 0.1723
1 0.1401 0.1701
1 0.1381 0.1679
1 0.1360 0.1657
1 0.1339 0.1635
1 0.1317 0.1614
1 0.1295 0.1593
1 0.1272 0.1572
1 0.1249 0.1552
1 0.1227 0.1533
1 0.1203 0.1513
1 0.1179 0.1494
1 0.1155 0.1476
1 0.1132 0.1457
1 0.1107 0.1440
1 0.1082 0.1422
1 0.1057 0.1405
1 0.1031 0.1389
1 0.1005 0.1373
1 0.0980 0.1357
1 0.0954 0.1341
1 0.0927 0.1326
1 0.0901 0.1312
1 0.0874 0.1298
1 0.0847 0.1284
1 0.0819 0.1271
1 0.0792 0.1258
1 0.0764 0.1246
1 0.0736 0.1233
1 0.0708 0.1222
1 0.0680 0.1211
1 0.0652 0.1201
1 0.0623 0.1190
1 0.0594 0.1181
1 0.0565 0.1171
1 0.0536 0.1163
1 0.0508 0.1154
1 0.0478 0.1147
1 0.0449 0.1139
1 0.0419 0.1132
1 0.0389 0.1126
1 0.0359 0.1120
1 0.0330 0.1114
1 0.0299 0.1110
1 0.0270 0.1105
1 0.0240 0.1101
1 0.0209 0.1097
1 0.0179 0.1094
1 0.0149 0.1092
1 0.0197 0.0487
