SEcl_RO-10
3381 35 1 1 0 0 0 0 0 0 1 1
1.000
112 1251 216
0 0.3847 1.0414
1 0.3847 0.0587
1 0.3847 0.0587
1 0.3846 0.0569
1 0.3845 0.0551
1 0.3844 0.0534
1 0.3842 0.0516
1 0.3840 0.0498
1 0.3837 0.0481
1 0.3833 0.0464
1 0.3829 0.0446
1 0.3825 0.0429
1 0.3820 0.0412
1 0.3814 0.0395
1 0.3808 0.0379
1 0.3802 0.0362
1 0.3795 0.0346
1 0.3787 0.0330
1 0.3779 0.0314
1 0.3771 0.0298
1 0.3762 0.0283
1 0.3753 0.0268
1 0.3743 0.0253
1 0.3732 0.0239
1 0.3722 0.0225
1 0.3711 0.0211
1 0.3699 0.0198
1 0.3687 0.0185
1 0.3675 0.0172
1 0.3662 0.0159
1 0.3649 0.0148
1 0.3635 0.0136
1 0.3622 0.0125
1 0.3608 0.0114
1 0.3593 0.0104
1 0.3578 0.0094
1 0.3563 0.0085
1 0.3548 0.0076
1 0.3533 0.0067
1 0.3517 0.0059
1 0.3501 0.0052
1 0.3484 0.0045
1 0.3468 0.0038
1 0.3451 0.0032
1 0.3434 0.0027
1 0.3417 0.0022
1 0.3400 0.0017
1 0.3383 0.0013
1 0.3366 0.0010
1 0.3348 0.0007
1 0.3331 0.0004
1 0.3313 0.0002
1 0.3295 0.0001
1 0.3278 0.0000
1 0.3260 0.0000
1 -0.2900 0.0000
1 -0.2900 0.0000
1 -0.2918 0.0000
1 -0.2936 0.0001
1 -0.2953 0.0002
1 -0.2971 0.0004
1 -0.2989 0.0007
1 -0.3006 0.0010
1 -0.3023 0.0013
1 -0.3041 0.0017
1 -0.3058 0.0022
1 -0.3075 0.0027
1 -0.3092 0.0032
1 -0.3108 0.0038
1 -0.3125 0.0045
1 -0.3141 0.0052
1 -0.3157 0.0059
1 -0.3173 0.0067
1 -0.3188 0.0076
1 -0.3204 0.0085
1 -0.3219 0.0094
1 -0.3234 0.0104
1 -0.3248 0.0114
1 -0.3262 0.0125
1 -0.3276 0.0136
1 -0.3289 0.0148
1 -0.3302 0.0159
1 -0.3315 0.0172
1 -0.3327 0.0185
1 -0.3339 0.0198
1 -0.3351 0.0211
1 -0.3362 0.0225
1 -0.3373 0.0239
1 -0.3383 0.0253
1 -0.3393 0.0268
1 -0.3402 0.0283
1 -0.3411 0.0298
1 -0.3420 0.0314
1 -0.3428 0.0330
1 -0.3435 0.0346
1 -0.3442 0.0362
1 -0.3449 0.0379
1 -0.3455 0.0395
1 -0.3460 0.0412
1 -0.3465 0.0429
1 -0.3470 0.0446
1 -0.3474 0.0464
1 -0.3477 0.0481
1 -0.3480 0.0498
1 -0.3483 0.0516
1 -0.3485 0.0534
1 -0.3486 0.0551
1 -0.3487 0.0569
1 -0.3487 0.0587
1 -0.3487 1.0414
1 -0.3487 1.0414
1 -0.3487 1.0431
1 -0.3486 1.0449
1 -0.3485 1.0467
1 -0.3483 1.0484
1 -0.3480 1.0502
1 -0.3477 1.0519
1 -0.3474 1.0537
1 -0.3470 1.0554
1 -0.3465 1.0571
1 -0.3460 1.0588
1 -0.3455 1.0605
1 -0.3449 1.0622
1 -0.3442 1.0638
1 -0.3435 1.0654
1 -0.3428 1.0670
1 -0.3420 1.0686
1 -0.3411 1.0702
1 -0.3402 1.0717
1 -0.3393 1.0732
1 -0.3383 1.0747
1 -0.3373 1.0761
1 -0.3362 1.0775
1 -0.3351 1.0789
1 -0.3339 1.0803
1 -0.3327 1.0816
1 -0.3315 1.0828
1 -0.3302 1.0841
1 -0.3289 1.0853
1 -0.3276 1.0864
1 -0.3262 1.0875
1 -0.3248 1.0886
1 -0.3234 1.0896
1 -0.3219 1.0906
1 -0.3204 1.0916
1 -0.3188 1.0925
1 -0.3173 1.0933
1 -0.3157 1.0941
1 -0.3141 1.0949
1 -0.3125 1.0956
1 -0.3108 1.0962
1 -0.3092 1.0968
1 -0.3075 1.0974
1 -0.3058 1.0979
1 -0.3041 1.0983
1 -0.3023 1.0987
1 -0.3006 1.0991
1 -0.2989 1.0994
1 -0.2971 1.0996
1 -0.2953 1.0998
1 -0.2936 1.0999
1 -0.2918 1.1000
1 -0.2900 1.1000
1 0.3260 1.1000
1 0.3260 1.1000
1 0.3278 1.1000
1 0.3295 1.0999
1 0.3313 1.0998
1 0.3331 1.0996
1 0.3348 1.0994
1 0.3366 1.0991
1 0.3383 1.0987
1 0.3400 1.0983
1 0.3417 1.0979
1 0.3434 1.0974
1 0.3451 1.0968
1 0.3468 1.0962
1 0.3484 1.0956
1 0.3501 1.0949
1 0.3517 1.0941
1 0.3533 1.0933
1 0.3548 1.0925
1 0.3563 1.0916
1 0.3578 1.0906
1 0.3593 1.0896
1 0.3608 1.0886
1 0.3622 1.0875
1 0.3635 1.0864
1 0.3649 1.0853
1 0.3662 1.0841
1 0.3675 1.0828
1 0.3687 1.0816
1 0.3699 1.0803
1 0.3711 1.0789
1 0.3722 1.0775
1 0.3732 1.0761
1 0.3743 1.0747
1 0.3753 1.0732
1 0.3762 1.0717
1 0.3771 1.0702
1 0.3779 1.0686
1 0.3787 1.0670
1 0.3795 1.0654
1 0.3802 1.0638
1 0.3808 1.0622
1 0.3814 1.0605
1 0.3820 1.0588
1 0.3825 1.0571
1 0.3829 1.0554
1 0.3833 1.0537
1 0.3837 1.0519
1 0.3840 1.0502
1 0.3842 1.0484
1 0.3844 1.0467
1 0.3845 1.0449
1 0.3846 1.0431
112 1250 184
0 0.3700 1.0414
1 0.3700 0.0587
1 0.3700 0.0587
1 0.3700 0.0571
1 0.3699 0.0555
1 0.3697 0.0540
1 0.3695 0.0524
1 0.3693 0.0509
1 0.3690 0.0493
1 0.3686 0.0478
1 0.3682 0.0463
1 0.3677 0.0448
1 0.3672 0.0433
1 0.3666 0.0418
1 0.3660 0.0404
1 0.3653 0.0390
1 0.3646 0.0376
1 0.3638 0.0362
1 0.3630 0.0349
1 0.3621 0.0336
1 0.3612 0.0323
1 0.3602 0.0311
1 0.3592 0.0299
1 0.3582 0.0287
1 0.3571 0.0276
1 0.3560 0.0265
1 0.3548 0.0254
1 0.3536 0.0244
1 0.3524 0.0234
1 0.3511 0.0225
1 0.3498 0.0217
1 0.3484 0.0208
1 0.3471 0.0200
1 0.3457 0.0193
1 0.3443 0.0186
1 0.3428 0.0180
1 0.3414 0.0174
1 0.3399 0.0169
1 0.3384 0.0164
1 0.3369 0.0160
1 0.3353 0.0157
1 0.3338 0.0154
1 0.3322 0.0151
1 0.3307 0.0149
1 0.3291 0.0148
1 0.3276 0.0147
1 0.3260 0.0147
1 -0.2900 0.0147
1 -0.2900 0.0147
1 -0.2916 0.0147
1 -0.2932 0.0148
1 -0.2947 0.0149
1 -0.2963 0.0151
1 -0.2978 0.0154
1 -0.2994 0.0157
1 -0.3009 0.0160
1 -0.3024 0.0164
1 -0.3039 0.0169
1 -0.3054 0.0174
1 -0.3069 0.0180
1 -0.3083 0.0186
1 -0.3097 0.0193
1 -0.3111 0.0200
1 -0.3125 0.0208
1 -0.3138 0.0217
1 -0.3151 0.0225
1 -0.3164 0.0234
1 -0.3176 0.0244
1 -0.3188 0.0254
1 -0.3200 0.0265
1 -0.3211 0.0276
1 -0.3222 0.0287
1 -0.3233 0.0299
1 -0.3243 0.0311
1 -0.3253 0.0323
1 -0.3262 0.0336
1 -0.3270 0.0349
1 -0.3279 0.0362
1 -0.3286 0.0376
1 -0.3294 0.0390
1 -0.3301 0.0404
1 -0.3307 0.0418
1 -0.3313 0.0433
1 -0.3318 0.0448
1 -0.3322 0.0463
1 -0.3327 0.0478
1 -0.3330 0.0493
1 -0.3333 0.0509
1 -0.3336 0.0524
1 -0.3338 0.0540
1 -0.3339 0.0555
1 -0.3340 0.0571
1 -0.3340 0.0587
1 -0.3340 1.0414
1 -0.3340 1.0414
1 -0.3340 1.0429
1 -0.3339 1.0445
1 -0.3338 1.0461
1 -0.3336 1.0476
1 -0.3333 1.0492
1 -0.3330 1.0507
1 -0.3327 1.0522
1 -0.3322 1.0538
1 -0.3318 1.0553
1 -0.3313 1.0567
1 -0.3307 1.0582
1 -0.3301 1.0596
1 -0.3294 1.0611
1 -0.3286 1.0624
1 -0.3279 1.0638
1 -0.3270 1.0651
1 -0.3262 1.0665
1 -0.3253 1.0677
1 -0.3243 1.0690
1 -0.3233 1.0702
1 -0.3222 1.0713
1 -0.3211 1.0725
1 -0.3200 1.0736
1 -0.3188 1.0746
1 -0.3176 1.0756
1 -0.3164 1.0766
1 -0.3151 1.0775
1 -0.3138 1.0784
1 -0.3125 1.0792
1 -0.3111 1.0800
1 -0.3097 1.0807
1 -0.3083 1.0814
1 -0.3069 1.0820
1 -0.3054 1.0826
1 -0.3039 1.0831
1 -0.3024 1.0836
1 -0.3009 1.0840
1 -0.2994 1.0844
1 -0.2978 1.0847
1 -0.2963 1.0849
1 -0.2947 1.0851
1 -0.2932 1.0852
1 -0.2916 1.0853
1 -0.2900 1.0854
1 0.3260 1.0854
1 0.3260 1.0854
1 0.3276 1.0853
1 0.3291 1.0852
1 0.3307 1.0851
1 0.3322 1.0849
1 0.3338 1.0847
1 0.3353 1.0844
1 0.3369 1.0840
1 0.3384 1.0836
1 0.3399 1.0831
1 0.3414 1.0826
1 0.3428 1.0820
1 0.3443 1.0814
1 0.3457 1.0807
1 0.3471 1.0800
1 0.3484 1.0792
1 0.3498 1.0784
1 0.3511 1.0775
1 0.3524 1.0766
1 0.3536 1.0756
1 0.3548 1.0746
1 0.3560 1.0736
1 0.3571 1.0725
1 0.3582 1.0713
1 0.3592 1.0702
1 0.3602 1.0690
1 0.3612 1.0677
1 0.3621 1.0665
1 0.3630 1.0651
1 0.3638 1.0638
1 0.3646 1.0624
1 0.3653 1.0611
1 0.3660 1.0596
1 0.3666 1.0582
1 0.3672 1.0567
1 0.3677 1.0553
1 0.3682 1.0538
1 0.3686 1.0522
1 0.3690 1.0507
1 0.3693 1.0492
1 0.3695 1.0476
1 0.3697 1.0461
1 0.3699 1.0445
1 0.3700 1.0429
112 1251 109
0 0.3260 1.0560
1 -0.2900 1.0560
1 -0.2909 1.0560
1 -0.2918 1.0559
1 -0.2927 1.0558
1 -0.2935 1.0556
1 -0.2944 1.0554
1 -0.2952 1.0551
1 -0.2960 1.0547
1 -0.2968 1.0543
1 -0.2976 1.0539
1 -0.2984 1.0534
1 -0.2991 1.0529
1 -0.2998 1.0523
1 -0.3004 1.0517
1 -0.3010 1.0511
1 -0.3016 1.0504
1 -0.3021 1.0497
1 -0.3026 1.0489
1 -0.3030 1.0482
1 -0.3034 1.0474
1 -0.3037 1.0466
1 -0.3040 1.0457
1 -0.3043 1.0449
1 -0.3045 1.0440
1 -0.3046 1.0431
1 -0.3047 1.0422
1 -0.3047 1.0414
1 -0.3047 0.0587
1 -0.3047 0.0578
1 -0.3046 0.0569
1 -0.3045 0.0560
1 -0.3043 0.0552
1 -0.3040 0.0543
1 -0.3037 0.0535
1 -0.3034 0.0526
1 -0.3030 0.0519
1 -0.3026 0.0511
1 -0.3021 0.0503
1 -0.3016 0.0496
1 -0.3010 0.0489
1 -0.3004 0.0483
1 -0.2998 0.0477
1 -0.2991 0.0471
1 -0.2984 0.0466
1 -0.2976 0.0461
1 -0.2968 0.0457
1 -0.2960 0.0453
1 -0.2952 0.0450
1 -0.2944 0.0447
1 -0.2935 0.0444
1 -0.2927 0.0442
1 -0.2918 0.0441
1 -0.2909 0.0440
1 -0.2900 0.0440
1 0.3260 0.0440
1 0.3269 0.0440
1 0.3278 0.0441
1 0.3286 0.0442
1 0.3295 0.0444
1 0.3303 0.0447
1 0.3312 0.0450
1 0.3320 0.0453
1 0.3328 0.0457
1 0.3336 0.0461
1 0.3343 0.0466
1 0.3350 0.0471
1 0.3357 0.0477
1 0.3364 0.0483
1 0.3370 0.0489
1 0.3375 0.0496
1 0.3381 0.0503
1 0.3385 0.0511
1 0.3390 0.0519
1 0.3394 0.0526
1 0.3397 0.0535
1 0.3400 0.0543
1 0.3402 0.0552
1 0.3404 0.0560
1 0.3405 0.0569
1 0.3406 0.0578
1 0.3407 0.0587
1 0.3407 1.0414
1 0.3406 1.0422
1 0.3405 1.0431
1 0.3404 1.0440
1 0.3402 1.0449
1 0.3400 1.0457
1 0.3397 1.0466
1 0.3394 1.0474
1 0.3390 1.0482
1 0.3385 1.0489
1 0.3381 1.0497
1 0.3375 1.0504
1 0.3370 1.0511
1 0.3364 1.0517
1 0.3357 1.0523
1 0.3350 1.0529
1 0.3343 1.0534
1 0.3336 1.0539
1 0.3328 1.0543
1 0.3320 1.0547
1 0.3312 1.0551
1 0.3303 1.0554
1 0.3295 1.0556
1 0.3286 1.0558
1 0.3278 1.0559
1 0.3269 1.0560
1 0.3260 1.0560
112 1466 464
0 0.3162 0.6595
1 0.3170 0.6634
1 0.3178 0.6672
1 0.3186 0.6711
1 0.3192 0.6750
1 0.3199 0.6789
1 0.3205 0.6828
1 0.3210 0.6867
1 0.3215 0.6906
1 0.3219 0.6945
1 0.3223 0.6985
1 0.3226 0.7024
1 0.3229 0.7063
1 0.3231 0.7103
1 0.3233 0.7142
1 0.3234 0.7181
1 0.3235 0.7221
1 0.3235 0.7260
1 0.3235 0.7302
1 0.3234 0.7344
1 0.3233 0.7386
1 0.3231 0.7427
1 0.3228 0.7469
1 0.3225 0.7510
1 0.3221 0.7552
1 0.3217 0.7594
1 0.3212 0.7635
1 0.3207 0.7676
1 0.3201 0.7718
1 0.3194 0.7759
1 0.3187 0.7800
1 0.3180 0.7841
1 0.3171 0.7882
1 0.3163 0.7923
1 0.3153 0.7964
1 0.3144 0.8004
1 0.3133 0.8044
1 0.3122 0.8085
1 0.3111 0.8125
1 0.3098 0.8165
1 0.3086 0.8205
1 0.3073 0.8244
1 0.3059 0.8284
1 0.3045 0.8323
1 0.3030 0.8362
1 0.3015 0.8401
1 0.2999 0.8439
1 0.2982 0.8478
1 0.2966 0.8516
1 0.2948 0.8554
1 0.2930 0.8591
1 0.2912 0.8629
1 0.2893 0.8666
1 0.2873 0.8703
1 0.2853 0.8740
1 0.2833 0.8776
1 0.2812 0.8812
1 0.2791 0.8848
1 0.2769 0.8884
1 0.2746 0.8919
1 0.2723 0.8954
1 0.2700 0.8988
1 0.2676 0.9022
1 0.2652 0.9056
1 0.2627 0.9090
1 0.2602 0.9123
1 0.2576 0.9156
1 0.2550 0.9189
1 0.2524 0.9221
1 0.2497 0.9253
1 0.2469 0.9284
1 0.2441 0.9315
1 0.2413 0.9346
1 0.2384 0.9376
1 0.2355 0.9406
1 0.2326 0.9436
1 0.2296 0.9465
1 0.2265 0.9494
1 0.2235 0.9522
1 0.2204 0.9550
1 0.2172 0.9577
1 0.2140 0.9604
1 0.2108 0.9631
1 0.2076 0.9657
1 0.2043 0.9682
1 0.2009 0.9708
1 0.1976 0.9732
1 0.1942 0.9757
1 0.1908 0.9781
1 0.1873 0.9804
1 0.1838 0.9827
1 0.1803 0.9849
1 0.1767 0.9871
1 0.1732 0.9893
1 0.1696 0.9914
1 0.1659 0.9934
1 0.1623 0.9954
1 0.1586 0.9973
1 0.1548 0.9992
1 0.1511 1.0011
1 0.1473 1.0029
1 0.1435 1.0046
1 0.1397 1.0063
1 0.1359 1.0079
1 0.1320 1.0095
1 0.1281 1.0111
1 0.1242 1.0125
1 0.1203 1.0140
1 0.1164 1.0153
1 0.1124 1.0166
1 0.1084 1.0179
1 0.1044 1.0191
1 0.1004 1.0203
1 0.0964 1.0214
1 0.0923 1.0224
1 0.0883 1.0234
1 0.0842 1.0243
1 0.0801 1.0252
1 0.0761 1.0260
1 0.0720 1.0268
1 0.0678 1.0275
1 0.0637 1.0282
1 0.0596 1.0288
1 0.0554 1.0293
1 0.0513 1.0298
1 0.0472 1.0302
1 0.0430 1.0306
1 0.0388 1.0309
1 0.0347 1.0311
1 0.0305 1.0313
1 0.0263 1.0315
1 0.0222 1.0316
1 0.0180 1.0316
1 0.0138 1.0316
1 0.0096 1.0315
1 0.0055 1.0313
1 0.0013 1.0311
1 -0.0029 1.0309
1 -0.0070 1.0306
1 -0.0112 1.0302
1 -0.0153 1.0298
1 -0.0195 1.0293
1 -0.0236 1.0288
1 -0.0278 1.0282
1 -0.0319 1.0275
1 -0.0360 1.0268
1 -0.0401 1.0260
1 -0.0442 1.0252
1 -0.0483 1.0243
1 -0.0523 1.0234
1 -0.0564 1.0224
1 -0.0604 1.0214
1 -0.0645 1.0203
1 -0.0685 1.0191
1 -0.0725 1.0179
1 -0.0764 1.0166
1 -0.0804 1.0153
1 -0.0843 1.0140
1 -0.0883 1.0125
1 -0.0922 1.0111
1 -0.0961 1.0095
1 -0.0999 1.0079
1 -0.1038 1.0063
1 -0.1076 1.0046
1 -0.1114 1.0029
1 -0.1151 1.0011
1 -0.1189 0.9992
1 -0.1226 0.9973
1 -0.1263 0.9954
1 -0.1300 0.9934
1 -0.1336 0.9914
1 -0.1372 0.9893
1 -0.1408 0.9871
1 -0.1443 0.9849
1 -0.1479 0.9827
1 -0.1513 0.9804
1 -0.1548 0.9781
1 -0.1582 0.9757
1 -0.1616 0.9732
1 -0.1650 0.9708
1 -0.1683 0.9682
1 -0.1716 0.9657
1 -0.1749 0.9631
1 -0.1781 0.9604
1 -0.1813 0.9577
1 -0.1844 0.9550
1 -0.1875 0.9522
1 -0.1906 0.9494
1 -0.1936 0.9465
1 -0.1966 0.9436
1 -0.1996 0.9406
1 -0.2025 0.9376
1 -0.2053 0.9346
1 -0.2082 0.9315
1 -0.2110 0.9284
1 -0.2137 0.9253
1 -0.2164 0.9221
1 -0.2190 0.9189
1 -0.2217 0.9156
1 -0.2242 0.9123
1 -0.2268 0.9090
1 -0.2292 0.9056
1 -0.2317 0.9022
1 -0.2340 0.8988
1 -0.2364 0.8954
1 -0.2387 0.8919
1 -0.2409 0.8884
1 -0.2431 0.8848
1 -0.2452 0.8812
1 -0.2473 0.8776
1 -0.2494 0.8740
1 -0.2514 0.8703
1 -0.2533 0.8666
1 -0.2552 0.8629
1 -0.2571 0.8591
1 -0.2589 0.8554
1 -0.2606 0.8516
1 -0.2623 0.8478
1 -0.2639 0.8439
1 -0.2655 0.8401
1 -0.2670 0.8362
1 -0.2685 0.8323
1 -0.2699 0.8284
1 -0.2713 0.8244
1 -0.2726 0.8205
1 -0.2739 0.8165
1 -0.2751 0.8125
1 -0.2763 0.8085
1 -0.2774 0.8044
1 -0.2784 0.8004
1 -0.2794 0.7964
1 -0.2803 0.7923
1 -0.2812 0.7882
1 -0.2820 0.7841
1 -0.2828 0.7800
1 -0.2835 0.7759
1 -0.2841 0.7718
1 -0.2847 0.7676
1 -0.2853 0.7635
1 -0.2858 0.7594
1 -0.2862 0.7552
1 -0.2866 0.7510
1 -0.2869 0.7469
1 -0.2871 0.7427
1 -0.2873 0.7386
1 -0.2875 0.7344
1 -0.2876 0.7302
1 -0.2876 0.7260
1 -0.2876 0.7221
1 -0.2875 0.7181
1 -0.2874 0.7142
1 -0.2872 0.7103
1 -0.2869 0.7063
1 -0.2867 0.7024
1 -0.2863 0.6985
1 -0.2860 0.6945
1 -0.2855 0.6906
1 -0.2850 0.6867
1 -0.2845 0.6828
1 -0.2839 0.6789
1 -0.2833 0.6750
1 -0.2826 0.6711
1 -0.2819 0.6672
1 -0.2811 0.6634
1 -0.2803 0.6595
1 -0.2803 0.6595
1 -0.2793 0.6554
1 -0.2783 0.6514
1 -0.2773 0.6473
1 -0.2762 0.6433
1 -0.2750 0.6393
1 -0.2738 0.6353
1 -0.2725 0.6314
1 -0.2712 0.6274
1 -0.2699 0.6235
1 -0.2684 0.6195
1 -0.2669 0.6156
1 -0.2654 0.6118
1 -0.2638 0.6079
1 -0.2622 0.6041
1 -0.2605 0.6003
1 -0.2588 0.5965
1 -0.2570 0.5927
1 -0.2551 0.5890
1 -0.2532 0.5852
1 -0.2513 0.5816
1 -0.2493 0.5779
1 -0.2472 0.5743
1 -0.2451 0.5707
1 -0.2430 0.5671
1 -0.2408 0.5635
1 -0.2385 0.5600
1 -0.2363 0.5565
1 -0.2339 0.5531
1 -0.2315 0.5497
1 -0.2291 0.5463
1 -0.2266 0.5429
1 -0.2241 0.5396
1 -0.2215 0.5363
1 -0.2189 0.5330
1 -0.2163 0.5298
1 -0.2136 0.5267
1 -0.2108 0.5235
1 -0.2080 0.5204
1 -0.2052 0.5173
1 -0.2023 0.5143
1 -0.1994 0.5113
1 -0.1965 0.5084
1 -0.1935 0.5055
1 -0.1905 0.5026
1 -0.1874 0.4998
1 -0.1843 0.4970
1 -0.1811 0.4943
1 -0.1780 0.4916
1 -0.1747 0.4889
1 -0.1715 0.4863
1 -0.1682 0.4837
1 -0.1649 0.4812
1 -0.1615 0.4787
1 -0.1581 0.4763
1 -0.1547 0.4739
1 -0.1512 0.4716
1 -0.1478 0.4693
1 -0.1442 0.4671
1 -0.1407 0.4649
1 -0.1371 0.4628
1 -0.1335 0.4607
1 -0.1299 0.4586
1 -0.1262 0.4566
1 -0.1225 0.4547
1 -0.1188 0.4528
1 -0.1150 0.4509
1 -0.1113 0.4492
1 -0.1075 0.4474
1 -0.1037 0.4457
1 -0.0998 0.4441
1 -0.0960 0.4425
1 -0.0921 0.4410
1 -0.0882 0.4395
1 -0.0843 0.4381
1 -0.0803 0.4367
1 -0.0764 0.4354
1 -0.0724 0.4341
1 -0.0684 0.4329
1 -0.0644 0.4318
1 -0.0604 0.4307
1 -0.0563 0.4296
1 -0.0523 0.4287
1 -0.0482 0.4277
1 -0.0441 0.4269
1 -0.0401 0.4260
1 -0.0360 0.4253
1 -0.0318 0.4246
1 -0.0277 0.4239
1 -0.0236 0.4233
1 -0.0195 0.4228
1 -0.0153 0.4223
1 -0.0112 0.4219
1 -0.0070 0.4215
1 -0.0029 0.4212
1 0.0013 0.4209
1 0.0055 0.4207
1 0.0096 0.4206
1 0.0138 0.4205
1 0.0180 0.4205
1 0.0221 0.4205
1 0.0263 0.4206
1 0.0305 0.4207
1 0.0347 0.4209
1 0.0388 0.4212
1 0.0430 0.4215
1 0.0471 0.4219
1 0.0513 0.4223
1 0.0554 0.4228
1 0.0596 0.4233
1 0.0637 0.4239
1 0.0678 0.4246
1 0.0719 0.4253
1 0.0760 0.4260
1 0.0801 0.4269
1 0.0842 0.4277
1 0.0882 0.4287
1 0.0923 0.4296
1 0.0963 0.4307
1 0.1004 0.4318
1 0.1044 0.4329
1 0.1084 0.4341
1 0.1123 0.4354
1 0.1163 0.4367
1 0.1202 0.4381
1 0.1242 0.4395
1 0.1281 0.4410
1 0.1319 0.4425
1 0.1358 0.4441
1 0.1396 0.4457
1 0.1434 0.4474
1 0.1472 0.4492
1 0.1510 0.4509
1 0.1547 0.4528
1 0.1585 0.4547
1 0.1622 0.4566
1 0.1658 0.4586
1 0.1695 0.4607
1 0.1731 0.4628
1 0.1766 0.4649
1 0.1802 0.4671
1 0.1837 0.4693
1 0.1872 0.4716
1 0.1907 0.4739
1 0.1941 0.4763
1 0.1975 0.4787
1 0.2008 0.4812
1 0.2042 0.4837
1 0.2074 0.4863
1 0.2107 0.4889
1 0.2139 0.4916
1 0.2171 0.4943
1 0.2202 0.4970
1 0.2234 0.4998
1 0.2264 0.5026
1 0.2295 0.5055
1 0.2324 0.5084
1 0.2354 0.5113
1 0.2383 0.5143
1 0.2412 0.5173
1 0.2440 0.5204
1 0.2468 0.5235
1 0.2495 0.5267
1 0.2522 0.5298
1 0.2549 0.5330
1 0.2575 0.5363
1 0.2601 0.5396
1 0.2626 0.5429
1 0.2651 0.5463
1 0.2675 0.5497
1 0.2699 0.5531
1 0.2722 0.5565
1 0.2745 0.5600
1 0.2767 0.5635
1 0.2789 0.5671
1 0.2811 0.5707
1 0.2832 0.5743
1 0.2852 0.5779
1 0.2872 0.5816
1 0.2892 0.5852
1 0.2911 0.5890
1 0.2929 0.5927
1 0.2947 0.5965
1 0.2965 0.6003
1 0.2981 0.6041
1 0.2998 0.6079
1 0.3014 0.6118
1 0.3029 0.6156
1 0.3044 0.6195
1 0.3058 0.6235
1 0.3072 0.6274
1 0.3085 0.6314
1 0.3098 0.6353
1 0.3110 0.6393
1 0.3121 0.6433
1 0.3132 0.6473
1 0.3143 0.6514
1 0.3153 0.6554
1 0.3162 0.6595
112 1251 916
0 0.1228 0.8145
1 0.1389 0.8158
1 0.1389 0.7758
1 0.1203 0.7773
1 0.1414 0.7407
1 0.1435 0.7416
1 0.1456 0.7424
1 0.1477 0.7432
1 0.1499 0.7439
1 0.1520 0.7445
1 0.1542 0.7451
1 0.1564 0.7456
1 0.1586 0.7461
1 0.1608 0.7466
1 0.1631 0.7469
1 0.1653 0.7473
1 0.1676 0.7475
1 0.1698 0.7477
1 0.1721 0.7479
1 0.1743 0.7480
1 0.1766 0.7480
1 0.1788 0.7480
1 0.1811 0.7479
1 0.1834 0.7478
1 0.1856 0.7476
1 0.1879 0.7473
1 0.1901 0.7470
1 0.1923 0.7467
1 0.1946 0.7463
1 0.1968 0.7458
1 0.1990 0.7453
1 0.2012 0.7447
1 0.2033 0.7441
1 0.2055 0.7434
1 0.2076 0.7426
1 0.2097 0.7418
1 0.2118 0.7410
1 0.2139 0.7401
1 0.2159 0.7392
1 0.2180 0.7382
1 0.2200 0.7371
1 0.2220 0.7278
1 0.2201 0.7289
1 0.2183 0.7299
1 0.2164 0.7309
1 0.2145 0.7318
1 0.2125 0.7327
1 0.2106 0.7335
1 0.2086 0.7343
1 0.2066 0.7350
1 0.2046 0.7357
1 0.2025 0.7363
1 0.2005 0.7368
1 0.1984 0.7373
1 0.1964 0.7378
1 0.1943 0.7382
1 0.1922 0.7385
1 0.1901 0.7388
1 0.1880 0.7390
1 0.1858 0.7392
1 0.1837 0.7393
1 0.1816 0.7393
1 0.1795 0.7393
1 0.1773 0.7393
1 0.1752 0.7392
1 0.1731 0.7390
1 0.1710 0.7388
1 0.1689 0.7385
1 0.1668 0.7381
1 0.1647 0.7377
1 0.1626 0.7373
1 0.1606 0.7368
1 0.1585 0.7362
1 0.1565 0.7356
1 0.1545 0.7349
1 0.1525 0.7342
1 0.1505 0.7334
1 0.1485 0.7326
1 0.1466 0.7317
1 0.1496 0.7266
1 0.1514 0.7274
1 0.1533 0.7282
1 0.1552 0.7289
1 0.1572 0.7296
1 0.1591 0.7302
1 0.1611 0.7308
1 0.1631 0.7313
1 0.1651 0.7318
1 0.1671 0.7322
1 0.1691 0.7325
1 0.1712 0.7328
1 0.1732 0.7331
1 0.1752 0.7332
1 0.1773 0.7334
1 0.1793 0.7334
1 0.1814 0.7334
1 0.1834 0.7334
1 0.1855 0.7333
1 0.1875 0.7331
1 0.1896 0.7329
1 0.1916 0.7326
1 0.1936 0.7323
1 0.1956 0.7319
1 0.1976 0.7314
1 0.1996 0.7309
1 0.2016 0.7304
1 0.2036 0.7298
1 0.2055 0.7291
1 0.2074 0.7284
1 0.2093 0.7276
1 0.2112 0.7268
1 0.2131 0.7259
1 0.2149 0.7250
1 0.2167 0.7240
1 0.2185 0.7230
1 0.2202 0.7219
1 0.2219 0.7208
1 0.2236 0.7196
1 0.2253 0.7184
1 0.2269 0.7172
1 0.2285 0.7159
1 0.2300 0.7145
1 0.2315 0.7131
1 0.2330 0.7117
1 0.2344 0.7102
1 0.2358 0.7087
1 0.2371 0.7072
1 0.2384 0.7056
1 0.2397 0.7039
1 0.2409 0.7023
1 0.2421 0.7006
1 0.2432 0.6989
1 0.2442 0.6971
1 0.2453 0.6953
1 0.2462 0.6935
1 0.2472 0.6917
1 0.2480 0.6899
1 0.2488 0.6880
1 0.2496 0.6861
1 0.2503 0.6841
1 0.2510 0.6822
1 0.2516 0.6802
1 0.2521 0.6783
1 0.2526 0.6763
1 0.2531 0.6743
1 0.2534 0.6723
1 0.2538 0.6702
1 0.2540 0.6682
1 0.2542 0.6662
1 0.2544 0.6641
1 0.2545 0.6621
1 0.2545 0.6600
1 0.2545 0.6580
1 0.2545 0.6559
1 0.2543 0.6539
1 0.2541 0.6518
1 0.2539 0.6498
1 0.2536 0.6478
1 0.2533 0.6457
1 0.2528 0.6437
1 0.2524 0.6417
1 0.2519 0.6397
1 0.2513 0.6378
1 0.2507 0.6358
1 0.2500 0.6339
1 0.2492 0.6320
1 0.2484 0.6301
1 0.2476 0.6282
1 0.2467 0.6264
1 0.2458 0.6246
1 0.2448 0.6228
1 0.2437 0.6210
1 0.2426 0.6193
1 0.2415 0.6176
1 0.2403 0.6159
1 0.2391 0.6142
1 0.2378 0.6126
1 0.2365 0.6111
1 0.2351 0.6095
1 0.2337 0.6080
1 0.2323 0.6066
1 0.2308 0.6052
1 0.2292 0.6038
1 0.2277 0.6025
1 0.2261 0.6012
1 0.2244 0.6000
1 0.2228 0.5988
1 0.2211 0.5976
1 0.2193 0.5965
1 0.2176 0.5955
1 0.2158 0.5945
1 0.2140 0.5935
1 0.2121 0.5926
1 0.2103 0.5918
1 0.2084 0.5910
1 0.2065 0.5902
1 0.2045 0.5895
1 0.2026 0.5889
1 0.2006 0.5883
1 0.1986 0.5878
1 0.1966 0.5873
1 0.1946 0.5869
1 0.1926 0.5866
1 0.1906 0.5862
1 0.1885 0.5860
1 0.1865 0.5858
1 0.1845 0.5857
1 0.1824 0.5856
1 0.1804 0.5856
1 0.1783 0.5856
1 0.1763 0.5857
1 0.1742 0.5859
1 0.1722 0.5861
1 0.1701 0.5863
1 0.1681 0.5866
1 0.1661 0.5870
1 0.1641 0.5874
1 0.1621 0.5879
1 0.1601 0.5885
1 0.1582 0.5891
1 0.1562 0.5897
1 0.1543 0.5904
1 0.1524 0.5912
1 0.1505 0.5920
1 0.1486 0.5928
1 0.1468 0.5938
1 0.1450 0.5947
1 0.1432 0.5957
1 0.1415 0.5968
1 0.1397 0.5979
1 0.1380 0.5991
1 0.1364 0.6003
1 0.1348 0.6015
1 0.1332 0.6028
1 0.1316 0.6042
1 0.1301 0.6055
1 0.1286 0.6070
1 0.1272 0.6084
1 0.1258 0.6099
1 0.1244 0.6115
1 0.1231 0.6130
1 0.1218 0.6147
1 0.1206 0.6163
1 0.1195 0.6180
1 0.1183 0.6197
1 0.1172 0.6214
1 0.1162 0.6232
1 0.1152 0.6250
1 0.1143 0.6268
1 0.1134 0.6287
1 0.1126 0.6306
1 0.1118 0.6325
1 0.1111 0.6344
1 0.1104 0.6363
1 0.1098 0.6383
1 0.1092 0.6402
1 0.1087 0.6422
1 0.1083 0.6442
1 0.1079 0.6462
1 0.1075 0.6483
1 0.1073 0.6503
1 0.1070 0.6523
1 0.1069 0.6544
1 0.1068 0.6564
1 0.1067 0.6585
1 0.1067 0.6605
1 0.1068 0.6626
1 0.1069 0.6646
1 0.1070 0.6667
1 0.1073 0.6687
1 0.1076 0.6707
1 0.1079 0.6728
1 0.1083 0.6748
1 0.1087 0.6768
1 0.1092 0.6788
1 0.1098 0.6807
1 0.1104 0.6827
1 0.1111 0.6846
1 0.1118 0.6865
1 0.1126 0.6884
1 0.1134 0.6903
1 0.1143 0.6922
1 0.1152 0.6940
1 0.1162 0.6958
1 0.1172 0.6976
1 0.1183 0.6993
1 0.1195 0.7010
1 0.1206 0.7027
1 0.1219 0.7044
1 0.1231 0.7060
1 0.1244 0.7075
1 0.1258 0.7091
1 0.1272 0.7106
1 0.1286 0.7120
1 0.1301 0.7135
1 0.1316 0.7148
1 0.1332 0.7162
1 0.1348 0.7175
1 0.1364 0.7187
1 0.1380 0.7199
1 0.1351 0.7251
1 0.1334 0.7239
1 0.1317 0.7226
1 0.1301 0.7213
1 0.1285 0.7199
1 0.1269 0.7186
1 0.1254 0.7171
1 0.1239 0.7157
1 0.1224 0.7142
1 0.1210 0.7126
1 0.1196 0.7110
1 0.1183 0.7094
1 0.1170 0.7078
1 0.1158 0.7061
1 0.1146 0.7044
1 0.1134 0.7026
1 0.1123 0.7008
1 0.1112 0.6990
1 0.1102 0.6972
1 0.1093 0.6953
1 0.1084 0.6934
1 0.1075 0.6915
1 0.1067 0.6896
1 0.0996 0.6967
1 0.1006 0.6988
1 0.1016 0.7009
1 0.1028 0.7029
1 0.1039 0.7049
1 0.1051 0.7069
1 0.1064 0.7088
1 0.1077 0.7107
1 0.1090 0.7126
1 0.1104 0.7145
1 0.1118 0.7163
1 0.1132 0.7181
1 0.1147 0.7199
1 0.1163 0.7216
1 0.1178 0.7233
1 0.1195 0.7249
1 0.1211 0.7265
1 0.1228 0.7281
1 0.1245 0.7297
1 0.1263 0.7312
1 0.1281 0.7326
1 0.1299 0.7341
1 0.1117 0.7655
1 0.0583 0.7018
1 0.0570 0.6999
1 0.0557 0.6980
1 0.0544 0.6961
1 0.0530 0.6943
1 0.0516 0.6926
1 0.0501 0.6908
1 0.0486 0.6891
1 0.0470 0.6875
1 0.0454 0.6859
1 0.0438 0.6843
1 0.0421 0.6828
1 0.0404 0.6813
1 0.0386 0.6798
1 0.0369 0.6784
1 0.0350 0.6770
1 0.0332 0.6757
1 0.0313 0.6745
1 0.0294 0.6732
1 0.0274 0.6721
1 0.0254 0.6709
1 0.0234 0.6699
1 0.0214 0.6688
1 0.0194 0.6679
1 0.0173 0.6669
1 0.0152 0.6661
1 0.0131 0.6652
1 0.0109 0.6645
1 0.0088 0.6638
1 0.0066 0.6631
1 0.0044 0.6625
1 0.0022 0.6619
1 -0.0000 0.6614
1 -0.0023 0.6610
1 -0.0045 0.6606
1 -0.0068 0.6603
1 -0.0090 0.6600
1 -0.0113 0.6598
1 -0.0136 0.6597
1 -0.0158 0.6595
1 -0.0181 0.6595
1 -0.0707 0.6595
1 -0.0708 0.6574
1 -0.0708 0.6554
1 -0.0710 0.6534
1 -0.0712 0.6513
1 -0.0714 0.6493
1 -0.0718 0.6472
1 -0.0721 0.6452
1 -0.0725 0.6432
1 -0.0730 0.6412
1 -0.0736 0.6392
1 -0.0742 0.6373
1 -0.0748 0.6353
1 -0.0755 0.6334
1 -0.0762 0.6315
1 -0.0771 0.6296
1 -0.0779 0.6277
1 -0.0788 0.6259
1 -0.0798 0.6241
1 -0.0808 0.6223
1 -0.0818 0.6205
1 -0.0829 0.6188
1 -0.0841 0.6171
1 -0.0853 0.6154
1 -0.0865 0.6138
1 -0.0878 0.6122
1 -0.0892 0.6107
1 -0.0905 0.6091
1 -0.0920 0.6077
1 -0.0934 0.6062
1 -0.0949 0.6048
1 -0.0965 0.6034
1 -0.0980 0.6021
1 -0.0996 0.6009
1 -0.1013 0.5996
1 -0.1030 0.5985
1 -0.1047 0.5973
1 -0.1064 0.5962
1 -0.1082 0.5952
1 -0.1100 0.5942
1 -0.1118 0.5933
1 -0.1137 0.5924
1 -0.1155 0.5915
1 -0.1174 0.5908
1 -0.1194 0.5900
1 -0.1213 0.5894
1 -0.1233 0.5887
1 -0.1252 0.5882
1 -0.1272 0.5877
1 -0.1292 0.5872
1 -0.1312 0.5868
1 -0.1333 0.5865
1 -0.1353 0.5862
1 -0.1373 0.5859
1 -0.1394 0.5858
1 -0.1414 0.5856
1 -0.1435 0.5856
1 -0.1455 0.5856
1 -0.1476 0.5856
1 -0.1496 0.5857
1 -0.1517 0.5859
1 -0.1537 0.5861
1 -0.1557 0.5864
1 -0.1578 0.5867
1 -0.1598 0.5871
1 -0.1618 0.5876
1 -0.1638 0.5881
1 -0.1657 0.5886
1 -0.1677 0.5893
1 -0.1696 0.5899
1 -0.1716 0.5906
1 -0.1735 0.5914
1 -0.1753 0.5922
1 -0.1772 0.5931
1 -0.1790 0.5940
1 -0.1808 0.5950
1 -0.1826 0.5961
1 -0.1844 0.5971
1 -0.1861 0.5983
1 -0.1878 0.5994
1 -0.1894 0.6007
1 -0.1910 0.6019
1 -0.1926 0.6032
1 -0.1941 0.6046
1 -0.1957 0.6060
1 -0.1971 0.6074
1 -0.1985 0.6089
1 -0.1999 0.6104
1 -0.2013 0.6120
1 -0.2026 0.6135
1 -0.2038 0.6152
1 -0.2050 0.6168
1 -0.2062 0.6185
1 -0.2073 0.6202
1 -0.2084 0.6220
1 -0.2094 0.6238
1 -0.2104 0.6256
1 -0.2113 0.6274
1 -0.2121 0.6293
1 -0.2129 0.6312
1 -0.2137 0.6331
1 -0.2144 0.6350
1 -0.2151 0.6370
1 -0.2157 0.6389
1 -0.2162 0.6409
1 -0.2167 0.6429
1 -0.2171 0.6449
1 -0.2175 0.6469
1 -0.2178 0.6489
1 -0.2181 0.6510
1 -0.2183 0.6530
1 -0.2185 0.6551
1 -0.2185 0.6571
1 -0.2186 0.6592
1 -0.2186 0.6612
1 -0.2185 0.6633
1 -0.2184 0.6653
1 -0.2182 0.6674
1 -0.2179 0.6694
1 -0.2176 0.6714
1 -0.2173 0.6734
1 -0.2168 0.6755
1 -0.2164 0.6775
1 -0.2158 0.6794
1 -0.2153 0.6814
1 -0.2146 0.6834
1 -0.2139 0.6853
1 -0.2132 0.6872
1 -0.2124 0.6891
1 -0.2116 0.6910
1 -0.2107 0.6928
1 -0.2097 0.6946
1 -0.2087 0.6964
1 -0.2077 0.6982
1 -0.2066 0.6999
1 -0.2054 0.7016
1 -0.2042 0.7033
1 -0.2030 0.7049
1 -0.2017 0.7065
1 -0.2004 0.7081
1 -0.1990 0.7096
1 -0.1976 0.7111
1 -0.1961 0.7126
1 -0.1946 0.7140
1 -0.1931 0.7153
1 -0.1915 0.7167
1 -0.1899 0.7179
1 -0.1883 0.7192
1 -0.1866 0.7204
1 -0.1849 0.7215
1 -0.1832 0.7226
1 -0.1814 0.7236
1 -0.1796 0.7246
1 -0.1778 0.7256
1 -0.1760 0.7265
1 -0.1741 0.7273
1 -0.1722 0.7281
1 -0.1703 0.7288
1 -0.1683 0.7295
1 -0.1821 0.7412
1 -0.1821 0.7456
1 -0.1837 0.7449
1 -0.1854 0.7441
1 -0.1871 0.7433
1 -0.1887 0.7424
1 -0.1903 0.7415
1 -0.1918 0.7406
1 -0.1934 0.7395
1 -0.1949 0.7385
1 -0.1963 0.7374
1 -0.1978 0.7363
1 -0.1992 0.7351
1 -0.2005 0.7338
1 -0.2019 0.7326
1 -0.2031 0.7313
1 -0.2044 0.7299
1 -0.2056 0.7285
1 -0.2068 0.7271
1 -0.2079 0.7257
1 -0.2090 0.7242
1 -0.2100 0.7227
1 -0.2110 0.7211
1 -0.2119 0.7195
1 -0.2128 0.7179
1 -0.2136 0.7163
1 -0.2144 0.7146
1 -0.2152 0.7130
1 -0.2158 0.7112
1 -0.2299 0.7112
1 -0.2293 0.7132
1 -0.2286 0.7151
1 -0.2279 0.7170
1 -0.2271 0.7188
1 -0.2263 0.7207
1 -0.2254 0.7225
1 -0.2245 0.7243
1 -0.2235 0.7260
1 -0.2225 0.7278
1 -0.2214 0.7295
1 -0.2203 0.7312
1 -0.2191 0.7328
1 -0.2179 0.7344
1 -0.2167 0.7360
1 -0.2154 0.7376
1 -0.2140 0.7391
1 -0.2127 0.7406
1 -0.2112 0.7420
1 -0.2098 0.7434
1 -0.2083 0.7448
1 -0.2068 0.7461
1 -0.2052 0.7474
1 -0.2036 0.7486
1 -0.2020 0.7498
1 -0.2003 0.7509
1 -0.1986 0.7520
1 -0.1969 0.7531
1 -0.1951 0.7541
1 -0.1933 0.7550
1 -0.1915 0.7559
1 -0.1915 0.7600
1 -0.2132 0.7660
1 -0.2088 0.7896
1 -0.1895 0.7896
1 -0.1895 0.7926
1 -0.1666 0.7926
1 -0.1666 0.7955
1 -0.1038 0.7955
1 -0.0042 0.8005
1 -0.0008 0.8021
1 0.0026 0.8037
1 0.0060 0.8052
1 0.0095 0.8067
1 0.0130 0.8081
1 0.0165 0.8095
1 0.0200 0.8108
1 0.0236 0.8121
1 0.0271 0.8133
1 0.0307 0.8144
1 0.0343 0.8156
1 0.0379 0.8166
1 0.0415 0.8176
1 0.0451 0.8186
1 0.0488 0.8195
1 0.0525 0.8203
1 0.0561 0.8211
1 0.0598 0.8219
1 0.0635 0.8226
1 0.0672 0.8232
1 0.0709 0.8238
1 0.0747 0.8243
1 0.0784 0.8248
1 0.0821 0.8252
1 0.0859 0.8255
1 0.0896 0.8259
1 0.0934 0.8261
1 0.0752 0.8575
1 0.0749 0.8580
1 0.0745 0.8585
1 0.0741 0.8589
1 0.0737 0.8593
1 0.0733 0.8596
1 0.0729 0.8598
1 0.0725 0.8599
1 0.0720 0.8598
1 0.0716 0.8597
1 0.0712 0.8594
1 0.0707 0.8591
1 0.0702 0.8588
1 0.0697 0.8584
1 0.0693 0.8581
1 0.0688 0.8577
1 0.0683 0.8575
1 0.0678 0.8572
1 0.0673 0.8570
1 0.0668 0.8569
1 0.0663 0.8568
1 0.0657 0.8567
1 0.0652 0.8566
1 0.0647 0.8565
1 0.0641 0.8565
1 0.0636 0.8564
1 0.0630 0.8563
1 0.0624 0.8563
1 0.0619 0.8562
1 0.0613 0.8562
1 0.0607 0.8561
1 0.0602 0.8561
1 0.0596 0.8561
1 0.0590 0.8561
1 0.0585 0.8561
1 0.0579 0.8561
1 0.0574 0.8561
1 0.0568 0.8561
1 0.0563 0.8562
1 0.0558 0.8563
1 0.0552 0.8564
1 0.0547 0.8565
1 0.0542 0.8566
1 0.0538 0.8567
1 0.0533 0.8569
1 0.0528 0.8571
1 0.0524 0.8573
1 0.0520 0.8575
1 0.0516 0.8578
1 0.0512 0.8580
1 0.0508 0.8583
1 0.0505 0.8586
1 0.0501 0.8590
1 0.0498 0.8593
1 0.0495 0.8597
1 0.0492 0.8601
1 0.0489 0.8605
1 0.0487 0.8609
1 0.0484 0.8614
1 0.0482 0.8618
1 0.0480 0.8623
1 0.0477 0.8628
1 0.0475 0.8633
1 0.0473 0.8638
1 0.0471 0.8643
1 0.0470 0.8648
1 0.0468 0.8654
1 0.0466 0.8659
1 0.0465 0.8665
1 0.0463 0.8671
1 0.0462 0.8676
1 0.0460 0.8682
1 0.0459 0.8688
1 0.0458 0.8694
1 0.0456 0.8700
1 0.0455 0.8706
1 0.0454 0.8712
1 0.0453 0.8718
1 0.0451 0.8724
1 0.0450 0.8730
1 0.0450 0.8731
1 0.0451 0.8733
1 0.0451 0.8734
1 0.0451 0.8736
1 0.0451 0.8737
1 0.0452 0.8738
1 0.0452 0.8740
1 0.0452 0.8741
1 0.0453 0.8742
1 0.0453 0.8743
1 0.0453 0.8745
1 0.0454 0.8746
1 0.0454 0.8747
1 0.0455 0.8748
1 0.0455 0.8749
1 0.0456 0.8750
1 0.0456 0.8751
1 0.0457 0.8752
1 0.0458 0.8753
1 0.0458 0.8753
1 0.0459 0.8754
1 0.0460 0.8755
1 0.0461 0.8755
1 0.0461 0.8756
1 0.0462 0.8756
1 0.0463 0.8757
1 0.0464 0.8757
1 0.0465 0.8757
1 0.0466 0.8757
1 0.0468 0.8757
1 0.0469 0.8758
1 0.0470 0.8758
1 0.0471 0.8758
1 0.0472 0.8758
1 0.0474 0.8758
1 0.0475 0.8757
1 0.0476 0.8757
1 0.0478 0.8757
1 0.0479 0.8757
1 0.0480 0.8757
1 0.0482 0.8756
1 0.0483 0.8756
1 0.0484 0.8756
1 0.0486 0.8756
1 0.0487 0.8755
1 0.0489 0.8755
1 0.0490 0.8755
1 0.0492 0.8754
1 0.0493 0.8754
1 0.0774 0.8754
1 0.0781 0.8753
1 0.0787 0.8751
1 0.0793 0.8748
1 0.0799 0.8745
1 0.0805 0.8742
1 0.0810 0.8738
1 0.0815 0.8734
1 0.0820 0.8729
1 0.0824 0.8724
1 0.0828 0.8718
1 0.0831 0.8712
1 0.0834 0.8706
1 0.0836 0.8700
1 0.0838 0.8693
1 0.1077 0.8278
1 0.1082 0.8278
1 0.1086 0.8278
1 0.1091 0.8277
1 0.1095 0.8277
1 0.1099 0.8277
1 0.1103 0.8277
1 0.1107 0.8277
1 0.1111 0.8278
1 0.1115 0.8278
1 0.1118 0.8279
1 0.1122 0.8280
1 0.1125 0.8282
1 0.1128 0.8283
1 0.1131 0.8285
1 0.1133 0.8288
1 0.1135 0.8290
1 0.1137 0.8293
1 0.1139 0.8297
1 0.1141 0.8300
1 0.1143 0.8304
1 0.1144 0.8307
1 0.1146 0.8311
1 0.1148 0.8315
1 0.1149 0.8319
1 0.1151 0.8322
1 0.1153 0.8326
1 0.1155 0.8330
1 0.1157 0.8333
1 0.1159 0.8337
1 0.1161 0.8340
1 0.1164 0.8343
1 0.1166 0.8346
1 0.1169 0.8349
1 0.1172 0.8352
1 0.1175 0.8354
1 0.1178 0.8357
1 0.1181 0.8359
1 0.1184 0.8361
1 0.1187 0.8363
1 0.1191 0.8365
1 0.1194 0.8366
1 0.1198 0.8367
1 0.1202 0.8368
1 0.1205 0.8369
1 0.1209 0.8370
1 0.1213 0.8370
1 0.1217 0.8370
1 0.1221 0.8370
1 0.1225 0.8370
1 0.1229 0.8369
1 0.1233 0.8368
1 0.1237 0.8367
1 0.1241 0.8366
1 0.1244 0.8365
1 0.1248 0.8363
1 0.1252 0.8361
1 0.1255 0.8359
1 0.1258 0.8357
1 0.1262 0.8355
1 0.1265 0.8352
1 0.1267 0.8349
1 0.1270 0.8346
1 0.1272 0.8343
1 0.1275 0.8340
1 0.1277 0.8337
1 0.1278 0.8333
1 0.1279 0.8330
1 0.1280 0.8326
1 0.1281 0.8322
1 0.1282 0.8318
1 0.1282 0.8314
1 0.1282 0.8311
1 0.1282 0.8307
1 0.1281 0.8303
1 0.1280 0.8299
1 0.1279 0.8295
1 0.1278 0.8291
1 0.1277 0.8287
1 0.1276 0.8284
1 0.1274 0.8280
1 0.1272 0.8276
1 0.1270 0.8273
1 0.1268 0.8270
1 0.1266 0.8267
1 0.1264 0.8263
1 0.1262 0.8260
1 0.1259 0.8257
1 0.1257 0.8254
1 0.1254 0.8252
1 0.1252 0.8249
1 0.1249 0.8246
1 0.1246 0.8243
1 0.1244 0.8241
1 0.1241 0.8238
1 0.1238 0.8236
1 0.1235 0.8234
1 0.1232 0.8231
1 0.1230 0.8229
1 0.1227 0.8227
1 0.1224 0.8224
1 0.1222 0.8222
1 0.1219 0.8219
1 0.1217 0.8217
1 0.1214 0.8214
1 0.1212 0.8211
1 0.1210 0.8208
1 0.1209 0.8205
1 0.1207 0.8202
1 0.1206 0.8198
1 0.1205 0.8194
1 0.1204 0.8190
1 0.1204 0.8186
1 0.1204 0.8182
1 0.1204 0.8178
1 0.1204 0.8174
1 0.1205 0.8170
1 0.1206 0.8166
1 0.1207 0.8163
1 0.1208 0.8160
1 0.1210 0.8157
1 0.1212 0.8154
1 0.1213 0.8152
1 0.1215 0.8150
1 0.1218 0.8149
1 0.1220 0.8148
1 0.1222 0.8147
1 0.1224 0.8146
1 0.1226 0.8145
1 0.1228 0.8145
112 1466 5
0 -0.1225 0.6812
1 -0.1225 0.6813
1 -0.1226 0.6813
1 -0.1226 0.6814
1 -0.1227 0.6814
112 1466 285
0 0.1659 0.6982
1 0.1674 0.6987
1 0.1689 0.6992
1 0.1704 0.6996
1 0.1719 0.7000
1 0.1734 0.7003
1 0.1749 0.7005
1 0.1764 0.7007
1 0.1780 0.7008
1 0.1795 0.7009
1 0.1810 0.7009
1 0.1826 0.7009
1 0.1841 0.7007
1 0.1857 0.7006
1 0.1872 0.7004
1 0.1887 0.7001
1 0.1902 0.6998
1 0.1917 0.6994
1 0.1932 0.6989
1 0.1946 0.6985
1 0.1961 0.6979
1 0.1975 0.6973
1 0.1989 0.6966
1 0.2003 0.6959
1 0.2016 0.6952
1 0.2029 0.6944
1 0.2042 0.6935
1 0.2055 0.6926
1 0.2067 0.6917
1 0.2079 0.6907
1 0.2090 0.6896
1 0.2101 0.6886
1 0.2112 0.6874
1 0.2122 0.6863
1 0.2132 0.6851
1 0.2141 0.6839
1 0.2150 0.6826
1 0.2158 0.6813
1 0.2166 0.6800
1 0.2173 0.6786
1 0.2180 0.6772
1 0.2187 0.6758
1 0.2192 0.6744
1 0.2198 0.6730
1 0.2202 0.6715
1 0.2207 0.6700
1 0.2210 0.6685
1 0.2213 0.6670
1 0.2216 0.6655
1 0.2218 0.6639
1 0.2219 0.6624
1 0.2220 0.6609
1 0.2220 0.6593
1 0.2220 0.6578
1 0.2219 0.6562
1 0.2217 0.6547
1 0.2215 0.6532
1 0.2213 0.6517
1 0.2209 0.6502
1 0.2206 0.6487
1 0.2201 0.6472
1 0.2197 0.6457
1 0.2191 0.6443
1 0.2185 0.6429
1 0.2179 0.6415
1 0.2172 0.6401
1 0.2164 0.6387
1 0.2156 0.6374
1 0.2148 0.6361
1 0.2139 0.6349
1 0.2129 0.6336
1 0.2120 0.6325
1 0.2109 0.6313
1 0.2099 0.6302
1 0.2087 0.6291
1 0.2076 0.6281
1 0.2064 0.6271
1 0.2052 0.6262
1 0.2039 0.6253
1 0.2026 0.6244
1 0.2013 0.6236
1 0.2000 0.6229
1 0.1986 0.6222
1 0.1972 0.6216
1 0.1958 0.6210
1 0.1943 0.6204
1 0.1929 0.6200
1 0.1914 0.6195
1 0.1899 0.6192
1 0.1884 0.6188
1 0.1868 0.6186
1 0.1853 0.6184
1 0.1838 0.6182
1 0.1822 0.6181
1 0.1807 0.6181
1 0.1792 0.6181
1 0.1776 0.6182
1 0.1761 0.6184
1 0.1746 0.6185
1 0.1730 0.6188
1 0.1715 0.6191
1 0.1700 0.6195
1 0.1685 0.6199
1 0.1671 0.6204
1 0.1656 0.6209
1 0.1642 0.6215
1 0.1628 0.6221
1 0.1614 0.6228
1 0.1601 0.6236
1 0.1587 0.6244
1 0.1574 0.6252
1 0.1562 0.6261
1 0.1550 0.6270
1 0.1538 0.6280
1 0.1526 0.6290
1 0.1515 0.6301
1 0.1504 0.6312
1 0.1494 0.6323
1 0.1484 0.6335
1 0.1474 0.6347
1 0.1466 0.6360
1 0.1457 0.6373
1 0.1449 0.6386
1 0.1441 0.6399
1 0.1434 0.6413
1 0.1428 0.6427
1 0.1422 0.6441
1 0.1416 0.6456
1 0.1411 0.6470
1 0.1407 0.6485
1 0.1403 0.6500
1 0.1400 0.6515
1 0.1397 0.6530
1 0.1395 0.6545
1 0.1394 0.6561
1 0.1393 0.6576
1 0.1392 0.6592
1 0.1392 0.6607
1 0.1393 0.6622
1 0.1394 0.6638
1 0.1396 0.6653
1 0.1399 0.6668
1 0.1402 0.6683
1 0.1405 0.6698
1 0.1409 0.6713
1 0.1414 0.6728
1 0.1419 0.6742
1 0.1425 0.6757
1 0.1431 0.6771
1 0.1438 0.6785
1 0.1446 0.6798
1 0.1453 0.6812
1 0.1462 0.6825
1 0.1470 0.6837
1 0.1480 0.6850
1 0.1489 0.6862
1 0.1500 0.6873
1 0.1510 0.6884
1 0.1521 0.6895
1 0.1532 0.6906
1 0.1544 0.6916
1 0.1627 0.6772
1 0.1619 0.6763
1 0.1611 0.6754
1 0.1604 0.6744
1 0.1597 0.6734
1 0.1591 0.6724
1 0.1585 0.6714
1 0.1579 0.6703
1 0.1574 0.6692
1 0.1570 0.6681
1 0.1566 0.6669
1 0.1563 0.6658
1 0.1560 0.6646
1 0.1558 0.6634
1 0.1556 0.6622
1 0.1555 0.6610
1 0.1555 0.6598
1 0.1555 0.6586
1 0.1556 0.6574
1 0.1557 0.6562
1 0.1559 0.6550
1 0.1561 0.6539
1 0.1564 0.6527
1 0.1568 0.6515
1 0.1572 0.6504
1 0.1576 0.6493
1 0.1582 0.6482
1 0.1587 0.6471
1 0.1593 0.6461
1 0.1600 0.6451
1 0.1607 0.6441
1 0.1615 0.6432
1 0.1623 0.6423
1 0.1631 0.6414
1 0.1640 0.6406
1 0.1649 0.6399
1 0.1659 0.6391
1 0.1669 0.6384
1 0.1679 0.6378
1 0.1690 0.6372
1 0.1700 0.6367
1 0.1711 0.6362
1 0.1723 0.6358
1 0.1734 0.6354
1 0.1746 0.6351
1 0.1758 0.6348
1 0.1769 0.6346
1 0.1781 0.6345
1 0.1793 0.6344
1 0.1805 0.6344
1 0.1817 0.6344
1 0.1829 0.6345
1 0.1841 0.6346
1 0.1853 0.6348
1 0.1865 0.6351
1 0.1877 0.6354
1 0.1888 0.6357
1 0.1899 0.6362
1 0.1910 0.6366
1 0.1921 0.6372
1 0.1932 0.6377
1 0.1942 0.6384
1 0.1952 0.6390
1 0.1962 0.6398
1 0.1971 0.6405
1 0.1980 0.6413
1 0.1988 0.6422
1 0.1996 0.6431
1 0.2004 0.6440
1 0.2011 0.6450
1 0.2018 0.6460
1 0.2024 0.6470
1 0.2030 0.6481
1 0.2035 0.6491
1 0.2040 0.6503
1 0.2044 0.6514
1 0.2048 0.6525
1 0.2051 0.6537
1 0.2053 0.6549
1 0.2055 0.6561
1 0.2057 0.6573
1 0.2057 0.6585
1 0.2058 0.6597
1 0.2057 0.6609
1 0.2056 0.6621
1 0.2055 0.6633
1 0.2053 0.6644
1 0.2050 0.6656
1 0.2047 0.6668
1 0.2043 0.6679
1 0.2039 0.6690
1 0.2034 0.6702
1 0.2028 0.6712
1 0.2023 0.6723
1 0.2016 0.6733
1 0.2009 0.6743
1 0.2002 0.6752
1 0.1994 0.6762
1 0.1986 0.6770
1 0.1978 0.6779
1 0.1969 0.6787
1 0.1959 0.6794
1 0.1949 0.6802
1 0.1939 0.6808
1 0.1929 0.6814
1 0.1918 0.6820
1 0.1907 0.6825
1 0.1896 0.6830
1 0.1885 0.6834
1 0.1873 0.6837
1 0.1862 0.6840
1 0.1850 0.6842
1 0.1838 0.6844
1 0.1826 0.6846
1 0.1814 0.6846
1 0.1802 0.6846
1 0.1790 0.6846
1 0.1778 0.6845
1 0.1766 0.6843
1 0.1754 0.6841
1 0.1743 0.6838
1 0.1659 0.6982
1 0.1743 0.6838
1 0.1743 0.6838
112 1466 17
0 -0.1139 0.6770
1 -0.1033 0.6792
1 -0.1040 0.6807
1 -0.1049 0.6822
1 -0.1057 0.6837
1 -0.1067 0.6851
1 -0.1076 0.6865
1 -0.1087 0.6879
1 -0.1098 0.6892
1 -0.1109 0.6905
1 -0.1121 0.6917
1 -0.1133 0.6929
1 -0.1146 0.6941
1 -0.1159 0.6952
1 -0.1227 0.6814
1 -0.1227 0.6813
1 -0.1139 0.6770
112 1466 227
0 -0.1151 0.6499
1 -0.1156 0.6486
1 -0.1161 0.6474
1 -0.1166 0.6462
1 -0.1172 0.6451
1 -0.1178 0.6439
1 -0.1185 0.6428
1 -0.1192 0.6417
1 -0.1200 0.6406
1 -0.1208 0.6396
1 -0.1217 0.6386
1 -0.1226 0.6377
1 -0.1235 0.6368
1 -0.1245 0.6359
1 -0.1255 0.6351
1 -0.1265 0.6343
1 -0.1276 0.6335
1 -0.1287 0.6329
1 -0.1299 0.6322
1 -0.1310 0.6316
1 -0.1322 0.6311
1 -0.1334 0.6306
1 -0.1346 0.6301
1 -0.1359 0.6297
1 -0.1372 0.6294
1 -0.1384 0.6291
1 -0.1397 0.6288
1 -0.1410 0.6287
1 -0.1423 0.6285
1 -0.1436 0.6285
1 -0.1449 0.6285
1 -0.1462 0.6285
1 -0.1475 0.6286
1 -0.1488 0.6287
1 -0.1501 0.6289
1 -0.1514 0.6292
1 -0.1527 0.6295
1 -0.1539 0.6299
1 -0.1552 0.6303
1 -0.1564 0.6308
1 -0.1576 0.6313
1 -0.1588 0.6319
1 -0.1599 0.6325
1 -0.1611 0.6331
1 -0.1622 0.6339
1 -0.1632 0.6346
1 -0.1643 0.6354
1 -0.1653 0.6363
1 -0.1662 0.6371
1 -0.1671 0.6381
1 -0.1680 0.6390
1 -0.1689 0.6400
1 -0.1697 0.6411
1 -0.1704 0.6422
1 -0.1711 0.6433
1 -0.1718 0.6444
1 -0.1724 0.6455
1 -0.1730 0.6467
1 -0.1735 0.6479
1 -0.1739 0.6491
1 -0.1743 0.6504
1 -0.1747 0.6516
1 -0.1750 0.6529
1 -0.1753 0.6542
1 -0.1754 0.6555
1 -0.1756 0.6568
1 -0.1757 0.6581
1 -0.1757 0.6594
1 -0.1757 0.6607
1 -0.1756 0.6620
1 -0.1755 0.6633
1 -0.1753 0.6646
1 -0.1750 0.6659
1 -0.1747 0.6672
1 -0.1744 0.6684
1 -0.1740 0.6697
1 -0.1735 0.6709
1 -0.1730 0.6721
1 -0.1725 0.6733
1 -0.1719 0.6745
1 -0.1712 0.6756
1 -0.1705 0.6767
1 -0.1698 0.6778
1 -0.1690 0.6788
1 -0.1681 0.6798
1 -0.1673 0.6808
1 -0.1663 0.6817
1 -0.1654 0.6826
1 -0.1644 0.6835
1 -0.1634 0.6843
1 -0.1623 0.6850
1 -0.1612 0.6858
1 -0.1601 0.6864
1 -0.1589 0.6871
1 -0.1578 0.6876
1 -0.1566 0.6882
1 -0.1554 0.6886
1 -0.1472 0.7053
1 -0.1488 0.7052
1 -0.1504 0.7050
1 -0.1520 0.7047
1 -0.1536 0.7045
1 -0.1551 0.7041
1 -0.1567 0.7037
1 -0.1583 0.7033
1 -0.1598 0.7028
1 -0.1613 0.7022
1 -0.1628 0.7016
1 -0.1643 0.7009
1 -0.1657 0.7002
1 -0.1671 0.6994
1 -0.1685 0.6986
1 -0.1699 0.6978
1 -0.1712 0.6968
1 -0.1725 0.6959
1 -0.1738 0.6949
1 -0.1750 0.6938
1 -0.1762 0.6927
1 -0.1774 0.6916
1 -0.1785 0.6904
1 -0.1795 0.6892
1 -0.1806 0.6880
1 -0.1816 0.6867
1 -0.1825 0.6854
1 -0.1834 0.6840
1 -0.1842 0.6827
1 -0.1850 0.6812
1 -0.1857 0.6798
1 -0.1864 0.6783
1 -0.1871 0.6769
1 -0.1877 0.6754
1 -0.1882 0.6738
1 -0.1887 0.6723
1 -0.1891 0.6707
1 -0.1895 0.6692
1 -0.1898 0.6676
1 -0.1900 0.6660
1 -0.1902 0.6644
1 -0.1904 0.6628
1 -0.1905 0.6612
1 -0.1905 0.6595
1 -0.1905 0.6579
1 -0.1904 0.6563
1 -0.1902 0.6547
1 -0.1900 0.6531
1 -0.1898 0.6515
1 -0.1895 0.6499
1 -0.1891 0.6483
1 -0.1887 0.6468
1 -0.1882 0.6452
1 -0.1877 0.6437
1 -0.1871 0.6422
1 -0.1865 0.6407
1 -0.1858 0.6393
1 -0.1850 0.6378
1 -0.1843 0.6364
1 -0.1834 0.6350
1 -0.1825 0.6337
1 -0.1816 0.6324
1 -0.1806 0.6311
1 -0.1796 0.6298
1 -0.1785 0.6286
1 -0.1774 0.6274
1 -0.1763 0.6263
1 -0.1751 0.6252
1 -0.1739 0.6242
1 -0.1726 0.6232
1 -0.1713 0.6222
1 -0.1700 0.6213
1 -0.1686 0.6204
1 -0.1672 0.6196
1 -0.1658 0.6188
1 -0.1643 0.6181
1 -0.1629 0.6174
1 -0.1614 0.6168
1 -0.1599 0.6163
1 -0.1583 0.6158
1 -0.1568 0.6153
1 -0.1552 0.6149
1 -0.1536 0.6146
1 -0.1520 0.6143
1 -0.1504 0.6140
1 -0.1488 0.6139
1 -0.1472 0.6137
1 -0.1456 0.6137
1 -0.1440 0.6137
1 -0.1424 0.6137
1 -0.1408 0.6138
1 -0.1392 0.6140
1 -0.1376 0.6142
1 -0.1360 0.6145
1 -0.1344 0.6148
1 -0.1328 0.6152
1 -0.1313 0.6157
1 -0.1297 0.6162
1 -0.1282 0.6167
1 -0.1267 0.6173
1 -0.1253 0.6180
1 -0.1238 0.6187
1 -0.1224 0.6194
1 -0.1210 0.6203
1 -0.1196 0.6211
1 -0.1183 0.6220
1 -0.1170 0.6230
1 -0.1157 0.6240
1 -0.1145 0.6250
1 -0.1133 0.6261
1 -0.1121 0.6272
1 -0.1110 0.6284
1 -0.1099 0.6296
1 -0.1089 0.6308
1 -0.1079 0.6321
1 -0.1070 0.6334
1 -0.1061 0.6348
1 -0.1052 0.6362
1 -0.1044 0.6376
1 -0.1037 0.6390
1 -0.1030 0.6404
1 -0.1023 0.6419
1 -0.1017 0.6434
1 -0.1012 0.6450
1 -0.1007 0.6465
1 -0.1003 0.6481
1 -0.0999 0.6496
1 -0.0996 0.6512
1 -0.0993 0.6528
1 -0.1151 0.6499
112 1250 13
0 -0.2739 0.1729
1 -0.2739 0.1103
1 -0.2838 0.1103
1 -0.2838 0.1989
1 -0.2700 0.1989
1 -0.2566 0.1512
1 -0.2430 0.1989
1 -0.2292 0.1989
1 -0.2292 0.1103
1 -0.2401 0.1103
1 -0.2401 0.1725
1 -0.2566 0.1129
1 -0.2739 0.1729
112 1250 49
0 -0.1756 0.1200
1 -0.1729 0.1251
1 -0.1726 0.1259
1 -0.1709 0.1307
1 -0.1695 0.1360
1 -0.1686 0.1417
1 -0.1679 0.1480
1 -0.1678 0.1547
1 -0.1678 0.1557
1 -0.1680 0.1622
1 -0.1687 0.1684
1 -0.1697 0.1741
1 -0.1711 0.1794
1 -0.1729 0.1841
1 -0.1736 0.1856
1 -0.1765 0.1904
1 -0.1799 0.1942
1 -0.1839 0.1969
1 -0.1884 0.1985
1 -0.1933 0.1990
1 -0.1946 0.1989
1 -0.1995 0.1981
1 -0.2037 0.1963
1 -0.2076 0.1932
1 -0.2109 0.1892
1 -0.2137 0.1841
1 -0.2139 0.1835
1 -0.2157 0.1787
1 -0.2170 0.1734
1 -0.2180 0.1676
1 -0.2186 0.1614
1 -0.2188 0.1547
1 -0.2188 0.1537
1 -0.2186 0.1473
1 -0.2178 0.1412
1 -0.2168 0.1355
1 -0.2153 0.1302
1 -0.2134 0.1253
1 -0.2128 0.1239
1 -0.2098 0.1190
1 -0.2064 0.1151
1 -0.2025 0.1123
1 -0.1981 0.1107
1 -0.1933 0.1102
1 -0.1918 0.1102
1 -0.1870 0.1110
1 -0.1827 0.1130
1 -0.1789 0.1159
1 -0.1756 0.1200
112 1250 9
0 -0.1132 0.1989
1 -0.1585 0.1989
1 -0.1585 0.1865
1 -0.1411 0.1865
1 -0.1411 0.1103
1 -0.1305 0.1103
1 -0.1305 0.1865
1 -0.1132 0.1865
1 -0.1132 0.1989
112 1250 49
0 -0.0649 0.1200
1 -0.0622 0.1251
1 -0.0618 0.1259
1 -0.0601 0.1307
1 -0.0587 0.1360
1 -0.0578 0.1417
1 -0.0572 0.1480
1 -0.0570 0.1547
1 -0.0570 0.1557
1 -0.0572 0.1622
1 -0.0578 0.1684
1 -0.0589 0.1741
1 -0.0603 0.1794
1 -0.0622 0.1841
1 -0.0628 0.1856
1 -0.0658 0.1904
1 -0.0691 0.1942
1 -0.0731 0.1969
1 -0.0776 0.1985
1 -0.0825 0.1990
1 -0.0839 0.1989
1 -0.0887 0.1981
1 -0.0930 0.1963
1 -0.0968 0.1932
1 -0.1001 0.1892
1 -0.1029 0.1841
1 -0.1031 0.1835
1 -0.1049 0.1787
1 -0.1062 0.1734
1 -0.1073 0.1676
1 -0.1078 0.1614
1 -0.1080 0.1547
1 -0.1080 0.1537
1 -0.1078 0.1473
1 -0.1071 0.1412
1 -0.1060 0.1355
1 -0.1046 0.1302
1 -0.1026 0.1253
1 -0.1020 0.1239
1 -0.0991 0.1190
1 -0.0957 0.1151
1 -0.0917 0.1123
1 -0.0874 0.1107
1 -0.0825 0.1102
1 -0.0810 0.1102
1 -0.0762 0.1110
1 -0.0719 0.1130
1 -0.0681 0.1159
1 -0.0649 0.1200
112 1250 66
0 -0.0052 0.1200
1 -0.0088 0.1160
1 -0.0089 0.1158
1 -0.0132 0.1127
1 -0.0178 0.1108
1 -0.0228 0.1102
1 -0.0231 0.1102
1 -0.0279 0.1107
1 -0.0323 0.1123
1 -0.0363 0.1150
1 -0.0397 0.1189
1 -0.0427 0.1238
1 -0.0433 0.1253
1 -0.0452 0.1302
1 -0.0467 0.1355
1 -0.0478 0.1412
1 -0.0484 0.1473
1 -0.0487 0.1537
1 -0.0487 0.1547
1 -0.0485 0.1614
1 -0.0480 0.1676
1 -0.0469 0.1734
1 -0.0455 0.1787
1 -0.0438 0.1835
1 -0.0435 0.1841
1 -0.0408 0.1892
1 -0.0375 0.1932
1 -0.0337 0.1962
1 -0.0294 0.1981
1 -0.0246 0.1989
1 -0.0231 0.1990
1 -0.0181 0.1984
1 -0.0135 0.1966
1 -0.0093 0.1936
1 -0.0082 0.1926
1 -0.0047 0.1883
1 -0.0020 0.1835
1 -0.0004 0.1780
1 -0.0000 0.1763
1 -0.0111 0.1763
1 -0.0133 0.1814
1 -0.0156 0.1837
1 -0.0201 0.1861
1 -0.0231 0.1865
1 -0.0266 0.1860
1 -0.0298 0.1842
1 -0.0323 0.1814
1 -0.0343 0.1774
1 -0.0359 0.1723
1 -0.0369 0.1659
1 -0.0374 0.1586
1 -0.0375 0.1547
1 -0.0372 0.1468
1 -0.0364 0.1400
1 -0.0351 0.1343
1 -0.0333 0.1297
1 -0.0310 0.1263
1 -0.0282 0.1241
1 -0.0248 0.1231
1 -0.0231 0.1229
1 -0.0180 0.1239
1 -0.0144 0.1268
1 -0.0125 0.1304
1 -0.0007 0.1304
1 -0.0024 0.1248
1 -0.0052 0.1200
112 1250 5
0 0.0225 0.1103
1 0.0121 0.1103
1 0.0121 0.1989
1 0.0225 0.1989
1 0.0225 0.1103
112 1250 66
0 0.0762 0.1200
1 0.0726 0.1160
1 0.0725 0.1158
1 0.0681 0.1127
1 0.0636 0.1108
1 0.0586 0.1102
1 0.0583 0.1102
1 0.0534 0.1107
1 0.0490 0.1123
1 0.0451 0.1150
1 0.0417 0.1189
1 0.0387 0.1238
1 0.0380 0.1253
1 0.0362 0.1302
1 0.0346 0.1355
1 0.0336 0.1412
1 0.0330 0.1473
1 0.0326 0.1537
1 0.0326 0.1547
1 0.0329 0.1614
1 0.0334 0.1676
1 0.0344 0.1734
1 0.0358 0.1787
1 0.0375 0.1835
1 0.0378 0.1841
1 0.0406 0.1892
1 0.0438 0.1932
1 0.0477 0.1962
1 0.0520 0.1981
1 0.0568 0.1989
1 0.0583 0.1990
1 0.0632 0.1984
1 0.0679 0.1966
1 0.0721 0.1936
1 0.0732 0.1926
1 0.0767 0.1883
1 0.0793 0.1835
1 0.0810 0.1780
1 0.0813 0.1763
1 0.0703 0.1763
1 0.0680 0.1814
1 0.0658 0.1837
1 0.0612 0.1861
1 0.0583 0.1865
1 0.0547 0.1860
1 0.0516 0.1842
1 0.0491 0.1814
1 0.0471 0.1774
1 0.0455 0.1723
1 0.0445 0.1659
1 0.0440 0.1586
1 0.0439 0.1547
1 0.0442 0.1468
1 0.0450 0.1400
1 0.0463 0.1343
1 0.0480 0.1297
1 0.0503 0.1263
1 0.0532 0.1241
1 0.0566 0.1231
1 0.0583 0.1229
1 0.0634 0.1239
1 0.0670 0.1268
1 0.0688 0.1304
1 0.0807 0.1304
1 0.0789 0.1248
1 0.0762 0.1200
112 1250 7
0 0.1006 0.1989
1 0.0902 0.1989
1 0.0902 0.1103
1 0.1284 0.1103
1 0.1284 0.1229
1 0.1006 0.1229
1 0.1006 0.1989
112 1250 13
0 0.1707 0.1989
1 0.1342 0.1989
1 0.1342 0.1103
1 0.1707 0.1103
1 0.1707 0.1209
1 0.1446 0.1209
1 0.1446 0.1529
1 0.1605 0.1529
1 0.1605 0.1635
1 0.1446 0.1635
1 0.1446 0.1886
1 0.1707 0.1886
1 0.1707 0.1989
112 1250 9
0 0.2217 0.1989
1 0.1763 0.1989
1 0.1763 0.1865
1 0.1938 0.1865
1 0.1938 0.1103
1 0.2044 0.1103
1 0.2044 0.1865
1 0.2217 0.1865
1 0.2217 0.1989
112 1250 9
0 0.2632 0.1306
1 0.2671 0.1103
1 0.2783 0.1103
1 0.2590 0.1989
1 0.2477 0.1989
1 0.2285 0.1103
1 0.2400 0.1103
1 0.2440 0.1306
1 0.2632 0.1306
112 1250 73
0 0.2850 0.1185
1 0.2882 0.1149
1 0.2923 0.1121
1 0.2946 0.1110
1 0.2995 0.1102
1 0.3007 0.1102
1 0.3060 0.1107
1 0.3105 0.1121
1 0.3144 0.1141
1 0.3175 0.1170
1 0.3200 0.1206
1 0.3218 0.1251
1 0.3229 0.1302
1 0.3232 0.1361
1 0.3230 0.1398
1 0.3217 0.1451
1 0.3192 0.1499
1 0.3156 0.1543
1 0.3153 0.1547
1 0.3129 0.1567
1 0.3084 0.1603
1 0.3017 0.1655
1 0.2984 0.1683
1 0.2952 0.1726
1 0.2941 0.1769
1 0.2944 0.1803
1 0.2968 0.1852
1 0.2987 0.1870
1 0.3035 0.1883
1 0.3044 0.1883
1 0.3087 0.1857
1 0.3094 0.1847
1 0.3114 0.1795
1 0.3210 0.1795
1 0.3207 0.1835
1 0.3190 0.1888
1 0.3159 0.1933
1 0.3128 0.1958
1 0.3085 0.1980
1 0.3035 0.1988
1 0.3026 0.1988
1 0.2975 0.1980
1 0.2930 0.1960
1 0.2891 0.1929
1 0.2886 0.1924
1 0.2858 0.1881
1 0.2840 0.1829
1 0.2835 0.1768
1 0.2836 0.1736
1 0.2849 0.1682
1 0.2873 0.1635
1 0.2909 0.1592
1 0.2921 0.1584
1 0.2964 0.1553
1 0.3006 0.1522
1 0.3049 0.1490
1 0.3089 0.1453
1 0.3116 0.1408
1 0.3124 0.1360
1 0.3124 0.1337
1 0.3114 0.1279
1 0.3092 0.1239
1 0.3059 0.1214
1 0.3014 0.1206
1 0.2978 0.1216
1 0.2938 0.1254
1 0.2913 0.1296
1 0.2901 0.1349
1 0.2804 0.1349
1 0.2805 0.1346
1 0.2811 0.1284
1 0.2827 0.1231
1 0.2850 0.1185
112 1250 73
0 -0.1337 0.2732
1 -0.1287 0.2695
1 -0.1224 0.2667
1 -0.1187 0.2656
1 -0.1111 0.2648
1 -0.1092 0.2648
1 -0.1010 0.2654
1 -0.0938 0.2667
1 -0.0878 0.2688
1 -0.0828 0.2716
1 -0.0789 0.2753
1 -0.0762 0.2797
1 -0.0745 0.2849
1 -0.0740 0.2909
1 -0.0744 0.2944
1 -0.0763 0.2998
1 -0.0802 0.3047
1 -0.0858 0.3091
1 -0.0863 0.3094
1 -0.0901 0.3114
1 -0.0972 0.3150
1 -0.1077 0.3202
1 -0.1127 0.3230
1 -0.1178 0.3274
1 -0.1195 0.3317
1 -0.1190 0.3352
1 -0.1154 0.3400
1 -0.1123 0.3418
1 -0.1048 0.3431
1 -0.1034 0.3431
1 -0.0966 0.3405
1 -0.0956 0.3395
1 -0.0925 0.3342
1 -0.0775 0.3342
1 -0.0780 0.3383
1 -0.0807 0.3435
1 -0.0854 0.3480
1 -0.0902 0.3506
1 -0.0971 0.3529
1 -0.1048 0.3536
1 -0.1063 0.3536
1 -0.1143 0.3528
1 -0.1213 0.3508
1 -0.1273 0.3477
1 -0.1281 0.3472
1 -0.1326 0.3429
1 -0.1353 0.3376
1 -0.1362 0.3316
1 -0.1360 0.3284
1 -0.1340 0.3230
1 -0.1302 0.3182
1 -0.1246 0.3140
1 -0.1228 0.3131
1 -0.1160 0.3101
1 -0.1093 0.3069
1 -0.1027 0.3038
1 -0.0965 0.3000
1 -0.0922 0.2956
1 -0.0908 0.2907
1 -0.0910 0.2884
1 -0.0925 0.2826
1 -0.0959 0.2785
1 -0.1011 0.2761
1 -0.1082 0.2752
1 -0.1138 0.2762
1 -0.1200 0.2800
1 -0.1239 0.2843
1 -0.1257 0.2896
1 -0.1409 0.2896
1 -0.1409 0.2893
1 -0.1399 0.2831
1 -0.1375 0.2777
1 -0.1337 0.2732
112 1250 49
0 0.0086 0.2747
1 0.0128 0.2798
1 0.0133 0.2805
1 0.0160 0.2853
1 0.0182 0.2906
1 0.0196 0.2963
1 0.0206 0.3026
1 0.0209 0.3093
1 0.0208 0.3101
1 0.0205 0.3168
1 0.0194 0.3229
1 0.0178 0.3286
1 0.0156 0.3338
1 0.0128 0.3386
1 0.0118 0.3400
1 0.0072 0.3448
1 0.0019 0.3486
1 -0.0043 0.3513
1 -0.0112 0.3529
1 -0.0189 0.3535
1 -0.0211 0.3534
1 -0.0286 0.3526
1 -0.0353 0.3507
1 -0.0412 0.3477
1 -0.0464 0.3437
1 -0.0507 0.3386
1 -0.0511 0.3380
1 -0.0538 0.3332
1 -0.0560 0.3279
1 -0.0575 0.3221
1 -0.0584 0.3159
1 -0.0587 0.3093
1 -0.0587 0.3082
1 -0.0583 0.3018
1 -0.0573 0.2957
1 -0.0556 0.2900
1 -0.0533 0.2847
1 -0.0504 0.2799
1 -0.0493 0.2785
1 -0.0448 0.2736
1 -0.0394 0.2697
1 -0.0334 0.2670
1 -0.0265 0.2653
1 -0.0189 0.2648
1 -0.0166 0.2648
1 -0.0091 0.2657
1 -0.0024 0.2676
1 0.0035 0.2706
1 0.0086 0.2747
112 1250 7
0 0.0468 0.3536
1 0.0306 0.3536
1 0.0306 0.2650
1 0.0904 0.2650
1 0.0904 0.2776
1 0.0468 0.2776
1 0.0468 0.3536
112 1250 49
0 0.1679 0.2747
1 0.1721 0.2798
1 0.1726 0.2805
1 0.1753 0.2853
1 0.1774 0.2906
1 0.1789 0.2963
1 0.1799 0.3026
1 0.1801 0.3093
1 0.1801 0.3101
1 0.1797 0.3168
1 0.1788 0.3229
1 0.1772 0.3286
1 0.1749 0.3338
1 0.1721 0.3386
1 0.1710 0.3400
1 0.1665 0.3448
1 0.1612 0.3486
1 0.1550 0.3513
1 0.1481 0.3529
1 0.1403 0.3535
1 0.1383 0.3534
1 0.1308 0.3526
1 0.1240 0.3507
1 0.1180 0.3477
1 0.1129 0.3437
1 0.1086 0.3386
1 0.1082 0.3380
1 0.1054 0.3332
1 0.1033 0.3279
1 0.1018 0.3221
1 0.1009 0.3159
1 0.1005 0.3093
1 0.1006 0.3082
1 0.1010 0.3018
1 0.1021 0.2957
1 0.1037 0.2900
1 0.1060 0.2847
1 0.1089 0.2799
1 0.1100 0.2785
1 0.1145 0.2736
1 0.1199 0.2697
1 0.1260 0.2670
1 0.1328 0.2653
1 0.1403 0.2648
1 0.1427 0.2648
1 0.1502 0.2657
1 0.1569 0.2676
1 0.1628 0.2706
1 0.1679 0.2747
112 1251 33
0 -0.0189 0.2775
1 -0.0133 0.2781
1 -0.0085 0.2798
1 -0.0045 0.2827
1 -0.0013 0.2867
1 0.0010 0.2918
1 0.0026 0.2980
1 0.0034 0.3054
1 0.0035 0.3093
1 0.0031 0.3172
1 0.0019 0.3240
1 -0.0001 0.3296
1 -0.0030 0.3341
1 -0.0066 0.3375
1 -0.0110 0.3397
1 -0.0163 0.3408
1 -0.0189 0.3410
1 -0.0245 0.3403
1 -0.0293 0.3387
1 -0.0332 0.3358
1 -0.0364 0.3318
1 -0.0388 0.3267
1 -0.0403 0.3204
1 -0.0411 0.3129
1 -0.0412 0.3093
1 -0.0408 0.3013
1 -0.0396 0.2945
1 -0.0375 0.2888
1 -0.0347 0.2843
1 -0.0311 0.2809
1 -0.0267 0.2787
1 -0.0215 0.2776
1 -0.0189 0.2775
112 1251 33
0 0.1403 0.2775
1 0.1459 0.2781
1 0.1508 0.2798
1 0.1547 0.2827
1 0.1579 0.2867
1 0.1603 0.2918
1 0.1619 0.2980
1 0.1627 0.3054
1 0.1628 0.3093
1 0.1624 0.3172
1 0.1612 0.3240
1 0.1591 0.3296
1 0.1563 0.3341
1 0.1527 0.3375
1 0.1483 0.3397
1 0.1431 0.3408
1 0.1403 0.3410
1 0.1348 0.3403
1 0.1300 0.3387
1 0.1260 0.3358
1 0.1229 0.3318
1 0.1205 0.3267
1 0.1190 0.3204
1 0.1182 0.3129
1 0.1181 0.3093
1 0.1185 0.3013
1 0.1197 0.2945
1 0.1217 0.2888
1 0.1245 0.2843
1 0.1282 0.2809
1 0.1326 0.2787
1 0.1378 0.2776
1 0.1403 0.2775
112 1251 4
0 0.2463 0.1403
1 0.2608 0.1403
1 0.2535 0.1778
1 0.2463 0.1403
112 1251 33
0 -0.0825 0.1229
1 -0.0789 0.1235
1 -0.0759 0.1252
1 -0.0733 0.1280
1 -0.0712 0.1320
1 -0.0697 0.1372
1 -0.0687 0.1435
1 -0.0682 0.1509
1 -0.0682 0.1547
1 -0.0684 0.1626
1 -0.0691 0.1695
1 -0.0705 0.1751
1 -0.0723 0.1797
1 -0.0746 0.1831
1 -0.0774 0.1853
1 -0.0808 0.1864
1 -0.0825 0.1865
1 -0.0860 0.1860
1 -0.0892 0.1842
1 -0.0917 0.1814
1 -0.0937 0.1773
1 -0.0953 0.1722
1 -0.0962 0.1658
1 -0.0967 0.1584
1 -0.0968 0.1547
1 -0.0965 0.1468
1 -0.0957 0.1399
1 -0.0945 0.1343
1 -0.0927 0.1297
1 -0.0904 0.1263
1 -0.0875 0.1241
1 -0.0842 0.1230
1 -0.0825 0.1229
112 1251 33
0 -0.1933 0.1229
1 -0.1897 0.1235
1 -0.1866 0.1252
1 -0.1840 0.1280
1 -0.1820 0.1320
1 -0.1805 0.1372
1 -0.1795 0.1435
1 -0.1790 0.1509
1 -0.1789 0.1547
1 -0.1792 0.1626
1 -0.1799 0.1695
1 -0.1812 0.1751
1 -0.1831 0.1797
1 -0.1854 0.1831
1 -0.1882 0.1853
1 -0.1916 0.1864
1 -0.1933 0.1865
1 -0.1969 0.1860
1 -0.1999 0.1842
1 -0.2025 0.1814
1 -0.2045 0.1773
1 -0.2060 0.1722
1 -0.2070 0.1658
1 -0.2075 0.1584
1 -0.2075 0.1547
1 -0.2073 0.1468
1 -0.2066 0.1399
1 -0.2052 0.1343
1 -0.2034 0.1297
1 -0.2011 0.1263
1 -0.1983 0.1241
1 -0.1949 0.1230
1 -0.1933 0.1229
31 0 2
 0 0.2771 1.1000
 1 -0.2771 1.1000
31 0 2
 0 0.2771 0.0000
 1 -0.2771 0.0000
31 0 25
 0 0.1351 0.7251
 1 0.1335 0.7240
 1 0.1320 0.7228
 1 0.1305 0.7216
 1 0.1290 0.7204
 1 0.1275 0.7191
 1 0.1261 0.7178
 1 0.1247 0.7165
 1 0.1234 0.7152
 1 0.1221 0.7138
 1 0.1208 0.7123
 1 0.1195 0.7109
 1 0.1183 0.7094
 1 0.1171 0.7079
 1 0.1160 0.7064
 1 0.1149 0.7048
 1 0.1138 0.7032
 1 0.1128 0.7016
 1 0.1118 0.6999
 1 0.1108 0.6983
 1 0.1099 0.6966
 1 0.1090 0.6949
 1 0.1082 0.6931
 1 0.1074 0.6914
 1 0.1067 0.6896
31 0 41
 0 -0.0181 0.6595
 1 -0.0158 0.6595
 1 -0.0136 0.6597
 1 -0.0113 0.6598
 1 -0.0090 0.6600
 1 -0.0068 0.6603
 1 -0.0045 0.6606
 1 -0.0023 0.6610
 1 -0.0000 0.6614
 1 0.0022 0.6619
 1 0.0044 0.6625
 1 0.0066 0.6631
 1 0.0088 0.6638
 1 0.0109 0.6645
 1 0.0131 0.6652
 1 0.0152 0.6661
 1 0.0173 0.6669
 1 0.0194 0.6679
 1 0.0214 0.6688
 1 0.0234 0.6699
 1 0.0254 0.6709
 1 0.0274 0.6721
 1 0.0294 0.6732
 1 0.0313 0.6745
 1 0.0332 0.6757
 1 0.0350 0.6770
 1 0.0369 0.6784
 1 0.0386 0.6798
 1 0.0404 0.6813
 1 0.0421 0.6828
 1 0.0438 0.6843
 1 0.0454 0.6859
 1 0.0470 0.6875
 1 0.0486 0.6891
 1 0.0501 0.6908
 1 0.0516 0.6926
 1 0.0530 0.6943
 1 0.0544 0.6961
 1 0.0557 0.6980
 1 0.0570 0.6999
 1 0.0583 0.7018
31 0 2
 0 -0.0707 0.6595
 1 -0.0181 0.6595
