SEcl_RO-8
3379 96 1 1 0 0 0 0 0 0 1 1
1.000
112 1251 213
0 -0.3150 1.1000
1 -0.3168 1.1000
1 -0.3186 1.0999
1 -0.3204 1.0998
1 -0.3222 1.0996
1 -0.3240 1.0993
1 -0.3258 1.0990
1 -0.3276 1.0987
1 -0.3294 1.0983
1 -0.3311 1.0978
1 -0.3329 1.0973
1 -0.3346 1.0967
1 -0.3363 1.0961
1 -0.3380 1.0954
1 -0.3396 1.0947
1 -0.3413 1.0939
1 -0.3429 1.0931
1 -0.3445 1.0923
1 -0.3460 1.0913
1 -0.3476 1.0904
1 -0.3491 1.0894
1 -0.3506 1.0883
1 -0.3520 1.0872
1 -0.3534 1.0861
1 -0.3548 1.0849
1 -0.3561 1.0837
1 -0.3574 1.0824
1 -0.3587 1.0811
1 -0.3599 1.0798
1 -0.3611 1.0784
1 -0.3622 1.0770
1 -0.3633 1.0756
1 -0.3644 1.0741
1 -0.3654 1.0726
1 -0.3663 1.0710
1 -0.3673 1.0695
1 -0.3681 1.0679
1 -0.3689 1.0663
1 -0.3697 1.0646
1 -0.3704 1.0630
1 -0.3711 1.0613
1 -0.3717 1.0596
1 -0.3723 1.0579
1 -0.3728 1.0561
1 -0.3733 1.0544
1 -0.3737 1.0526
1 -0.3740 1.0508
1 -0.3743 1.0490
1 -0.3746 1.0472
1 -0.3748 1.0454
1 -0.3749 1.0436
1 -0.3750 1.0418
1 -0.3750 1.0400
1 -0.3750 0.0600
1 -0.3750 0.0582
1 -0.3749 0.0564
1 -0.3748 0.0546
1 -0.3746 0.0528
1 -0.3743 0.0510
1 -0.3740 0.0492
1 -0.3737 0.0474
1 -0.3733 0.0456
1 -0.3728 0.0439
1 -0.3723 0.0421
1 -0.3717 0.0404
1 -0.3711 0.0387
1 -0.3704 0.0370
1 -0.3697 0.0354
1 -0.3689 0.0337
1 -0.3681 0.0321
1 -0.3673 0.0305
1 -0.3663 0.0290
1 -0.3654 0.0274
1 -0.3644 0.0259
1 -0.3633 0.0244
1 -0.3622 0.0230
1 -0.3611 0.0216
1 -0.3599 0.0202
1 -0.3587 0.0189
1 -0.3574 0.0176
1 -0.3561 0.0163
1 -0.3548 0.0151
1 -0.3534 0.0139
1 -0.3520 0.0128
1 -0.3506 0.0117
1 -0.3491 0.0106
1 -0.3476 0.0096
1 -0.3460 0.0087
1 -0.3445 0.0077
1 -0.3429 0.0069
1 -0.3413 0.0061
1 -0.3396 0.0053
1 -0.3380 0.0046
1 -0.3363 0.0039
1 -0.3346 0.0033
1 -0.3329 0.0027
1 -0.3311 0.0022
1 -0.3294 0.0017
1 -0.3276 0.0013
1 -0.3258 0.0010
1 -0.3240 0.0007
1 -0.3222 0.0004
1 -0.3204 0.0002
1 -0.3186 0.0001
1 -0.3168 0.0000
1 -0.3150 0.0000
1 0.3150 0.0000
1 0.3168 0.0000
1 0.3186 0.0001
1 0.3204 0.0002
1 0.3222 0.0004
1 0.3240 0.0007
1 0.3258 0.0010
1 0.3276 0.0013
1 0.3294 0.0017
1 0.3311 0.0022
1 0.3328 0.0027
1 0.3346 0.0033
1 0.3363 0.0039
1 0.3380 0.0046
1 0.3396 0.0053
1 0.3413 0.0061
1 0.3429 0.0069
1 0.3445 0.0077
1 0.3460 0.0087
1 0.3476 0.0096
1 0.3491 0.0106
1 0.3506 0.0117
1 0.3520 0.0128
1 0.3534 0.0139
1 0.3548 0.0151
1 0.3561 0.0163
1 0.3574 0.0176
1 0.3587 0.0189
1 0.3599 0.0202
1 0.3611 0.0216
1 0.3622 0.0230
1 0.3633 0.0244
1 0.3644 0.0259
1 0.3654 0.0274
1 0.3663 0.0290
1 0.3673 0.0305
1 0.3681 0.0321
1 0.3689 0.0337
1 0.3697 0.0354
1 0.3704 0.0370
1 0.3711 0.0387
1 0.3717 0.0404
1 0.3723 0.0421
1 0.3728 0.0439
1 0.3733 0.0456
1 0.3737 0.0474
1 0.3740 0.0492
1 0.3743 0.0510
1 0.3746 0.0528
1 0.3748 0.0546
1 0.3749 0.0564
1 0.3750 0.0582
1 0.3750 0.0600
1 0.3750 1.0400
1 0.3750 1.0418
1 0.3749 1.0436
1 0.3748 1.0454
1 0.3746 1.0472
1 0.3743 1.0490
1 0.3740 1.0508
1 0.3737 1.0526
1 0.3733 1.0544
1 0.3728 1.0561
1 0.3723 1.0579
1 0.3717 1.0596
1 0.3711 1.0613
1 0.3704 1.0630
1 0.3697 1.0646
1 0.3689 1.0663
1 0.3681 1.0679
1 0.3673 1.0695
1 0.3663 1.0710
1 0.3654 1.0726
1 0.3644 1.0741
1 0.3633 1.0756
1 0.3622 1.0770
1 0.3611 1.0784
1 0.3599 1.0798
1 0.3587 1.0811
1 0.3574 1.0824
1 0.3561 1.0837
1 0.3548 1.0849
1 0.3534 1.0861
1 0.3520 1.0872
1 0.3506 1.0883
1 0.3491 1.0894
1 0.3476 1.0904
1 0.3460 1.0913
1 0.3445 1.0923
1 0.3429 1.0931
1 0.3413 1.0939
1 0.3396 1.0947
1 0.3380 1.0954
1 0.3363 1.0961
1 0.3346 1.0967
1 0.3328 1.0973
1 0.3311 1.0978
1 0.3294 1.0983
1 0.3276 1.0987
1 0.3258 1.0990
1 0.3240 1.0993
1 0.3222 1.0996
1 0.3204 1.0998
1 0.3186 1.0999
1 0.3168 1.1000
1 0.3150 1.1000
1 -0.3150 1.1000
112 1250 181
0 -0.3150 1.0850
1 -0.3166 1.0850
1 -0.3182 1.0849
1 -0.3198 1.0847
1 -0.3214 1.0845
1 -0.3230 1.0843
1 -0.3246 1.0840
1 -0.3261 1.0836
1 -0.3277 1.0832
1 -0.3292 1.0827
1 -0.3307 1.0822
1 -0.3322 1.0816
1 -0.3337 1.0809
1 -0.3351 1.0802
1 -0.3366 1.0795
1 -0.3380 1.0787
1 -0.3393 1.0779
1 -0.3407 1.0770
1 -0.3420 1.0760
1 -0.3432 1.0750
1 -0.3445 1.0740
1 -0.3457 1.0729
1 -0.3468 1.0718
1 -0.3479 1.0707
1 -0.3490 1.0695
1 -0.3500 1.0682
1 -0.3510 1.0670
1 -0.3520 1.0657
1 -0.3529 1.0643
1 -0.3537 1.0630
1 -0.3545 1.0616
1 -0.3552 1.0601
1 -0.3559 1.0587
1 -0.3566 1.0572
1 -0.3572 1.0557
1 -0.3577 1.0542
1 -0.3582 1.0527
1 -0.3586 1.0511
1 -0.3590 1.0496
1 -0.3593 1.0480
1 -0.3595 1.0464
1 -0.3597 1.0448
1 -0.3599 1.0432
1 -0.3600 1.0416
1 -0.3600 1.0400
1 -0.3600 0.0600
1 -0.3600 0.0584
1 -0.3599 0.0568
1 -0.3597 0.0552
1 -0.3595 0.0536
1 -0.3593 0.0520
1 -0.3590 0.0504
1 -0.3586 0.0489
1 -0.3582 0.0473
1 -0.3577 0.0458
1 -0.3572 0.0443
1 -0.3566 0.0428
1 -0.3559 0.0413
1 -0.3552 0.0399
1 -0.3545 0.0384
1 -0.3537 0.0370
1 -0.3529 0.0357
1 -0.3520 0.0343
1 -0.3510 0.0330
1 -0.3500 0.0318
1 -0.3490 0.0305
1 -0.3479 0.0293
1 -0.3468 0.0282
1 -0.3457 0.0271
1 -0.3445 0.0260
1 -0.3432 0.0250
1 -0.3420 0.0240
1 -0.3407 0.0230
1 -0.3393 0.0221
1 -0.3380 0.0213
1 -0.3366 0.0205
1 -0.3351 0.0198
1 -0.3337 0.0191
1 -0.3322 0.0184
1 -0.3307 0.0178
1 -0.3292 0.0173
1 -0.3277 0.0168
1 -0.3261 0.0164
1 -0.3246 0.0160
1 -0.3230 0.0157
1 -0.3214 0.0155
1 -0.3198 0.0153
1 -0.3182 0.0151
1 -0.3166 0.0150
1 -0.3150 0.0150
1 0.3150 0.0150
1 0.3166 0.0150
1 0.3182 0.0151
1 0.3198 0.0153
1 0.3214 0.0155
1 0.3230 0.0157
1 0.3246 0.0160
1 0.3261 0.0164
1 0.3277 0.0168
1 0.3292 0.0173
1 0.3307 0.0178
1 0.3322 0.0184
1 0.3337 0.0191
1 0.3351 0.0198
1 0.3366 0.0205
1 0.3380 0.0213
1 0.3393 0.0221
1 0.3407 0.0230
1 0.3420 0.0240
1 0.3432 0.0250
1 0.3445 0.0260
1 0.3457 0.0271
1 0.3468 0.0282
1 0.3479 0.0293
1 0.3490 0.0305
1 0.3500 0.0318
1 0.3510 0.0330
1 0.3520 0.0343
1 0.3529 0.0357
1 0.3537 0.0370
1 0.3545 0.0384
1 0.3552 0.0399
1 0.3559 0.0413
1 0.3566 0.0428
1 0.3572 0.0443
1 0.3577 0.0458
1 0.3582 0.0473
1 0.3586 0.0489
1 0.3590 0.0504
1 0.3593 0.0520
1 0.3595 0.0536
1 0.3597 0.0552
1 0.3599 0.0568
1 0.3600 0.0584
1 0.3600 0.0600
1 0.3600 1.0400
1 0.3600 1.0416
1 0.3599 1.0432
1 0.3597 1.0448
1 0.3595 1.0464
1 0.3593 1.0480
1 0.3590 1.0496
1 0.3586 1.0511
1 0.3582 1.0527
1 0.3577 1.0542
1 0.3572 1.0557
1 0.3566 1.0572
1 0.3559 1.0587
1 0.3552 1.0601
1 0.3545 1.0616
1 0.3537 1.0630
1 0.3529 1.0643
1 0.3520 1.0657
1 0.3510 1.0670
1 0.3500 1.0682
1 0.3490 1.0695
1 0.3479 1.0707
1 0.3468 1.0718
1 0.3457 1.0729
1 0.3445 1.0740
1 0.3432 1.0750
1 0.3420 1.0760
1 0.3407 1.0770
1 0.3393 1.0779
1 0.3380 1.0787
1 0.3366 1.0795
1 0.3351 1.0802
1 0.3337 1.0809
1 0.3322 1.0816
1 0.3307 1.0822
1 0.3292 1.0827
1 0.3277 1.0832
1 0.3261 1.0836
1 0.3246 1.0840
1 0.3230 1.0843
1 0.3214 1.0845
1 0.3198 1.0847
1 0.3182 1.0849
1 0.3166 1.0850
1 0.3150 1.0850
1 -0.3150 1.0850
112 1251 112
0 0.3300 1.0400
1 0.3300 1.0409
1 0.3299 1.0418
1 0.3298 1.0427
1 0.3296 1.0436
1 0.3293 1.0445
1 0.3290 1.0453
1 0.3287 1.0462
1 0.3283 1.0470
1 0.3278 1.0478
1 0.3273 1.0485
1 0.3268 1.0493
1 0.3262 1.0499
1 0.3256 1.0506
1 0.3249 1.0512
1 0.3243 1.0518
1 0.3235 1.0523
1 0.3228 1.0528
1 0.3220 1.0533
1 0.3212 1.0537
1 0.3203 1.0540
1 0.3195 1.0543
1 0.3186 1.0546
1 0.3177 1.0548
1 0.3168 1.0549
1 0.3159 1.0550
1 0.3150 1.0550
1 0.3150 1.0550
1 -0.3150 1.0550
1 -0.3159 1.0550
1 -0.3168 1.0549
1 -0.3177 1.0548
1 -0.3186 1.0546
1 -0.3195 1.0543
1 -0.3203 1.0540
1 -0.3212 1.0537
1 -0.3220 1.0533
1 -0.3228 1.0528
1 -0.3235 1.0523
1 -0.3243 1.0518
1 -0.3249 1.0512
1 -0.3256 1.0506
1 -0.3262 1.0499
1 -0.3268 1.0493
1 -0.3273 1.0485
1 -0.3278 1.0478
1 -0.3283 1.0470
1 -0.3287 1.0462
1 -0.3290 1.0453
1 -0.3293 1.0445
1 -0.3296 1.0436
1 -0.3298 1.0427
1 -0.3299 1.0418
1 -0.3300 1.0409
1 -0.3300 1.0400
1 -0.3300 1.0400
1 -0.3300 0.0600
1 -0.3300 0.0591
1 -0.3299 0.0582
1 -0.3298 0.0573
1 -0.3296 0.0564
1 -0.3293 0.0555
1 -0.3290 0.0547
1 -0.3287 0.0538
1 -0.3283 0.0530
1 -0.3278 0.0522
1 -0.3273 0.0515
1 -0.3268 0.0507
1 -0.3262 0.0501
1 -0.3256 0.0494
1 -0.3249 0.0488
1 -0.3243 0.0482
1 -0.3235 0.0477
1 -0.3228 0.0472
1 -0.3220 0.0467
1 -0.3212 0.0463
1 -0.3203 0.0460
1 -0.3195 0.0457
1 -0.3186 0.0454
1 -0.3177 0.0452
1 -0.3168 0.0451
1 -0.3159 0.0450
1 -0.3150 0.0450
1 -0.3150 0.0450
1 0.3150 0.0450
1 0.3159 0.0450
1 0.3168 0.0451
1 0.3177 0.0452
1 0.3186 0.0454
1 0.3195 0.0457
1 0.3203 0.0460
1 0.3212 0.0463
1 0.3220 0.0467
1 0.3228 0.0472
1 0.3235 0.0477
1 0.3243 0.0482
1 0.3249 0.0488
1 0.3256 0.0494
1 0.3262 0.0501
1 0.3268 0.0507
1 0.3273 0.0515
1 0.3278 0.0522
1 0.3283 0.0530
1 0.3287 0.0538
1 0.3290 0.0547
1 0.3293 0.0555
1 0.3296 0.0564
1 0.3298 0.0573
1 0.3299 0.0582
1 0.3300 0.0591
1 0.3300 0.0600
1 0.3300 0.0600
112 1462 461
0 0.3125 0.7375
1 0.3125 0.7418
1 0.3124 0.7460
1 0.3122 0.7503
1 0.3120 0.7546
1 0.3118 0.7588
1 0.3115 0.7631
1 0.3111 0.7673
1 0.3106 0.7716
1 0.3101 0.7758
1 0.3096 0.7801
1 0.3090 0.7843
1 0.3083 0.7885
1 0.3076 0.7927
1 0.3068 0.7969
1 0.3060 0.8011
1 0.3051 0.8053
1 0.3041 0.8094
1 0.3031 0.8136
1 0.3020 0.8177
1 0.3009 0.8218
1 0.2997 0.8259
1 0.2985 0.8300
1 0.2972 0.8341
1 0.2959 0.8381
1 0.2945 0.8422
1 0.2930 0.8462
1 0.2915 0.8502
1 0.2899 0.8541
1 0.2883 0.8581
1 0.2866 0.8620
1 0.2849 0.8659
1 0.2831 0.8698
1 0.2813 0.8736
1 0.2794 0.8775
1 0.2775 0.8813
1 0.2755 0.8850
1 0.2734 0.8888
1 0.2713 0.8925
1 0.2692 0.8962
1 0.2670 0.8999
1 0.2648 0.9035
1 0.2625 0.9071
1 0.2601 0.9107
1 0.2577 0.9142
1 0.2553 0.9177
1 0.2528 0.9212
1 0.2503 0.9246
1 0.2477 0.9280
1 0.2451 0.9314
1 0.2424 0.9347
1 0.2397 0.9380
1 0.2369 0.9413
1 0.2341 0.9445
1 0.2313 0.9477
1 0.2284 0.9508
1 0.2255 0.9539
1 0.2225 0.9570
1 0.2195 0.9600
1 0.2164 0.9630
1 0.2133 0.9659
1 0.2102 0.9688
1 0.2070 0.9716
1 0.2038 0.9744
1 0.2005 0.9772
1 0.1972 0.9799
1 0.1939 0.9826
1 0.1905 0.9852
1 0.1871 0.9878
1 0.1837 0.9903
1 0.1802 0.9928
1 0.1767 0.9952
1 0.1732 0.9976
1 0.1696 1.0000
1 0.1660 1.0023
1 0.1624 1.0045
1 0.1587 1.0067
1 0.1550 1.0088
1 0.1513 1.0109
1 0.1475 1.0130
1 0.1438 1.0150
1 0.1400 1.0169
1 0.1361 1.0188
1 0.1323 1.0206
1 0.1284 1.0224
1 0.1245 1.0241
1 0.1206 1.0258
1 0.1166 1.0274
1 0.1127 1.0290
1 0.1087 1.0305
1 0.1046 1.0320
1 0.1006 1.0334
1 0.0966 1.0347
1 0.0925 1.0360
1 0.0884 1.0372
1 0.0843 1.0384
1 0.0802 1.0395
1 0.0761 1.0406
1 0.0719 1.0416
1 0.0678 1.0426
1 0.0636 1.0435
1 0.0594 1.0443
1 0.0552 1.0451
1 0.0510 1.0458
1 0.0468 1.0465
1 0.0426 1.0471
1 0.0383 1.0476
1 0.0341 1.0481
1 0.0298 1.0486
1 0.0256 1.0490
1 0.0213 1.0493
1 0.0171 1.0495
1 0.0128 1.0497
1 0.0085 1.0499
1 0.0043 1.0500
1 0.0000 1.0500
1 -0.0043 1.0500
1 -0.0085 1.0499
1 -0.0128 1.0497
1 -0.0171 1.0495
1 -0.0213 1.0493
1 -0.0256 1.0490
1 -0.0298 1.0486
1 -0.0341 1.0481
1 -0.0383 1.0476
1 -0.0426 1.0471
1 -0.0468 1.0465
1 -0.0510 1.0458
1 -0.0552 1.0451
1 -0.0594 1.0443
1 -0.0636 1.0435
1 -0.0678 1.0426
1 -0.0719 1.0416
1 -0.0761 1.0406
1 -0.0802 1.0395
1 -0.0843 1.0384
1 -0.0884 1.0372
1 -0.0925 1.0360
1 -0.0966 1.0347
1 -0.1006 1.0334
1 -0.1047 1.0320
1 -0.1087 1.0305
1 -0.1127 1.0290
1 -0.1166 1.0274
1 -0.1206 1.0258
1 -0.1245 1.0241
1 -0.1284 1.0224
1 -0.1323 1.0206
1 -0.1361 1.0188
1 -0.1400 1.0169
1 -0.1438 1.0150
1 -0.1475 1.0130
1 -0.1513 1.0109
1 -0.1550 1.0088
1 -0.1587 1.0067
1 -0.1624 1.0045
1 -0.1660 1.0023
1 -0.1696 1.0000
1 -0.1732 0.9976
1 -0.1767 0.9952
1 -0.1802 0.9928
1 -0.1837 0.9903
1 -0.1871 0.9878
1 -0.1905 0.9852
1 -0.1939 0.9826
1 -0.1972 0.9799
1 -0.2005 0.9772
1 -0.2038 0.9744
1 -0.2070 0.9716
1 -0.2102 0.9688
1 -0.2133 0.9659
1 -0.2164 0.9630
1 -0.2195 0.9600
1 -0.2225 0.9570
1 -0.2255 0.9539
1 -0.2284 0.9508
1 -0.2313 0.9477
1 -0.2341 0.9445
1 -0.2369 0.9413
1 -0.2397 0.9380
1 -0.2424 0.9347
1 -0.2451 0.9314
1 -0.2477 0.9280
1 -0.2503 0.9246
1 -0.2528 0.9212
1 -0.2553 0.9177
1 -0.2577 0.9142
1 -0.2601 0.9107
1 -0.2625 0.9071
1 -0.2648 0.9035
1 -0.2670 0.8999
1 -0.2692 0.8962
1 -0.2713 0.8925
1 -0.2734 0.8888
1 -0.2755 0.8850
1 -0.2775 0.8813
1 -0.2794 0.8775
1 -0.2813 0.8736
1 -0.2831 0.8698
1 -0.2849 0.8659
1 -0.2866 0.8620
1 -0.2883 0.8581
1 -0.2899 0.8541
1 -0.2915 0.8502
1 -0.2930 0.8462
1 -0.2945 0.8422
1 -0.2959 0.8381
1 -0.2972 0.8341
1 -0.2985 0.8300
1 -0.2997 0.8259
1 -0.3009 0.8218
1 -0.3020 0.8177
1 -0.3031 0.8136
1 -0.3041 0.8094
1 -0.3051 0.8053
1 -0.3060 0.8011
1 -0.3068 0.7969
1 -0.3076 0.7927
1 -0.3083 0.7885
1 -0.3090 0.7843
1 -0.3096 0.7801
1 -0.3101 0.7758
1 -0.3106 0.7716
1 -0.3111 0.7673
1 -0.3115 0.7631
1 -0.3118 0.7588
1 -0.3120 0.7546
1 -0.3122 0.7503
1 -0.3124 0.7460
1 -0.3125 0.7418
1 -0.3125 0.7375
1 -0.3125 0.7332
1 -0.3124 0.7290
1 -0.3122 0.7247
1 -0.3120 0.7204
1 -0.3118 0.7162
1 -0.3115 0.7119
1 -0.3111 0.7077
1 -0.3106 0.7034
1 -0.3101 0.6992
1 -0.3096 0.6949
1 -0.3090 0.6907
1 -0.3083 0.6865
1 -0.3076 0.6823
1 -0.3068 0.6781
1 -0.3060 0.6739
1 -0.3051 0.6697
1 -0.3041 0.6656
1 -0.3031 0.6614
1 -0.3020 0.6573
1 -0.3009 0.6532
1 -0.2997 0.6491
1 -0.2985 0.6450
1 -0.2972 0.6409
1 -0.2959 0.6369
1 -0.2945 0.6329
1 -0.2930 0.6288
1 -0.2915 0.6248
1 -0.2899 0.6209
1 -0.2883 0.6169
1 -0.2866 0.6130
1 -0.2849 0.6091
1 -0.2831 0.6052
1 -0.2813 0.6014
1 -0.2794 0.5975
1 -0.2775 0.5937
1 -0.2755 0.5900
1 -0.2734 0.5862
1 -0.2713 0.5825
1 -0.2692 0.5788
1 -0.2670 0.5751
1 -0.2648 0.5715
1 -0.2625 0.5679
1 -0.2601 0.5643
1 -0.2577 0.5608
1 -0.2553 0.5573
1 -0.2528 0.5538
1 -0.2503 0.5504
1 -0.2477 0.5470
1 -0.2451 0.5436
1 -0.2424 0.5403
1 -0.2397 0.5370
1 -0.2369 0.5337
1 -0.2341 0.5305
1 -0.2313 0.5273
1 -0.2284 0.5242
1 -0.2255 0.5211
1 -0.2225 0.5180
1 -0.2195 0.5150
1 -0.2164 0.5120
1 -0.2133 0.5091
1 -0.2102 0.5062
1 -0.2070 0.5034
1 -0.2038 0.5006
1 -0.2005 0.4978
1 -0.1972 0.4951
1 -0.1939 0.4924
1 -0.1905 0.4898
1 -0.1871 0.4872
1 -0.1837 0.4847
1 -0.1802 0.4822
1 -0.1767 0.4798
1 -0.1732 0.4774
1 -0.1696 0.4750
1 -0.1660 0.4727
1 -0.1624 0.4705
1 -0.1587 0.4683
1 -0.1550 0.4662
1 -0.1513 0.4641
1 -0.1475 0.4620
1 -0.1438 0.4600
1 -0.1400 0.4581
1 -0.1361 0.4562
1 -0.1323 0.4544
1 -0.1284 0.4526
1 -0.1245 0.4509
1 -0.1206 0.4492
1 -0.1166 0.4476
1 -0.1127 0.4460
1 -0.1087 0.4445
1 -0.1047 0.4430
1 -0.1006 0.4416
1 -0.0966 0.4403
1 -0.0925 0.4390
1 -0.0884 0.4378
1 -0.0843 0.4366
1 -0.0802 0.4355
1 -0.0761 0.4344
1 -0.0719 0.4334
1 -0.0678 0.4324
1 -0.0636 0.4315
1 -0.0594 0.4307
1 -0.0552 0.4299
1 -0.0510 0.4292
1 -0.0468 0.4285
1 -0.0426 0.4279
1 -0.0383 0.4274
1 -0.0341 0.4269
1 -0.0298 0.4264
1 -0.0256 0.4260
1 -0.0213 0.4257
1 -0.0171 0.4255
1 -0.0128 0.4253
1 -0.0085 0.4251
1 -0.0043 0.4250
1 0.0000 0.4250
1 0.0043 0.4250
1 0.0085 0.4251
1 0.0128 0.4253
1 0.0171 0.4255
1 0.0213 0.4257
1 0.0256 0.4260
1 0.0298 0.4264
1 0.0341 0.4269
1 0.0383 0.4274
1 0.0426 0.4279
1 0.0468 0.4285
1 0.0510 0.4292
1 0.0552 0.4299
1 0.0594 0.4307
1 0.0636 0.4315
1 0.0678 0.4324
1 0.0719 0.4334
1 0.0761 0.4344
1 0.0802 0.4355
1 0.0843 0.4366
1 0.0884 0.4378
1 0.0925 0.4390
1 0.0966 0.4403
1 0.1006 0.4416
1 0.1046 0.4430
1 0.1087 0.4445
1 0.1127 0.4460
1 0.1166 0.4476
1 0.1206 0.4492
1 0.1245 0.4509
1 0.1284 0.4526
1 0.1323 0.4544
1 0.1361 0.4562
1 0.1400 0.4581
1 0.1438 0.4600
1 0.1475 0.4620
1 0.1513 0.4641
1 0.1550 0.4662
1 0.1587 0.4683
1 0.1624 0.4705
1 0.1660 0.4727
1 0.1696 0.4750
1 0.1732 0.4774
1 0.1767 0.4798
1 0.1802 0.4822
1 0.1837 0.4847
1 0.1871 0.4872
1 0.1905 0.4898
1 0.1939 0.4924
1 0.1972 0.4951
1 0.2005 0.4978
1 0.2038 0.5006
1 0.2070 0.5034
1 0.2102 0.5062
1 0.2133 0.5091
1 0.2164 0.5120
1 0.2195 0.5150
1 0.2225 0.5180
1 0.2255 0.5211
1 0.2284 0.5242
1 0.2313 0.5273
1 0.2341 0.5305
1 0.2369 0.5337
1 0.2397 0.5370
1 0.2424 0.5403
1 0.2451 0.5436
1 0.2477 0.5470
1 0.2503 0.5504
1 0.2528 0.5538
1 0.2553 0.5573
1 0.2577 0.5608
1 0.2601 0.5643
1 0.2625 0.5679
1 0.2648 0.5715
1 0.2670 0.5751
1 0.2692 0.5788
1 0.2713 0.5825
1 0.2734 0.5862
1 0.2755 0.5900
1 0.2775 0.5937
1 0.2794 0.5975
1 0.2813 0.6014
1 0.2831 0.6052
1 0.2849 0.6091
1 0.2866 0.6130
1 0.2883 0.6169
1 0.2899 0.6209
1 0.2915 0.6248
1 0.2930 0.6288
1 0.2945 0.6329
1 0.2959 0.6369
1 0.2972 0.6409
1 0.2985 0.6450
1 0.2997 0.6491
1 0.3009 0.6532
1 0.3020 0.6573
1 0.3031 0.6614
1 0.3041 0.6656
1 0.3051 0.6697
1 0.3060 0.6739
1 0.3068 0.6781
1 0.3076 0.6823
1 0.3083 0.6865
1 0.3090 0.6907
1 0.3096 0.6949
1 0.3101 0.6992
1 0.3106 0.7034
1 0.3111 0.7077
1 0.3115 0.7119
1 0.3118 0.7162
1 0.3120 0.7204
1 0.3122 0.7247
1 0.3124 0.7290
1 0.3125 0.7332
1 0.3125 0.7375
112 1251 405
0 0.1886 0.5931
1 0.1908 0.5961
1 0.1930 0.5991
1 0.1951 0.6021
1 0.1972 0.6052
1 0.1993 0.6083
1 0.2013 0.6114
1 0.2032 0.6146
1 0.2051 0.6178
1 0.2070 0.6210
1 0.2088 0.6243
1 0.2105 0.6275
1 0.2122 0.6308
1 0.2138 0.6342
1 0.2154 0.6375
1 0.2170 0.6409
1 0.2185 0.6443
1 0.2199 0.6477
1 0.2213 0.6512
1 0.2226 0.6547
1 0.2239 0.6582
1 0.2251 0.6617
1 0.2262 0.6652
1 0.2273 0.6687
1 0.2284 0.6723
1 0.2294 0.6759
1 0.2303 0.6795
1 0.2312 0.6831
1 0.2320 0.6867
1 0.2328 0.6903
1 0.2335 0.6940
1 0.2341 0.6976
1 0.2347 0.7013
1 0.2353 0.7050
1 0.2357 0.7087
1 0.2362 0.7124
1 0.2365 0.7161
1 0.2368 0.7198
1 0.2371 0.7235
1 0.2373 0.7272
1 0.2374 0.7309
1 0.2375 0.7346
1 0.2375 0.7383
1 0.2375 0.7420
1 0.2374 0.7457
1 0.2372 0.7495
1 0.2370 0.7532
1 0.2367 0.7569
1 0.2364 0.7606
1 0.2360 0.7643
1 0.2355 0.7679
1 0.2350 0.7716
1 0.2345 0.7753
1 0.2339 0.7790
1 0.2332 0.7826
1 0.2324 0.7863
1 0.2317 0.7899
1 0.2308 0.7935
1 0.2299 0.7971
1 0.2289 0.8007
1 0.2279 0.8043
1 0.2269 0.8078
1 0.2257 0.8114
1 0.2245 0.8149
1 0.2233 0.8184
1 0.2220 0.8219
1 0.2207 0.8253
1 0.2193 0.8288
1 0.2178 0.8322
1 0.2163 0.8356
1 0.2147 0.8389
1 0.2131 0.8423
1 0.2115 0.8456
1 0.2097 0.8489
1 0.2080 0.8522
1 0.2062 0.8554
1 0.2043 0.8586
1 0.2024 0.8618
1 0.2004 0.8650
1 0.1984 0.8681
1 0.1963 0.8712
1 0.1942 0.8742
1 0.1920 0.8772
1 0.1898 0.8802
1 0.1876 0.8832
1 0.1853 0.8861
1 0.1829 0.8890
1 0.1805 0.8918
1 0.1781 0.8946
1 0.1756 0.8974
1 0.1731 0.9001
1 0.1705 0.9028
1 0.1679 0.9054
1 0.1653 0.9080
1 0.1626 0.9106
1 0.1599 0.9131
1 0.1571 0.9156
1 0.1543 0.9180
1 0.1515 0.9204
1 0.1486 0.9228
1 0.1457 0.9251
1 0.1427 0.9273
1 0.1397 0.9295
1 0.1367 0.9317
1 0.1337 0.9338
1 0.1306 0.9359
1 0.1275 0.9379
1 0.1243 0.9399
1 0.1211 0.9418
1 0.1179 0.9437
1 0.1147 0.9455
1 0.1114 0.9472
1 0.1081 0.9490
1 0.1048 0.9506
1 0.1014 0.9522
1 0.0981 0.9538
1 0.0947 0.9553
1 0.0913 0.9568
1 0.0878 0.9582
1 0.0844 0.9595
1 0.0809 0.9608
1 0.0774 0.9620
1 0.0739 0.9632
1 0.0703 0.9644
1 0.0668 0.9654
1 0.0632 0.9664
1 0.0596 0.9674
1 0.0560 0.9683
1 0.0524 0.9692
1 0.0488 0.9699
1 0.0451 0.9707
1 0.0415 0.9714
1 0.0378 0.9720
1 0.0341 0.9725
1 0.0304 0.9730
1 0.0268 0.9735
1 0.0231 0.9739
1 0.0194 0.9742
1 0.0157 0.9745
1 0.0120 0.9747
1 0.0082 0.9749
1 0.0045 0.9750
1 0.0008 0.9750
1 -0.0029 0.9750
1 -0.0066 0.9749
1 -0.0103 0.9748
1 -0.0140 0.9746
1 -0.0177 0.9743
1 -0.0214 0.9740
1 -0.0251 0.9737
1 -0.0288 0.9732
1 -0.0325 0.9728
1 -0.0362 0.9722
1 -0.0399 0.9716
1 -0.0435 0.9710
1 -0.0472 0.9703
1 -0.0508 0.9695
1 -0.0544 0.9687
1 -0.0580 0.9678
1 -0.0616 0.9669
1 -0.0652 0.9659
1 -0.0688 0.9648
1 -0.0723 0.9637
1 -0.0758 0.9626
1 -0.0793 0.9614
1 -0.0828 0.9601
1 -0.0863 0.9588
1 -0.0898 0.9574
1 -0.0932 0.9560
1 -0.0966 0.9545
1 -0.1000 0.9529
1 -0.1033 0.9513
1 -0.1067 0.9497
1 -0.1100 0.9480
1 -0.1132 0.9463
1 -0.1165 0.9445
1 -0.1197 0.9426
1 -0.1229 0.9407
1 -0.1261 0.9388
1 -0.1292 0.9368
1 -0.1323 0.9347
1 -0.1354 0.9326
1 -0.1384 0.9305
1 -0.1414 0.9283
1 -0.1444 0.9261
1 -0.1444 0.9261
1 -0.1469 0.9241
1 -0.1498 0.9218
1 -0.1527 0.9194
1 -0.1555 0.9170
1 -0.1583 0.9145
1 -0.1611 0.9120
1 -0.1638 0.9095
1 -0.1665 0.9069
1 -0.1691 0.9043
1 -0.1717 0.9016
1 -0.1742 0.8989
1 -0.1767 0.8962
1 -0.1792 0.8934
1 -0.1816 0.8906
1 -0.1840 0.8877
1 -0.1863 0.8848
1 -0.1886 0.8819
1 -0.1886 0.8819
1 -0.1908 0.8789
1 -0.1930 0.8759
1 -0.1951 0.8729
1 -0.1972 0.8698
1 -0.1993 0.8667
1 -0.2013 0.8636
1 -0.2032 0.8604
1 -0.2051 0.8572
1 -0.2070 0.8540
1 -0.2088 0.8507
1 -0.2105 0.8475
1 -0.2122 0.8442
1 -0.2138 0.8408
1 -0.2154 0.8375
1 -0.2170 0.8341
1 -0.2185 0.8307
1 -0.2199 0.8273
1 -0.2213 0.8238
1 -0.2226 0.8203
1 -0.2239 0.8168
1 -0.2251 0.8133
1 -0.2262 0.8098
1 -0.2273 0.8063
1 -0.2284 0.8027
1 -0.2294 0.7991
1 -0.2303 0.7955
1 -0.2312 0.7919
1 -0.2320 0.7883
1 -0.2328 0.7847
1 -0.2335 0.7810
1 -0.2341 0.7774
1 -0.2347 0.7737
1 -0.2353 0.7700
1 -0.2357 0.7663
1 -0.2362 0.7626
1 -0.2365 0.7589
1 -0.2368 0.7552
1 -0.2371 0.7515
1 -0.2373 0.7478
1 -0.2374 0.7441
1 -0.2375 0.7404
1 -0.2375 0.7367
1 -0.2375 0.7330
1 -0.2374 0.7293
1 -0.2372 0.7255
1 -0.2370 0.7218
1 -0.2367 0.7181
1 -0.2364 0.7144
1 -0.2360 0.7107
1 -0.2355 0.7071
1 -0.2350 0.7034
1 -0.2345 0.6997
1 -0.2339 0.6960
1 -0.2332 0.6924
1 -0.2324 0.6887
1 -0.2317 0.6851
1 -0.2308 0.6815
1 -0.2299 0.6779
1 -0.2289 0.6743
1 -0.2279 0.6707
1 -0.2269 0.6672
1 -0.2257 0.6636
1 -0.2245 0.6601
1 -0.2233 0.6566
1 -0.2220 0.6531
1 -0.2207 0.6497
1 -0.2193 0.6462
1 -0.2178 0.6428
1 -0.2163 0.6394
1 -0.2147 0.6361
1 -0.2131 0.6327
1 -0.2115 0.6294
1 -0.2098 0.6261
1 -0.2080 0.6228
1 -0.2062 0.6196
1 -0.2043 0.6164
1 -0.2024 0.6132
1 -0.2004 0.6100
1 -0.1984 0.6069
1 -0.1963 0.6038
1 -0.1942 0.6008
1 -0.1920 0.5978
1 -0.1898 0.5948
1 -0.1876 0.5918
1 -0.1853 0.5889
1 -0.1829 0.5860
1 -0.1805 0.5832
1 -0.1781 0.5804
1 -0.1756 0.5776
1 -0.1731 0.5749
1 -0.1705 0.5722
1 -0.1679 0.5696
1 -0.1653 0.5670
1 -0.1626 0.5644
1 -0.1599 0.5619
1 -0.1571 0.5594
1 -0.1543 0.5570
1 -0.1515 0.5546
1 -0.1486 0.5522
1 -0.1457 0.5499
1 -0.1427 0.5477
1 -0.1397 0.5455
1 -0.1367 0.5433
1 -0.1337 0.5412
1 -0.1306 0.5391
1 -0.1275 0.5371
1 -0.1243 0.5351
1 -0.1211 0.5332
1 -0.1179 0.5313
1 -0.1147 0.5295
1 -0.1114 0.5278
1 -0.1081 0.5260
1 -0.1048 0.5244
1 -0.1014 0.5228
1 -0.0981 0.5212
1 -0.0947 0.5197
1 -0.0913 0.5182
1 -0.0878 0.5168
1 -0.0844 0.5155
1 -0.0809 0.5142
1 -0.0774 0.5130
1 -0.0739 0.5118
1 -0.0703 0.5106
1 -0.0668 0.5096
1 -0.0632 0.5086
1 -0.0596 0.5076
1 -0.0560 0.5067
1 -0.0524 0.5058
1 -0.0488 0.5051
1 -0.0451 0.5043
1 -0.0415 0.5036
1 -0.0378 0.5030
1 -0.0341 0.5025
1 -0.0304 0.5020
1 -0.0268 0.5015
1 -0.0231 0.5011
1 -0.0194 0.5008
1 -0.0157 0.5005
1 -0.0120 0.5003
1 -0.0082 0.5001
1 -0.0045 0.5000
1 -0.0008 0.5000
1 0.0029 0.5000
1 0.0066 0.5001
1 0.0103 0.5002
1 0.0140 0.5004
1 0.0177 0.5007
1 0.0214 0.5010
1 0.0251 0.5013
1 0.0288 0.5018
1 0.0325 0.5022
1 0.0362 0.5028
1 0.0399 0.5034
1 0.0435 0.5040
1 0.0472 0.5047
1 0.0508 0.5055
1 0.0544 0.5063
1 0.0580 0.5072
1 0.0616 0.5081
1 0.0652 0.5091
1 0.0688 0.5102
1 0.0723 0.5113
1 0.0758 0.5124
1 0.0793 0.5136
1 0.0828 0.5149
1 0.0863 0.5162
1 0.0898 0.5176
1 0.0932 0.5190
1 0.0966 0.5205
1 0.1000 0.5221
1 0.1033 0.5237
1 0.1067 0.5253
1 0.1100 0.5270
1 0.1132 0.5287
1 0.1165 0.5305
1 0.1197 0.5324
1 0.1229 0.5343
1 0.1261 0.5362
1 0.1292 0.5382
1 0.1323 0.5403
1 0.1354 0.5424
1 0.1384 0.5445
1 0.1414 0.5467
1 0.1444 0.5489
1 0.1469 0.5509
1 0.1498 0.5532
1 0.1527 0.5556
1 0.1555 0.5580
1 0.1583 0.5605
1 0.1611 0.5630
1 0.1638 0.5655
1 0.1665 0.5681
1 0.1691 0.5707
1 0.1717 0.5734
1 0.1742 0.5761
1 0.1767 0.5788
1 0.1792 0.5816
1 0.1816 0.5844
1 0.1840 0.5873
1 0.1863 0.5902
1 0.1886 0.5931
112 1250 18
0 -0.0432 0.5560
1 -0.0797 0.5925
1 -0.0996 0.6401
1 -0.1091 0.7076
1 -0.1083 0.7695
1 -0.1027 0.8377
1 -0.0884 0.8837
1 -0.0599 0.9194
1 0.0512 0.9194
1 0.0696 0.8828
1 0.0817 0.8465
1 0.0940 0.7860
1 0.0973 0.7261
1 0.0949 0.6660
1 0.0854 0.6133
1 0.0787 0.5856
1 0.0679 0.5560
1 -0.0432 0.5560
112 1251 24
0 0.0084 0.8343
1 0.0004 0.8447
1 -0.0159 0.8446
1 -0.0220 0.8364
1 -0.0311 0.8364
1 -0.0374 0.8446
1 -0.0556 0.8446
1 -0.0615 0.8364
1 -0.0713 0.8364
1 -0.0779 0.8446
1 -0.0962 0.8446
1 -0.1027 0.8377
1 -0.1027 0.8308
1 -0.0962 0.8239
1 -0.0779 0.8239
1 -0.0713 0.8321
1 -0.0615 0.8321
1 -0.0556 0.8239
1 -0.0374 0.8239
1 -0.0311 0.8321
1 -0.0220 0.8321
1 -0.0159 0.8239
1 0.0004 0.8239
1 0.0084 0.8343
112 1250 7
0 -0.0987 0.8343
1 -0.0950 0.8390
1 -0.0821 0.8390
1 -0.0784 0.8343
1 -0.0821 0.8292
1 -0.0950 0.8292
1 -0.0987 0.8343
112 1250 7
0 -0.0172 0.8343
1 -0.0135 0.8390
1 -0.0006 0.8390
1 0.0030 0.8343
1 -0.0007 0.8292
1 -0.0135 0.8292
1 -0.0172 0.8343
112 1250 7
0 -0.0565 0.8343
1 -0.0528 0.8390
1 -0.0399 0.8390
1 -0.0363 0.8343
1 -0.0399 0.8292
1 -0.0528 0.8292
1 -0.0565 0.8343
112 1251 24
0 0.0043 0.7681
1 -0.0036 0.7785
1 -0.0199 0.7784
1 -0.0260 0.7702
1 -0.0351 0.7702
1 -0.0414 0.7784
1 -0.0596 0.7784
1 -0.0655 0.7702
1 -0.0753 0.7702
1 -0.0819 0.7784
1 -0.1002 0.7784
1 -0.1067 0.7715
1 -0.1067 0.7646
1 -0.1002 0.7577
1 -0.0819 0.7577
1 -0.0753 0.7659
1 -0.0655 0.7659
1 -0.0596 0.7577
1 -0.0414 0.7577
1 -0.0351 0.7659
1 -0.0260 0.7659
1 -0.0199 0.7577
1 -0.0036 0.7577
1 0.0043 0.7681
112 1250 7
0 -0.1027 0.7681
1 -0.0990 0.7728
1 -0.0861 0.7728
1 -0.0824 0.7681
1 -0.0861 0.7630
1 -0.0990 0.7630
1 -0.1027 0.7681
112 1250 7
0 -0.0605 0.7681
1 -0.0568 0.7728
1 -0.0439 0.7728
1 -0.0403 0.7681
1 -0.0439 0.7630
1 -0.0568 0.7630
1 -0.0605 0.7681
112 1250 7
0 -0.0213 0.7681
1 -0.0176 0.7728
1 -0.0047 0.7728
1 -0.0010 0.7681
1 -0.0047 0.7630
1 -0.0176 0.7630
1 -0.0213 0.7681
112 1251 24
0 0.0048 0.7057
1 -0.0031 0.7161
1 -0.0195 0.7160
1 -0.0255 0.7078
1 -0.0346 0.7078
1 -0.0410 0.7160
1 -0.0591 0.7160
1 -0.0650 0.7078
1 -0.0749 0.7078
1 -0.0814 0.7160
1 -0.0997 0.7160
1 -0.1063 0.7091
1 -0.1063 0.7022
1 -0.0997 0.6953
1 -0.0814 0.6953
1 -0.0749 0.7035
1 -0.0650 0.7035
1 -0.0591 0.6953
1 -0.0410 0.6953
1 -0.0346 0.7035
1 -0.0255 0.7035
1 -0.0195 0.6953
1 -0.0031 0.6953
1 0.0048 0.7057
112 1250 7
0 -0.0600 0.7057
1 -0.0563 0.7104
1 -0.0435 0.7104
1 -0.0398 0.7057
1 -0.0435 0.7006
1 -0.0563 0.7006
1 -0.0600 0.7057
112 1250 7
0 -0.0208 0.7057
1 -0.0171 0.7104
1 -0.0042 0.7104
1 -0.0005 0.7057
1 -0.0042 0.7006
1 -0.0171 0.7006
1 -0.0208 0.7057
112 1250 7
0 -0.1022 0.7057
1 -0.0985 0.7104
1 -0.0857 0.7104
1 -0.0819 0.7057
1 -0.0857 0.7006
1 -0.0985 0.7006
1 -0.1022 0.7057
112 1251 24
0 0.0171 0.6410
1 0.0091 0.6513
1 -0.0072 0.6513
1 -0.0133 0.6431
1 -0.0224 0.6431
1 -0.0287 0.6513
1 -0.0469 0.6513
1 -0.0527 0.6431
1 -0.0626 0.6431
1 -0.0692 0.6513
1 -0.0875 0.6513
1 -0.0940 0.6444
1 -0.0940 0.6375
1 -0.0875 0.6306
1 -0.0692 0.6306
1 -0.0626 0.6388
1 -0.0527 0.6388
1 -0.0469 0.6306
1 -0.0287 0.6306
1 -0.0224 0.6388
1 -0.0133 0.6388
1 -0.0072 0.6306
1 0.0091 0.6306
1 0.0171 0.6410
112 1250 7
0 -0.0478 0.6410
1 -0.0441 0.6457
1 -0.0312 0.6457
1 -0.0275 0.6410
1 -0.0312 0.6359
1 -0.0441 0.6359
1 -0.0478 0.6410
112 1250 7
0 -0.0085 0.6410
1 -0.0048 0.6457
1 0.0081 0.6457
1 0.0117 0.6410
1 0.0081 0.6359
1 -0.0048 0.6359
1 -0.0085 0.6410
112 1250 7
0 -0.0900 0.6410
1 -0.0863 0.6457
1 -0.0734 0.6457
1 -0.0697 0.6410
1 -0.0734 0.6359
1 -0.0863 0.6359
1 -0.0900 0.6410
112 1251 24
0 0.0346 0.5937
1 0.0266 0.6041
1 0.0103 0.6041
1 0.0042 0.5959
1 -0.0049 0.5959
1 -0.0112 0.6041
1 -0.0294 0.6041
1 -0.0353 0.5959
1 -0.0451 0.5959
1 -0.0517 0.6041
1 -0.0700 0.6041
1 -0.0765 0.5972
1 -0.0765 0.5903
1 -0.0700 0.5834
1 -0.0517 0.5834
1 -0.0451 0.5916
1 -0.0353 0.5916
1 -0.0294 0.5834
1 -0.0112 0.5834
1 -0.0049 0.5916
1 0.0042 0.5916
1 0.0103 0.5834
1 0.0266 0.5833
1 0.0346 0.5937
112 1250 7
0 -0.0303 0.5937
1 -0.0266 0.5984
1 -0.0137 0.5985
1 -0.0100 0.5937
1 -0.0138 0.5886
1 -0.0266 0.5886
1 -0.0303 0.5937
112 1250 7
0 0.0090 0.5937
1 0.0127 0.5984
1 0.0255 0.5985
1 0.0292 0.5937
1 0.0255 0.5886
1 0.0127 0.5886
1 0.0090 0.5937
112 1250 7
0 -0.0725 0.5937
1 -0.0688 0.5984
1 -0.0559 0.5985
1 -0.0522 0.5937
1 -0.0559 0.5886
1 -0.0688 0.5886
1 -0.0725 0.5937
112 1251 24
0 -0.0432 0.5560
1 -0.0353 0.5456
1 -0.0189 0.5457
1 -0.0128 0.5539
1 -0.0038 0.5539
1 0.0026 0.5457
1 0.0208 0.5457
1 0.0266 0.5539
1 0.0365 0.5539
1 0.0430 0.5457
1 0.0613 0.5457
1 0.0679 0.5526
1 0.0679 0.5595
1 0.0613 0.5664
1 0.0430 0.5664
1 0.0365 0.5582
1 0.0266 0.5582
1 0.0208 0.5664
1 0.0026 0.5664
1 -0.0038 0.5582
1 -0.0128 0.5582
1 -0.0189 0.5664
1 -0.0353 0.5664
1 -0.0432 0.5560
112 1250 7
0 0.0639 0.5560
1 0.0601 0.5513
1 0.0473 0.5513
1 0.0436 0.5560
1 0.0473 0.5611
1 0.0601 0.5611
1 0.0639 0.5560
112 1250 7
0 0.0217 0.5560
1 0.0180 0.5513
1 0.0051 0.5513
1 0.0014 0.5560
1 0.0051 0.5611
1 0.0180 0.5611
1 0.0217 0.5560
112 1250 7
0 -0.0176 0.5560
1 -0.0213 0.5513
1 -0.0342 0.5513
1 -0.0379 0.5560
1 -0.0342 0.5611
1 -0.0213 0.5611
1 -0.0176 0.5560
112 1251 24
0 0.0259 0.8811
1 0.0179 0.8915
1 0.0016 0.8914
1 -0.0045 0.8832
1 -0.0135 0.8832
1 -0.0199 0.8914
1 -0.0380 0.8914
1 -0.0439 0.8832
1 -0.0538 0.8832
1 -0.0603 0.8914
1 -0.0787 0.8914
1 -0.0852 0.8845
1 -0.0852 0.8776
1 -0.0787 0.8707
1 -0.0603 0.8707
1 -0.0538 0.8789
1 -0.0439 0.8789
1 -0.0380 0.8707
1 -0.0199 0.8707
1 -0.0135 0.8789
1 -0.0045 0.8789
1 0.0016 0.8707
1 0.0179 0.8706
1 0.0259 0.8811
112 1250 7
0 -0.0390 0.8811
1 -0.0353 0.8858
1 -0.0224 0.8858
1 -0.0187 0.8811
1 -0.0224 0.8760
1 -0.0353 0.8760
1 -0.0390 0.8811
112 1250 7
0 0.0003 0.8811
1 0.0040 0.8858
1 0.0169 0.8858
1 0.0206 0.8811
1 0.0169 0.8760
1 0.0040 0.8760
1 0.0003 0.8811
112 1250 7
0 -0.0812 0.8811
1 -0.0774 0.8858
1 -0.0646 0.8858
1 -0.0609 0.8811
1 -0.0646 0.8760
1 -0.0774 0.8760
1 -0.0812 0.8811
112 1251 24
0 -0.0599 0.9194
1 -0.0519 0.9090
1 -0.0356 0.9091
1 -0.0295 0.9173
1 -0.0204 0.9173
1 -0.0141 0.9091
1 0.0041 0.9091
1 0.0100 0.9173
1 0.0198 0.9173
1 0.0264 0.9091
1 0.0447 0.9091
1 0.0512 0.9160
1 0.0512 0.9229
1 0.0447 0.9298
1 0.0264 0.9298
1 0.0198 0.9216
1 0.0100 0.9216
1 0.0041 0.9298
1 -0.0141 0.9298
1 -0.0204 0.9216
1 -0.0295 0.9216
1 -0.0356 0.9298
1 -0.0519 0.9298
1 -0.0599 0.9194
112 1250 7
0 0.0472 0.9194
1 0.0435 0.9147
1 0.0306 0.9147
1 0.0269 0.9194
1 0.0306 0.9245
1 0.0435 0.9245
1 0.0472 0.9194
112 1250 7
0 0.0050 0.9194
1 0.0013 0.9147
1 -0.0116 0.9147
1 -0.0153 0.9194
1 -0.0115 0.9245
1 0.0013 0.9245
1 0.0050 0.9194
112 1250 7
0 -0.0343 0.9194
1 -0.0380 0.9147
1 -0.0508 0.9147
1 -0.0545 0.9194
1 -0.0508 0.9245
1 -0.0380 0.9245
1 -0.0343 0.9194
112 1251 17
0 0.0679 0.5560
1 0.0346 0.5937
1 0.0171 0.6410
1 0.0048 0.7057
1 0.0043 0.7681
1 0.0096 0.8327
1 0.0259 0.8811
1 0.0512 0.9194
1 0.0548 0.9170
1 0.0298 0.8792
1 0.0138 0.8319
1 0.0087 0.7679
1 0.0091 0.7061
1 0.0213 0.6421
1 0.0383 0.5960
1 0.0711 0.5589
1 0.0679 0.5560
112 1251 17
0 -0.0565 0.9167
1 -0.0845 0.8817
1 -0.0984 0.8369
1 -0.1040 0.7692
1 -0.1047 0.7078
1 -0.0953 0.6413
1 -0.0761 0.5950
1 -0.0401 0.5591
1 -0.0432 0.5560
1 -0.0797 0.5925
1 -0.0996 0.6401
1 -0.1091 0.7076
1 -0.1083 0.7695
1 -0.1027 0.8377
1 -0.0884 0.8837
1 -0.0599 0.9194
1 -0.0565 0.9167
112 1251 101
0 0.0269 0.7578
1 0.0208 0.7630
1 0.0220 0.7775
1 0.0289 0.7820
1 0.0291 0.7870
1 0.0230 0.7923
1 0.0243 0.8068
1 0.0305 0.8110
1 0.0307 0.8153
1 0.0248 0.8209
1 0.0266 0.8353
1 0.0338 0.8395
1 0.0349 0.8428
1 0.0293 0.8486
1 0.0318 0.8630
1 0.0403 0.8663
1 0.0416 0.8697
1 0.0377 0.8761
1 0.0426 0.8899
1 0.0505 0.8925
1 0.0515 0.8949
1 0.0477 0.9010
1 0.0534 0.9176
1 0.0642 0.8966
1 0.0556 0.8932
1 0.0541 0.8907
1 0.0582 0.8843
1 0.0534 0.8706
1 0.0456 0.8683
1 0.0439 0.8648
1 0.0481 0.8601
1 0.0456 0.8457
1 0.0383 0.8422
1 0.0373 0.8390
1 0.0431 0.8332
1 0.0413 0.8187
1 0.0341 0.8149
1 0.0338 0.8107
1 0.0408 0.8053
1 0.0395 0.7909
1 0.0325 0.7867
1 0.0324 0.7818
1 0.0385 0.7762
1 0.0373 0.7616
1 0.0304 0.7575
1 0.0306 0.7537
1 0.0373 0.7488
1 0.0378 0.7343
1 0.0313 0.7293
1 0.0322 0.7247
1 0.0393 0.7202
1 0.0406 0.7057
1 0.0345 0.7004
1 0.0352 0.6957
1 0.0421 0.6910
1 0.0432 0.6765
1 0.0370 0.6713
1 0.0387 0.6659
1 0.0464 0.6627
1 0.0500 0.6486
1 0.0449 0.6423
1 0.0469 0.6374
1 0.0548 0.6348
1 0.0596 0.6211
1 0.0550 0.6144
1 0.0570 0.6100
1 0.0648 0.6073
1 0.0696 0.5936
1 0.0650 0.5870
1 0.0669 0.5843
1 0.0751 0.5826
1 0.0788 0.5741
1 0.0724 0.5604
1 0.0664 0.5622
1 0.0601 0.5753
1 0.0638 0.5828
1 0.0617 0.5858
1 0.0540 0.5881
1 0.0492 0.6019
1 0.0537 0.6088
1 0.0517 0.6133
1 0.0439 0.6156
1 0.0392 0.6293
1 0.0437 0.6363
1 0.0415 0.6415
1 0.0340 0.6444
1 0.0303 0.6584
1 0.0354 0.6650
1 0.0335 0.6711
1 0.0266 0.6753
1 0.0255 0.6898
1 0.0317 0.6954
1 0.0310 0.7001
1 0.0240 0.7042
1 0.0227 0.7187
1 0.0288 0.7244
1 0.0279 0.7293
1 0.0211 0.7337
1 0.0207 0.7483
1 0.0271 0.7536
1 0.0269 0.7578
112 1250 7
0 0.0312 0.7908
1 0.0277 0.7942
1 0.0285 0.8044
1 0.0326 0.8070
1 0.0364 0.8037
1 0.0355 0.7934
1 0.0312 0.7908
112 1250 7
0 0.0329 0.8190
1 0.0296 0.8225
1 0.0309 0.8327
1 0.0350 0.8351
1 0.0387 0.8317
1 0.0374 0.8215
1 0.0329 0.8190
112 1250 7
0 0.0373 0.8464
1 0.0341 0.8500
1 0.0359 0.8602
1 0.0401 0.8624
1 0.0436 0.8588
1 0.0418 0.8487
1 0.0373 0.8464
112 1250 7
0 0.0453 0.8726
1 0.0427 0.8767
1 0.0461 0.8865
1 0.0507 0.8880
1 0.0536 0.8838
1 0.0502 0.8741
1 0.0453 0.8726
112 1250 7
0 0.0290 0.7616
1 0.0255 0.7648
1 0.0263 0.7751
1 0.0303 0.7778
1 0.0341 0.7745
1 0.0333 0.7642
1 0.0290 0.7616
112 1250 5
0 0.0553 0.8975
1 0.0527 0.9016
1 0.0547 0.9089
1 0.0601 0.8989
1 0.0553 0.8975
112 1250 7
0 0.0295 0.7333
1 0.0256 0.7361
1 0.0252 0.7464
1 0.0290 0.7495
1 0.0331 0.7467
1 0.0335 0.7364
1 0.0295 0.7333
112 1250 7
0 0.0324 0.7042
1 0.0284 0.7068
1 0.0274 0.7171
1 0.0309 0.7204
1 0.0353 0.7178
1 0.0362 0.7075
1 0.0324 0.7042
112 1250 7
0 0.0350 0.6752
1 0.0310 0.6779
1 0.0302 0.6881
1 0.0338 0.6914
1 0.0381 0.6887
1 0.0388 0.6784
1 0.0350 0.6752
112 1250 7
0 0.0422 0.6457
1 0.0378 0.6477
1 0.0351 0.6577
1 0.0381 0.6615
1 0.0428 0.6596
1 0.0454 0.6497
1 0.0422 0.6457
112 1250 7
0 0.0520 0.6176
1 0.0474 0.6192
1 0.0440 0.6289
1 0.0467 0.6330
1 0.0515 0.6315
1 0.0549 0.6218
1 0.0520 0.6176
112 1250 7
0 0.0620 0.5902
1 0.0575 0.5917
1 0.0541 0.6015
1 0.0567 0.6055
1 0.0615 0.6040
1 0.0649 0.5943
1 0.0620 0.5902
112 1250 7
0 0.0721 0.5657
1 0.0696 0.5662
1 0.0650 0.5755
1 0.0672 0.5798
1 0.0721 0.5789
1 0.0750 0.5730
1 0.0721 0.5657
112 1251 13
0 0.0488 0.6538
1 0.0638 0.6745
1 0.0661 0.7042
1 0.0684 0.7394
1 0.0638 0.7739
1 0.0544 0.8085
1 0.0426 0.8268
1 0.0403 0.8022
1 0.0380 0.7683
1 0.0373 0.7381
1 0.0411 0.7082
1 0.0434 0.6738
1 0.0488 0.6538
112 1251 5
0 0.0269 0.8792
1 0.0399 0.8776
1 0.0414 0.8819
1 0.0287 0.8836
1 0.0269 0.8792
112 1251 5
0 0.0110 0.8315
1 0.0271 0.8307
1 0.0284 0.8351
1 0.0127 0.8360
1 0.0110 0.8315
112 1251 5
0 0.0055 0.7669
1 0.0228 0.7668
1 0.0231 0.7714
1 0.0073 0.7713
1 0.0055 0.7669
112 1251 5
0 0.0063 0.7040
1 0.0259 0.7084
1 0.0249 0.7131
1 0.0081 0.7085
1 0.0063 0.7040
112 1251 5
0 0.0181 0.6400
1 0.0354 0.6466
1 0.0348 0.6505
1 0.0199 0.6444
1 0.0181 0.6400
112 1251 5
0 0.0365 0.5930
1 0.0534 0.5939
1 0.0521 0.5983
1 0.0350 0.5970
1 0.0365 0.5930
112 1250 90
0 -0.0594 0.3326
1 -0.0594 0.3326
1 -0.0608 0.3326
1 -0.0624 0.3328
1 -0.0640 0.3330
1 -0.0657 0.3332
1 -0.0672 0.3335
1 -0.0685 0.3339
1 -0.0685 0.3339
1 -0.0697 0.3343
1 -0.0710 0.3349
1 -0.0724 0.3355
1 -0.0738 0.3363
1 -0.0750 0.3371
1 -0.0760 0.3378
1 -0.0760 0.3378
1 -0.0769 0.3386
1 -0.0779 0.3396
1 -0.0788 0.3408
1 -0.0797 0.3420
1 -0.0805 0.3432
1 -0.0811 0.3444
1 -0.0811 0.3444
1 -0.0816 0.3455
1 -0.0821 0.3470
1 -0.0825 0.3487
1 -0.0828 0.3504
1 -0.0829 0.3521
1 -0.0830 0.3536
1 -0.0830 0.3936
1 -0.0712 0.3936
1 -0.0712 0.3536
1 -0.0712 0.3536
1 -0.0711 0.3521
1 -0.0708 0.3506
1 -0.0703 0.3490
1 -0.0698 0.3476
1 -0.0691 0.3463
1 -0.0684 0.3454
1 -0.0684 0.3454
1 -0.0674 0.3446
1 -0.0661 0.3439
1 -0.0646 0.3432
1 -0.0629 0.3428
1 -0.0611 0.3425
1 -0.0594 0.3424
1 -0.0594 0.3424
1 -0.0577 0.3425
1 -0.0559 0.3428
1 -0.0542 0.3432
1 -0.0527 0.3439
1 -0.0514 0.3446
1 -0.0504 0.3454
1 -0.0504 0.3454
1 -0.0497 0.3463
1 -0.0490 0.3476
1 -0.0485 0.3490
1 -0.0480 0.3506
1 -0.0477 0.3521
1 -0.0476 0.3536
1 -0.0476 0.3936
1 -0.0358 0.3936
1 -0.0358 0.3536
1 -0.0358 0.3536
1 -0.0359 0.3521
1 -0.0360 0.3504
1 -0.0364 0.3487
1 -0.0368 0.3470
1 -0.0372 0.3455
1 -0.0377 0.3444
1 -0.0377 0.3444
1 -0.0383 0.3432
1 -0.0391 0.3420
1 -0.0400 0.3408
1 -0.0410 0.3396
1 -0.0420 0.3386
1 -0.0429 0.3378
1 -0.0429 0.3378
1 -0.0438 0.3371
1 -0.0450 0.3363
1 -0.0464 0.3355
1 -0.0478 0.3349
1 -0.0491 0.3343
1 -0.0503 0.3339
1 -0.0503 0.3339
1 -0.0516 0.3335
1 -0.0531 0.3332
1 -0.0548 0.3330
1 -0.0564 0.3328
1 -0.0580 0.3326
112 1250 254
0 -0.0069 0.3784
1 -0.0069 0.3784
1 -0.0068 0.3776
1 -0.0066 0.3767
1 -0.0063 0.3758
1 -0.0058 0.3750
1 -0.0052 0.3742
1 -0.0047 0.3737
1 -0.0047 0.3737
1 -0.0040 0.3732
1 -0.0031 0.3727
1 -0.0021 0.3721
1 -0.0010 0.3716
1 -0.0000 0.3711
1 0.0009 0.3707
1 0.0009 0.3707
1 0.0020 0.3703
1 0.0032 0.3699
1 0.0045 0.3694
1 0.0059 0.3690
1 0.0072 0.3685
1 0.0083 0.3682
1 0.0083 0.3682
1 0.0095 0.3678
1 0.0108 0.3673
1 0.0121 0.3667
1 0.0135 0.3661
1 0.0147 0.3655
1 0.0157 0.3649
1 0.0157 0.3649
1 0.0167 0.3643
1 0.0177 0.3635
1 0.0188 0.3626
1 0.0198 0.3616
1 0.0207 0.3606
1 0.0214 0.3597
1 0.0214 0.3597
1 0.0220 0.3587
1 0.0225 0.3574
1 0.0230 0.3558
1 0.0233 0.3542
1 0.0235 0.3527
1 0.0236 0.3512
1 0.0236 0.3512
1 0.0236 0.3500
1 0.0234 0.3487
1 0.0231 0.3474
1 0.0227 0.3460
1 0.0223 0.3448
1 0.0218 0.3438
1 0.0218 0.3438
1 0.0213 0.3428
1 0.0206 0.3417
1 0.0197 0.3406
1 0.0188 0.3396
1 0.0179 0.3386
1 0.0170 0.3379
1 0.0170 0.3379
1 0.0160 0.3372
1 0.0148 0.3365
1 0.0135 0.3357
1 0.0120 0.3350
1 0.0107 0.3345
1 0.0094 0.3340
1 0.0094 0.3340
1 0.0081 0.3337
1 0.0065 0.3333
1 0.0048 0.3330
1 0.0030 0.3328
1 0.0012 0.3326
1 -0.0003 0.3326
1 -0.0003 0.3326
1 -0.0018 0.3326
1 -0.0035 0.3328
1 -0.0052 0.3330
1 -0.0069 0.3333
1 -0.0084 0.3337
1 -0.0096 0.3340
1 -0.0096 0.3340
1 -0.0107 0.3344
1 -0.0120 0.3350
1 -0.0132 0.3355
1 -0.0144 0.3361
1 -0.0155 0.3367
1 -0.0163 0.3372
1 -0.0163 0.3372
1 -0.0172 0.3378
1 -0.0182 0.3386
1 -0.0193 0.3394
1 -0.0203 0.3403
1 -0.0212 0.3411
1 -0.0219 0.3419
1 -0.0152 0.3487
1 -0.0152 0.3487
1 -0.0147 0.3481
1 -0.0140 0.3475
1 -0.0132 0.3468
1 -0.0125 0.3462
1 -0.0117 0.3456
1 -0.0110 0.3452
1 -0.0110 0.3452
1 -0.0104 0.3448
1 -0.0096 0.3444
1 -0.0088 0.3439
1 -0.0079 0.3435
1 -0.0070 0.3431
1 -0.0063 0.3428
1 -0.0063 0.3428
1 -0.0054 0.3425
1 -0.0044 0.3423
1 -0.0033 0.3421
1 -0.0021 0.3419
1 -0.0010 0.3418
1 -0.0000 0.3418
1 -0.0000 0.3418
1 0.0015 0.3418
1 0.0031 0.3421
1 0.0047 0.3424
1 0.0061 0.3429
1 0.0073 0.3434
1 0.0082 0.3440
1 0.0082 0.3440
1 0.0089 0.3447
1 0.0096 0.3457
1 0.0102 0.3467
1 0.0106 0.3478
1 0.0109 0.3489
1 0.0110 0.3499
1 0.0110 0.3499
1 0.0109 0.3509
1 0.0107 0.3519
1 0.0104 0.3529
1 0.0099 0.3538
1 0.0094 0.3546
1 0.0088 0.3552
1 0.0088 0.3552
1 0.0081 0.3557
1 0.0072 0.3563
1 0.0062 0.3569
1 0.0051 0.3575
1 0.0041 0.3580
1 0.0031 0.3584
1 0.0031 0.3584
1 0.0021 0.3587
1 0.0009 0.3591
1 -0.0004 0.3596
1 -0.0018 0.3600
1 -0.0031 0.3604
1 -0.0042 0.3608
1 -0.0042 0.3608
1 -0.0053 0.3611
1 -0.0066 0.3616
1 -0.0080 0.3622
1 -0.0093 0.3627
1 -0.0105 0.3633
1 -0.0116 0.3639
1 -0.0116 0.3639
1 -0.0125 0.3645
1 -0.0136 0.3653
1 -0.0146 0.3662
1 -0.0156 0.3672
1 -0.0165 0.3681
1 -0.0172 0.3690
1 -0.0172 0.3690
1 -0.0178 0.3700
1 -0.0183 0.3714
1 -0.0188 0.3729
1 -0.0191 0.3745
1 -0.0193 0.3762
1 -0.0194 0.3777
1 -0.0194 0.3777
1 -0.0194 0.3787
1 -0.0192 0.3798
1 -0.0190 0.3810
1 -0.0187 0.3822
1 -0.0184 0.3833
1 -0.0180 0.3842
1 -0.0180 0.3842
1 -0.0175 0.3851
1 -0.0169 0.3860
1 -0.0161 0.3870
1 -0.0153 0.3880
1 -0.0145 0.3888
1 -0.0137 0.3895
1 -0.0137 0.3895
1 -0.0129 0.3902
1 -0.0118 0.3909
1 -0.0106 0.3916
1 -0.0093 0.3922
1 -0.0080 0.3928
1 -0.0069 0.3932
1 -0.0069 0.3932
1 -0.0057 0.3935
1 -0.0042 0.3939
1 -0.0025 0.3942
1 -0.0008 0.3944
1 0.0009 0.3946
1 0.0024 0.3946
1 0.0024 0.3946
1 0.0036 0.3946
1 0.0049 0.3945
1 0.0062 0.3944
1 0.0076 0.3942
1 0.0088 0.3940
1 0.0098 0.3938
1 0.0098 0.3938
1 0.0108 0.3935
1 0.0119 0.3932
1 0.0130 0.3929
1 0.0141 0.3926
1 0.0150 0.3922
1 0.0158 0.3919
1 0.0158 0.3919
1 0.0166 0.3915
1 0.0176 0.3911
1 0.0186 0.3906
1 0.0195 0.3900
1 0.0204 0.3895
1 0.0211 0.3891
1 0.0161 0.3814
1 0.0161 0.3814
1 0.0156 0.3817
1 0.0150 0.3821
1 0.0143 0.3824
1 0.0136 0.3828
1 0.0129 0.3831
1 0.0123 0.3834
1 0.0123 0.3834
1 0.0118 0.3836
1 0.0111 0.3838
1 0.0103 0.3841
1 0.0095 0.3843
1 0.0087 0.3845
1 0.0080 0.3847
1 0.0080 0.3847
1 0.0073 0.3849
1 0.0065 0.3850
1 0.0055 0.3852
1 0.0046 0.3853
1 0.0037 0.3853
1 0.0029 0.3854
1 0.0029 0.3854
1 0.0015 0.3853
1 0.0000 0.3851
1 -0.0014 0.3848
1 -0.0027 0.3844
1 -0.0038 0.3839
1 -0.0046 0.3834
1 -0.0046 0.3834
1 -0.0052 0.3828
1 -0.0057 0.3821
1 -0.0062 0.3812
1 -0.0066 0.3802
1 -0.0068 0.3793
112 1250 112
0 0.0602 0.3326
1 0.0602 0.3326
1 0.0586 0.3327
1 0.0568 0.3328
1 0.0549 0.3331
1 0.0530 0.3334
1 0.0513 0.3338
1 0.0499 0.3343
1 0.0499 0.3343
1 0.0485 0.3348
1 0.0470 0.3356
1 0.0455 0.3365
1 0.0440 0.3375
1 0.0427 0.3386
1 0.0416 0.3396
1 0.0416 0.3396
1 0.0406 0.3407
1 0.0395 0.3422
1 0.0385 0.3439
1 0.0375 0.3457
1 0.0366 0.3475
1 0.0360 0.3491
1 0.0360 0.3491
1 0.0355 0.3509
1 0.0350 0.3532
1 0.0346 0.3557
1 0.0343 0.3584
1 0.0341 0.3611
1 0.0340 0.3634
1 0.0340 0.3634
1 0.0341 0.3659
1 0.0343 0.3686
1 0.0346 0.3713
1 0.0351 0.3739
1 0.0356 0.3762
1 0.0362 0.3780
1 0.0362 0.3780
1 0.0368 0.3797
1 0.0377 0.3815
1 0.0387 0.3833
1 0.0398 0.3850
1 0.0409 0.3865
1 0.0419 0.3877
1 0.0419 0.3877
1 0.0430 0.3887
1 0.0444 0.3897
1 0.0459 0.3907
1 0.0474 0.3917
1 0.0489 0.3924
1 0.0503 0.3929
1 0.0503 0.3929
1 0.0517 0.3934
1 0.0533 0.3938
1 0.0552 0.3941
1 0.0570 0.3944
1 0.0587 0.3945
1 0.0602 0.3946
1 0.0602 0.3946
1 0.0617 0.3945
1 0.0634 0.3944
1 0.0653 0.3941
1 0.0671 0.3938
1 0.0687 0.3934
1 0.0701 0.3929
1 0.0701 0.3929
1 0.0715 0.3924
1 0.0730 0.3917
1 0.0746 0.3907
1 0.0761 0.3897
1 0.0774 0.3887
1 0.0785 0.3877
1 0.0785 0.3877
1 0.0795 0.3865
1 0.0806 0.3850
1 0.0817 0.3833
1 0.0828 0.3815
1 0.0836 0.3797
1 0.0843 0.3780
1 0.0843 0.3780
1 0.0849 0.3762
1 0.0854 0.3739
1 0.0858 0.3713
1 0.0862 0.3686
1 0.0864 0.3659
1 0.0865 0.3634
1 0.0865 0.3634
1 0.0864 0.3611
1 0.0862 0.3584
1 0.0859 0.3557
1 0.0854 0.3532
1 0.0849 0.3509
1 0.0844 0.3491
1 0.0844 0.3491
1 0.0838 0.3475
1 0.0830 0.3457
1 0.0820 0.3439
1 0.0809 0.3422
1 0.0799 0.3407
1 0.0789 0.3396
1 0.0789 0.3396
1 0.0778 0.3386
1 0.0765 0.3375
1 0.0750 0.3365
1 0.0734 0.3356
1 0.0719 0.3348
1 0.0705 0.3343
1 0.0705 0.3343
1 0.0691 0.3338
1 0.0674 0.3334
1 0.0655 0.3331
1 0.0636 0.3328
1 0.0618 0.3327
112 1250 112
0 -0.2750 0.2095
1 -0.2750 0.2095
1 -0.2766 0.2096
1 -0.2784 0.2097
1 -0.2803 0.2100
1 -0.2822 0.2103
1 -0.2839 0.2107
1 -0.2853 0.2112
1 -0.2853 0.2112
1 -0.2867 0.2117
1 -0.2882 0.2125
1 -0.2897 0.2134
1 -0.2912 0.2144
1 -0.2926 0.2155
1 -0.2936 0.2165
1 -0.2936 0.2165
1 -0.2946 0.2176
1 -0.2957 0.2191
1 -0.2967 0.2208
1 -0.2977 0.2226
1 -0.2986 0.2244
1 -0.2992 0.2260
1 -0.2992 0.2260
1 -0.2997 0.2278
1 -0.3002 0.2301
1 -0.3006 0.2326
1 -0.3009 0.2353
1 -0.3011 0.2380
1 -0.3012 0.2403
1 -0.3012 0.2403
1 -0.3011 0.2428
1 -0.3009 0.2455
1 -0.3006 0.2482
1 -0.3001 0.2508
1 -0.2996 0.2531
1 -0.2991 0.2549
1 -0.2991 0.2549
1 -0.2984 0.2566
1 -0.2975 0.2584
1 -0.2965 0.2602
1 -0.2954 0.2619
1 -0.2943 0.2634
1 -0.2933 0.2646
1 -0.2933 0.2646
1 -0.2922 0.2656
1 -0.2908 0.2666
1 -0.2893 0.2676
1 -0.2878 0.2686
1 -0.2863 0.2693
1 -0.2850 0.2698
1 -0.2850 0.2698
1 -0.2835 0.2703
1 -0.2819 0.2707
1 -0.2801 0.2710
1 -0.2782 0.2713
1 -0.2765 0.2714
1 -0.2750 0.2715
1 -0.2750 0.2715
1 -0.2735 0.2714
1 -0.2718 0.2713
1 -0.2699 0.2710
1 -0.2681 0.2707
1 -0.2665 0.2703
1 -0.2651 0.2698
1 -0.2651 0.2698
1 -0.2637 0.2693
1 -0.2622 0.2686
1 -0.2606 0.2676
1 -0.2591 0.2666
1 -0.2578 0.2656
1 -0.2567 0.2646
1 -0.2567 0.2646
1 -0.2557 0.2634
1 -0.2546 0.2619
1 -0.2535 0.2602
1 -0.2525 0.2584
1 -0.2516 0.2566
1 -0.2509 0.2549
1 -0.2509 0.2549
1 -0.2503 0.2531
1 -0.2498 0.2508
1 -0.2494 0.2482
1 -0.2490 0.2455
1 -0.2488 0.2428
1 -0.2487 0.2403
1 -0.2487 0.2403
1 -0.2488 0.2380
1 -0.2490 0.2353
1 -0.2493 0.2326
1 -0.2498 0.2301
1 -0.2503 0.2278
1 -0.2508 0.2260
1 -0.2508 0.2260
1 -0.2514 0.2244
1 -0.2523 0.2226
1 -0.2532 0.2208
1 -0.2543 0.2191
1 -0.2553 0.2176
1 -0.2563 0.2165
1 -0.2563 0.2165
1 -0.2574 0.2155
1 -0.2587 0.2144
1 -0.2602 0.2134
1 -0.2618 0.2125
1 -0.2633 0.2117
1 -0.2647 0.2112
1 -0.2647 0.2112
1 -0.2661 0.2107
1 -0.2678 0.2103
1 -0.2697 0.2100
1 -0.2716 0.2097
1 -0.2734 0.2096
112 1250 101
0 -0.2341 0.2705
1 -0.2095 0.2705
1 -0.2095 0.2705
1 -0.2070 0.2704
1 -0.2043 0.2700
1 -0.2016 0.2693
1 -0.1991 0.2685
1 -0.1970 0.2675
1 -0.1953 0.2664
1 -0.1953 0.2664
1 -0.1940 0.2651
1 -0.1927 0.2633
1 -0.1916 0.2613
1 -0.1908 0.2590
1 -0.1903 0.2568
1 -0.1901 0.2547
1 -0.1901 0.2547
1 -0.1901 0.2538
1 -0.1902 0.2528
1 -0.1904 0.2518
1 -0.1906 0.2508
1 -0.1909 0.2499
1 -0.1911 0.2492
1 -0.1911 0.2492
1 -0.1914 0.2486
1 -0.1918 0.2480
1 -0.1922 0.2473
1 -0.1926 0.2467
1 -0.1931 0.2461
1 -0.1935 0.2457
1 -0.1935 0.2457
1 -0.1939 0.2453
1 -0.1944 0.2448
1 -0.1949 0.2444
1 -0.1954 0.2440
1 -0.1959 0.2437
1 -0.1963 0.2434
1 -0.1963 0.2434
1 -0.1968 0.2432
1 -0.1972 0.2430
1 -0.1977 0.2428
1 -0.1981 0.2426
1 -0.1985 0.2424
1 -0.1988 0.2422
1 -0.1988 0.2422
1 -0.1984 0.2421
1 -0.1979 0.2420
1 -0.1973 0.2417
1 -0.1967 0.2415
1 -0.1961 0.2412
1 -0.1956 0.2410
1 -0.1956 0.2410
1 -0.1950 0.2407
1 -0.1944 0.2403
1 -0.1937 0.2399
1 -0.1930 0.2394
1 -0.1923 0.2389
1 -0.1918 0.2384
1 -0.1918 0.2384
1 -0.1912 0.2379
1 -0.1907 0.2373
1 -0.1901 0.2365
1 -0.1895 0.2358
1 -0.1890 0.2350
1 -0.1886 0.2343
1 -0.1886 0.2343
1 -0.1882 0.2336
1 -0.1879 0.2327
1 -0.1876 0.2317
1 -0.1874 0.2306
1 -0.1872 0.2296
1 -0.1872 0.2287
1 -0.1872 0.2287
1 -0.1873 0.2275
1 -0.1874 0.2261
1 -0.1876 0.2247
1 -0.1879 0.2233
1 -0.1883 0.2221
1 -0.1887 0.2211
1 -0.1887 0.2211
1 -0.1892 0.2201
1 -0.1898 0.2191
1 -0.1906 0.2180
1 -0.1914 0.2170
1 -0.1923 0.2161
1 -0.1931 0.2153
1 -0.1931 0.2153
1 -0.1939 0.2147
1 -0.1950 0.2140
1 -0.1962 0.2133
1 -0.1975 0.2127
1 -0.1988 0.2122
1 -0.1999 0.2117
1 -0.1999 0.2117
1 -0.2011 0.2114
1 -0.2026 0.2111
1 -0.2042 0.2109
1 -0.2059 0.2107
1 -0.2075 0.2105
1 -0.2089 0.2105
1 -0.2341 0.2105
112 1250 7
0 -0.1723 0.2705
1 -0.1604 0.2705
1 -0.1604 0.2200
1 -0.1363 0.2200
1 -0.1363 0.2105
1 -0.1723 0.2105
1 -0.1723 0.2705
112 1250 13
0 -0.1178 0.2183
1 -0.1178 0.2627
1 -0.1264 0.2627
1 -0.1264 0.2705
1 -0.0974 0.2705
1 -0.0974 0.2627
1 -0.1059 0.2627
1 -0.1059 0.2183
1 -0.0974 0.2183
1 -0.0974 0.2105
1 -0.1264 0.2105
1 -0.1264 0.2183
1 -0.1178 0.2183
112 1250 202
0 -0.0602 0.2408
1 -0.0362 0.2408
1 -0.0362 0.2140
1 -0.0362 0.2140
1 -0.0369 0.2136
1 -0.0379 0.2132
1 -0.0390 0.2128
1 -0.0401 0.2124
1 -0.0411 0.2120
1 -0.0420 0.2117
1 -0.0420 0.2117
1 -0.0429 0.2115
1 -0.0440 0.2112
1 -0.0451 0.2109
1 -0.0464 0.2106
1 -0.0476 0.2104
1 -0.0487 0.2102
1 -0.0487 0.2102
1 -0.0498 0.2100
1 -0.0512 0.2098
1 -0.0527 0.2097
1 -0.0543 0.2096
1 -0.0558 0.2095
1 -0.0571 0.2095
1 -0.0571 0.2095
1 -0.0587 0.2096
1 -0.0605 0.2097
1 -0.0625 0.2100
1 -0.0644 0.2103
1 -0.0662 0.2107
1 -0.0677 0.2112
1 -0.0677 0.2112
1 -0.0691 0.2117
1 -0.0708 0.2125
1 -0.0724 0.2134
1 -0.0740 0.2144
1 -0.0755 0.2155
1 -0.0767 0.2165
1 -0.0767 0.2165
1 -0.0777 0.2176
1 -0.0789 0.2191
1 -0.0801 0.2208
1 -0.0811 0.2226
1 -0.0821 0.2244
1 -0.0828 0.2260
1 -0.0828 0.2260
1 -0.0834 0.2278
1 -0.0840 0.2300
1 -0.0845 0.2326
1 -0.0848 0.2353
1 -0.0851 0.2379
1 -0.0852 0.2402
1 -0.0852 0.2402
1 -0.0851 0.2427
1 -0.0848 0.2454
1 -0.0844 0.2481
1 -0.0839 0.2507
1 -0.0834 0.2530
1 -0.0827 0.2548
1 -0.0827 0.2548
1 -0.0820 0.2565
1 -0.0810 0.2583
1 -0.0798 0.2601
1 -0.0786 0.2619
1 -0.0774 0.2633
1 -0.0763 0.2645
1 -0.0763 0.2645
1 -0.0751 0.2655
1 -0.0736 0.2666
1 -0.0720 0.2676
1 -0.0703 0.2685
1 -0.0688 0.2693
1 -0.0673 0.2698
1 -0.0673 0.2698
1 -0.0659 0.2703
1 -0.0641 0.2707
1 -0.0622 0.2710
1 -0.0604 0.2713
1 -0.0586 0.2714
1 -0.0571 0.2715
1 -0.0571 0.2715
1 -0.0558 0.2715
1 -0.0544 0.2713
1 -0.0529 0.2712
1 -0.0515 0.2709
1 -0.0502 0.2706
1 -0.0491 0.2703
1 -0.0491 0.2703
1 -0.0481 0.2700
1 -0.0470 0.2696
1 -0.0458 0.2691
1 -0.0447 0.2686
1 -0.0437 0.2682
1 -0.0429 0.2677
1 -0.0429 0.2677
1 -0.0420 0.2672
1 -0.0410 0.2666
1 -0.0400 0.2659
1 -0.0390 0.2652
1 -0.0382 0.2645
1 -0.0375 0.2638
1 -0.0438 0.2571
1 -0.0438 0.2571
1 -0.0443 0.2575
1 -0.0448 0.2579
1 -0.0454 0.2584
1 -0.0461 0.2589
1 -0.0467 0.2593
1 -0.0473 0.2597
1 -0.0473 0.2597
1 -0.0478 0.2599
1 -0.0484 0.2602
1 -0.0492 0.2606
1 -0.0500 0.2609
1 -0.0508 0.2612
1 -0.0515 0.2614
1 -0.0515 0.2614
1 -0.0522 0.2616
1 -0.0531 0.2618
1 -0.0541 0.2620
1 -0.0551 0.2621
1 -0.0561 0.2622
1 -0.0570 0.2622
1 -0.0570 0.2622
1 -0.0580 0.2622
1 -0.0591 0.2621
1 -0.0603 0.2619
1 -0.0615 0.2616
1 -0.0625 0.2613
1 -0.0634 0.2610
1 -0.0634 0.2610
1 -0.0642 0.2606
1 -0.0651 0.2601
1 -0.0661 0.2594
1 -0.0669 0.2587
1 -0.0677 0.2579
1 -0.0684 0.2572
1 -0.0684 0.2572
1 -0.0689 0.2563
1 -0.0695 0.2553
1 -0.0702 0.2541
1 -0.0707 0.2528
1 -0.0712 0.2515
1 -0.0716 0.2503
1 -0.0716 0.2503
1 -0.0719 0.2491
1 -0.0722 0.2475
1 -0.0724 0.2457
1 -0.0726 0.2438
1 -0.0727 0.2419
1 -0.0727 0.2402
1 -0.0727 0.2402
1 -0.0727 0.2385
1 -0.0726 0.2365
1 -0.0724 0.2346
1 -0.0721 0.2327
1 -0.0718 0.2310
1 -0.0715 0.2297
1 -0.0715 0.2297
1 -0.0711 0.2286
1 -0.0707 0.2273
1 -0.0701 0.2261
1 -0.0695 0.2249
1 -0.0688 0.2239
1 -0.0683 0.2231
1 -0.0683 0.2231
1 -0.0676 0.2224
1 -0.0668 0.2217
1 -0.0659 0.2210
1 -0.0650 0.2204
1 -0.0640 0.2199
1 -0.0632 0.2196
1 -0.0632 0.2196
1 -0.0623 0.2193
1 -0.0613 0.2191
1 -0.0601 0.2189
1 -0.0589 0.2187
1 -0.0577 0.2186
1 -0.0567 0.2186
1 -0.0567 0.2186
1 -0.0562 0.2186
1 -0.0556 0.2186
1 -0.0550 0.2186
1 -0.0544 0.2187
1 -0.0539 0.2187
1 -0.0534 0.2187
1 -0.0534 0.2187
1 -0.0530 0.2188
1 -0.0525 0.2189
1 -0.0519 0.2189
1 -0.0514 0.2190
1 -0.0509 0.2191
1 -0.0505 0.2192
1 -0.0505 0.2192
1 -0.0501 0.2192
1 -0.0496 0.2193
1 -0.0491 0.2194
1 -0.0486 0.2195
1 -0.0481 0.2197
1 -0.0477 0.2197
1 -0.0477 0.2320
1 -0.0594 0.2320
112 1250 9
0 0.0136 0.2257
1 -0.0094 0.2257
1 -0.0143 0.2105
1 -0.0262 0.2105
1 -0.0059 0.2705
1 0.0117 0.2705
1 0.0309 0.2105
1 0.0183 0.2105
1 0.0136 0.2257
112 1250 9
0 0.0768 0.2705
1 0.0768 0.2610
1 0.0608 0.2610
1 0.0608 0.2105
1 0.0489 0.2105
1 0.0489 0.2610
1 0.0329 0.2610
1 0.0329 0.2705
1 0.0768 0.2705
112 1250 112
0 0.1073 0.2095
1 0.1073 0.2095
1 0.1057 0.2096
1 0.1039 0.2097
1 0.1020 0.2100
1 0.1001 0.2103
1 0.0984 0.2107
1 0.0970 0.2112
1 0.0970 0.2112
1 0.0956 0.2117
1 0.0941 0.2125
1 0.0926 0.2134
1 0.0911 0.2144
1 0.0897 0.2155
1 0.0887 0.2165
1 0.0887 0.2165
1 0.0877 0.2176
1 0.0866 0.2191
1 0.0855 0.2208
1 0.0846 0.2226
1 0.0837 0.2244
1 0.0831 0.2260
1 0.0831 0.2260
1 0.0825 0.2278
1 0.0821 0.2301
1 0.0817 0.2326
1 0.0814 0.2353
1 0.0812 0.2380
1 0.0811 0.2403
1 0.0811 0.2403
1 0.0812 0.2428
1 0.0814 0.2455
1 0.0817 0.2482
1 0.0822 0.2508
1 0.0827 0.2531
1 0.0832 0.2549
1 0.0832 0.2549
1 0.0839 0.2566
1 0.0848 0.2584
1 0.0858 0.2602
1 0.0869 0.2619
1 0.0880 0.2634
1 0.0890 0.2646
1 0.0890 0.2646
1 0.0901 0.2656
1 0.0915 0.2666
1 0.0930 0.2676
1 0.0945 0.2686
1 0.0960 0.2693
1 0.0973 0.2698
1 0.0973 0.2698
1 0.0987 0.2703
1 0.1004 0.2707
1 0.1022 0.2710
1 0.1041 0.2713
1 0.1058 0.2714
1 0.1073 0.2715
1 0.1073 0.2715
1 0.1088 0.2714
1 0.1105 0.2713
1 0.1123 0.2710
1 0.1141 0.2707
1 0.1158 0.2703
1 0.1172 0.2698
1 0.1172 0.2698
1 0.1186 0.2693
1 0.1201 0.2686
1 0.1216 0.2676
1 0.1232 0.2666
1 0.1245 0.2656
1 0.1256 0.2646
1 0.1256 0.2646
1 0.1266 0.2634
1 0.1277 0.2619
1 0.1288 0.2602
1 0.1298 0.2584
1 0.1307 0.2566
1 0.1314 0.2549
1 0.1314 0.2549
1 0.1320 0.2531
1 0.1325 0.2508
1 0.1329 0.2482
1 0.1333 0.2455
1 0.1335 0.2428
1 0.1335 0.2403
1 0.1335 0.2403
1 0.1335 0.2380
1 0.1333 0.2353
1 0.1329 0.2326
1 0.1325 0.2301
1 0.1320 0.2278
1 0.1315 0.2260
1 0.1315 0.2260
1 0.1309 0.2244
1 0.1300 0.2226
1 0.1291 0.2208
1 0.1280 0.2191
1 0.1270 0.2176
1 0.1260 0.2165
1 0.1260 0.2165
1 0.1249 0.2155
1 0.1236 0.2144
1 0.1221 0.2134
1 0.1205 0.2125
1 0.1190 0.2117
1 0.1176 0.2112
1 0.1176 0.2112
1 0.1162 0.2107
1 0.1145 0.2103
1 0.1126 0.2100
1 0.1107 0.2097
1 0.1089 0.2096
112 1250 57
0 0.1481 0.2705
1 0.1753 0.2705
1 0.1753 0.2705
1 0.1766 0.2705
1 0.1780 0.2703
1 0.1795 0.2701
1 0.1809 0.2699
1 0.1822 0.2696
1 0.1832 0.2692
1 0.1832 0.2692
1 0.1842 0.2688
1 0.1853 0.2683
1 0.1865 0.2677
1 0.1875 0.2670
1 0.1885 0.2663
1 0.1892 0.2657
1 0.1892 0.2657
1 0.1899 0.2650
1 0.1906 0.2641
1 0.1913 0.2631
1 0.1919 0.2621
1 0.1925 0.2611
1 0.1929 0.2602
1 0.1929 0.2602
1 0.1932 0.2592
1 0.1935 0.2581
1 0.1938 0.2568
1 0.1940 0.2555
1 0.1941 0.2542
1 0.1942 0.2531
1 0.1942 0.2531
1 0.1941 0.2519
1 0.1939 0.2505
1 0.1936 0.2491
1 0.1932 0.2477
1 0.1928 0.2466
1 0.1923 0.2456
1 0.1923 0.2456
1 0.1918 0.2447
1 0.1911 0.2437
1 0.1904 0.2428
1 0.1897 0.2418
1 0.1890 0.2410
1 0.1884 0.2404
1 0.1884 0.2404
1 0.1876 0.2397
1 0.1867 0.2390
1 0.1857 0.2382
1 0.1846 0.2375
1 0.1836 0.2369
1 0.1827 0.2364
1 0.1962 0.2105
1 0.1828 0.2105
1 0.1709 0.2348
1 0.1601 0.2348
1 0.1601 0.2105
1 0.1481 0.2105
112 1250 13
0 0.2161 0.2183
1 0.2161 0.2627
1 0.2075 0.2627
1 0.2075 0.2705
1 0.2365 0.2705
1 0.2365 0.2627
1 0.2280 0.2627
1 0.2280 0.2183
1 0.2365 0.2183
1 0.2365 0.2105
1 0.2075 0.2105
1 0.2075 0.2183
1 0.2161 0.2183
112 1250 112
0 0.2750 0.2095
1 0.2750 0.2095
1 0.2734 0.2096
1 0.2716 0.2097
1 0.2697 0.2100
1 0.2678 0.2103
1 0.2661 0.2107
1 0.2646 0.2112
1 0.2646 0.2112
1 0.2633 0.2117
1 0.2618 0.2125
1 0.2602 0.2134
1 0.2587 0.2144
1 0.2574 0.2155
1 0.2563 0.2165
1 0.2563 0.2165
1 0.2553 0.2176
1 0.2543 0.2191
1 0.2532 0.2208
1 0.2522 0.2226
1 0.2514 0.2244
1 0.2507 0.2260
1 0.2507 0.2260
1 0.2502 0.2278
1 0.2497 0.2301
1 0.2493 0.2326
1 0.2490 0.2353
1 0.2488 0.2380
1 0.2487 0.2403
1 0.2487 0.2403
1 0.2488 0.2428
1 0.2490 0.2455
1 0.2494 0.2482
1 0.2498 0.2508
1 0.2503 0.2531
1 0.2509 0.2549
1 0.2509 0.2549
1 0.2516 0.2566
1 0.2525 0.2584
1 0.2535 0.2602
1 0.2546 0.2619
1 0.2557 0.2634
1 0.2567 0.2646
1 0.2567 0.2646
1 0.2578 0.2656
1 0.2591 0.2666
1 0.2606 0.2676
1 0.2622 0.2686
1 0.2637 0.2693
1 0.2650 0.2698
1 0.2650 0.2698
1 0.2664 0.2703
1 0.2681 0.2707
1 0.2699 0.2710
1 0.2717 0.2713
1 0.2735 0.2714
1 0.2750 0.2715
1 0.2750 0.2715
1 0.2765 0.2714
1 0.2782 0.2713
1 0.2800 0.2710
1 0.2818 0.2707
1 0.2835 0.2703
1 0.2849 0.2698
1 0.2849 0.2698
1 0.2862 0.2693
1 0.2877 0.2686
1 0.2893 0.2676
1 0.2908 0.2666
1 0.2922 0.2656
1 0.2933 0.2646
1 0.2933 0.2646
1 0.2943 0.2634
1 0.2954 0.2619
1 0.2965 0.2602
1 0.2975 0.2584
1 0.2984 0.2566
1 0.2991 0.2549
1 0.2991 0.2549
1 0.2996 0.2531
1 0.3001 0.2508
1 0.3006 0.2482
1 0.3009 0.2455
1 0.3011 0.2428
1 0.3012 0.2403
1 0.3012 0.2403
1 0.3011 0.2380
1 0.3009 0.2353
1 0.3006 0.2326
1 0.3002 0.2301
1 0.2997 0.2278
1 0.2991 0.2260
1 0.2991 0.2260
1 0.2985 0.2244
1 0.2977 0.2226
1 0.2967 0.2208
1 0.2957 0.2191
1 0.2946 0.2176
1 0.2936 0.2165
1 0.2936 0.2165
1 0.2926 0.2155
1 0.2912 0.2144
1 0.2897 0.2134
1 0.2881 0.2125
1 0.2866 0.2117
1 0.2852 0.2112
1 0.2852 0.2112
1 0.2838 0.2107
1 0.2821 0.2103
1 0.2803 0.2100
1 0.2784 0.2097
1 0.2766 0.2096
112 1250 59
0 -0.2796 0.1483
1 -0.2584 0.1483
1 -0.2584 0.1483
1 -0.2568 0.1483
1 -0.2550 0.1481
1 -0.2530 0.1479
1 -0.2511 0.1476
1 -0.2494 0.1472
1 -0.2479 0.1469
1 -0.2479 0.1469
1 -0.2465 0.1464
1 -0.2450 0.1457
1 -0.2434 0.1449
1 -0.2418 0.1439
1 -0.2405 0.1429
1 -0.2393 0.1420
1 -0.2393 0.1420
1 -0.2383 0.1409
1 -0.2372 0.1395
1 -0.2361 0.1379
1 -0.2350 0.1361
1 -0.2341 0.1344
1 -0.2335 0.1328
1 -0.2335 0.1328
1 -0.2329 0.1310
1 -0.2323 0.1288
1 -0.2319 0.1262
1 -0.2315 0.1235
1 -0.2313 0.1208
1 -0.2312 0.1184
1 -0.2312 0.1184
1 -0.2313 0.1160
1 -0.2315 0.1134
1 -0.2318 0.1107
1 -0.2323 0.1082
1 -0.2327 0.1060
1 -0.2333 0.1042
1 -0.2333 0.1042
1 -0.2339 0.1026
1 -0.2348 0.1009
1 -0.2358 0.0991
1 -0.2369 0.0974
1 -0.2380 0.0960
1 -0.2390 0.0949
1 -0.2390 0.0949
1 -0.2401 0.0939
1 -0.2414 0.0929
1 -0.2429 0.0919
1 -0.2445 0.0911
1 -0.2461 0.0903
1 -0.2475 0.0898
1 -0.2475 0.0898
1 -0.2489 0.0894
1 -0.2507 0.0890
1 -0.2527 0.0887
1 -0.2547 0.0885
1 -0.2566 0.0884
1 -0.2583 0.0883
1 -0.2796 0.0883
112 1250 13
0 -0.2163 0.1483
1 -0.1767 0.1483
1 -0.1767 0.1388
1 -0.2044 0.1388
1 -0.2044 0.1238
1 -0.1813 0.1238
1 -0.1822 0.1143
1 -0.2044 0.1143
1 -0.2044 0.0978
1 -0.1767 0.0978
1 -0.1767 0.0883
1 -0.2163 0.0883
1 -0.2163 0.1483
112 1250 198
0 -0.1024 0.0965
1 -0.1024 0.0965
1 -0.1015 0.0965
1 -0.1005 0.0966
1 -0.0994 0.0967
1 -0.0984 0.0969
1 -0.0975 0.0971
1 -0.0967 0.0973
1 -0.0967 0.0973
1 -0.0960 0.0976
1 -0.0951 0.0979
1 -0.0943 0.0982
1 -0.0935 0.0986
1 -0.0928 0.0989
1 -0.0922 0.0992
1 -0.0922 0.0992
1 -0.0916 0.0996
1 -0.0909 0.1000
1 -0.0902 0.1005
1 -0.0896 0.1010
1 -0.0890 0.1015
1 -0.0885 0.1020
1 -0.0833 0.0951
1 -0.0833 0.0951
1 -0.0840 0.0945
1 -0.0849 0.0938
1 -0.0859 0.0931
1 -0.0869 0.0924
1 -0.0879 0.0917
1 -0.0888 0.0912
1 -0.0888 0.0912
1 -0.0896 0.0908
1 -0.0906 0.0903
1 -0.0918 0.0898
1 -0.0930 0.0893
1 -0.0942 0.0888
1 -0.0952 0.0885
1 -0.0952 0.0885
1 -0.0963 0.0882
1 -0.0977 0.0879
1 -0.0992 0.0876
1 -0.1008 0.0875
1 -0.1023 0.0873
1 -0.1037 0.0873
1 -0.1037 0.0873
1 -0.1053 0.0874
1 -0.1071 0.0875
1 -0.1090 0.0878
1 -0.1109 0.0881
1 -0.1127 0.0885
1 -0.1142 0.0890
1 -0.1142 0.0890
1 -0.1155 0.0895
1 -0.1171 0.0903
1 -0.1187 0.0913
1 -0.1202 0.0923
1 -0.1216 0.0934
1 -0.1227 0.0944
1 -0.1227 0.0944
1 -0.1238 0.0956
1 -0.1249 0.0971
1 -0.1259 0.0988
1 -0.1270 0.1006
1 -0.1279 0.1024
1 -0.1285 0.1040
1 -0.1285 0.1040
1 -0.1291 0.1059
1 -0.1296 0.1081
1 -0.1301 0.1107
1 -0.1304 0.1134
1 -0.1306 0.1160
1 -0.1307 0.1184
1 -0.1307 0.1184
1 -0.1306 0.1208
1 -0.1304 0.1234
1 -0.1300 0.1260
1 -0.1295 0.1286
1 -0.1290 0.1308
1 -0.1283 0.1326
1 -0.1283 0.1326
1 -0.1276 0.1343
1 -0.1266 0.1361
1 -0.1255 0.1379
1 -0.1243 0.1396
1 -0.1231 0.1411
1 -0.1220 0.1422
1 -0.1220 0.1422
1 -0.1208 0.1432
1 -0.1194 0.1443
1 -0.1178 0.1454
1 -0.1161 0.1463
1 -0.1145 0.1471
1 -0.1131 0.1476
1 -0.1131 0.1476
1 -0.1117 0.1481
1 -0.1100 0.1485
1 -0.1081 0.1488
1 -0.1062 0.1491
1 -0.1045 0.1492
1 -0.1030 0.1493
1 -0.1030 0.1493
1 -0.1017 0.1493
1 -0.1003 0.1491
1 -0.0989 0.1489
1 -0.0975 0.1487
1 -0.0962 0.1484
1 -0.0952 0.1480
1 -0.0952 0.1480
1 -0.0942 0.1477
1 -0.0932 0.1472
1 -0.0921 0.1468
1 -0.0910 0.1463
1 -0.0901 0.1458
1 -0.0893 0.1454
1 -0.0893 0.1454
1 -0.0885 0.1449
1 -0.0876 0.1443
1 -0.0867 0.1436
1 -0.0858 0.1429
1 -0.0850 0.1422
1 -0.0844 0.1415
1 -0.0907 0.1348
1 -0.0907 0.1348
1 -0.0911 0.1352
1 -0.0916 0.1357
1 -0.0922 0.1361
1 -0.0928 0.1366
1 -0.0933 0.1370
1 -0.0938 0.1374
1 -0.0938 0.1374
1 -0.0943 0.1377
1 -0.0949 0.1380
1 -0.0956 0.1383
1 -0.0963 0.1387
1 -0.0970 0.1390
1 -0.0976 0.1392
1 -0.0976 0.1392
1 -0.0983 0.1394
1 -0.0992 0.1396
1 -0.1001 0.1398
1 -0.1011 0.1399
1 -0.1021 0.1400
1 -0.1030 0.1400
1 -0.1030 0.1400
1 -0.1038 0.1400
1 -0.1047 0.1399
1 -0.1057 0.1398
1 -0.1067 0.1395
1 -0.1076 0.1393
1 -0.1085 0.1390
1 -0.1085 0.1390
1 -0.1092 0.1387
1 -0.1101 0.1383
1 -0.1110 0.1377
1 -0.1119 0.1370
1 -0.1127 0.1363
1 -0.1134 0.1356
1 -0.1134 0.1356
1 -0.1140 0.1349
1 -0.1147 0.1339
1 -0.1153 0.1327
1 -0.1160 0.1315
1 -0.1165 0.1302
1 -0.1170 0.1290
1 -0.1170 0.1290
1 -0.1173 0.1278
1 -0.1176 0.1261
1 -0.1179 0.1242
1 -0.1181 0.1222
1 -0.1182 0.1202
1 -0.1183 0.1184
1 -0.1183 0.1184
1 -0.1182 0.1166
1 -0.1181 0.1146
1 -0.1179 0.1127
1 -0.1177 0.1108
1 -0.1174 0.1091
1 -0.1171 0.1078
1 -0.1171 0.1078
1 -0.1166 0.1066
1 -0.1161 0.1054
1 -0.1155 0.1041
1 -0.1148 0.1029
1 -0.1142 0.1019
1 -0.1136 0.1010
1 -0.1136 0.1010
1 -0.1129 0.1004
1 -0.1121 0.0997
1 -0.1112 0.0990
1 -0.1103 0.0983
1 -0.1094 0.0978
1 -0.1086 0.0975
1 -0.1086 0.0975
1 -0.1077 0.0972
1 -0.1067 0.0970
1 -0.1056 0.0968
1 -0.1044 0.0966
1 -0.1033 0.0965
112 1250 9
0 -0.0363 0.1035
1 -0.0593 0.1035
1 -0.0642 0.0883
1 -0.0761 0.0883
1 -0.0558 0.1483
1 -0.0382 0.1483
1 -0.0190 0.0883
1 -0.0316 0.0883
1 -0.0363 0.1035
112 1250 59
0 -0.0067 0.1483
1 0.0144 0.1483
1 0.0144 0.1483
1 0.0160 0.1483
1 0.0179 0.1481
1 0.0198 0.1479
1 0.0217 0.1476
1 0.0234 0.1472
1 0.0249 0.1469
1 0.0249 0.1469
1 0.0263 0.1464
1 0.0279 0.1457
1 0.0295 0.1449
1 0.0310 0.1439
1 0.0324 0.1429
1 0.0335 0.1420
1 0.0335 0.1420
1 0.0345 0.1409
1 0.0356 0.1395
1 0.0367 0.1379
1 0.0378 0.1361
1 0.0387 0.1344
1 0.0394 0.1328
1 0.0394 0.1328
1 0.0399 0.1310
1 0.0405 0.1288
1 0.0409 0.1262
1 0.0413 0.1235
1 0.0415 0.1208
1 0.0416 0.1184
1 0.0416 0.1184
1 0.0415 0.1160
1 0.0413 0.1134
1 0.0410 0.1107
1 0.0406 0.1082
1 0.0401 0.1060
1 0.0395 0.1042
1 0.0395 0.1042
1 0.0389 0.1026
1 0.0380 0.1009
1 0.0370 0.0991
1 0.0359 0.0974
1 0.0349 0.0960
1 0.0339 0.0949
1 0.0339 0.0949
1 0.0328 0.0939
1 0.0314 0.0929
1 0.0299 0.0919
1 0.0283 0.0911
1 0.0268 0.0903
1 0.0254 0.0898
1 0.0254 0.0898
1 0.0239 0.0894
1 0.0221 0.0890
1 0.0201 0.0887
1 0.0181 0.0885
1 0.0162 0.0884
1 0.0145 0.0883
1 -0.0067 0.0883
112 1250 13
0 0.0565 0.1483
1 0.0961 0.1483
1 0.0961 0.1388
1 0.0684 0.1388
1 0.0684 0.1238
1 0.0916 0.1238
1 0.0906 0.1143
1 0.0684 0.1143
1 0.0684 0.0978
1 0.0961 0.0978
1 0.0961 0.0883
1 0.0565 0.0883
1 0.0565 0.1483
112 1250 11
0 0.1245 0.1262
1 0.1245 0.0883
1 0.1126 0.0883
1 0.1126 0.1483
1 0.1254 0.1483
1 0.1489 0.1081
1 0.1489 0.1483
1 0.1608 0.1483
1 0.1608 0.0883
1 0.1480 0.0883
1 0.1245 0.1262
112 1250 9
0 0.2129 0.1035
1 0.1898 0.1035
1 0.1850 0.0883
1 0.1730 0.0883
1 0.1934 0.1483
1 0.2109 0.1483
1 0.2302 0.0883
1 0.2176 0.0883
1 0.2129 0.1035
112 1250 254
0 0.2533 0.1331
1 0.2533 0.1331
1 0.2533 0.1323
1 0.2536 0.1314
1 0.2539 0.1305
1 0.2544 0.1297
1 0.2549 0.1289
1 0.2555 0.1284
1 0.2555 0.1284
1 0.2562 0.1279
1 0.2571 0.1274
1 0.2581 0.1268
1 0.2591 0.1263
1 0.2601 0.1258
1 0.2611 0.1254
1 0.2611 0.1254
1 0.2621 0.1250
1 0.2633 0.1246
1 0.2647 0.1241
1 0.2660 0.1237
1 0.2673 0.1232
1 0.2685 0.1229
1 0.2685 0.1229
1 0.2696 0.1225
1 0.2709 0.1220
1 0.2723 0.1214
1 0.2736 0.1208
1 0.2748 0.1202
1 0.2758 0.1196
1 0.2758 0.1196
1 0.2768 0.1190
1 0.2779 0.1182
1 0.2789 0.1173
1 0.2800 0.1163
1 0.2808 0.1153
1 0.2815 0.1144
1 0.2815 0.1144
1 0.2821 0.1134
1 0.2827 0.1121
1 0.2831 0.1105
1 0.2835 0.1089
1 0.2837 0.1074
1 0.2838 0.1059
1 0.2838 0.1059
1 0.2837 0.1047
1 0.2835 0.1034
1 0.2833 0.1021
1 0.2829 0.1007
1 0.2825 0.0995
1 0.2820 0.0985
1 0.2820 0.0985
1 0.2815 0.0975
1 0.2807 0.0964
1 0.2799 0.0953
1 0.2790 0.0943
1 0.2780 0.0933
1 0.2771 0.0925
1 0.2771 0.0925
1 0.2762 0.0919
1 0.2750 0.0912
1 0.2736 0.0904
1 0.2722 0.0897
1 0.2708 0.0892
1 0.2696 0.0887
1 0.2696 0.0887
1 0.2683 0.0884
1 0.2667 0.0880
1 0.2649 0.0877
1 0.2631 0.0875
1 0.2614 0.0873
1 0.2599 0.0873
1 0.2599 0.0873
1 0.2584 0.0873
1 0.2567 0.0875
1 0.2549 0.0877
1 0.2533 0.0880
1 0.2518 0.0884
1 0.2505 0.0887
1 0.2505 0.0887
1 0.2494 0.0891
1 0.2482 0.0897
1 0.2469 0.0902
1 0.2457 0.0908
1 0.2447 0.0914
1 0.2438 0.0919
1 0.2438 0.0919
1 0.2429 0.0925
1 0.2419 0.0933
1 0.2409 0.0941
1 0.2399 0.0950
1 0.2390 0.0958
1 0.2382 0.0965
1 0.2449 0.1034
1 0.2449 0.1034
1 0.2455 0.1028
1 0.2462 0.1022
1 0.2469 0.1015
1 0.2477 0.1009
1 0.2485 0.1003
1 0.2491 0.0999
1 0.2491 0.0999
1 0.2498 0.0995
1 0.2505 0.0991
1 0.2514 0.0986
1 0.2523 0.0982
1 0.2531 0.0978
1 0.2539 0.0975
1 0.2539 0.0975
1 0.2547 0.0972
1 0.2558 0.0970
1 0.2569 0.0968
1 0.2581 0.0966
1 0.2592 0.0965
1 0.2602 0.0965
1 0.2602 0.0965
1 0.2617 0.0965
1 0.2633 0.0968
1 0.2648 0.0971
1 0.2663 0.0976
1 0.2675 0.0981
1 0.2684 0.0987
1 0.2684 0.0987
1 0.2691 0.0994
1 0.2698 0.1004
1 0.2704 0.1014
1 0.2708 0.1025
1 0.2711 0.1036
1 0.2712 0.1046
1 0.2712 0.1046
1 0.2711 0.1056
1 0.2709 0.1066
1 0.2705 0.1076
1 0.2701 0.1085
1 0.2695 0.1093
1 0.2689 0.1099
1 0.2689 0.1099
1 0.2682 0.1104
1 0.2674 0.1110
1 0.2663 0.1116
1 0.2653 0.1122
1 0.2642 0.1127
1 0.2632 0.1130
1 0.2632 0.1130
1 0.2622 0.1134
1 0.2610 0.1138
1 0.2597 0.1143
1 0.2584 0.1147
1 0.2571 0.1151
1 0.2560 0.1155
1 0.2560 0.1155
1 0.2548 0.1158
1 0.2535 0.1163
1 0.2522 0.1169
1 0.2508 0.1174
1 0.2496 0.1180
1 0.2486 0.1185
1 0.2486 0.1185
1 0.2476 0.1192
1 0.2466 0.1200
1 0.2456 0.1209
1 0.2446 0.1219
1 0.2437 0.1228
1 0.2430 0.1237
1 0.2430 0.1237
1 0.2424 0.1247
1 0.2419 0.1261
1 0.2414 0.1276
1 0.2410 0.1292
1 0.2408 0.1309
1 0.2407 0.1324
1 0.2407 0.1324
1 0.2408 0.1334
1 0.2409 0.1345
1 0.2412 0.1357
1 0.2414 0.1369
1 0.2418 0.1380
1 0.2421 0.1389
1 0.2421 0.1389
1 0.2426 0.1398
1 0.2433 0.1407
1 0.2440 0.1417
1 0.2448 0.1427
1 0.2457 0.1435
1 0.2464 0.1442
1 0.2464 0.1442
1 0.2473 0.1449
1 0.2484 0.1456
1 0.2496 0.1463
1 0.2509 0.1469
1 0.2521 0.1475
1 0.2533 0.1479
1 0.2533 0.1479
1 0.2545 0.1482
1 0.2560 0.1486
1 0.2576 0.1489
1 0.2594 0.1491
1 0.2611 0.1493
1 0.2626 0.1493
1 0.2626 0.1493
1 0.2637 0.1493
1 0.2650 0.1492
1 0.2664 0.1491
1 0.2677 0.1489
1 0.2690 0.1487
1 0.2700 0.1485
1 0.2700 0.1485
1 0.2709 0.1482
1 0.2720 0.1479
1 0.2731 0.1476
1 0.2742 0.1473
1 0.2752 0.1469
1 0.2759 0.1466
1 0.2759 0.1466
1 0.2768 0.1462
1 0.2777 0.1458
1 0.2787 0.1453
1 0.2797 0.1447
1 0.2805 0.1442
1 0.2813 0.1438
1 0.2763 0.1361
1 0.2763 0.1361
1 0.2758 0.1364
1 0.2751 0.1368
1 0.2745 0.1371
1 0.2737 0.1375
1 0.2731 0.1378
1 0.2725 0.1380
1 0.2725 0.1380
1 0.2719 0.1383
1 0.2713 0.1385
1 0.2705 0.1388
1 0.2697 0.1390
1 0.2689 0.1392
1 0.2682 0.1394
1 0.2682 0.1394
1 0.2675 0.1396
1 0.2666 0.1397
1 0.2657 0.1399
1 0.2647 0.1400
1 0.2638 0.1400
1 0.2631 0.1400
1 0.2631 0.1400
1 0.2616 0.1400
1 0.2602 0.1398
1 0.2587 0.1395
1 0.2574 0.1391
1 0.2564 0.1386
1 0.2556 0.1381
1 0.2556 0.1381
1 0.2550 0.1375
1 0.2544 0.1368
1 0.2539 0.1359
1 0.2536 0.1349
1 0.2533 0.1340
112 1251 112
0 0.0602 0.3415
1 0.0602 0.3415
1 0.0611 0.3416
1 0.0620 0.3417
1 0.0630 0.3418
1 0.0640 0.3421
1 0.0649 0.3423
1 0.0657 0.3426
1 0.0657 0.3426
1 0.0664 0.3430
1 0.0672 0.3435
1 0.0680 0.3441
1 0.0688 0.3448
1 0.0695 0.3455
1 0.0700 0.3462
1 0.0700 0.3462
1 0.0706 0.3470
1 0.0711 0.3480
1 0.0717 0.3492
1 0.0722 0.3505
1 0.0726 0.3518
1 0.0729 0.3529
1 0.0729 0.3529
1 0.0732 0.3542
1 0.0734 0.3559
1 0.0737 0.3578
1 0.0738 0.3597
1 0.0739 0.3617
1 0.0740 0.3634
1 0.0740 0.3634
1 0.0739 0.3653
1 0.0738 0.3673
1 0.0736 0.3693
1 0.0734 0.3712
1 0.0731 0.3729
1 0.0728 0.3742
1 0.0728 0.3742
1 0.0725 0.3754
1 0.0720 0.3766
1 0.0715 0.3779
1 0.0709 0.3791
1 0.0703 0.3801
1 0.0698 0.3809
1 0.0698 0.3809
1 0.0692 0.3816
1 0.0685 0.3824
1 0.0677 0.3831
1 0.0669 0.3837
1 0.0661 0.3842
1 0.0654 0.3845
1 0.0654 0.3845
1 0.0647 0.3848
1 0.0638 0.3851
1 0.0629 0.3853
1 0.0619 0.3855
1 0.0610 0.3856
1 0.0602 0.3856
1 0.0602 0.3856
1 0.0595 0.3856
1 0.0585 0.3855
1 0.0576 0.3853
1 0.0566 0.3851
1 0.0558 0.3848
1 0.0550 0.3845
1 0.0550 0.3845
1 0.0543 0.3842
1 0.0535 0.3837
1 0.0527 0.3831
1 0.0519 0.3824
1 0.0512 0.3816
1 0.0506 0.3809
1 0.0506 0.3809
1 0.0501 0.3801
1 0.0495 0.3791
1 0.0490 0.3779
1 0.0485 0.3766
1 0.0480 0.3754
1 0.0476 0.3742
1 0.0476 0.3742
1 0.0474 0.3729
1 0.0471 0.3712
1 0.0468 0.3693
1 0.0467 0.3673
1 0.0466 0.3653
1 0.0465 0.3634
1 0.0465 0.3634
1 0.0466 0.3617
1 0.0467 0.3597
1 0.0468 0.3578
1 0.0470 0.3559
1 0.0473 0.3542
1 0.0475 0.3529
1 0.0475 0.3529
1 0.0479 0.3518
1 0.0483 0.3505
1 0.0488 0.3492
1 0.0494 0.3480
1 0.0499 0.3470
1 0.0504 0.3462
1 0.0504 0.3462
1 0.0510 0.3455
1 0.0517 0.3448
1 0.0525 0.3441
1 0.0533 0.3435
1 0.0540 0.3430
1 0.0547 0.3426
1 0.0547 0.3426
1 0.0555 0.3423
1 0.0564 0.3421
1 0.0574 0.3418
1 0.0584 0.3417
1 0.0594 0.3416
112 1251 112
0 -0.2750 0.2184
1 -0.2750 0.2184
1 -0.2741 0.2185
1 -0.2732 0.2186
1 -0.2722 0.2187
1 -0.2712 0.2190
1 -0.2703 0.2192
1 -0.2696 0.2195
1 -0.2696 0.2195
1 -0.2688 0.2199
1 -0.2680 0.2204
1 -0.2672 0.2210
1 -0.2664 0.2217
1 -0.2657 0.2224
1 -0.2652 0.2231
1 -0.2652 0.2231
1 -0.2647 0.2239
1 -0.2641 0.2249
1 -0.2636 0.2261
1 -0.2630 0.2274
1 -0.2626 0.2287
1 -0.2623 0.2298
1 -0.2623 0.2298
1 -0.2620 0.2311
1 -0.2618 0.2328
1 -0.2616 0.2347
1 -0.2614 0.2366
1 -0.2613 0.2386
1 -0.2613 0.2403
1 -0.2613 0.2403
1 -0.2613 0.2422
1 -0.2614 0.2442
1 -0.2616 0.2462
1 -0.2618 0.2481
1 -0.2621 0.2498
1 -0.2624 0.2511
1 -0.2624 0.2511
1 -0.2627 0.2523
1 -0.2632 0.2535
1 -0.2637 0.2548
1 -0.2643 0.2560
1 -0.2649 0.2570
1 -0.2655 0.2578
1 -0.2655 0.2578
1 -0.2660 0.2585
1 -0.2667 0.2593
1 -0.2675 0.2600
1 -0.2683 0.2606
1 -0.2691 0.2611
1 -0.2698 0.2614
1 -0.2698 0.2614
1 -0.2706 0.2617
1 -0.2714 0.2620
1 -0.2723 0.2622
1 -0.2733 0.2624
1 -0.2742 0.2625
1 -0.2750 0.2625
1 -0.2750 0.2625
1 -0.2758 0.2625
1 -0.2767 0.2624
1 -0.2776 0.2622
1 -0.2786 0.2620
1 -0.2795 0.2617
1 -0.2802 0.2614
1 -0.2802 0.2614
1 -0.2809 0.2611
1 -0.2817 0.2606
1 -0.2825 0.2600
1 -0.2833 0.2593
1 -0.2840 0.2585
1 -0.2846 0.2578
1 -0.2846 0.2578
1 -0.2851 0.2570
1 -0.2857 0.2560
1 -0.2862 0.2548
1 -0.2868 0.2535
1 -0.2872 0.2523
1 -0.2876 0.2511
1 -0.2876 0.2511
1 -0.2879 0.2498
1 -0.2881 0.2481
1 -0.2884 0.2462
1 -0.2885 0.2442
1 -0.2887 0.2422
1 -0.2887 0.2403
1 -0.2887 0.2403
1 -0.2887 0.2386
1 -0.2886 0.2366
1 -0.2884 0.2347
1 -0.2882 0.2328
1 -0.2879 0.2311
1 -0.2877 0.2298
1 -0.2877 0.2298
1 -0.2873 0.2287
1 -0.2869 0.2274
1 -0.2864 0.2261
1 -0.2858 0.2249
1 -0.2853 0.2239
1 -0.2848 0.2231
1 -0.2848 0.2231
1 -0.2842 0.2224
1 -0.2835 0.2217
1 -0.2827 0.2210
1 -0.2819 0.2204
1 -0.2812 0.2199
1 -0.2805 0.2195
1 -0.2805 0.2195
1 -0.2797 0.2192
1 -0.2788 0.2190
1 -0.2778 0.2187
1 -0.2768 0.2186
1 -0.2758 0.2185
112 1251 31
0 -0.2222 0.2200
1 -0.2089 0.2200
1 -0.2089 0.2200
1 -0.2075 0.2201
1 -0.2061 0.2203
1 -0.2046 0.2207
1 -0.2034 0.2211
1 -0.2024 0.2217
1 -0.2017 0.2222
1 -0.2017 0.2222
1 -0.2011 0.2230
1 -0.2006 0.2240
1 -0.2002 0.2251
1 -0.1999 0.2263
1 -0.1997 0.2275
1 -0.1996 0.2287
1 -0.1996 0.2287
1 -0.1997 0.2296
1 -0.2000 0.2306
1 -0.2004 0.2317
1 -0.2009 0.2327
1 -0.2015 0.2336
1 -0.2021 0.2342
1 -0.2021 0.2342
1 -0.2030 0.2349
1 -0.2041 0.2354
1 -0.2054 0.2359
1 -0.2069 0.2363
1 -0.2084 0.2365
1 -0.2099 0.2366
1 -0.2222 0.2366
112 1251 31
0 -0.2222 0.2459
1 -0.2112 0.2459
1 -0.2112 0.2459
1 -0.2100 0.2460
1 -0.2088 0.2462
1 -0.2075 0.2466
1 -0.2064 0.2470
1 -0.2054 0.2475
1 -0.2047 0.2481
1 -0.2047 0.2481
1 -0.2042 0.2488
1 -0.2036 0.2497
1 -0.2032 0.2507
1 -0.2028 0.2518
1 -0.2026 0.2529
1 -0.2025 0.2538
1 -0.2025 0.2538
1 -0.2026 0.2548
1 -0.2028 0.2558
1 -0.2031 0.2568
1 -0.2035 0.2577
1 -0.2040 0.2585
1 -0.2046 0.2591
1 -0.2046 0.2591
1 -0.2052 0.2596
1 -0.2061 0.2600
1 -0.2071 0.2604
1 -0.2082 0.2607
1 -0.2093 0.2609
1 -0.2103 0.2610
1 -0.2222 0.2610
112 1251 5
0 -0.0065 0.2347
1 0.0109 0.2347
1 0.0026 0.2627
1 0.0022 0.2627
1 -0.0065 0.2347
112 1251 112
0 0.1073 0.2184
1 0.1073 0.2184
1 0.1082 0.2185
1 0.1091 0.2186
1 0.1101 0.2187
1 0.1111 0.2190
1 0.1120 0.2192
1 0.1127 0.2195
1 0.1127 0.2195
1 0.1134 0.2199
1 0.1142 0.2204
1 0.1151 0.2210
1 0.1158 0.2217
1 0.1166 0.2224
1 0.1171 0.2231
1 0.1171 0.2231
1 0.1176 0.2239
1 0.1182 0.2249
1 0.1187 0.2261
1 0.1192 0.2274
1 0.1197 0.2287
1 0.1200 0.2298
1 0.1200 0.2298
1 0.1203 0.2311
1 0.1205 0.2328
1 0.1207 0.2347
1 0.1209 0.2366
1 0.1210 0.2386
1 0.1210 0.2403
1 0.1210 0.2403
1 0.1210 0.2422
1 0.1209 0.2442
1 0.1207 0.2462
1 0.1205 0.2481
1 0.1202 0.2498
1 0.1199 0.2511
1 0.1199 0.2511
1 0.1196 0.2523
1 0.1191 0.2535
1 0.1186 0.2548
1 0.1180 0.2560
1 0.1174 0.2570
1 0.1168 0.2578
1 0.1168 0.2578
1 0.1163 0.2585
1 0.1156 0.2593
1 0.1148 0.2600
1 0.1140 0.2606
1 0.1132 0.2611
1 0.1125 0.2614
1 0.1125 0.2614
1 0.1117 0.2617
1 0.1109 0.2620
1 0.1099 0.2622
1 0.1090 0.2624
1 0.1081 0.2625
1 0.1073 0.2625
1 0.1073 0.2625
1 0.1065 0.2625
1 0.1056 0.2624
1 0.1047 0.2622
1 0.1037 0.2620
1 0.1028 0.2617
1 0.1021 0.2614
1 0.1021 0.2614
1 0.1014 0.2611
1 0.1006 0.2606
1 0.0998 0.2600
1 0.0990 0.2593
1 0.0983 0.2585
1 0.0977 0.2578
1 0.0977 0.2578
1 0.0972 0.2570
1 0.0966 0.2560
1 0.0961 0.2548
1 0.0955 0.2535
1 0.0951 0.2523
1 0.0947 0.2511
1 0.0947 0.2511
1 0.0944 0.2498
1 0.0942 0.2481
1 0.0939 0.2462
1 0.0938 0.2442
1 0.0936 0.2422
1 0.0936 0.2403
1 0.0936 0.2403
1 0.0936 0.2386
1 0.0937 0.2366
1 0.0939 0.2347
1 0.0941 0.2328
1 0.0944 0.2311
1 0.0946 0.2298
1 0.0946 0.2298
1 0.0950 0.2287
1 0.0954 0.2274
1 0.0959 0.2261
1 0.0964 0.2249
1 0.0970 0.2239
1 0.0975 0.2231
1 0.0975 0.2231
1 0.0981 0.2224
1 0.0988 0.2217
1 0.0996 0.2210
1 0.1003 0.2204
1 0.1011 0.2199
1 0.1018 0.2195
1 0.1018 0.2195
1 0.1026 0.2192
1 0.1035 0.2190
1 0.1045 0.2187
1 0.1055 0.2186
1 0.1065 0.2185
112 1251 31
0 0.1601 0.2443
1 0.1731 0.2443
1 0.1731 0.2443
1 0.1743 0.2444
1 0.1755 0.2446
1 0.1767 0.2450
1 0.1779 0.2455
1 0.1788 0.2460
1 0.1795 0.2466
1 0.1795 0.2466
1 0.1801 0.2473
1 0.1806 0.2483
1 0.1810 0.2494
1 0.1814 0.2506
1 0.1816 0.2518
1 0.1817 0.2530
1 0.1817 0.2530
1 0.1816 0.2541
1 0.1814 0.2553
1 0.1810 0.2564
1 0.1806 0.2575
1 0.1801 0.2583
1 0.1795 0.2590
1 0.1795 0.2590
1 0.1788 0.2595
1 0.1779 0.2600
1 0.1769 0.2604
1 0.1757 0.2607
1 0.1746 0.2609
1 0.1735 0.2610
1 0.1601 0.2610
112 1251 112
0 0.2750 0.2184
1 0.2750 0.2184
1 0.2758 0.2185
1 0.2768 0.2186
1 0.2778 0.2187
1 0.2787 0.2190
1 0.2796 0.2192
1 0.2804 0.2195
1 0.2804 0.2195
1 0.2811 0.2199
1 0.2819 0.2204
1 0.2827 0.2210
1 0.2835 0.2217
1 0.2842 0.2224
1 0.2848 0.2231
1 0.2848 0.2231
1 0.2853 0.2239
1 0.2858 0.2249
1 0.2864 0.2261
1 0.2869 0.2274
1 0.2873 0.2287
1 0.2877 0.2298
1 0.2877 0.2298
1 0.2879 0.2311
1 0.2882 0.2328
1 0.2884 0.2347
1 0.2886 0.2366
1 0.2887 0.2386
1 0.2887 0.2403
1 0.2887 0.2403
1 0.2887 0.2422
1 0.2885 0.2442
1 0.2884 0.2462
1 0.2881 0.2481
1 0.2879 0.2498
1 0.2876 0.2511
1 0.2876 0.2511
1 0.2872 0.2523
1 0.2868 0.2535
1 0.2862 0.2548
1 0.2856 0.2560
1 0.2850 0.2570
1 0.2845 0.2578
1 0.2845 0.2578
1 0.2839 0.2585
1 0.2832 0.2593
1 0.2824 0.2600
1 0.2816 0.2606
1 0.2808 0.2611
1 0.2801 0.2614
1 0.2801 0.2614
1 0.2794 0.2617
1 0.2785 0.2620
1 0.2776 0.2622
1 0.2767 0.2624
1 0.2758 0.2625
1 0.2750 0.2625
1 0.2750 0.2625
1 0.2742 0.2625
1 0.2733 0.2624
1 0.2723 0.2622
1 0.2714 0.2620
1 0.2705 0.2617
1 0.2697 0.2614
1 0.2697 0.2614
1 0.2690 0.2611
1 0.2682 0.2606
1 0.2674 0.2600
1 0.2666 0.2593
1 0.2659 0.2585
1 0.2654 0.2578
1 0.2654 0.2578
1 0.2648 0.2570
1 0.2643 0.2560
1 0.2637 0.2548
1 0.2632 0.2535
1 0.2627 0.2523
1 0.2624 0.2511
1 0.2624 0.2511
1 0.2621 0.2498
1 0.2618 0.2481
1 0.2616 0.2462
1 0.2614 0.2442
1 0.2613 0.2422
1 0.2613 0.2403
1 0.2613 0.2403
1 0.2613 0.2386
1 0.2614 0.2366
1 0.2616 0.2347
1 0.2618 0.2328
1 0.2620 0.2311
1 0.2623 0.2298
1 0.2623 0.2298
1 0.2626 0.2287
1 0.2630 0.2274
1 0.2636 0.2261
1 0.2641 0.2249
1 0.2647 0.2239
1 0.2652 0.2231
1 0.2652 0.2231
1 0.2657 0.2224
1 0.2664 0.2217
1 0.2672 0.2210
1 0.2680 0.2204
1 0.2688 0.2199
1 0.2695 0.2195
1 0.2695 0.2195
1 0.2702 0.2192
1 0.2711 0.2190
1 0.2721 0.2187
1 0.2731 0.2186
1 0.2741 0.2185
112 1251 59
0 -0.2438 0.1180
1 -0.2438 0.1180
1 -0.2439 0.1199
1 -0.2440 0.1218
1 -0.2442 0.1238
1 -0.2444 0.1257
1 -0.2447 0.1273
1 -0.2449 0.1285
1 -0.2449 0.1285
1 -0.2453 0.1297
1 -0.2458 0.1309
1 -0.2463 0.1321
1 -0.2469 0.1332
1 -0.2475 0.1342
1 -0.2480 0.1349
1 -0.2480 0.1349
1 -0.2486 0.1355
1 -0.2494 0.1361
1 -0.2502 0.1367
1 -0.2511 0.1372
1 -0.2519 0.1377
1 -0.2527 0.1380
1 -0.2527 0.1380
1 -0.2535 0.1382
1 -0.2544 0.1384
1 -0.2554 0.1386
1 -0.2565 0.1387
1 -0.2575 0.1388
1 -0.2584 0.1388
1 -0.2676 0.1388
1 -0.2676 0.0978
1 -0.2578 0.0978
1 -0.2578 0.0978
1 -0.2569 0.0978
1 -0.2559 0.0979
1 -0.2548 0.0980
1 -0.2538 0.0982
1 -0.2528 0.0984
1 -0.2520 0.0986
1 -0.2520 0.0986
1 -0.2513 0.0989
1 -0.2505 0.0994
1 -0.2497 0.0999
1 -0.2489 0.1006
1 -0.2482 0.1012
1 -0.2477 0.1018
1 -0.2477 0.1018
1 -0.2471 0.1025
1 -0.2466 0.1034
1 -0.2461 0.1045
1 -0.2456 0.1057
1 -0.2452 0.1069
1 -0.2449 0.1080
1 -0.2449 0.1080
1 -0.2446 0.1092
1 -0.2443 0.1108
1 -0.2441 0.1125
1 -0.2440 0.1144
1 -0.2439 0.1163
112 1251 5
0 -0.0564 0.1125
1 -0.0390 0.1125
1 -0.0473 0.1405
1 -0.0477 0.1405
1 -0.0564 0.1125
112 1251 59
0 0.0290 0.1180
1 0.0290 0.1180
1 0.0290 0.1199
1 0.0288 0.1218
1 0.0287 0.1238
1 0.0284 0.1257
1 0.0282 0.1273
1 0.0279 0.1285
1 0.0279 0.1285
1 0.0275 0.1297
1 0.0271 0.1309
1 0.0265 0.1321
1 0.0259 0.1332
1 0.0253 0.1342
1 0.0248 0.1349
1 0.0248 0.1349
1 0.0242 0.1355
1 0.0235 0.1361
1 0.0226 0.1367
1 0.0217 0.1372
1 0.0209 0.1377
1 0.0201 0.1380
1 0.0201 0.1380
1 0.0194 0.1382
1 0.0184 0.1384
1 0.0174 0.1386
1 0.0163 0.1387
1 0.0153 0.1388
1 0.0144 0.1388
1 0.0052 0.1388
1 0.0052 0.0978
1 0.0150 0.0978
1 0.0150 0.0978
1 0.0159 0.0978
1 0.0169 0.0979
1 0.0180 0.0980
1 0.0191 0.0982
1 0.0200 0.0984
1 0.0208 0.0986
1 0.0208 0.0986
1 0.0215 0.0989
1 0.0223 0.0994
1 0.0232 0.0999
1 0.0239 0.1006
1 0.0246 0.1012
1 0.0252 0.1018
1 0.0252 0.1018
1 0.0257 0.1025
1 0.0262 0.1034
1 0.0268 0.1045
1 0.0273 0.1057
1 0.0277 0.1069
1 0.0280 0.1080
1 0.0280 0.1080
1 0.0282 0.1092
1 0.0285 0.1108
1 0.0287 0.1125
1 0.0289 0.1144
1 0.0290 0.1163
112 1251 5
0 0.1927 0.1125
1 0.2102 0.1125
1 0.2019 0.1405
1 0.2015 0.1405
1 0.1927 0.1125
