SEcl_RO-6c
3376 3 1 1 0 0 0 0 0 0 1 1
1.000
112 1251 461
0 0.3001 0.3001
1 0.3001 0.3042
1 0.3000 0.3083
1 0.2999 0.3124
1 0.2997 0.3165
1 0.2994 0.3206
1 0.2991 0.3247
1 0.2987 0.3288
1 0.2983 0.3328
1 0.2979 0.3369
1 0.2973 0.3410
1 0.2967 0.3450
1 0.2961 0.3491
1 0.2954 0.3531
1 0.2946 0.3572
1 0.2938 0.3612
1 0.2930 0.3652
1 0.2921 0.3692
1 0.2911 0.3732
1 0.2901 0.3771
1 0.2890 0.3811
1 0.2879 0.3850
1 0.2867 0.3890
1 0.2854 0.3929
1 0.2841 0.3968
1 0.2828 0.4006
1 0.2814 0.4045
1 0.2799 0.4083
1 0.2784 0.4121
1 0.2769 0.4159
1 0.2753 0.4197
1 0.2736 0.4234
1 0.2719 0.4272
1 0.2701 0.4309
1 0.2683 0.4345
1 0.2665 0.4382
1 0.2646 0.4418
1 0.2626 0.4454
1 0.2606 0.4490
1 0.2585 0.4525
1 0.2564 0.4561
1 0.2543 0.4595
1 0.2521 0.4630
1 0.2498 0.4664
1 0.2475 0.4698
1 0.2452 0.4732
1 0.2428 0.4765
1 0.2404 0.4798
1 0.2379 0.4831
1 0.2354 0.4863
1 0.2328 0.4895
1 0.2302 0.4927
1 0.2275 0.4958
1 0.2249 0.4989
1 0.2221 0.5020
1 0.2193 0.5050
1 0.2165 0.5079
1 0.2137 0.5109
1 0.2108 0.5138
1 0.2078 0.5166
1 0.2048 0.5195
1 0.2018 0.5222
1 0.1988 0.5250
1 0.1957 0.5277
1 0.1926 0.5303
1 0.1894 0.5329
1 0.1862 0.5355
1 0.1830 0.5380
1 0.1797 0.5405
1 0.1764 0.5429
1 0.1731 0.5453
1 0.1697 0.5476
1 0.1663 0.5499
1 0.1629 0.5522
1 0.1594 0.5544
1 0.1559 0.5565
1 0.1524 0.5587
1 0.1489 0.5607
1 0.1453 0.5627
1 0.1417 0.5647
1 0.1381 0.5666
1 0.1344 0.5685
1 0.1307 0.5703
1 0.1270 0.5720
1 0.1233 0.5737
1 0.1196 0.5754
1 0.1158 0.5770
1 0.1120 0.5786
1 0.1082 0.5801
1 0.1044 0.5815
1 0.1005 0.5829
1 0.0966 0.5843
1 0.0927 0.5856
1 0.0888 0.5868
1 0.0849 0.5880
1 0.0810 0.5891
1 0.0770 0.5902
1 0.0730 0.5912
1 0.0691 0.5922
1 0.0651 0.5931
1 0.0611 0.5940
1 0.0570 0.5948
1 0.0530 0.5955
1 0.0490 0.5962
1 0.0449 0.5969
1 0.0409 0.5974
1 0.0368 0.5980
1 0.0327 0.5984
1 0.0287 0.5989
1 0.0246 0.5992
1 0.0205 0.5995
1 0.0164 0.5998
1 0.0123 0.6000
1 0.0082 0.6001
1 0.0041 0.6002
1 0.0000 0.6002
1 -0.0041 0.6002
1 -0.0082 0.6001
1 -0.0123 0.6000
1 -0.0164 0.5998
1 -0.0205 0.5995
1 -0.0246 0.5992
1 -0.0287 0.5989
1 -0.0327 0.5984
1 -0.0368 0.5980
1 -0.0409 0.5974
1 -0.0449 0.5969
1 -0.0490 0.5962
1 -0.0530 0.5955
1 -0.0570 0.5948
1 -0.0611 0.5940
1 -0.0651 0.5931
1 -0.0691 0.5922
1 -0.0730 0.5912
1 -0.0770 0.5902
1 -0.0810 0.5891
1 -0.0849 0.5880
1 -0.0888 0.5868
1 -0.0927 0.5856
1 -0.0966 0.5843
1 -0.1005 0.5829
1 -0.1044 0.5815
1 -0.1082 0.5801
1 -0.1120 0.5786
1 -0.1158 0.5770
1 -0.1196 0.5754
1 -0.1233 0.5737
1 -0.1270 0.5720
1 -0.1307 0.5703
1 -0.1344 0.5685
1 -0.1381 0.5666
1 -0.1417 0.5647
1 -0.1453 0.5627
1 -0.1489 0.5607
1 -0.1524 0.5587
1 -0.1559 0.5565
1 -0.1594 0.5544
1 -0.1629 0.5522
1 -0.1663 0.5499
1 -0.1697 0.5476
1 -0.1731 0.5453
1 -0.1764 0.5429
1 -0.1797 0.5405
1 -0.1830 0.5380
1 -0.1862 0.5355
1 -0.1894 0.5329
1 -0.1926 0.5303
1 -0.1957 0.5277
1 -0.1988 0.5250
1 -0.2018 0.5222
1 -0.2048 0.5195
1 -0.2078 0.5166
1 -0.2108 0.5138
1 -0.2137 0.5109
1 -0.2165 0.5079
1 -0.2193 0.5050
1 -0.2221 0.5020
1 -0.2249 0.4989
1 -0.2275 0.4958
1 -0.2302 0.4927
1 -0.2328 0.4895
1 -0.2354 0.4863
1 -0.2379 0.4831
1 -0.2404 0.4798
1 -0.2428 0.4765
1 -0.2452 0.4732
1 -0.2475 0.4698
1 -0.2498 0.4664
1 -0.2521 0.4630
1 -0.2543 0.4595
1 -0.2564 0.4561
1 -0.2585 0.4525
1 -0.2606 0.4490
1 -0.2626 0.4454
1 -0.2646 0.4418
1 -0.2665 0.4382
1 -0.2683 0.4345
1 -0.2701 0.4309
1 -0.2719 0.4272
1 -0.2736 0.4234
1 -0.2753 0.4197
1 -0.2769 0.4159
1 -0.2784 0.4121
1 -0.2799 0.4083
1 -0.2814 0.4045
1 -0.2828 0.4006
1 -0.2841 0.3968
1 -0.2854 0.3929
1 -0.2867 0.3890
1 -0.2879 0.3850
1 -0.2890 0.3811
1 -0.2901 0.3771
1 -0.2911 0.3732
1 -0.2921 0.3692
1 -0.2930 0.3652
1 -0.2938 0.3612
1 -0.2946 0.3572
1 -0.2954 0.3531
1 -0.2961 0.3491
1 -0.2967 0.3450
1 -0.2973 0.3410
1 -0.2979 0.3369
1 -0.2983 0.3328
1 -0.2987 0.3288
1 -0.2991 0.3247
1 -0.2994 0.3206
1 -0.2997 0.3165
1 -0.2999 0.3124
1 -0.3000 0.3083
1 -0.3001 0.3042
1 -0.3001 0.3001
1 -0.3001 0.2960
1 -0.3000 0.2919
1 -0.2999 0.2878
1 -0.2997 0.2837
1 -0.2994 0.2796
1 -0.2991 0.2756
1 -0.2987 0.2715
1 -0.2983 0.2674
1 -0.2979 0.2633
1 -0.2973 0.2593
1 -0.2967 0.2552
1 -0.2961 0.2511
1 -0.2954 0.2471
1 -0.2946 0.2431
1 -0.2938 0.2391
1 -0.2930 0.2351
1 -0.2921 0.2311
1 -0.2911 0.2271
1 -0.2901 0.2231
1 -0.2890 0.2191
1 -0.2879 0.2152
1 -0.2867 0.2113
1 -0.2854 0.2074
1 -0.2841 0.2035
1 -0.2828 0.1996
1 -0.2814 0.1958
1 -0.2799 0.1919
1 -0.2784 0.1881
1 -0.2769 0.1843
1 -0.2753 0.1806
1 -0.2736 0.1768
1 -0.2719 0.1731
1 -0.2701 0.1694
1 -0.2683 0.1657
1 -0.2665 0.1620
1 -0.2646 0.1584
1 -0.2626 0.1548
1 -0.2606 0.1512
1 -0.2585 0.1477
1 -0.2564 0.1442
1 -0.2543 0.1407
1 -0.2521 0.1372
1 -0.2498 0.1338
1 -0.2475 0.1304
1 -0.2452 0.1270
1 -0.2428 0.1237
1 -0.2404 0.1204
1 -0.2379 0.1171
1 -0.2354 0.1139
1 -0.2328 0.1107
1 -0.2302 0.1076
1 -0.2275 0.1044
1 -0.2249 0.1013
1 -0.2221 0.0983
1 -0.2193 0.0953
1 -0.2165 0.0923
1 -0.2137 0.0894
1 -0.2108 0.0865
1 -0.2078 0.0836
1 -0.2048 0.0808
1 -0.2018 0.0780
1 -0.1988 0.0753
1 -0.1957 0.0726
1 -0.1926 0.0699
1 -0.1894 0.0673
1 -0.1862 0.0647
1 -0.1830 0.0622
1 -0.1797 0.0597
1 -0.1764 0.0573
1 -0.1731 0.0549
1 -0.1697 0.0526
1 -0.1663 0.0503
1 -0.1629 0.0480
1 -0.1594 0.0458
1 -0.1559 0.0437
1 -0.1524 0.0416
1 -0.1489 0.0395
1 -0.1453 0.0375
1 -0.1417 0.0356
1 -0.1381 0.0336
1 -0.1344 0.0318
1 -0.1307 0.0300
1 -0.1270 0.0282
1 -0.1233 0.0265
1 -0.1196 0.0248
1 -0.1158 0.0232
1 -0.1120 0.0217
1 -0.1082 0.0202
1 -0.1044 0.0187
1 -0.1005 0.0173
1 -0.0966 0.0160
1 -0.0927 0.0147
1 -0.0888 0.0134
1 -0.0849 0.0123
1 -0.0810 0.0111
1 -0.0770 0.0101
1 -0.0730 0.0090
1 -0.0691 0.0081
1 -0.0651 0.0071
1 -0.0611 0.0063
1 -0.0570 0.0055
1 -0.0530 0.0047
1 -0.0490 0.0040
1 -0.0449 0.0034
1 -0.0409 0.0028
1 -0.0368 0.0023
1 -0.0327 0.0018
1 -0.0287 0.0014
1 -0.0246 0.0010
1 -0.0205 0.0007
1 -0.0164 0.0004
1 -0.0123 0.0003
1 -0.0082 0.0001
1 -0.0041 0.0000
1 0.0000 0.0000
1 0.0041 0.0000
1 0.0082 0.0001
1 0.0123 0.0003
1 0.0164 0.0004
1 0.0205 0.0007
1 0.0246 0.0010
1 0.0287 0.0014
1 0.0327 0.0018
1 0.0368 0.0023
1 0.0409 0.0028
1 0.0449 0.0034
1 0.0490 0.0040
1 0.0530 0.0047
1 0.0570 0.0055
1 0.0611 0.0063
1 0.0651 0.0071
1 0.0691 0.0081
1 0.0730 0.0090
1 0.0770 0.0101
1 0.0810 0.0111
1 0.0849 0.0123
1 0.0888 0.0134
1 0.0927 0.0147
1 0.0966 0.0160
1 0.1005 0.0173
1 0.1044 0.0187
1 0.1082 0.0202
1 0.1120 0.0217
1 0.1158 0.0232
1 0.1196 0.0248
1 0.1233 0.0265
1 0.1270 0.0282
1 0.1307 0.0300
1 0.1344 0.0318
1 0.1381 0.0336
1 0.1417 0.0356
1 0.1453 0.0375
1 0.1489 0.0395
1 0.1524 0.0416
1 0.1559 0.0437
1 0.1594 0.0458
1 0.1629 0.0480
1 0.1663 0.0503
1 0.1697 0.0526
1 0.1731 0.0549
1 0.1764 0.0573
1 0.1797 0.0597
1 0.1830 0.0622
1 0.1862 0.0647
1 0.1894 0.0673
1 0.1926 0.0699
1 0.1957 0.0726
1 0.1988 0.0753
1 0.2018 0.0780
1 0.2048 0.0808
1 0.2078 0.0836
1 0.2108 0.0865
1 0.2137 0.0894
1 0.2165 0.0923
1 0.2193 0.0953
1 0.2221 0.0983
1 0.2249 0.1013
1 0.2275 0.1044
1 0.2302 0.1076
1 0.2328 0.1107
1 0.2354 0.1139
1 0.2379 0.1171
1 0.2404 0.1204
1 0.2428 0.1237
1 0.2452 0.1270
1 0.2475 0.1304
1 0.2498 0.1338
1 0.2521 0.1372
1 0.2543 0.1407
1 0.2564 0.1442
1 0.2585 0.1477
1 0.2606 0.1512
1 0.2626 0.1548
1 0.2646 0.1584
1 0.2665 0.1620
1 0.2683 0.1657
1 0.2701 0.1694
1 0.2719 0.1731
1 0.2736 0.1768
1 0.2753 0.1806
1 0.2769 0.1843
1 0.2784 0.1881
1 0.2799 0.1919
1 0.2814 0.1958
1 0.2828 0.1996
1 0.2841 0.2035
1 0.2854 0.2074
1 0.2867 0.2113
1 0.2879 0.2152
1 0.2890 0.2191
1 0.2901 0.2231
1 0.2911 0.2271
1 0.2921 0.2311
1 0.2930 0.2351
1 0.2938 0.2391
1 0.2946 0.2431
1 0.2954 0.2471
1 0.2961 0.2511
1 0.2967 0.2552
1 0.2973 0.2593
1 0.2979 0.2633
1 0.2983 0.2674
1 0.2987 0.2715
1 0.2991 0.2756
1 0.2994 0.2796
1 0.2997 0.2837
1 0.2999 0.2878
1 0.3000 0.2919
1 0.3001 0.2960
1 0.3001 0.3001
112 1466 461
0 0.2901 0.3001
1 0.2901 0.3041
1 0.2900 0.3080
1 0.2899 0.3120
1 0.2897 0.3160
1 0.2894 0.3199
1 0.2891 0.3239
1 0.2888 0.3278
1 0.2884 0.3318
1 0.2879 0.3357
1 0.2874 0.3396
1 0.2869 0.3435
1 0.2862 0.3475
1 0.2856 0.3514
1 0.2848 0.3553
1 0.2841 0.3591
1 0.2832 0.3630
1 0.2823 0.3669
1 0.2814 0.3707
1 0.2804 0.3746
1 0.2794 0.3784
1 0.2783 0.3822
1 0.2771 0.3860
1 0.2759 0.3898
1 0.2747 0.3935
1 0.2734 0.3973
1 0.2720 0.4010
1 0.2706 0.4047
1 0.2692 0.4084
1 0.2677 0.4121
1 0.2661 0.4157
1 0.2645 0.4193
1 0.2628 0.4229
1 0.2611 0.4265
1 0.2594 0.4301
1 0.2576 0.4336
1 0.2557 0.4371
1 0.2539 0.4406
1 0.2519 0.4440
1 0.2499 0.4475
1 0.2479 0.4509
1 0.2458 0.4542
1 0.2437 0.4576
1 0.2415 0.4609
1 0.2393 0.4642
1 0.2370 0.4674
1 0.2347 0.4706
1 0.2324 0.4738
1 0.2300 0.4770
1 0.2275 0.4801
1 0.2250 0.4832
1 0.2225 0.4863
1 0.2200 0.4893
1 0.2174 0.4923
1 0.2147 0.4952
1 0.2120 0.4981
1 0.2093 0.5010
1 0.2065 0.5039
1 0.2037 0.5067
1 0.2009 0.5094
1 0.1980 0.5121
1 0.1951 0.5148
1 0.1922 0.5175
1 0.1892 0.5201
1 0.1861 0.5226
1 0.1831 0.5252
1 0.1800 0.5276
1 0.1769 0.5301
1 0.1737 0.5325
1 0.1705 0.5348
1 0.1673 0.5371
1 0.1641 0.5394
1 0.1608 0.5416
1 0.1575 0.5438
1 0.1541 0.5459
1 0.1507 0.5480
1 0.1473 0.5500
1 0.1439 0.5520
1 0.1405 0.5540
1 0.1370 0.5559
1 0.1335 0.5577
1 0.1299 0.5595
1 0.1264 0.5613
1 0.1228 0.5630
1 0.1192 0.5646
1 0.1156 0.5662
1 0.1119 0.5678
1 0.1083 0.5693
1 0.1046 0.5707
1 0.1009 0.5721
1 0.0972 0.5735
1 0.0934 0.5748
1 0.0897 0.5760
1 0.0859 0.5772
1 0.0821 0.5784
1 0.0783 0.5795
1 0.0745 0.5805
1 0.0706 0.5815
1 0.0668 0.5825
1 0.0629 0.5833
1 0.0590 0.5842
1 0.0551 0.5850
1 0.0512 0.5857
1 0.0473 0.5864
1 0.0434 0.5870
1 0.0395 0.5875
1 0.0356 0.5880
1 0.0316 0.5885
1 0.0277 0.5889
1 0.0237 0.5893
1 0.0198 0.5896
1 0.0158 0.5898
1 0.0119 0.5900
1 0.0079 0.5901
1 0.0040 0.5902
1 0.0000 0.5902
1 -0.0040 0.5902
1 -0.0079 0.5901
1 -0.0119 0.5900
1 -0.0158 0.5898
1 -0.0198 0.5896
1 -0.0237 0.5893
1 -0.0277 0.5889
1 -0.0316 0.5885
1 -0.0356 0.5880
1 -0.0395 0.5875
1 -0.0434 0.5870
1 -0.0473 0.5864
1 -0.0512 0.5857
1 -0.0551 0.5850
1 -0.0590 0.5842
1 -0.0629 0.5833
1 -0.0668 0.5825
1 -0.0706 0.5815
1 -0.0745 0.5805
1 -0.0783 0.5795
1 -0.0821 0.5784
1 -0.0859 0.5772
1 -0.0897 0.5760
1 -0.0934 0.5748
1 -0.0972 0.5735
1 -0.1009 0.5721
1 -0.1046 0.5707
1 -0.1083 0.5693
1 -0.1119 0.5678
1 -0.1156 0.5662
1 -0.1192 0.5646
1 -0.1228 0.5630
1 -0.1264 0.5613
1 -0.1299 0.5595
1 -0.1335 0.5577
1 -0.1370 0.5559
1 -0.1405 0.5540
1 -0.1439 0.5520
1 -0.1473 0.5500
1 -0.1507 0.5480
1 -0.1541 0.5459
1 -0.1575 0.5438
1 -0.1608 0.5416
1 -0.1641 0.5394
1 -0.1673 0.5371
1 -0.1705 0.5348
1 -0.1737 0.5325
1 -0.1769 0.5301
1 -0.1800 0.5276
1 -0.1831 0.5252
1 -0.1861 0.5226
1 -0.1892 0.5201
1 -0.1922 0.5175
1 -0.1951 0.5148
1 -0.1980 0.5121
1 -0.2009 0.5094
1 -0.2037 0.5067
1 -0.2065 0.5039
1 -0.2093 0.5010
1 -0.2120 0.4981
1 -0.2147 0.4952
1 -0.2174 0.4923
1 -0.2200 0.4893
1 -0.2225 0.4863
1 -0.2250 0.4832
1 -0.2275 0.4801
1 -0.2300 0.4770
1 -0.2324 0.4738
1 -0.2347 0.4706
1 -0.2370 0.4674
1 -0.2393 0.4642
1 -0.2415 0.4609
1 -0.2437 0.4576
1 -0.2458 0.4542
1 -0.2479 0.4509
1 -0.2499 0.4475
1 -0.2519 0.4440
1 -0.2539 0.4406
1 -0.2557 0.4371
1 -0.2576 0.4336
1 -0.2594 0.4301
1 -0.2611 0.4265
1 -0.2628 0.4229
1 -0.2645 0.4193
1 -0.2661 0.4157
1 -0.2677 0.4121
1 -0.2692 0.4084
1 -0.2706 0.4047
1 -0.2720 0.4010
1 -0.2734 0.3973
1 -0.2747 0.3935
1 -0.2759 0.3898
1 -0.2771 0.3860
1 -0.2783 0.3822
1 -0.2794 0.3784
1 -0.2804 0.3746
1 -0.2814 0.3707
1 -0.2823 0.3669
1 -0.2832 0.3630
1 -0.2841 0.3591
1 -0.2848 0.3553
1 -0.2856 0.3514
1 -0.2862 0.3475
1 -0.2869 0.3435
1 -0.2874 0.3396
1 -0.2879 0.3357
1 -0.2884 0.3318
1 -0.2888 0.3278
1 -0.2891 0.3239
1 -0.2894 0.3199
1 -0.2897 0.3160
1 -0.2899 0.3120
1 -0.2900 0.3080
1 -0.2901 0.3041
1 -0.2901 0.3001
1 -0.2901 0.2962
1 -0.2900 0.2922
1 -0.2899 0.2882
1 -0.2897 0.2843
1 -0.2894 0.2803
1 -0.2891 0.2764
1 -0.2888 0.2724
1 -0.2884 0.2685
1 -0.2879 0.2645
1 -0.2874 0.2606
1 -0.2869 0.2567
1 -0.2862 0.2528
1 -0.2856 0.2489
1 -0.2848 0.2450
1 -0.2841 0.2411
1 -0.2832 0.2372
1 -0.2823 0.2334
1 -0.2814 0.2295
1 -0.2804 0.2257
1 -0.2794 0.2218
1 -0.2783 0.2180
1 -0.2771 0.2142
1 -0.2759 0.2105
1 -0.2747 0.2067
1 -0.2734 0.2030
1 -0.2720 0.1992
1 -0.2706 0.1955
1 -0.2692 0.1918
1 -0.2677 0.1882
1 -0.2661 0.1845
1 -0.2645 0.1809
1 -0.2628 0.1773
1 -0.2611 0.1737
1 -0.2594 0.1702
1 -0.2576 0.1666
1 -0.2557 0.1631
1 -0.2539 0.1597
1 -0.2519 0.1562
1 -0.2499 0.1528
1 -0.2479 0.1494
1 -0.2458 0.1460
1 -0.2437 0.1427
1 -0.2415 0.1394
1 -0.2393 0.1361
1 -0.2370 0.1328
1 -0.2347 0.1296
1 -0.2324 0.1264
1 -0.2300 0.1232
1 -0.2275 0.1201
1 -0.2250 0.1170
1 -0.2225 0.1140
1 -0.2200 0.1110
1 -0.2174 0.1080
1 -0.2147 0.1050
1 -0.2120 0.1021
1 -0.2093 0.0992
1 -0.2065 0.0964
1 -0.2037 0.0936
1 -0.2009 0.0908
1 -0.1980 0.0881
1 -0.1951 0.0854
1 -0.1922 0.0828
1 -0.1892 0.0802
1 -0.1861 0.0776
1 -0.1831 0.0751
1 -0.1800 0.0726
1 -0.1769 0.0702
1 -0.1737 0.0678
1 -0.1705 0.0654
1 -0.1673 0.0631
1 -0.1641 0.0608
1 -0.1608 0.0586
1 -0.1575 0.0564
1 -0.1541 0.0543
1 -0.1507 0.0522
1 -0.1473 0.0502
1 -0.1439 0.0482
1 -0.1405 0.0463
1 -0.1370 0.0444
1 -0.1335 0.0425
1 -0.1299 0.0407
1 -0.1264 0.0390
1 -0.1228 0.0373
1 -0.1192 0.0356
1 -0.1156 0.0340
1 -0.1119 0.0325
1 -0.1083 0.0310
1 -0.1046 0.0295
1 -0.1009 0.0281
1 -0.0972 0.0268
1 -0.0934 0.0255
1 -0.0897 0.0242
1 -0.0859 0.0230
1 -0.0821 0.0219
1 -0.0783 0.0208
1 -0.0744 0.0197
1 -0.0706 0.0187
1 -0.0668 0.0178
1 -0.0629 0.0169
1 -0.0590 0.0161
1 -0.0551 0.0153
1 -0.0512 0.0146
1 -0.0473 0.0139
1 -0.0434 0.0133
1 -0.0395 0.0127
1 -0.0356 0.0122
1 -0.0316 0.0117
1 -0.0277 0.0113
1 -0.0237 0.0110
1 -0.0198 0.0107
1 -0.0158 0.0104
1 -0.0119 0.0102
1 -0.0079 0.0101
1 -0.0040 0.0100
1 0.0000 0.0100
1 0.0040 0.0100
1 0.0079 0.0101
1 0.0119 0.0102
1 0.0158 0.0104
1 0.0198 0.0107
1 0.0237 0.0110
1 0.0277 0.0113
1 0.0316 0.0117
1 0.0356 0.0122
1 0.0395 0.0127
1 0.0434 0.0133
1 0.0473 0.0139
1 0.0512 0.0146
1 0.0551 0.0153
1 0.0590 0.0161
1 0.0629 0.0169
1 0.0668 0.0178
1 0.0706 0.0187
1 0.0745 0.0197
1 0.0783 0.0208
1 0.0821 0.0219
1 0.0859 0.0230
1 0.0897 0.0242
1 0.0934 0.0255
1 0.0972 0.0268
1 0.1009 0.0281
1 0.1046 0.0295
1 0.1083 0.0310
1 0.1119 0.0325
1 0.1156 0.0340
1 0.1192 0.0356
1 0.1228 0.0373
1 0.1264 0.0390
1 0.1299 0.0407
1 0.1335 0.0425
1 0.1370 0.0444
1 0.1405 0.0463
1 0.1439 0.0482
1 0.1473 0.0502
1 0.1507 0.0522
1 0.1541 0.0543
1 0.1575 0.0564
1 0.1608 0.0586
1 0.1641 0.0608
1 0.1673 0.0631
1 0.1705 0.0654
1 0.1737 0.0678
1 0.1769 0.0702
1 0.1800 0.0726
1 0.1831 0.0751
1 0.1861 0.0776
1 0.1892 0.0802
1 0.1922 0.0828
1 0.1951 0.0854
1 0.1980 0.0881
1 0.2009 0.0908
1 0.2037 0.0936
1 0.2065 0.0964
1 0.2093 0.0992
1 0.2120 0.1021
1 0.2147 0.1050
1 0.2174 0.1080
1 0.2200 0.1110
1 0.2225 0.1140
1 0.2250 0.1170
1 0.2275 0.1201
1 0.2300 0.1232
1 0.2324 0.1264
1 0.2347 0.1296
1 0.2370 0.1328
1 0.2393 0.1361
1 0.2415 0.1394
1 0.2437 0.1427
1 0.2458 0.1460
1 0.2479 0.1494
1 0.2499 0.1528
1 0.2519 0.1562
1 0.2539 0.1597
1 0.2557 0.1631
1 0.2576 0.1666
1 0.2594 0.1702
1 0.2611 0.1737
1 0.2628 0.1773
1 0.2645 0.1809
1 0.2661 0.1845
1 0.2677 0.1882
1 0.2692 0.1918
1 0.2706 0.1955
1 0.2720 0.1992
1 0.2734 0.2030
1 0.2747 0.2067
1 0.2759 0.2105
1 0.2771 0.2142
1 0.2783 0.2180
1 0.2794 0.2218
1 0.2804 0.2257
1 0.2814 0.2295
1 0.2823 0.2334
1 0.2832 0.2372
1 0.2841 0.2411
1 0.2848 0.2450
1 0.2856 0.2489
1 0.2862 0.2528
1 0.2869 0.2567
1 0.2874 0.2606
1 0.2879 0.2645
1 0.2884 0.2685
1 0.2888 0.2724
1 0.2891 0.2764
1 0.2894 0.2803
1 0.2897 0.2843
1 0.2899 0.2882
1 0.2900 0.2922
1 0.2901 0.2962
1 0.2901 0.3001
112 1251 157
0 0.1630 0.2857
1 -0.0000 0.4487
1 -0.1630 0.2857
1 -0.1791 0.3173
1 -0.1795 0.3180
1 -0.1800 0.3187
1 -0.1805 0.3193
1 -0.1810 0.3199
1 -0.1815 0.3205
1 -0.1822 0.3210
1 -0.1828 0.3215
1 -0.1835 0.3219
1 -0.1842 0.3223
1 -0.1849 0.3226
1 -0.1856 0.3229
1 -0.1864 0.3232
1 -0.1872 0.3233
1 -0.1880 0.3235
1 -0.1888 0.3235
1 -0.1896 0.3235
1 -0.1903 0.3235
1 -0.1911 0.3234
1 -0.1919 0.3232
1 -0.1927 0.3230
1 -0.1934 0.3227
1 -0.1942 0.3224
1 -0.1949 0.3221
1 -0.1956 0.3217
1 -0.1962 0.3212
1 -0.1968 0.3207
1 -0.1974 0.3201
1 -0.1980 0.3196
1 -0.1985 0.3189
1 -0.1989 0.3183
1 -0.1993 0.3176
1 -0.1997 0.3169
1 -0.2000 0.3161
1 -0.2002 0.3154
1 -0.2004 0.3146
1 -0.2006 0.3138
1 -0.2207 0.1805
1 -0.0873 0.2006
1 -0.0866 0.2007
1 -0.0858 0.2009
1 -0.0850 0.2012
1 -0.0843 0.2015
1 -0.0836 0.2019
1 -0.0829 0.2023
1 -0.0822 0.2027
1 -0.0816 0.2032
1 -0.0810 0.2037
1 -0.0805 0.2043
1 -0.0800 0.2049
1 -0.0795 0.2056
1 -0.0791 0.2063
1 -0.0787 0.2070
1 -0.0784 0.2077
1 -0.0781 0.2085
1 -0.0779 0.2092
1 -0.0778 0.2100
1 -0.0777 0.2108
1 -0.0776 0.2116
1 -0.0776 0.2124
1 -0.0777 0.2132
1 -0.0778 0.2140
1 -0.0780 0.2148
1 -0.0782 0.2155
1 -0.0785 0.2163
1 -0.0789 0.2170
1 -0.0792 0.2177
1 -0.0797 0.2184
1 -0.0801 0.2190
1 -0.0807 0.2196
1 -0.0812 0.2202
1 -0.0818 0.2207
1 -0.0825 0.2212
1 -0.0831 0.2216
1 -0.0838 0.2220
1 -0.1154 0.2382
1 0.0000 0.3536
1 0.1154 0.2382
1 0.0838 0.2220
1 0.0831 0.2216
1 0.0825 0.2212
1 0.0818 0.2207
1 0.0812 0.2202
1 0.0807 0.2196
1 0.0801 0.2190
1 0.0797 0.2184
1 0.0792 0.2177
1 0.0789 0.2170
1 0.0785 0.2163
1 0.0782 0.2155
1 0.0780 0.2148
1 0.0778 0.2140
1 0.0777 0.2132
1 0.0776 0.2124
1 0.0776 0.2116
1 0.0777 0.2108
1 0.0778 0.2100
1 0.0779 0.2092
1 0.0781 0.2085
1 0.0784 0.2077
1 0.0787 0.2070
1 0.0791 0.2063
1 0.0795 0.2056
1 0.0800 0.2049
1 0.0805 0.2043
1 0.0810 0.2037
1 0.0816 0.2032
1 0.0822 0.2027
1 0.0829 0.2023
1 0.0836 0.2019
1 0.0843 0.2015
1 0.0850 0.2012
1 0.0858 0.2009
1 0.0866 0.2007
1 0.0873 0.2006
1 0.2207 0.1805
1 0.2006 0.3138
1 0.2004 0.3146
1 0.2002 0.3154
1 0.2000 0.3161
1 0.1997 0.3169
1 0.1993 0.3176
1 0.1989 0.3183
1 0.1985 0.3189
1 0.1980 0.3196
1 0.1974 0.3201
1 0.1968 0.3207
1 0.1962 0.3212
1 0.1956 0.3217
1 0.1949 0.3221
1 0.1942 0.3224
1 0.1934 0.3227
1 0.1927 0.3230
1 0.1919 0.3232
1 0.1911 0.3234
1 0.1903 0.3235
1 0.1896 0.3235
1 0.1888 0.3235
1 0.1880 0.3235
1 0.1872 0.3233
1 0.1864 0.3232
1 0.1856 0.3229
1 0.1849 0.3226
1 0.1842 0.3223
1 0.1835 0.3219
1 0.1828 0.3215
1 0.1822 0.3210
1 0.1815 0.3205
1 0.1810 0.3199
1 0.1805 0.3193
1 0.1800 0.3187
1 0.1795 0.3180
1 0.1792 0.3173
1 0.1630 0.2857
