SEcl_RO-6a
3374 3 1 1 0 0 0 0 0 0 1 1
1.000
112 1251 461
0 -0.3001 0.3000
1 -0.3001 0.3041
1 -0.3000 0.3082
1 -0.2999 0.3123
1 -0.2997 0.3164
1 -0.2994 0.3205
1 -0.2991 0.3246
1 -0.2987 0.3287
1 -0.2983 0.3327
1 -0.2979 0.3368
1 -0.2973 0.3409
1 -0.2967 0.3449
1 -0.2961 0.3490
1 -0.2954 0.3530
1 -0.2946 0.3570
1 -0.2938 0.3611
1 -0.2930 0.3651
1 -0.2921 0.3691
1 -0.2911 0.3730
1 -0.2901 0.3770
1 -0.2890 0.3810
1 -0.2879 0.3849
1 -0.2867 0.3888
1 -0.2854 0.3927
1 -0.2841 0.3966
1 -0.2828 0.4005
1 -0.2814 0.4044
1 -0.2799 0.4082
1 -0.2784 0.4120
1 -0.2769 0.4158
1 -0.2753 0.4196
1 -0.2736 0.4233
1 -0.2719 0.4270
1 -0.2701 0.4307
1 -0.2683 0.4344
1 -0.2665 0.4381
1 -0.2646 0.4417
1 -0.2626 0.4453
1 -0.2606 0.4489
1 -0.2585 0.4524
1 -0.2564 0.4559
1 -0.2543 0.4594
1 -0.2521 0.4629
1 -0.2498 0.4663
1 -0.2475 0.4697
1 -0.2452 0.4731
1 -0.2428 0.4764
1 -0.2404 0.4797
1 -0.2379 0.4830
1 -0.2354 0.4862
1 -0.2328 0.4894
1 -0.2302 0.4926
1 -0.2275 0.4957
1 -0.2249 0.4988
1 -0.2221 0.5018
1 -0.2193 0.5048
1 -0.2165 0.5078
1 -0.2137 0.5108
1 -0.2108 0.5137
1 -0.2078 0.5165
1 -0.2048 0.5193
1 -0.2018 0.5221
1 -0.1988 0.5249
1 -0.1957 0.5275
1 -0.1926 0.5302
1 -0.1894 0.5328
1 -0.1862 0.5354
1 -0.1830 0.5379
1 -0.1797 0.5404
1 -0.1764 0.5428
1 -0.1731 0.5452
1 -0.1697 0.5475
1 -0.1663 0.5498
1 -0.1629 0.5521
1 -0.1594 0.5543
1 -0.1559 0.5564
1 -0.1524 0.5585
1 -0.1489 0.5606
1 -0.1453 0.5626
1 -0.1417 0.5646
1 -0.1381 0.5665
1 -0.1344 0.5683
1 -0.1307 0.5701
1 -0.1270 0.5719
1 -0.1233 0.5736
1 -0.1196 0.5753
1 -0.1158 0.5769
1 -0.1120 0.5784
1 -0.1082 0.5799
1 -0.1044 0.5814
1 -0.1005 0.5828
1 -0.0966 0.5841
1 -0.0927 0.5854
1 -0.0888 0.5867
1 -0.0849 0.5879
1 -0.0810 0.5890
1 -0.0770 0.5901
1 -0.0730 0.5911
1 -0.0691 0.5921
1 -0.0651 0.5930
1 -0.0611 0.5938
1 -0.0570 0.5946
1 -0.0530 0.5954
1 -0.0490 0.5961
1 -0.0449 0.5967
1 -0.0409 0.5973
1 -0.0368 0.5979
1 -0.0327 0.5983
1 -0.0287 0.5987
1 -0.0246 0.5991
1 -0.0205 0.5994
1 -0.0164 0.5997
1 -0.0123 0.5999
1 -0.0082 0.6000
1 -0.0041 0.6001
1 0.0000 0.6001
1 0.0041 0.6001
1 0.0082 0.6000
1 0.0123 0.5999
1 0.0164 0.5997
1 0.0205 0.5994
1 0.0246 0.5991
1 0.0287 0.5987
1 0.0327 0.5983
1 0.0368 0.5979
1 0.0409 0.5973
1 0.0449 0.5967
1 0.0490 0.5961
1 0.0530 0.5954
1 0.0570 0.5946
1 0.0611 0.5938
1 0.0651 0.5930
1 0.0691 0.5921
1 0.0730 0.5911
1 0.0770 0.5901
1 0.0810 0.5890
1 0.0849 0.5879
1 0.0888 0.5867
1 0.0927 0.5854
1 0.0966 0.5841
1 0.1005 0.5828
1 0.1044 0.5814
1 0.1082 0.5799
1 0.1120 0.5784
1 0.1158 0.5769
1 0.1196 0.5753
1 0.1233 0.5736
1 0.1270 0.5719
1 0.1307 0.5701
1 0.1344 0.5683
1 0.1381 0.5665
1 0.1417 0.5646
1 0.1453 0.5626
1 0.1489 0.5606
1 0.1524 0.5585
1 0.1559 0.5564
1 0.1594 0.5543
1 0.1629 0.5521
1 0.1663 0.5498
1 0.1697 0.5475
1 0.1731 0.5452
1 0.1764 0.5428
1 0.1797 0.5404
1 0.1830 0.5379
1 0.1862 0.5354
1 0.1894 0.5328
1 0.1926 0.5302
1 0.1957 0.5275
1 0.1988 0.5249
1 0.2018 0.5221
1 0.2048 0.5193
1 0.2078 0.5165
1 0.2108 0.5137
1 0.2137 0.5108
1 0.2165 0.5078
1 0.2193 0.5048
1 0.2221 0.5018
1 0.2249 0.4988
1 0.2275 0.4957
1 0.2302 0.4926
1 0.2328 0.4894
1 0.2354 0.4862
1 0.2379 0.4830
1 0.2404 0.4797
1 0.2428 0.4764
1 0.2452 0.4731
1 0.2475 0.4697
1 0.2498 0.4663
1 0.2521 0.4629
1 0.2543 0.4594
1 0.2564 0.4559
1 0.2585 0.4524
1 0.2606 0.4489
1 0.2626 0.4453
1 0.2646 0.4417
1 0.2665 0.4381
1 0.2683 0.4344
1 0.2701 0.4307
1 0.2719 0.4270
1 0.2736 0.4233
1 0.2753 0.4196
1 0.2769 0.4158
1 0.2784 0.4120
1 0.2799 0.4082
1 0.2814 0.4044
1 0.2828 0.4005
1 0.2841 0.3966
1 0.2854 0.3927
1 0.2867 0.3888
1 0.2879 0.3849
1 0.2890 0.3810
1 0.2901 0.3770
1 0.2911 0.3730
1 0.2921 0.3691
1 0.2930 0.3651
1 0.2938 0.3611
1 0.2946 0.3570
1 0.2954 0.3530
1 0.2961 0.3490
1 0.2967 0.3449
1 0.2973 0.3409
1 0.2979 0.3368
1 0.2983 0.3327
1 0.2987 0.3287
1 0.2991 0.3246
1 0.2994 0.3205
1 0.2997 0.3164
1 0.2999 0.3123
1 0.3000 0.3082
1 0.3001 0.3041
1 0.3001 0.3000
1 0.3001 0.2959
1 0.3000 0.2918
1 0.2999 0.2877
1 0.2997 0.2836
1 0.2994 0.2795
1 0.2991 0.2754
1 0.2987 0.2713
1 0.2983 0.2673
1 0.2979 0.2632
1 0.2973 0.2591
1 0.2967 0.2551
1 0.2961 0.2510
1 0.2954 0.2470
1 0.2946 0.2430
1 0.2938 0.2389
1 0.2930 0.2349
1 0.2921 0.2309
1 0.2911 0.2270
1 0.2901 0.2230
1 0.2890 0.2190
1 0.2879 0.2151
1 0.2867 0.2112
1 0.2854 0.2073
1 0.2841 0.2034
1 0.2828 0.1995
1 0.2814 0.1956
1 0.2799 0.1918
1 0.2784 0.1880
1 0.2769 0.1842
1 0.2753 0.1804
1 0.2736 0.1767
1 0.2719 0.1730
1 0.2701 0.1693
1 0.2683 0.1656
1 0.2665 0.1619
1 0.2646 0.1583
1 0.2626 0.1547
1 0.2606 0.1511
1 0.2585 0.1476
1 0.2564 0.1441
1 0.2543 0.1406
1 0.2521 0.1371
1 0.2498 0.1337
1 0.2475 0.1303
1 0.2452 0.1269
1 0.2428 0.1236
1 0.2404 0.1203
1 0.2379 0.1170
1 0.2354 0.1138
1 0.2328 0.1106
1 0.2302 0.1074
1 0.2275 0.1043
1 0.2249 0.1012
1 0.2221 0.0982
1 0.2193 0.0952
1 0.2165 0.0922
1 0.2137 0.0892
1 0.2108 0.0863
1 0.2078 0.0835
1 0.2048 0.0807
1 0.2018 0.0779
1 0.1988 0.0751
1 0.1957 0.0725
1 0.1926 0.0698
1 0.1894 0.0672
1 0.1862 0.0646
1 0.1830 0.0621
1 0.1797 0.0596
1 0.1764 0.0572
1 0.1731 0.0548
1 0.1697 0.0525
1 0.1663 0.0502
1 0.1629 0.0479
1 0.1594 0.0457
1 0.1559 0.0436
1 0.1524 0.0415
1 0.1489 0.0394
1 0.1453 0.0374
1 0.1417 0.0354
1 0.1381 0.0335
1 0.1344 0.0317
1 0.1307 0.0299
1 0.1270 0.0281
1 0.1233 0.0264
1 0.1196 0.0247
1 0.1158 0.0231
1 0.1120 0.0216
1 0.1082 0.0201
1 0.1044 0.0186
1 0.1005 0.0172
1 0.0966 0.0159
1 0.0927 0.0146
1 0.0888 0.0133
1 0.0849 0.0121
1 0.0810 0.0110
1 0.0770 0.0099
1 0.0730 0.0089
1 0.0691 0.0079
1 0.0651 0.0070
1 0.0611 0.0062
1 0.0570 0.0054
1 0.0530 0.0046
1 0.0490 0.0039
1 0.0449 0.0033
1 0.0409 0.0027
1 0.0368 0.0021
1 0.0327 0.0017
1 0.0287 0.0013
1 0.0246 0.0009
1 0.0205 0.0006
1 0.0164 0.0003
1 0.0123 0.0001
1 0.0082 -0.0000
1 0.0041 -0.0001
1 0.0000 -0.0001
1 -0.0041 -0.0001
1 -0.0082 -0.0000
1 -0.0123 0.0001
1 -0.0164 0.0003
1 -0.0205 0.0006
1 -0.0246 0.0009
1 -0.0287 0.0013
1 -0.0327 0.0017
1 -0.0368 0.0021
1 -0.0409 0.0027
1 -0.0449 0.0033
1 -0.0490 0.0039
1 -0.0530 0.0046
1 -0.0570 0.0054
1 -0.0611 0.0062
1 -0.0651 0.0070
1 -0.0691 0.0079
1 -0.0730 0.0089
1 -0.0770 0.0099
1 -0.0810 0.0110
1 -0.0849 0.0121
1 -0.0888 0.0133
1 -0.0927 0.0146
1 -0.0966 0.0159
1 -0.1005 0.0172
1 -0.1044 0.0186
1 -0.1082 0.0201
1 -0.1120 0.0216
1 -0.1158 0.0231
1 -0.1196 0.0247
1 -0.1233 0.0264
1 -0.1270 0.0281
1 -0.1307 0.0299
1 -0.1344 0.0317
1 -0.1381 0.0335
1 -0.1417 0.0354
1 -0.1453 0.0374
1 -0.1489 0.0394
1 -0.1524 0.0415
1 -0.1559 0.0436
1 -0.1594 0.0457
1 -0.1629 0.0479
1 -0.1663 0.0502
1 -0.1697 0.0525
1 -0.1731 0.0548
1 -0.1764 0.0572
1 -0.1797 0.0596
1 -0.1830 0.0621
1 -0.1862 0.0646
1 -0.1894 0.0672
1 -0.1926 0.0698
1 -0.1957 0.0725
1 -0.1988 0.0751
1 -0.2018 0.0779
1 -0.2048 0.0807
1 -0.2078 0.0835
1 -0.2108 0.0863
1 -0.2137 0.0892
1 -0.2165 0.0922
1 -0.2193 0.0952
1 -0.2221 0.0982
1 -0.2249 0.1012
1 -0.2275 0.1043
1 -0.2302 0.1074
1 -0.2328 0.1106
1 -0.2354 0.1138
1 -0.2379 0.1170
1 -0.2404 0.1203
1 -0.2428 0.1236
1 -0.2452 0.1269
1 -0.2475 0.1303
1 -0.2498 0.1337
1 -0.2521 0.1371
1 -0.2543 0.1406
1 -0.2564 0.1441
1 -0.2585 0.1476
1 -0.2606 0.1511
1 -0.2626 0.1547
1 -0.2646 0.1583
1 -0.2665 0.1619
1 -0.2683 0.1656
1 -0.2701 0.1693
1 -0.2719 0.1730
1 -0.2736 0.1767
1 -0.2753 0.1804
1 -0.2769 0.1842
1 -0.2784 0.1880
1 -0.2799 0.1918
1 -0.2814 0.1956
1 -0.2828 0.1995
1 -0.2841 0.2034
1 -0.2854 0.2073
1 -0.2867 0.2112
1 -0.2879 0.2151
1 -0.2890 0.2190
1 -0.2901 0.2230
1 -0.2911 0.2270
1 -0.2921 0.2309
1 -0.2930 0.2349
1 -0.2938 0.2389
1 -0.2946 0.2430
1 -0.2954 0.2470
1 -0.2961 0.2510
1 -0.2967 0.2551
1 -0.2973 0.2591
1 -0.2979 0.2632
1 -0.2983 0.2673
1 -0.2987 0.2713
1 -0.2991 0.2754
1 -0.2994 0.2795
1 -0.2997 0.2836
1 -0.2999 0.2877
1 -0.3000 0.2918
1 -0.3001 0.2959
1 -0.3001 0.3000
112 1466 461
0 -0.2901 0.3000
1 -0.2901 0.3040
1 -0.2900 0.3079
1 -0.2899 0.3119
1 -0.2897 0.3158
1 -0.2894 0.3198
1 -0.2891 0.3237
1 -0.2888 0.3277
1 -0.2884 0.3316
1 -0.2879 0.3356
1 -0.2874 0.3395
1 -0.2869 0.3434
1 -0.2862 0.3473
1 -0.2856 0.3512
1 -0.2848 0.3551
1 -0.2841 0.3590
1 -0.2832 0.3629
1 -0.2823 0.3668
1 -0.2814 0.3706
1 -0.2804 0.3745
1 -0.2794 0.3783
1 -0.2783 0.3821
1 -0.2771 0.3859
1 -0.2759 0.3897
1 -0.2747 0.3934
1 -0.2734 0.3972
1 -0.2720 0.4009
1 -0.2706 0.4046
1 -0.2692 0.4083
1 -0.2677 0.4119
1 -0.2661 0.4156
1 -0.2645 0.4192
1 -0.2628 0.4228
1 -0.2611 0.4264
1 -0.2594 0.4299
1 -0.2576 0.4335
1 -0.2557 0.4370
1 -0.2539 0.4405
1 -0.2519 0.4439
1 -0.2499 0.4473
1 -0.2479 0.4507
1 -0.2458 0.4541
1 -0.2437 0.4575
1 -0.2415 0.4608
1 -0.2393 0.4641
1 -0.2370 0.4673
1 -0.2347 0.4705
1 -0.2324 0.4737
1 -0.2300 0.4769
1 -0.2275 0.4800
1 -0.2250 0.4831
1 -0.2225 0.4861
1 -0.2200 0.4892
1 -0.2174 0.4922
1 -0.2147 0.4951
1 -0.2120 0.4980
1 -0.2093 0.5009
1 -0.2065 0.5037
1 -0.2037 0.5065
1 -0.2009 0.5093
1 -0.1980 0.5120
1 -0.1951 0.5147
1 -0.1922 0.5174
1 -0.1892 0.5200
1 -0.1861 0.5225
1 -0.1831 0.5250
1 -0.1800 0.5275
1 -0.1769 0.5300
1 -0.1737 0.5324
1 -0.1705 0.5347
1 -0.1673 0.5370
1 -0.1641 0.5393
1 -0.1608 0.5415
1 -0.1575 0.5437
1 -0.1541 0.5458
1 -0.1507 0.5479
1 -0.1473 0.5499
1 -0.1439 0.5519
1 -0.1405 0.5539
1 -0.1370 0.5557
1 -0.1335 0.5576
1 -0.1299 0.5594
1 -0.1264 0.5611
1 -0.1228 0.5628
1 -0.1192 0.5645
1 -0.1156 0.5661
1 -0.1119 0.5677
1 -0.1083 0.5692
1 -0.1046 0.5706
1 -0.1009 0.5720
1 -0.0972 0.5734
1 -0.0934 0.5747
1 -0.0897 0.5759
1 -0.0859 0.5771
1 -0.0821 0.5783
1 -0.0783 0.5794
1 -0.0745 0.5804
1 -0.0706 0.5814
1 -0.0668 0.5823
1 -0.0629 0.5832
1 -0.0590 0.5841
1 -0.0551 0.5848
1 -0.0512 0.5856
1 -0.0473 0.5862
1 -0.0434 0.5869
1 -0.0395 0.5874
1 -0.0356 0.5879
1 -0.0316 0.5884
1 -0.0277 0.5888
1 -0.0237 0.5891
1 -0.0198 0.5894
1 -0.0158 0.5897
1 -0.0119 0.5899
1 -0.0079 0.5900
1 -0.0040 0.5901
1 0.0000 0.5901
1 0.0040 0.5901
1 0.0079 0.5900
1 0.0119 0.5899
1 0.0158 0.5897
1 0.0198 0.5894
1 0.0237 0.5891
1 0.0277 0.5888
1 0.0316 0.5884
1 0.0356 0.5879
1 0.0395 0.5874
1 0.0434 0.5869
1 0.0473 0.5862
1 0.0512 0.5856
1 0.0551 0.5848
1 0.0590 0.5841
1 0.0629 0.5832
1 0.0668 0.5823
1 0.0706 0.5814
1 0.0745 0.5804
1 0.0783 0.5794
1 0.0821 0.5783
1 0.0859 0.5771
1 0.0897 0.5759
1 0.0934 0.5747
1 0.0972 0.5734
1 0.1009 0.5720
1 0.1046 0.5706
1 0.1083 0.5692
1 0.1119 0.5677
1 0.1156 0.5661
1 0.1192 0.5645
1 0.1228 0.5628
1 0.1264 0.5611
1 0.1299 0.5594
1 0.1335 0.5576
1 0.1370 0.5557
1 0.1405 0.5539
1 0.1439 0.5519
1 0.1473 0.5499
1 0.1507 0.5479
1 0.1541 0.5458
1 0.1575 0.5437
1 0.1608 0.5415
1 0.1641 0.5393
1 0.1673 0.5370
1 0.1705 0.5347
1 0.1737 0.5324
1 0.1769 0.5300
1 0.1800 0.5275
1 0.1831 0.5250
1 0.1861 0.5225
1 0.1892 0.5200
1 0.1922 0.5174
1 0.1951 0.5147
1 0.1980 0.5120
1 0.2009 0.5093
1 0.2037 0.5065
1 0.2065 0.5037
1 0.2093 0.5009
1 0.2120 0.4980
1 0.2147 0.4951
1 0.2174 0.4922
1 0.2200 0.4892
1 0.2225 0.4861
1 0.2250 0.4831
1 0.2275 0.4800
1 0.2300 0.4769
1 0.2324 0.4737
1 0.2347 0.4705
1 0.2370 0.4673
1 0.2393 0.4641
1 0.2415 0.4608
1 0.2437 0.4575
1 0.2458 0.4541
1 0.2479 0.4507
1 0.2499 0.4473
1 0.2519 0.4439
1 0.2539 0.4405
1 0.2557 0.4370
1 0.2576 0.4335
1 0.2594 0.4299
1 0.2611 0.4264
1 0.2628 0.4228
1 0.2645 0.4192
1 0.2661 0.4156
1 0.2677 0.4119
1 0.2692 0.4083
1 0.2706 0.4046
1 0.2720 0.4009
1 0.2734 0.3972
1 0.2747 0.3934
1 0.2759 0.3897
1 0.2771 0.3859
1 0.2783 0.3821
1 0.2794 0.3783
1 0.2804 0.3745
1 0.2814 0.3706
1 0.2823 0.3668
1 0.2832 0.3629
1 0.2841 0.3590
1 0.2848 0.3551
1 0.2856 0.3512
1 0.2862 0.3473
1 0.2869 0.3434
1 0.2874 0.3395
1 0.2879 0.3356
1 0.2884 0.3316
1 0.2888 0.3277
1 0.2891 0.3237
1 0.2894 0.3198
1 0.2897 0.3158
1 0.2899 0.3119
1 0.2900 0.3079
1 0.2901 0.3040
1 0.2901 0.3000
1 0.2901 0.2960
1 0.2900 0.2921
1 0.2899 0.2881
1 0.2897 0.2842
1 0.2894 0.2802
1 0.2891 0.2763
1 0.2888 0.2723
1 0.2884 0.2684
1 0.2879 0.2644
1 0.2874 0.2605
1 0.2869 0.2566
1 0.2862 0.2527
1 0.2856 0.2488
1 0.2848 0.2449
1 0.2841 0.2410
1 0.2832 0.2371
1 0.2823 0.2332
1 0.2814 0.2294
1 0.2804 0.2255
1 0.2794 0.2217
1 0.2783 0.2179
1 0.2771 0.2141
1 0.2759 0.2103
1 0.2747 0.2066
1 0.2734 0.2028
1 0.2720 0.1991
1 0.2706 0.1954
1 0.2692 0.1917
1 0.2677 0.1881
1 0.2661 0.1844
1 0.2645 0.1808
1 0.2628 0.1772
1 0.2611 0.1736
1 0.2594 0.1701
1 0.2576 0.1665
1 0.2557 0.1630
1 0.2539 0.1595
1 0.2519 0.1561
1 0.2499 0.1527
1 0.2479 0.1493
1 0.2458 0.1459
1 0.2437 0.1425
1 0.2415 0.1392
1 0.2393 0.1359
1 0.2370 0.1327
1 0.2347 0.1295
1 0.2324 0.1263
1 0.2300 0.1231
1 0.2275 0.1200
1 0.2250 0.1169
1 0.2225 0.1139
1 0.2200 0.1108
1 0.2174 0.1078
1 0.2147 0.1049
1 0.2120 0.1020
1 0.2093 0.0991
1 0.2065 0.0963
1 0.2037 0.0935
1 0.2009 0.0907
1 0.1980 0.0880
1 0.1951 0.0853
1 0.1922 0.0826
1 0.1892 0.0800
1 0.1861 0.0775
1 0.1831 0.0750
1 0.1800 0.0725
1 0.1769 0.0700
1 0.1737 0.0676
1 0.1705 0.0653
1 0.1673 0.0630
1 0.1641 0.0607
1 0.1608 0.0585
1 0.1575 0.0563
1 0.1541 0.0542
1 0.1507 0.0521
1 0.1473 0.0501
1 0.1439 0.0481
1 0.1405 0.0461
1 0.1370 0.0443
1 0.1335 0.0424
1 0.1299 0.0406
1 0.1264 0.0389
1 0.1228 0.0372
1 0.1192 0.0355
1 0.1156 0.0339
1 0.1119 0.0323
1 0.1083 0.0308
1 0.1046 0.0294
1 0.1009 0.0280
1 0.0972 0.0266
1 0.0934 0.0253
1 0.0897 0.0241
1 0.0859 0.0229
1 0.0821 0.0217
1 0.0783 0.0206
1 0.0744 0.0196
1 0.0706 0.0186
1 0.0668 0.0177
1 0.0629 0.0168
1 0.0590 0.0159
1 0.0551 0.0152
1 0.0512 0.0144
1 0.0473 0.0138
1 0.0434 0.0131
1 0.0395 0.0126
1 0.0356 0.0121
1 0.0316 0.0116
1 0.0277 0.0112
1 0.0237 0.0109
1 0.0198 0.0106
1 0.0158 0.0103
1 0.0119 0.0101
1 0.0079 0.0100
1 0.0040 0.0099
1 0.0000 0.0099
1 -0.0040 0.0099
1 -0.0079 0.0100
1 -0.0119 0.0101
1 -0.0158 0.0103
1 -0.0198 0.0106
1 -0.0237 0.0109
1 -0.0277 0.0112
1 -0.0316 0.0116
1 -0.0356 0.0121
1 -0.0395 0.0126
1 -0.0434 0.0131
1 -0.0473 0.0138
1 -0.0512 0.0144
1 -0.0551 0.0152
1 -0.0590 0.0159
1 -0.0629 0.0168
1 -0.0668 0.0177
1 -0.0706 0.0186
1 -0.0744 0.0196
1 -0.0783 0.0206
1 -0.0821 0.0217
1 -0.0859 0.0229
1 -0.0897 0.0241
1 -0.0934 0.0253
1 -0.0972 0.0266
1 -0.1009 0.0280
1 -0.1046 0.0294
1 -0.1083 0.0308
1 -0.1119 0.0323
1 -0.1156 0.0339
1 -0.1192 0.0355
1 -0.1228 0.0372
1 -0.1264 0.0389
1 -0.1299 0.0406
1 -0.1335 0.0424
1 -0.1370 0.0443
1 -0.1405 0.0461
1 -0.1439 0.0481
1 -0.1473 0.0501
1 -0.1507 0.0521
1 -0.1541 0.0542
1 -0.1575 0.0563
1 -0.1608 0.0585
1 -0.1641 0.0607
1 -0.1673 0.0630
1 -0.1705 0.0653
1 -0.1737 0.0676
1 -0.1769 0.0700
1 -0.1800 0.0725
1 -0.1831 0.0750
1 -0.1861 0.0775
1 -0.1892 0.0800
1 -0.1922 0.0826
1 -0.1951 0.0853
1 -0.1980 0.0880
1 -0.2009 0.0907
1 -0.2037 0.0935
1 -0.2065 0.0963
1 -0.2093 0.0991
1 -0.2120 0.1020
1 -0.2147 0.1049
1 -0.2174 0.1078
1 -0.2200 0.1108
1 -0.2225 0.1139
1 -0.2250 0.1169
1 -0.2275 0.1200
1 -0.2300 0.1231
1 -0.2324 0.1263
1 -0.2347 0.1295
1 -0.2370 0.1327
1 -0.2393 0.1359
1 -0.2415 0.1392
1 -0.2437 0.1425
1 -0.2458 0.1459
1 -0.2479 0.1493
1 -0.2499 0.1527
1 -0.2519 0.1561
1 -0.2539 0.1595
1 -0.2557 0.1630
1 -0.2576 0.1665
1 -0.2594 0.1701
1 -0.2611 0.1736
1 -0.2628 0.1772
1 -0.2645 0.1808
1 -0.2661 0.1844
1 -0.2677 0.1881
1 -0.2692 0.1917
1 -0.2706 0.1954
1 -0.2720 0.1991
1 -0.2734 0.2028
1 -0.2747 0.2066
1 -0.2759 0.2103
1 -0.2771 0.2141
1 -0.2783 0.2179
1 -0.2794 0.2217
1 -0.2804 0.2255
1 -0.2814 0.2294
1 -0.2823 0.2332
1 -0.2832 0.2371
1 -0.2841 0.2410
1 -0.2848 0.2449
1 -0.2856 0.2488
1 -0.2862 0.2527
1 -0.2869 0.2566
1 -0.2874 0.2605
1 -0.2879 0.2644
1 -0.2884 0.2684
1 -0.2888 0.2723
1 -0.2891 0.2763
1 -0.2894 0.2802
1 -0.2897 0.2842
1 -0.2899 0.2881
1 -0.2900 0.2921
1 -0.2901 0.2960
1 -0.2901 0.3000
112 1251 95
0 0.0852 0.2772
1 0.1067 0.3189
1 0.1067 0.3189
1 0.1071 0.3197
1 0.1076 0.3204
1 0.1081 0.3212
1 0.1087 0.3218
1 0.1093 0.3225
1 0.1099 0.3231
1 0.1106 0.3237
1 0.1113 0.3243
1 0.1121 0.3248
1 0.1129 0.3252
1 0.1137 0.3256
1 0.1145 0.3260
1 0.1153 0.3263
1 0.1162 0.3265
1 0.1171 0.3267
1 0.1180 0.3269
1 0.1189 0.3270
1 0.1198 0.3270
1 0.1207 0.3270
1 0.1215 0.3269
1 0.1224 0.3268
1 0.1233 0.3266
1 0.1242 0.3264
1 0.1250 0.3261
1 0.1259 0.3258
1 0.1267 0.3254
1 0.1275 0.3250
1 0.1283 0.3245
1 0.1290 0.3240
1 0.1297 0.3234
1 0.1304 0.3228
1 0.1310 0.3222
1 0.1316 0.3215
1 0.1321 0.3208
1 0.1326 0.3201
1 0.1331 0.3193
1 0.1335 0.3185
1 0.1339 0.3177
1 0.1342 0.3168
1 0.1345 0.3160
1 0.1347 0.3151
1 0.1348 0.3142
1 0.1348 0.3142
1 0.1610 0.1390
1 -0.0142 0.1652
1 -0.0142 0.1652
1 -0.0151 0.1653
1 -0.0160 0.1655
1 -0.0168 0.1658
1 -0.0177 0.1661
1 -0.0185 0.1665
1 -0.0193 0.1669
1 -0.0201 0.1674
1 -0.0208 0.1679
1 -0.0215 0.1684
1 -0.0222 0.1690
1 -0.0228 0.1696
1 -0.0234 0.1703
1 -0.0240 0.1710
1 -0.0245 0.1717
1 -0.0250 0.1725
1 -0.0254 0.1733
1 -0.0258 0.1741
1 -0.0261 0.1749
1 -0.0264 0.1758
1 -0.0266 0.1767
1 -0.0268 0.1776
1 -0.0269 0.1785
1 -0.0270 0.1793
1 -0.0270 0.1802
1 -0.0270 0.1811
1 -0.0269 0.1820
1 -0.0267 0.1829
1 -0.0265 0.1838
1 -0.0263 0.1847
1 -0.0260 0.1855
1 -0.0256 0.1863
1 -0.0252 0.1871
1 -0.0248 0.1879
1 -0.0243 0.1887
1 -0.0237 0.1894
1 -0.0231 0.1901
1 -0.0225 0.1907
1 -0.0218 0.1913
1 -0.0212 0.1919
1 -0.0204 0.1924
1 -0.0197 0.1929
1 -0.0189 0.1933
1 -0.0189 0.1933
1 0.0228 0.2148
1 -0.1907 0.4283
1 -0.1283 0.4907
