SEcl_RA-2
3389 20 1 1 0 0 0 0 0 0 1 1
1.000
112 1251 213
0 -0.3150 1.1000
1 -0.3168 1.1000
1 -0.3186 1.0999
1 -0.3204 1.0998
1 -0.3222 1.0996
1 -0.3240 1.0993
1 -0.3258 1.0990
1 -0.3276 1.0987
1 -0.3294 1.0983
1 -0.3311 1.0978
1 -0.3329 1.0973
1 -0.3346 1.0967
1 -0.3363 1.0961
1 -0.3380 1.0954
1 -0.3396 1.0947
1 -0.3413 1.0939
1 -0.3429 1.0931
1 -0.3445 1.0923
1 -0.3460 1.0913
1 -0.3476 1.0904
1 -0.3491 1.0894
1 -0.3506 1.0883
1 -0.3520 1.0872
1 -0.3534 1.0861
1 -0.3548 1.0849
1 -0.3561 1.0837
1 -0.3574 1.0824
1 -0.3587 1.0811
1 -0.3599 1.0798
1 -0.3611 1.0784
1 -0.3622 1.0770
1 -0.3633 1.0756
1 -0.3644 1.0741
1 -0.3654 1.0726
1 -0.3663 1.0710
1 -0.3673 1.0695
1 -0.3681 1.0679
1 -0.3689 1.0663
1 -0.3697 1.0646
1 -0.3704 1.0630
1 -0.3711 1.0613
1 -0.3717 1.0596
1 -0.3723 1.0579
1 -0.3728 1.0561
1 -0.3733 1.0544
1 -0.3737 1.0526
1 -0.3740 1.0508
1 -0.3743 1.0490
1 -0.3746 1.0472
1 -0.3748 1.0454
1 -0.3749 1.0436
1 -0.3750 1.0418
1 -0.3750 1.0400
1 -0.3750 0.0600
1 -0.3750 0.0582
1 -0.3749 0.0564
1 -0.3748 0.0546
1 -0.3746 0.0528
1 -0.3743 0.0510
1 -0.3740 0.0492
1 -0.3737 0.0474
1 -0.3733 0.0456
1 -0.3728 0.0439
1 -0.3723 0.0421
1 -0.3717 0.0404
1 -0.3711 0.0387
1 -0.3704 0.0370
1 -0.3697 0.0354
1 -0.3689 0.0337
1 -0.3681 0.0321
1 -0.3673 0.0305
1 -0.3663 0.0290
1 -0.3654 0.0274
1 -0.3644 0.0259
1 -0.3633 0.0244
1 -0.3622 0.0230
1 -0.3611 0.0216
1 -0.3599 0.0202
1 -0.3587 0.0189
1 -0.3574 0.0176
1 -0.3561 0.0163
1 -0.3548 0.0151
1 -0.3534 0.0139
1 -0.3520 0.0128
1 -0.3506 0.0117
1 -0.3491 0.0106
1 -0.3476 0.0096
1 -0.3460 0.0087
1 -0.3445 0.0077
1 -0.3429 0.0069
1 -0.3413 0.0061
1 -0.3396 0.0053
1 -0.3380 0.0046
1 -0.3363 0.0039
1 -0.3346 0.0033
1 -0.3329 0.0027
1 -0.3311 0.0022
1 -0.3294 0.0017
1 -0.3276 0.0013
1 -0.3258 0.0010
1 -0.3240 0.0007
1 -0.3222 0.0004
1 -0.3204 0.0002
1 -0.3186 0.0001
1 -0.3168 0.0000
1 -0.3150 0.0000
1 0.3150 0.0000
1 0.3168 0.0000
1 0.3186 0.0001
1 0.3204 0.0002
1 0.3222 0.0004
1 0.3240 0.0007
1 0.3258 0.0010
1 0.3276 0.0013
1 0.3294 0.0017
1 0.3311 0.0022
1 0.3328 0.0027
1 0.3346 0.0033
1 0.3363 0.0039
1 0.3380 0.0046
1 0.3396 0.0053
1 0.3413 0.0061
1 0.3429 0.0069
1 0.3445 0.0077
1 0.3460 0.0087
1 0.3476 0.0096
1 0.3491 0.0106
1 0.3506 0.0117
1 0.3520 0.0128
1 0.3534 0.0139
1 0.3548 0.0151
1 0.3561 0.0163
1 0.3574 0.0176
1 0.3587 0.0189
1 0.3599 0.0202
1 0.3611 0.0216
1 0.3622 0.0230
1 0.3633 0.0244
1 0.3644 0.0259
1 0.3654 0.0274
1 0.3663 0.0290
1 0.3673 0.0305
1 0.3681 0.0321
1 0.3689 0.0337
1 0.3697 0.0354
1 0.3704 0.0370
1 0.3711 0.0387
1 0.3717 0.0404
1 0.3723 0.0421
1 0.3728 0.0439
1 0.3733 0.0456
1 0.3737 0.0474
1 0.3740 0.0492
1 0.3743 0.0510
1 0.3746 0.0528
1 0.3748 0.0546
1 0.3749 0.0564
1 0.3750 0.0582
1 0.3750 0.0600
1 0.3750 1.0400
1 0.3750 1.0418
1 0.3749 1.0436
1 0.3748 1.0454
1 0.3746 1.0472
1 0.3743 1.0490
1 0.3740 1.0508
1 0.3737 1.0526
1 0.3733 1.0544
1 0.3728 1.0561
1 0.3723 1.0579
1 0.3717 1.0596
1 0.3711 1.0613
1 0.3704 1.0630
1 0.3697 1.0646
1 0.3689 1.0663
1 0.3681 1.0679
1 0.3673 1.0695
1 0.3663 1.0710
1 0.3654 1.0726
1 0.3644 1.0741
1 0.3633 1.0756
1 0.3622 1.0770
1 0.3611 1.0784
1 0.3599 1.0798
1 0.3587 1.0811
1 0.3574 1.0824
1 0.3561 1.0837
1 0.3548 1.0849
1 0.3534 1.0861
1 0.3520 1.0872
1 0.3506 1.0883
1 0.3491 1.0894
1 0.3476 1.0904
1 0.3460 1.0913
1 0.3445 1.0923
1 0.3429 1.0931
1 0.3413 1.0939
1 0.3396 1.0947
1 0.3380 1.0954
1 0.3363 1.0961
1 0.3346 1.0967
1 0.3328 1.0973
1 0.3311 1.0978
1 0.3294 1.0983
1 0.3276 1.0987
1 0.3258 1.0990
1 0.3240 1.0993
1 0.3222 1.0996
1 0.3204 1.0998
1 0.3186 1.0999
1 0.3168 1.1000
1 0.3150 1.1000
1 -0.3150 1.1000
112 1250 181
0 -0.3150 1.0850
1 -0.3166 1.0850
1 -0.3182 1.0849
1 -0.3198 1.0847
1 -0.3214 1.0845
1 -0.3230 1.0843
1 -0.3246 1.0840
1 -0.3261 1.0836
1 -0.3277 1.0832
1 -0.3292 1.0827
1 -0.3307 1.0822
1 -0.3322 1.0816
1 -0.3337 1.0809
1 -0.3351 1.0802
1 -0.3366 1.0795
1 -0.3380 1.0787
1 -0.3393 1.0779
1 -0.3407 1.0770
1 -0.3420 1.0760
1 -0.3432 1.0750
1 -0.3445 1.0740
1 -0.3457 1.0729
1 -0.3468 1.0718
1 -0.3479 1.0707
1 -0.3490 1.0695
1 -0.3500 1.0682
1 -0.3510 1.0670
1 -0.3520 1.0657
1 -0.3529 1.0643
1 -0.3537 1.0630
1 -0.3545 1.0616
1 -0.3552 1.0601
1 -0.3559 1.0587
1 -0.3566 1.0572
1 -0.3572 1.0557
1 -0.3577 1.0542
1 -0.3582 1.0527
1 -0.3586 1.0511
1 -0.3590 1.0496
1 -0.3593 1.0480
1 -0.3595 1.0464
1 -0.3597 1.0448
1 -0.3599 1.0432
1 -0.3600 1.0416
1 -0.3600 1.0400
1 -0.3600 0.0600
1 -0.3600 0.0584
1 -0.3599 0.0568
1 -0.3597 0.0552
1 -0.3595 0.0536
1 -0.3593 0.0520
1 -0.3590 0.0504
1 -0.3586 0.0489
1 -0.3582 0.0473
1 -0.3577 0.0458
1 -0.3572 0.0443
1 -0.3566 0.0428
1 -0.3559 0.0413
1 -0.3552 0.0399
1 -0.3545 0.0384
1 -0.3537 0.0370
1 -0.3529 0.0357
1 -0.3520 0.0343
1 -0.3510 0.0330
1 -0.3500 0.0318
1 -0.3490 0.0305
1 -0.3479 0.0293
1 -0.3468 0.0282
1 -0.3457 0.0271
1 -0.3445 0.0260
1 -0.3432 0.0250
1 -0.3420 0.0240
1 -0.3407 0.0230
1 -0.3393 0.0221
1 -0.3380 0.0213
1 -0.3366 0.0205
1 -0.3351 0.0198
1 -0.3337 0.0191
1 -0.3322 0.0184
1 -0.3307 0.0178
1 -0.3292 0.0173
1 -0.3277 0.0168
1 -0.3261 0.0164
1 -0.3246 0.0160
1 -0.3230 0.0157
1 -0.3214 0.0155
1 -0.3198 0.0153
1 -0.3182 0.0151
1 -0.3166 0.0150
1 -0.3150 0.0150
1 0.3150 0.0150
1 0.3166 0.0150
1 0.3182 0.0151
1 0.3198 0.0153
1 0.3214 0.0155
1 0.3230 0.0157
1 0.3246 0.0160
1 0.3261 0.0164
1 0.3277 0.0168
1 0.3292 0.0173
1 0.3307 0.0178
1 0.3322 0.0184
1 0.3337 0.0191
1 0.3351 0.0198
1 0.3366 0.0205
1 0.3380 0.0213
1 0.3393 0.0221
1 0.3407 0.0230
1 0.3420 0.0240
1 0.3432 0.0250
1 0.3445 0.0260
1 0.3457 0.0271
1 0.3468 0.0282
1 0.3479 0.0293
1 0.3490 0.0305
1 0.3500 0.0318
1 0.3510 0.0330
1 0.3520 0.0343
1 0.3529 0.0357
1 0.3537 0.0370
1 0.3545 0.0384
1 0.3552 0.0399
1 0.3559 0.0413
1 0.3566 0.0428
1 0.3572 0.0443
1 0.3577 0.0458
1 0.3582 0.0473
1 0.3586 0.0489
1 0.3590 0.0504
1 0.3593 0.0520
1 0.3595 0.0536
1 0.3597 0.0552
1 0.3599 0.0568
1 0.3600 0.0584
1 0.3600 0.0600
1 0.3600 1.0400
1 0.3600 1.0416
1 0.3599 1.0432
1 0.3597 1.0448
1 0.3595 1.0464
1 0.3593 1.0480
1 0.3590 1.0496
1 0.3586 1.0511
1 0.3582 1.0527
1 0.3577 1.0542
1 0.3572 1.0557
1 0.3566 1.0572
1 0.3559 1.0587
1 0.3552 1.0601
1 0.3545 1.0616
1 0.3537 1.0630
1 0.3529 1.0643
1 0.3520 1.0657
1 0.3510 1.0670
1 0.3500 1.0682
1 0.3490 1.0695
1 0.3479 1.0707
1 0.3468 1.0718
1 0.3457 1.0729
1 0.3445 1.0740
1 0.3432 1.0750
1 0.3420 1.0760
1 0.3407 1.0770
1 0.3393 1.0779
1 0.3380 1.0787
1 0.3366 1.0795
1 0.3351 1.0802
1 0.3337 1.0809
1 0.3322 1.0816
1 0.3307 1.0822
1 0.3292 1.0827
1 0.3277 1.0832
1 0.3261 1.0836
1 0.3246 1.0840
1 0.3230 1.0843
1 0.3214 1.0845
1 0.3198 1.0847
1 0.3182 1.0849
1 0.3166 1.0850
1 0.3150 1.0850
1 -0.3150 1.0850
112 1251 112
0 0.3300 1.0400
1 0.3300 1.0409
1 0.3299 1.0418
1 0.3298 1.0427
1 0.3296 1.0436
1 0.3293 1.0445
1 0.3290 1.0453
1 0.3287 1.0462
1 0.3283 1.0470
1 0.3278 1.0478
1 0.3273 1.0485
1 0.3268 1.0493
1 0.3262 1.0499
1 0.3256 1.0506
1 0.3249 1.0512
1 0.3243 1.0518
1 0.3235 1.0523
1 0.3228 1.0528
1 0.3220 1.0533
1 0.3212 1.0537
1 0.3203 1.0540
1 0.3195 1.0543
1 0.3186 1.0546
1 0.3177 1.0548
1 0.3168 1.0549
1 0.3159 1.0550
1 0.3150 1.0550
1 0.3150 1.0550
1 -0.3150 1.0550
1 -0.3159 1.0550
1 -0.3168 1.0549
1 -0.3177 1.0548
1 -0.3186 1.0546
1 -0.3195 1.0543
1 -0.3203 1.0540
1 -0.3212 1.0537
1 -0.3220 1.0533
1 -0.3228 1.0528
1 -0.3235 1.0523
1 -0.3243 1.0518
1 -0.3249 1.0512
1 -0.3256 1.0506
1 -0.3262 1.0499
1 -0.3268 1.0493
1 -0.3273 1.0485
1 -0.3278 1.0478
1 -0.3283 1.0470
1 -0.3287 1.0462
1 -0.3290 1.0453
1 -0.3293 1.0445
1 -0.3296 1.0436
1 -0.3298 1.0427
1 -0.3299 1.0418
1 -0.3300 1.0409
1 -0.3300 1.0400
1 -0.3300 1.0400
1 -0.3300 0.0600
1 -0.3300 0.0591
1 -0.3299 0.0582
1 -0.3298 0.0573
1 -0.3296 0.0564
1 -0.3293 0.0555
1 -0.3290 0.0547
1 -0.3287 0.0538
1 -0.3283 0.0530
1 -0.3278 0.0522
1 -0.3273 0.0515
1 -0.3268 0.0507
1 -0.3262 0.0501
1 -0.3256 0.0494
1 -0.3249 0.0488
1 -0.3243 0.0482
1 -0.3235 0.0477
1 -0.3228 0.0472
1 -0.3220 0.0467
1 -0.3212 0.0463
1 -0.3203 0.0460
1 -0.3195 0.0457
1 -0.3186 0.0454
1 -0.3177 0.0452
1 -0.3168 0.0451
1 -0.3159 0.0450
1 -0.3150 0.0450
1 -0.3150 0.0450
1 0.3150 0.0450
1 0.3159 0.0450
1 0.3168 0.0451
1 0.3177 0.0452
1 0.3186 0.0454
1 0.3195 0.0457
1 0.3203 0.0460
1 0.3212 0.0463
1 0.3220 0.0467
1 0.3228 0.0472
1 0.3235 0.0477
1 0.3243 0.0482
1 0.3249 0.0488
1 0.3256 0.0494
1 0.3262 0.0501
1 0.3268 0.0507
1 0.3273 0.0515
1 0.3278 0.0522
1 0.3283 0.0530
1 0.3287 0.0538
1 0.3290 0.0547
1 0.3293 0.0555
1 0.3296 0.0564
1 0.3298 0.0573
1 0.3299 0.0582
1 0.3300 0.0591
1 0.3300 0.0600
1 0.3300 0.0600
112 1462 461
0 0.3125 0.7185
1 0.3125 0.7228
1 0.3124 0.7270
1 0.3122 0.7313
1 0.3120 0.7356
1 0.3118 0.7398
1 0.3115 0.7441
1 0.3111 0.7483
1 0.3106 0.7526
1 0.3101 0.7568
1 0.3096 0.7611
1 0.3090 0.7653
1 0.3083 0.7695
1 0.3076 0.7737
1 0.3068 0.7779
1 0.3060 0.7821
1 0.3051 0.7863
1 0.3041 0.7904
1 0.3031 0.7946
1 0.3020 0.7987
1 0.3009 0.8028
1 0.2997 0.8069
1 0.2985 0.8110
1 0.2972 0.8151
1 0.2959 0.8191
1 0.2945 0.8232
1 0.2930 0.8272
1 0.2915 0.8312
1 0.2899 0.8351
1 0.2883 0.8391
1 0.2866 0.8430
1 0.2849 0.8469
1 0.2831 0.8508
1 0.2813 0.8546
1 0.2794 0.8585
1 0.2775 0.8623
1 0.2755 0.8660
1 0.2734 0.8698
1 0.2713 0.8735
1 0.2692 0.8772
1 0.2670 0.8809
1 0.2648 0.8845
1 0.2625 0.8881
1 0.2601 0.8917
1 0.2577 0.8952
1 0.2553 0.8987
1 0.2528 0.9022
1 0.2503 0.9056
1 0.2477 0.9090
1 0.2451 0.9124
1 0.2424 0.9157
1 0.2397 0.9190
1 0.2369 0.9223
1 0.2341 0.9255
1 0.2313 0.9287
1 0.2284 0.9318
1 0.2255 0.9349
1 0.2225 0.9380
1 0.2195 0.9410
1 0.2164 0.9440
1 0.2133 0.9469
1 0.2102 0.9498
1 0.2070 0.9526
1 0.2038 0.9554
1 0.2005 0.9582
1 0.1972 0.9609
1 0.1939 0.9636
1 0.1905 0.9662
1 0.1871 0.9688
1 0.1837 0.9713
1 0.1802 0.9738
1 0.1767 0.9762
1 0.1732 0.9786
1 0.1696 0.9810
1 0.1660 0.9833
1 0.1624 0.9855
1 0.1587 0.9877
1 0.1550 0.9898
1 0.1513 0.9919
1 0.1475 0.9940
1 0.1438 0.9960
1 0.1400 0.9979
1 0.1361 0.9998
1 0.1323 1.0016
1 0.1284 1.0034
1 0.1245 1.0051
1 0.1206 1.0068
1 0.1166 1.0084
1 0.1127 1.0100
1 0.1087 1.0115
1 0.1046 1.0130
1 0.1006 1.0144
1 0.0966 1.0157
1 0.0925 1.0170
1 0.0884 1.0182
1 0.0843 1.0194
1 0.0802 1.0205
1 0.0761 1.0216
1 0.0719 1.0226
1 0.0678 1.0236
1 0.0636 1.0245
1 0.0594 1.0253
1 0.0552 1.0261
1 0.0510 1.0268
1 0.0468 1.0275
1 0.0426 1.0281
1 0.0383 1.0286
1 0.0341 1.0291
1 0.0298 1.0296
1 0.0256 1.0300
1 0.0213 1.0303
1 0.0171 1.0305
1 0.0128 1.0307
1 0.0085 1.0309
1 0.0043 1.0310
1 0.0000 1.0310
1 -0.0043 1.0310
1 -0.0085 1.0309
1 -0.0128 1.0307
1 -0.0171 1.0305
1 -0.0213 1.0303
1 -0.0256 1.0300
1 -0.0298 1.0296
1 -0.0341 1.0291
1 -0.0383 1.0286
1 -0.0426 1.0281
1 -0.0468 1.0275
1 -0.0510 1.0268
1 -0.0552 1.0261
1 -0.0594 1.0253
1 -0.0636 1.0245
1 -0.0678 1.0236
1 -0.0719 1.0226
1 -0.0761 1.0216
1 -0.0802 1.0205
1 -0.0843 1.0194
1 -0.0884 1.0182
1 -0.0925 1.0170
1 -0.0966 1.0157
1 -0.1006 1.0144
1 -0.1047 1.0130
1 -0.1087 1.0115
1 -0.1127 1.0100
1 -0.1166 1.0084
1 -0.1206 1.0068
1 -0.1245 1.0051
1 -0.1284 1.0034
1 -0.1323 1.0016
1 -0.1361 0.9998
1 -0.1400 0.9979
1 -0.1438 0.9960
1 -0.1475 0.9940
1 -0.1513 0.9919
1 -0.1550 0.9898
1 -0.1587 0.9877
1 -0.1624 0.9855
1 -0.1660 0.9833
1 -0.1696 0.9810
1 -0.1732 0.9786
1 -0.1767 0.9762
1 -0.1802 0.9738
1 -0.1837 0.9713
1 -0.1871 0.9688
1 -0.1905 0.9662
1 -0.1939 0.9636
1 -0.1972 0.9609
1 -0.2005 0.9582
1 -0.2038 0.9554
1 -0.2070 0.9526
1 -0.2102 0.9498
1 -0.2133 0.9469
1 -0.2164 0.9440
1 -0.2195 0.9410
1 -0.2225 0.9380
1 -0.2255 0.9349
1 -0.2284 0.9318
1 -0.2313 0.9287
1 -0.2341 0.9255
1 -0.2369 0.9223
1 -0.2397 0.9190
1 -0.2424 0.9157
1 -0.2451 0.9124
1 -0.2477 0.9090
1 -0.2503 0.9056
1 -0.2528 0.9022
1 -0.2553 0.8987
1 -0.2577 0.8952
1 -0.2601 0.8917
1 -0.2625 0.8881
1 -0.2648 0.8845
1 -0.2670 0.8809
1 -0.2692 0.8772
1 -0.2713 0.8735
1 -0.2734 0.8698
1 -0.2755 0.8660
1 -0.2775 0.8623
1 -0.2794 0.8585
1 -0.2813 0.8546
1 -0.2831 0.8508
1 -0.2849 0.8469
1 -0.2866 0.8430
1 -0.2883 0.8391
1 -0.2899 0.8351
1 -0.2915 0.8312
1 -0.2930 0.8272
1 -0.2945 0.8232
1 -0.2959 0.8191
1 -0.2972 0.8151
1 -0.2985 0.8110
1 -0.2997 0.8069
1 -0.3009 0.8028
1 -0.3020 0.7987
1 -0.3031 0.7946
1 -0.3041 0.7904
1 -0.3051 0.7863
1 -0.3060 0.7821
1 -0.3068 0.7779
1 -0.3076 0.7737
1 -0.3083 0.7695
1 -0.3090 0.7653
1 -0.3096 0.7611
1 -0.3101 0.7568
1 -0.3106 0.7526
1 -0.3111 0.7483
1 -0.3115 0.7441
1 -0.3118 0.7398
1 -0.3120 0.7356
1 -0.3122 0.7313
1 -0.3124 0.7270
1 -0.3125 0.7228
1 -0.3125 0.7185
1 -0.3125 0.7142
1 -0.3124 0.7100
1 -0.3122 0.7057
1 -0.3120 0.7014
1 -0.3118 0.6972
1 -0.3115 0.6929
1 -0.3111 0.6887
1 -0.3106 0.6844
1 -0.3101 0.6802
1 -0.3096 0.6759
1 -0.3090 0.6717
1 -0.3083 0.6675
1 -0.3076 0.6633
1 -0.3068 0.6591
1 -0.3060 0.6549
1 -0.3051 0.6507
1 -0.3041 0.6466
1 -0.3031 0.6424
1 -0.3020 0.6383
1 -0.3009 0.6342
1 -0.2997 0.6301
1 -0.2985 0.6260
1 -0.2972 0.6219
1 -0.2959 0.6179
1 -0.2945 0.6139
1 -0.2930 0.6098
1 -0.2915 0.6058
1 -0.2899 0.6019
1 -0.2883 0.5979
1 -0.2866 0.5940
1 -0.2849 0.5901
1 -0.2831 0.5862
1 -0.2813 0.5824
1 -0.2794 0.5785
1 -0.2775 0.5747
1 -0.2755 0.5710
1 -0.2734 0.5672
1 -0.2713 0.5635
1 -0.2692 0.5598
1 -0.2670 0.5561
1 -0.2648 0.5525
1 -0.2625 0.5489
1 -0.2601 0.5453
1 -0.2577 0.5418
1 -0.2553 0.5383
1 -0.2528 0.5348
1 -0.2503 0.5314
1 -0.2477 0.5280
1 -0.2451 0.5246
1 -0.2424 0.5213
1 -0.2397 0.5180
1 -0.2369 0.5147
1 -0.2341 0.5115
1 -0.2313 0.5083
1 -0.2284 0.5052
1 -0.2255 0.5021
1 -0.2225 0.4990
1 -0.2195 0.4960
1 -0.2164 0.4930
1 -0.2133 0.4901
1 -0.2102 0.4872
1 -0.2070 0.4844
1 -0.2038 0.4816
1 -0.2005 0.4788
1 -0.1972 0.4761
1 -0.1939 0.4734
1 -0.1905 0.4708
1 -0.1871 0.4682
1 -0.1837 0.4657
1 -0.1802 0.4632
1 -0.1767 0.4608
1 -0.1732 0.4584
1 -0.1696 0.4560
1 -0.1660 0.4537
1 -0.1624 0.4515
1 -0.1587 0.4493
1 -0.1550 0.4472
1 -0.1513 0.4451
1 -0.1475 0.4430
1 -0.1438 0.4410
1 -0.1400 0.4391
1 -0.1361 0.4372
1 -0.1323 0.4354
1 -0.1284 0.4336
1 -0.1245 0.4319
1 -0.1206 0.4302
1 -0.1166 0.4286
1 -0.1127 0.4270
1 -0.1087 0.4255
1 -0.1047 0.4240
1 -0.1006 0.4226
1 -0.0966 0.4213
1 -0.0925 0.4200
1 -0.0884 0.4188
1 -0.0843 0.4176
1 -0.0802 0.4165
1 -0.0761 0.4154
1 -0.0719 0.4144
1 -0.0678 0.4134
1 -0.0636 0.4125
1 -0.0594 0.4117
1 -0.0552 0.4109
1 -0.0510 0.4102
1 -0.0468 0.4095
1 -0.0426 0.4089
1 -0.0383 0.4084
1 -0.0341 0.4079
1 -0.0298 0.4074
1 -0.0256 0.4070
1 -0.0213 0.4067
1 -0.0171 0.4065
1 -0.0128 0.4063
1 -0.0085 0.4061
1 -0.0043 0.4060
1 0.0000 0.4060
1 0.0043 0.4060
1 0.0085 0.4061
1 0.0128 0.4063
1 0.0171 0.4065
1 0.0213 0.4067
1 0.0256 0.4070
1 0.0298 0.4074
1 0.0341 0.4079
1 0.0383 0.4084
1 0.0426 0.4089
1 0.0468 0.4095
1 0.0510 0.4102
1 0.0552 0.4109
1 0.0594 0.4117
1 0.0636 0.4125
1 0.0678 0.4134
1 0.0719 0.4144
1 0.0761 0.4154
1 0.0802 0.4165
1 0.0843 0.4176
1 0.0884 0.4188
1 0.0925 0.4200
1 0.0966 0.4213
1 0.1006 0.4226
1 0.1046 0.4240
1 0.1087 0.4255
1 0.1127 0.4270
1 0.1166 0.4286
1 0.1206 0.4302
1 0.1245 0.4319
1 0.1284 0.4336
1 0.1323 0.4354
1 0.1361 0.4372
1 0.1400 0.4391
1 0.1438 0.4410
1 0.1475 0.4430
1 0.1513 0.4451
1 0.1550 0.4472
1 0.1587 0.4493
1 0.1624 0.4515
1 0.1660 0.4537
1 0.1696 0.4560
1 0.1732 0.4584
1 0.1767 0.4608
1 0.1802 0.4632
1 0.1837 0.4657
1 0.1871 0.4682
1 0.1905 0.4708
1 0.1939 0.4734
1 0.1972 0.4761
1 0.2005 0.4788
1 0.2038 0.4816
1 0.2070 0.4844
1 0.2102 0.4872
1 0.2133 0.4901
1 0.2164 0.4930
1 0.2195 0.4960
1 0.2225 0.4990
1 0.2255 0.5021
1 0.2284 0.5052
1 0.2313 0.5083
1 0.2341 0.5115
1 0.2369 0.5147
1 0.2397 0.5180
1 0.2424 0.5213
1 0.2451 0.5246
1 0.2477 0.5280
1 0.2503 0.5314
1 0.2528 0.5348
1 0.2553 0.5383
1 0.2577 0.5418
1 0.2601 0.5453
1 0.2625 0.5489
1 0.2648 0.5525
1 0.2670 0.5561
1 0.2692 0.5598
1 0.2713 0.5635
1 0.2734 0.5672
1 0.2755 0.5710
1 0.2775 0.5747
1 0.2794 0.5785
1 0.2813 0.5824
1 0.2831 0.5862
1 0.2849 0.5901
1 0.2866 0.5940
1 0.2883 0.5979
1 0.2899 0.6019
1 0.2915 0.6058
1 0.2930 0.6098
1 0.2945 0.6139
1 0.2959 0.6179
1 0.2972 0.6219
1 0.2985 0.6260
1 0.2997 0.6301
1 0.3009 0.6342
1 0.3020 0.6383
1 0.3031 0.6424
1 0.3041 0.6466
1 0.3051 0.6507
1 0.3060 0.6549
1 0.3068 0.6591
1 0.3076 0.6633
1 0.3083 0.6675
1 0.3090 0.6717
1 0.3096 0.6759
1 0.3101 0.6802
1 0.3106 0.6844
1 0.3111 0.6887
1 0.3115 0.6929
1 0.3118 0.6972
1 0.3120 0.7014
1 0.3122 0.7057
1 0.3124 0.7100
1 0.3125 0.7142
1 0.3125 0.7185
112 1251 404
0 0.1886 0.5741
1 0.1908 0.5771
1 0.1930 0.5801
1 0.1951 0.5831
1 0.1972 0.5862
1 0.1993 0.5893
1 0.2013 0.5924
1 0.2032 0.5956
1 0.2051 0.5988
1 0.2070 0.6020
1 0.2088 0.6053
1 0.2105 0.6085
1 0.2122 0.6118
1 0.2138 0.6152
1 0.2154 0.6185
1 0.2170 0.6219
1 0.2185 0.6253
1 0.2199 0.6287
1 0.2213 0.6322
1 0.2226 0.6357
1 0.2239 0.6392
1 0.2251 0.6427
1 0.2262 0.6462
1 0.2273 0.6497
1 0.2284 0.6533
1 0.2294 0.6569
1 0.2303 0.6605
1 0.2312 0.6641
1 0.2320 0.6677
1 0.2328 0.6713
1 0.2335 0.6750
1 0.2341 0.6786
1 0.2347 0.6823
1 0.2353 0.6860
1 0.2357 0.6897
1 0.2362 0.6934
1 0.2365 0.6971
1 0.2368 0.7008
1 0.2371 0.7045
1 0.2373 0.7082
1 0.2374 0.7119
1 0.2375 0.7156
1 0.2375 0.7193
1 0.2375 0.7230
1 0.2374 0.7267
1 0.2372 0.7305
1 0.2370 0.7342
1 0.2367 0.7379
1 0.2364 0.7416
1 0.2360 0.7453
1 0.2355 0.7489
1 0.2350 0.7526
1 0.2345 0.7563
1 0.2339 0.7600
1 0.2332 0.7636
1 0.2324 0.7673
1 0.2317 0.7709
1 0.2308 0.7745
1 0.2299 0.7781
1 0.2289 0.7817
1 0.2279 0.7853
1 0.2269 0.7888
1 0.2257 0.7924
1 0.2245 0.7959
1 0.2233 0.7994
1 0.2220 0.8029
1 0.2207 0.8063
1 0.2193 0.8098
1 0.2178 0.8132
1 0.2163 0.8166
1 0.2147 0.8199
1 0.2131 0.8233
1 0.2115 0.8266
1 0.2097 0.8299
1 0.2080 0.8332
1 0.2062 0.8364
1 0.2043 0.8396
1 0.2024 0.8428
1 0.2004 0.8460
1 0.1984 0.8491
1 0.1963 0.8522
1 0.1942 0.8552
1 0.1920 0.8582
1 0.1898 0.8612
1 0.1876 0.8642
1 0.1853 0.8671
1 0.1829 0.8700
1 0.1805 0.8728
1 0.1781 0.8756
1 0.1756 0.8784
1 0.1731 0.8811
1 0.1705 0.8838
1 0.1679 0.8864
1 0.1653 0.8890
1 0.1626 0.8916
1 0.1599 0.8941
1 0.1571 0.8966
1 0.1543 0.8990
1 0.1515 0.9014
1 0.1486 0.9038
1 0.1457 0.9061
1 0.1427 0.9083
1 0.1397 0.9105
1 0.1367 0.9127
1 0.1337 0.9148
1 0.1306 0.9169
1 0.1275 0.9189
1 0.1243 0.9209
1 0.1211 0.9228
1 0.1179 0.9247
1 0.1147 0.9265
1 0.1114 0.9282
1 0.1081 0.9300
1 0.1048 0.9316
1 0.1014 0.9332
1 0.0981 0.9348
1 0.0947 0.9363
1 0.0913 0.9378
1 0.0878 0.9392
1 0.0844 0.9405
1 0.0809 0.9418
1 0.0774 0.9430
1 0.0739 0.9442
1 0.0703 0.9454
1 0.0668 0.9464
1 0.0632 0.9474
1 0.0596 0.9484
1 0.0560 0.9493
1 0.0524 0.9502
1 0.0488 0.9509
1 0.0451 0.9517
1 0.0415 0.9524
1 0.0378 0.9530
1 0.0341 0.9535
1 0.0304 0.9540
1 0.0268 0.9545
1 0.0231 0.9549
1 0.0194 0.9552
1 0.0157 0.9555
1 0.0120 0.9557
1 0.0082 0.9559
1 0.0045 0.9560
1 0.0008 0.9560
1 -0.0029 0.9560
1 -0.0066 0.9559
1 -0.0103 0.9558
1 -0.0140 0.9556
1 -0.0177 0.9553
1 -0.0214 0.9550
1 -0.0251 0.9547
1 -0.0288 0.9542
1 -0.0325 0.9538
1 -0.0362 0.9532
1 -0.0399 0.9526
1 -0.0435 0.9520
1 -0.0472 0.9513
1 -0.0508 0.9505
1 -0.0544 0.9497
1 -0.0580 0.9488
1 -0.0616 0.9479
1 -0.0652 0.9469
1 -0.0688 0.9458
1 -0.0723 0.9447
1 -0.0758 0.9436
1 -0.0793 0.9424
1 -0.0828 0.9411
1 -0.0863 0.9398
1 -0.0898 0.9384
1 -0.0932 0.9370
1 -0.0966 0.9355
1 -0.1000 0.9339
1 -0.1033 0.9323
1 -0.1067 0.9307
1 -0.1100 0.9290
1 -0.1132 0.9273
1 -0.1165 0.9255
1 -0.1197 0.9236
1 -0.1229 0.9217
1 -0.1261 0.9198
1 -0.1292 0.9178
1 -0.1323 0.9157
1 -0.1354 0.9136
1 -0.1384 0.9115
1 -0.1414 0.9093
1 -0.1444 0.9071
1 -0.1444 0.9071
1 -0.1469 0.9051
1 -0.1498 0.9028
1 -0.1527 0.9004
1 -0.1555 0.8980
1 -0.1583 0.8955
1 -0.1611 0.8930
1 -0.1638 0.8905
1 -0.1665 0.8879
1 -0.1691 0.8853
1 -0.1717 0.8826
1 -0.1742 0.8799
1 -0.1767 0.8772
1 -0.1792 0.8744
1 -0.1816 0.8716
1 -0.1840 0.8687
1 -0.1863 0.8658
1 -0.1886 0.8629
1 -0.1886 0.8629
1 -0.1908 0.8599
1 -0.1930 0.8569
1 -0.1951 0.8539
1 -0.1972 0.8508
1 -0.1993 0.8477
1 -0.2013 0.8446
1 -0.2032 0.8414
1 -0.2051 0.8382
1 -0.2070 0.8350
1 -0.2088 0.8317
1 -0.2105 0.8285
1 -0.2122 0.8252
1 -0.2138 0.8218
1 -0.2154 0.8185
1 -0.2170 0.8151
1 -0.2185 0.8117
1 -0.2199 0.8083
1 -0.2213 0.8048
1 -0.2226 0.8013
1 -0.2239 0.7978
1 -0.2251 0.7943
1 -0.2262 0.7908
1 -0.2273 0.7873
1 -0.2284 0.7837
1 -0.2294 0.7801
1 -0.2303 0.7765
1 -0.2312 0.7729
1 -0.2320 0.7693
1 -0.2328 0.7657
1 -0.2335 0.7620
1 -0.2341 0.7584
1 -0.2347 0.7547
1 -0.2353 0.7510
1 -0.2357 0.7473
1 -0.2362 0.7436
1 -0.2365 0.7399
1 -0.2368 0.7362
1 -0.2371 0.7325
1 -0.2373 0.7288
1 -0.2374 0.7251
1 -0.2375 0.7214
1 -0.2375 0.7177
1 -0.2375 0.7140
1 -0.2374 0.7103
1 -0.2372 0.7065
1 -0.2370 0.7028
1 -0.2367 0.6991
1 -0.2364 0.6954
1 -0.2360 0.6917
1 -0.2355 0.6881
1 -0.2350 0.6844
1 -0.2345 0.6807
1 -0.2339 0.6770
1 -0.2332 0.6734
1 -0.2324 0.6697
1 -0.2317 0.6661
1 -0.2308 0.6625
1 -0.2299 0.6589
1 -0.2289 0.6553
1 -0.2279 0.6517
1 -0.2269 0.6482
1 -0.2257 0.6446
1 -0.2245 0.6411
1 -0.2233 0.6376
1 -0.2220 0.6341
1 -0.2207 0.6307
1 -0.2193 0.6272
1 -0.2178 0.6238
1 -0.2163 0.6204
1 -0.2147 0.6171
1 -0.2131 0.6137
1 -0.2115 0.6104
1 -0.2098 0.6071
1 -0.2080 0.6038
1 -0.2062 0.6006
1 -0.2043 0.5974
1 -0.2024 0.5942
1 -0.2004 0.5910
1 -0.1984 0.5879
1 -0.1963 0.5848
1 -0.1942 0.5818
1 -0.1920 0.5788
1 -0.1898 0.5758
1 -0.1876 0.5728
1 -0.1853 0.5699
1 -0.1829 0.5670
1 -0.1805 0.5642
1 -0.1781 0.5614
1 -0.1756 0.5586
1 -0.1731 0.5559
1 -0.1705 0.5532
1 -0.1679 0.5506
1 -0.1653 0.5480
1 -0.1626 0.5454
1 -0.1599 0.5429
1 -0.1571 0.5404
1 -0.1543 0.5380
1 -0.1515 0.5356
1 -0.1486 0.5332
1 -0.1457 0.5309
1 -0.1427 0.5287
1 -0.1397 0.5265
1 -0.1367 0.5243
1 -0.1337 0.5222
1 -0.1306 0.5201
1 -0.1275 0.5181
1 -0.1243 0.5161
1 -0.1211 0.5142
1 -0.1179 0.5123
1 -0.1147 0.5105
1 -0.1114 0.5088
1 -0.1081 0.5070
1 -0.1048 0.5054
1 -0.1014 0.5038
1 -0.0981 0.5022
1 -0.0947 0.5007
1 -0.0913 0.4992
1 -0.0878 0.4978
1 -0.0844 0.4965
1 -0.0809 0.4952
1 -0.0774 0.4940
1 -0.0739 0.4928
1 -0.0703 0.4916
1 -0.0668 0.4906
1 -0.0632 0.4896
1 -0.0596 0.4886
1 -0.0560 0.4877
1 -0.0524 0.4868
1 -0.0488 0.4861
1 -0.0451 0.4853
1 -0.0415 0.4846
1 -0.0378 0.4840
1 -0.0341 0.4835
1 -0.0304 0.4830
1 -0.0268 0.4825
1 -0.0231 0.4821
1 -0.0194 0.4818
1 -0.0157 0.4815
1 -0.0120 0.4813
1 -0.0082 0.4811
1 -0.0045 0.4810
1 -0.0008 0.4810
1 0.0029 0.4810
1 0.0066 0.4811
1 0.0103 0.4812
1 0.0140 0.4814
1 0.0177 0.4817
1 0.0214 0.4820
1 0.0251 0.4823
1 0.0288 0.4828
1 0.0325 0.4832
1 0.0362 0.4838
1 0.0399 0.4844
1 0.0435 0.4850
1 0.0472 0.4857
1 0.0508 0.4865
1 0.0544 0.4873
1 0.0580 0.4882
1 0.0616 0.4891
1 0.0652 0.4901
1 0.0688 0.4912
1 0.0723 0.4923
1 0.0758 0.4934
1 0.0793 0.4946
1 0.0828 0.4959
1 0.0863 0.4972
1 0.0898 0.4986
1 0.0932 0.5000
1 0.0966 0.5015
1 0.1000 0.5031
1 0.1033 0.5047
1 0.1067 0.5063
1 0.1100 0.5080
1 0.1132 0.5097
1 0.1165 0.5115
1 0.1197 0.5134
1 0.1229 0.5153
1 0.1261 0.5172
1 0.1292 0.5192
1 0.1323 0.5213
1 0.1354 0.5234
1 0.1384 0.5255
1 0.1414 0.5277
1 0.1444 0.5299
1 0.1469 0.5319
1 0.1498 0.5342
1 0.1527 0.5366
1 0.1555 0.5390
1 0.1583 0.5415
1 0.1611 0.5440
1 0.1638 0.5465
1 0.1665 0.5491
1 0.1691 0.5517
1 0.1717 0.5544
1 0.1742 0.5571
1 0.1767 0.5598
1 0.1792 0.5626
1 0.1816 0.5654
1 0.1840 0.5683
1 0.1863 0.5712
112 1250 15
0 0.1230 0.8954
1 -0.1108 0.8954
1 -0.1108 0.5394
1 0.1230 0.5394
1 0.1230 0.6089
1 -0.0414 0.6089
1 -0.0414 0.6899
1 0.0794 0.6899
1 0.0794 0.7601
1 0.0794 0.6902
1 0.0794 0.7601
1 -0.0414 0.7601
1 -0.0414 0.8258
1 0.1230 0.8258
1 0.1230 0.8954
112 1250 57
0 -0.3083 0.2706
1 -0.2719 0.2706
1 -0.2719 0.2706
1 -0.2702 0.2706
1 -0.2683 0.2704
1 -0.2664 0.2700
1 -0.2644 0.2696
1 -0.2627 0.2691
1 -0.2613 0.2685
1 -0.2613 0.2685
1 -0.2600 0.2679
1 -0.2585 0.2670
1 -0.2570 0.2659
1 -0.2556 0.2648
1 -0.2543 0.2637
1 -0.2533 0.2626
1 -0.2533 0.2626
1 -0.2524 0.2614
1 -0.2515 0.2600
1 -0.2506 0.2583
1 -0.2497 0.2566
1 -0.2490 0.2549
1 -0.2485 0.2534
1 -0.2485 0.2534
1 -0.2480 0.2518
1 -0.2476 0.2499
1 -0.2472 0.2478
1 -0.2469 0.2456
1 -0.2468 0.2435
1 -0.2467 0.2416
1 -0.2467 0.2416
1 -0.2468 0.2396
1 -0.2470 0.2373
1 -0.2474 0.2350
1 -0.2480 0.2327
1 -0.2486 0.2307
1 -0.2492 0.2291
1 -0.2492 0.2291
1 -0.2499 0.2276
1 -0.2508 0.2260
1 -0.2517 0.2244
1 -0.2527 0.2229
1 -0.2536 0.2215
1 -0.2544 0.2205
1 -0.2544 0.2205
1 -0.2555 0.2194
1 -0.2567 0.2181
1 -0.2581 0.2169
1 -0.2595 0.2157
1 -0.2609 0.2146
1 -0.2621 0.2138
1 -0.2440 0.1706
1 -0.2619 0.1706
1 -0.2778 0.2112
1 -0.2923 0.2112
1 -0.2923 0.1706
1 -0.3083 0.1706
112 1250 13
0 -0.2364 0.2706
1 -0.1833 0.2706
1 -0.1833 0.2548
1 -0.2204 0.2548
1 -0.2204 0.2298
1 -0.1895 0.2298
1 -0.1907 0.2140
1 -0.2204 0.2140
1 -0.2204 0.1865
1 -0.1833 0.1865
1 -0.1833 0.1706
1 -0.2364 0.1706
1 -0.2364 0.2706
112 1250 254
0 -0.1576 0.2454
1 -0.1576 0.2454
1 -0.1575 0.2440
1 -0.1572 0.2425
1 -0.1567 0.2410
1 -0.1561 0.2396
1 -0.1554 0.2384
1 -0.1546 0.2374
1 -0.1546 0.2374
1 -0.1536 0.2366
1 -0.1525 0.2358
1 -0.1511 0.2348
1 -0.1497 0.2339
1 -0.1483 0.2331
1 -0.1471 0.2324
1 -0.1471 0.2324
1 -0.1457 0.2318
1 -0.1441 0.2311
1 -0.1423 0.2304
1 -0.1404 0.2296
1 -0.1387 0.2289
1 -0.1372 0.2283
1 -0.1372 0.2283
1 -0.1357 0.2277
1 -0.1339 0.2268
1 -0.1321 0.2259
1 -0.1303 0.2249
1 -0.1287 0.2238
1 -0.1273 0.2229
1 -0.1273 0.2229
1 -0.1260 0.2218
1 -0.1246 0.2205
1 -0.1232 0.2189
1 -0.1218 0.2173
1 -0.1206 0.2156
1 -0.1197 0.2141
1 -0.1197 0.2141
1 -0.1189 0.2124
1 -0.1182 0.2102
1 -0.1176 0.2077
1 -0.1171 0.2050
1 -0.1168 0.2024
1 -0.1167 0.1999
1 -0.1167 0.1999
1 -0.1168 0.1980
1 -0.1170 0.1958
1 -0.1174 0.1936
1 -0.1179 0.1913
1 -0.1185 0.1893
1 -0.1191 0.1876
1 -0.1191 0.1876
1 -0.1198 0.1860
1 -0.1208 0.1842
1 -0.1219 0.1823
1 -0.1231 0.1806
1 -0.1244 0.1790
1 -0.1256 0.1777
1 -0.1256 0.1777
1 -0.1269 0.1766
1 -0.1285 0.1754
1 -0.1303 0.1742
1 -0.1322 0.1730
1 -0.1340 0.1721
1 -0.1357 0.1713
1 -0.1357 0.1713
1 -0.1375 0.1707
1 -0.1396 0.1701
1 -0.1419 0.1697
1 -0.1444 0.1693
1 -0.1467 0.1690
1 -0.1487 0.1690
1 -0.1487 0.1690
1 -0.1507 0.1690
1 -0.1530 0.1693
1 -0.1553 0.1697
1 -0.1576 0.1701
1 -0.1596 0.1707
1 -0.1612 0.1713
1 -0.1612 0.1713
1 -0.1627 0.1720
1 -0.1644 0.1729
1 -0.1661 0.1739
1 -0.1677 0.1748
1 -0.1691 0.1758
1 -0.1702 0.1766
1 -0.1702 0.1766
1 -0.1714 0.1777
1 -0.1728 0.1789
1 -0.1742 0.1803
1 -0.1755 0.1818
1 -0.1767 0.1832
1 -0.1777 0.1844
1 -0.1687 0.1958
1 -0.1687 0.1958
1 -0.1680 0.1948
1 -0.1671 0.1938
1 -0.1661 0.1927
1 -0.1650 0.1916
1 -0.1640 0.1907
1 -0.1631 0.1899
1 -0.1631 0.1899
1 -0.1622 0.1893
1 -0.1612 0.1886
1 -0.1601 0.1878
1 -0.1589 0.1871
1 -0.1577 0.1865
1 -0.1567 0.1859
1 -0.1567 0.1859
1 -0.1556 0.1855
1 -0.1542 0.1851
1 -0.1527 0.1847
1 -0.1511 0.1845
1 -0.1496 0.1843
1 -0.1483 0.1842
1 -0.1483 0.1842
1 -0.1463 0.1844
1 -0.1442 0.1847
1 -0.1420 0.1853
1 -0.1401 0.1861
1 -0.1385 0.1870
1 -0.1373 0.1880
1 -0.1373 0.1880
1 -0.1364 0.1892
1 -0.1355 0.1907
1 -0.1347 0.1925
1 -0.1341 0.1943
1 -0.1337 0.1962
1 -0.1336 0.1979
1 -0.1336 0.1979
1 -0.1337 0.1994
1 -0.1340 0.2011
1 -0.1345 0.2028
1 -0.1351 0.2043
1 -0.1358 0.2056
1 -0.1366 0.2066
1 -0.1366 0.2066
1 -0.1375 0.2075
1 -0.1387 0.2085
1 -0.1401 0.2095
1 -0.1415 0.2104
1 -0.1429 0.2112
1 -0.1442 0.2119
1 -0.1442 0.2119
1 -0.1455 0.2125
1 -0.1472 0.2132
1 -0.1489 0.2139
1 -0.1507 0.2147
1 -0.1524 0.2153
1 -0.1540 0.2159
1 -0.1540 0.2159
1 -0.1555 0.2165
1 -0.1572 0.2173
1 -0.1590 0.2182
1 -0.1608 0.2192
1 -0.1624 0.2202
1 -0.1638 0.2210
1 -0.1638 0.2210
1 -0.1651 0.2221
1 -0.1665 0.2234
1 -0.1679 0.2250
1 -0.1692 0.2266
1 -0.1704 0.2282
1 -0.1713 0.2297
1 -0.1713 0.2297
1 -0.1721 0.2314
1 -0.1728 0.2336
1 -0.1734 0.2361
1 -0.1739 0.2389
1 -0.1742 0.2416
1 -0.1743 0.2441
1 -0.1743 0.2441
1 -0.1743 0.2458
1 -0.1741 0.2476
1 -0.1738 0.2496
1 -0.1734 0.2516
1 -0.1729 0.2534
1 -0.1724 0.2549
1 -0.1724 0.2549
1 -0.1718 0.2564
1 -0.1709 0.2580
1 -0.1699 0.2597
1 -0.1688 0.2613
1 -0.1677 0.2627
1 -0.1667 0.2638
1 -0.1667 0.2638
1 -0.1655 0.2649
1 -0.1641 0.2661
1 -0.1625 0.2672
1 -0.1608 0.2683
1 -0.1591 0.2692
1 -0.1576 0.2699
1 -0.1576 0.2699
1 -0.1559 0.2705
1 -0.1539 0.2711
1 -0.1517 0.2716
1 -0.1494 0.2720
1 -0.1471 0.2722
1 -0.1451 0.2723
1 -0.1451 0.2723
1 -0.1435 0.2723
1 -0.1418 0.2721
1 -0.1400 0.2719
1 -0.1382 0.2716
1 -0.1365 0.2713
1 -0.1352 0.2709
1 -0.1352 0.2709
1 -0.1339 0.2705
1 -0.1324 0.2700
1 -0.1309 0.2695
1 -0.1295 0.2689
1 -0.1282 0.2684
1 -0.1272 0.2679
1 -0.1272 0.2679
1 -0.1261 0.2672
1 -0.1248 0.2664
1 -0.1235 0.2656
1 -0.1222 0.2647
1 -0.1210 0.2639
1 -0.1201 0.2631
1 -0.1267 0.2504
1 -0.1267 0.2504
1 -0.1274 0.2508
1 -0.1283 0.2514
1 -0.1292 0.2520
1 -0.1301 0.2526
1 -0.1310 0.2531
1 -0.1318 0.2535
1 -0.1318 0.2535
1 -0.1326 0.2539
1 -0.1335 0.2543
1 -0.1345 0.2547
1 -0.1356 0.2551
1 -0.1366 0.2555
1 -0.1376 0.2558
1 -0.1376 0.2558
1 -0.1385 0.2561
1 -0.1397 0.2563
1 -0.1409 0.2566
1 -0.1422 0.2567
1 -0.1434 0.2568
1 -0.1445 0.2569
1 -0.1445 0.2569
1 -0.1463 0.2568
1 -0.1483 0.2565
1 -0.1502 0.2559
1 -0.1520 0.2553
1 -0.1534 0.2545
1 -0.1545 0.2537
1 -0.1545 0.2537
1 -0.1553 0.2527
1 -0.1560 0.2514
1 -0.1567 0.2499
1 -0.1572 0.2484
1 -0.1575 0.2468
112 1250 13
0 -0.1086 0.2706
1 -0.0555 0.2706
1 -0.0555 0.2548
1 -0.0926 0.2548
1 -0.0926 0.2298
1 -0.0616 0.2298
1 -0.0628 0.2140
1 -0.0926 0.2140
1 -0.0926 0.1865
1 -0.0555 0.1865
1 -0.0555 0.1706
1 -0.1086 0.1706
1 -0.1086 0.2706
112 1250 57
0 -0.0442 0.2706
1 -0.0078 0.2706
1 -0.0078 0.2706
1 -0.0061 0.2706
1 -0.0042 0.2704
1 -0.0022 0.2700
1 -0.0003 0.2696
1 0.0014 0.2691
1 0.0028 0.2685
1 0.0028 0.2685
1 0.0041 0.2679
1 0.0056 0.2670
1 0.0071 0.2659
1 0.0085 0.2648
1 0.0098 0.2637
1 0.0108 0.2626
1 0.0108 0.2626
1 0.0117 0.2614
1 0.0126 0.2600
1 0.0136 0.2583
1 0.0144 0.2566
1 0.0151 0.2549
1 0.0157 0.2534
1 0.0157 0.2534
1 0.0161 0.2518
1 0.0165 0.2499
1 0.0169 0.2478
1 0.0172 0.2456
1 0.0174 0.2435
1 0.0174 0.2416
1 0.0174 0.2416
1 0.0173 0.2396
1 0.0171 0.2373
1 0.0167 0.2350
1 0.0162 0.2327
1 0.0156 0.2307
1 0.0149 0.2291
1 0.0149 0.2291
1 0.0142 0.2276
1 0.0134 0.2260
1 0.0124 0.2244
1 0.0114 0.2229
1 0.0105 0.2215
1 0.0097 0.2205
1 0.0097 0.2205
1 0.0087 0.2194
1 0.0074 0.2181
1 0.0060 0.2169
1 0.0046 0.2157
1 0.0033 0.2146
1 0.0020 0.2138
1 0.0202 0.1706
1 0.0022 0.1706
1 -0.0137 0.2112
1 -0.0282 0.2112
1 -0.0282 0.1706
1 -0.0442 0.1706
112 1250 9
0 0.0759 0.2706
1 0.0929 0.2706
1 0.0638 0.1706
1 0.0449 0.1706
1 0.0158 0.2706
1 0.0342 0.2706
1 0.0550 0.1924
1 0.0554 0.1924
1 0.0759 0.2706
112 1250 9
0 0.1400 0.1959
1 0.1092 0.1959
1 0.1027 0.1706
1 0.0867 0.1706
1 0.1139 0.2706
1 0.1374 0.2706
1 0.1632 0.1706
1 0.1463 0.1706
1 0.1400 0.1959
112 1250 59
0 0.1688 0.2706
1 0.1972 0.2706
1 0.1972 0.2706
1 0.1993 0.2706
1 0.2018 0.2703
1 0.2043 0.2699
1 0.2069 0.2695
1 0.2092 0.2689
1 0.2112 0.2683
1 0.2112 0.2683
1 0.2131 0.2675
1 0.2151 0.2663
1 0.2173 0.2649
1 0.2193 0.2633
1 0.2212 0.2617
1 0.2227 0.2601
1 0.2227 0.2601
1 0.2241 0.2583
1 0.2256 0.2559
1 0.2271 0.2532
1 0.2284 0.2504
1 0.2296 0.2475
1 0.2305 0.2448
1 0.2305 0.2448
1 0.2313 0.2418
1 0.2320 0.2381
1 0.2327 0.2338
1 0.2331 0.2293
1 0.2334 0.2248
1 0.2335 0.2208
1 0.2335 0.2208
1 0.2335 0.2168
1 0.2332 0.2125
1 0.2327 0.2080
1 0.2322 0.2038
1 0.2315 0.2001
1 0.2308 0.1972
1 0.2308 0.1972
1 0.2299 0.1945
1 0.2288 0.1916
1 0.2274 0.1886
1 0.2260 0.1859
1 0.2245 0.1835
1 0.2232 0.1816
1 0.2232 0.1816
1 0.2217 0.1800
1 0.2199 0.1783
1 0.2179 0.1767
1 0.2157 0.1752
1 0.2137 0.1740
1 0.2118 0.1731
1 0.2118 0.1731
1 0.2098 0.1725
1 0.2074 0.1719
1 0.2048 0.1714
1 0.2021 0.1710
1 0.1996 0.1707
1 0.1973 0.1706
1 0.1688 0.1706
112 1250 112
0 0.2728 0.1690
1 0.2728 0.1690
1 0.2707 0.1691
1 0.2682 0.1693
1 0.2657 0.1698
1 0.2632 0.1704
1 0.2609 0.1710
1 0.2589 0.1717
1 0.2589 0.1717
1 0.2571 0.1727
1 0.2551 0.1740
1 0.2530 0.1755
1 0.2510 0.1772
1 0.2492 0.1790
1 0.2478 0.1806
1 0.2478 0.1806
1 0.2465 0.1825
1 0.2451 0.1850
1 0.2436 0.1878
1 0.2423 0.1908
1 0.2412 0.1937
1 0.2403 0.1965
1 0.2403 0.1965
1 0.2396 0.1995
1 0.2390 0.2033
1 0.2384 0.2075
1 0.2380 0.2120
1 0.2378 0.2164
1 0.2377 0.2204
1 0.2377 0.2204
1 0.2378 0.2244
1 0.2381 0.2289
1 0.2385 0.2335
1 0.2391 0.2378
1 0.2398 0.2416
1 0.2406 0.2447
1 0.2406 0.2447
1 0.2415 0.2475
1 0.2426 0.2505
1 0.2440 0.2535
1 0.2455 0.2564
1 0.2469 0.2588
1 0.2483 0.2608
1 0.2483 0.2608
1 0.2498 0.2624
1 0.2516 0.2642
1 0.2536 0.2659
1 0.2556 0.2674
1 0.2576 0.2686
1 0.2594 0.2695
1 0.2594 0.2695
1 0.2613 0.2702
1 0.2636 0.2709
1 0.2660 0.2715
1 0.2684 0.2719
1 0.2708 0.2722
1 0.2728 0.2723
1 0.2728 0.2723
1 0.2748 0.2722
1 0.2771 0.2719
1 0.2795 0.2715
1 0.2819 0.2709
1 0.2842 0.2702
1 0.2860 0.2695
1 0.2860 0.2695
1 0.2879 0.2686
1 0.2899 0.2674
1 0.2920 0.2659
1 0.2940 0.2642
1 0.2958 0.2624
1 0.2973 0.2608
1 0.2973 0.2608
1 0.2987 0.2588
1 0.3001 0.2564
1 0.3016 0.2535
1 0.3030 0.2505
1 0.3041 0.2475
1 0.3050 0.2447
1 0.3050 0.2447
1 0.3058 0.2416
1 0.3065 0.2378
1 0.3071 0.2335
1 0.3075 0.2289
1 0.3078 0.2244
1 0.3079 0.2204
1 0.3079 0.2204
1 0.3078 0.2164
1 0.3076 0.2120
1 0.3071 0.2075
1 0.3065 0.2033
1 0.3059 0.1995
1 0.3052 0.1965
1 0.3052 0.1965
1 0.3043 0.1937
1 0.3032 0.1908
1 0.3019 0.1878
1 0.3005 0.1850
1 0.2991 0.1825
1 0.2978 0.1806
1 0.2978 0.1806
1 0.2963 0.1790
1 0.2946 0.1772
1 0.2925 0.1755
1 0.2904 0.1740
1 0.2884 0.1727
1 0.2865 0.1717
1 0.2865 0.1717
1 0.2846 0.1710
1 0.2824 0.1704
1 0.2799 0.1698
1 0.2773 0.1693
1 0.2749 0.1691
112 1251 31
0 -0.2923 0.2270
1 -0.2749 0.2270
1 -0.2749 0.2270
1 -0.2734 0.2272
1 -0.2717 0.2275
1 -0.2700 0.2281
1 -0.2685 0.2289
1 -0.2673 0.2298
1 -0.2663 0.2308
1 -0.2663 0.2308
1 -0.2656 0.2320
1 -0.2649 0.2336
1 -0.2643 0.2355
1 -0.2638 0.2375
1 -0.2635 0.2395
1 -0.2634 0.2415
1 -0.2634 0.2415
1 -0.2635 0.2433
1 -0.2638 0.2452
1 -0.2643 0.2472
1 -0.2649 0.2489
1 -0.2656 0.2504
1 -0.2663 0.2515
1 -0.2663 0.2515
1 -0.2672 0.2523
1 -0.2684 0.2531
1 -0.2699 0.2538
1 -0.2714 0.2544
1 -0.2729 0.2547
1 -0.2743 0.2548
1 -0.2923 0.2548
112 1251 31
0 -0.0282 0.2270
1 -0.0108 0.2270
1 -0.0108 0.2270
1 -0.0092 0.2272
1 -0.0076 0.2275
1 -0.0059 0.2281
1 -0.0044 0.2289
1 -0.0031 0.2298
1 -0.0022 0.2308
1 -0.0022 0.2308
1 -0.0015 0.2320
1 -0.0008 0.2336
1 -0.0002 0.2355
1 0.0003 0.2375
1 0.0006 0.2395
1 0.0007 0.2415
1 0.0007 0.2415
1 0.0006 0.2433
1 0.0003 0.2452
1 -0.0002 0.2472
1 -0.0008 0.2489
1 -0.0015 0.2504
1 -0.0022 0.2515
1 -0.0022 0.2515
1 -0.0031 0.2523
1 -0.0043 0.2531
1 -0.0057 0.2538
1 -0.0073 0.2544
1 -0.0088 0.2547
1 -0.0102 0.2548
1 -0.0282 0.2548
112 1251 5
0 0.1130 0.2109
1 0.1364 0.2109
1 0.1253 0.2576
1 0.1248 0.2576
1 0.1130 0.2109
112 1251 59
0 0.2167 0.2202
1 0.2167 0.2202
1 0.2166 0.2232
1 0.2165 0.2265
1 0.2162 0.2298
1 0.2159 0.2329
1 0.2156 0.2356
1 0.2152 0.2377
1 0.2152 0.2377
1 0.2147 0.2396
1 0.2141 0.2416
1 0.2133 0.2436
1 0.2126 0.2455
1 0.2118 0.2471
1 0.2110 0.2483
1 0.2110 0.2483
1 0.2102 0.2493
1 0.2093 0.2503
1 0.2081 0.2513
1 0.2070 0.2522
1 0.2058 0.2529
1 0.2048 0.2534
1 0.2048 0.2534
1 0.2038 0.2538
1 0.2025 0.2541
1 0.2011 0.2544
1 0.1997 0.2546
1 0.1984 0.2548
1 0.1972 0.2548
1 0.1848 0.2548
1 0.1848 0.1865
1 0.1979 0.1865
1 0.1979 0.1865
1 0.1991 0.1865
1 0.2005 0.1867
1 0.2020 0.1869
1 0.2034 0.1872
1 0.2046 0.1875
1 0.2057 0.1879
1 0.2057 0.1879
1 0.2067 0.1884
1 0.2077 0.1891
1 0.2088 0.1900
1 0.2099 0.1911
1 0.2108 0.1921
1 0.2115 0.1931
1 0.2115 0.1931
1 0.2122 0.1943
1 0.2130 0.1959
1 0.2137 0.1977
1 0.2143 0.1996
1 0.2149 0.2016
1 0.2153 0.2034
1 0.2153 0.2034
1 0.2157 0.2055
1 0.2160 0.2081
1 0.2163 0.2110
1 0.2165 0.2142
1 0.2166 0.2173
112 1251 112
0 0.2728 0.1838
1 0.2728 0.1838
1 0.2739 0.1839
1 0.2752 0.1841
1 0.2765 0.1844
1 0.2778 0.1847
1 0.2790 0.1852
1 0.2801 0.1856
1 0.2801 0.1856
1 0.2810 0.1862
1 0.2821 0.1871
1 0.2832 0.1881
1 0.2842 0.1893
1 0.2852 0.1905
1 0.2859 0.1916
1 0.2859 0.1916
1 0.2866 0.1930
1 0.2874 0.1947
1 0.2881 0.1967
1 0.2888 0.1988
1 0.2894 0.2009
1 0.2898 0.2029
1 0.2898 0.2029
1 0.2902 0.2050
1 0.2905 0.2078
1 0.2908 0.2109
1 0.2910 0.2142
1 0.2911 0.2174
1 0.2912 0.2204
1 0.2912 0.2204
1 0.2911 0.2234
1 0.2910 0.2267
1 0.2907 0.2301
1 0.2904 0.2333
1 0.2901 0.2361
1 0.2897 0.2383
1 0.2897 0.2383
1 0.2892 0.2402
1 0.2886 0.2424
1 0.2878 0.2445
1 0.2871 0.2465
1 0.2863 0.2482
1 0.2855 0.2495
1 0.2855 0.2495
1 0.2848 0.2507
1 0.2838 0.2519
1 0.2828 0.2531
1 0.2817 0.2541
1 0.2806 0.2549
1 0.2797 0.2555
1 0.2797 0.2555
1 0.2787 0.2560
1 0.2776 0.2564
1 0.2763 0.2568
1 0.2750 0.2571
1 0.2738 0.2572
1 0.2728 0.2573
1 0.2728 0.2573
1 0.2717 0.2572
1 0.2705 0.2571
1 0.2692 0.2568
1 0.2680 0.2564
1 0.2668 0.2560
1 0.2658 0.2555
1 0.2658 0.2555
1 0.2648 0.2549
1 0.2638 0.2541
1 0.2627 0.2531
1 0.2616 0.2519
1 0.2607 0.2507
1 0.2599 0.2495
1 0.2599 0.2495
1 0.2592 0.2482
1 0.2585 0.2465
1 0.2577 0.2445
1 0.2570 0.2424
1 0.2564 0.2402
1 0.2559 0.2383
1 0.2559 0.2383
1 0.2555 0.2361
1 0.2552 0.2333
1 0.2549 0.2301
1 0.2546 0.2267
1 0.2545 0.2234
1 0.2544 0.2204
1 0.2544 0.2204
1 0.2545 0.2174
1 0.2546 0.2142
1 0.2548 0.2109
1 0.2551 0.2078
1 0.2554 0.2050
1 0.2558 0.2029
1 0.2558 0.2029
1 0.2562 0.2009
1 0.2568 0.1988
1 0.2575 0.1967
1 0.2582 0.1947
1 0.2590 0.1930
1 0.2597 0.1916
1 0.2597 0.1916
1 0.2604 0.1905
1 0.2614 0.1893
1 0.2624 0.1881
1 0.2635 0.1871
1 0.2645 0.1862
1 0.2654 0.1856
1 0.2654 0.1856
1 0.2664 0.1852
1 0.2676 0.1847
1 0.2690 0.1844
1 0.2703 0.1841
1 0.2716 0.1839
