SEcl_RO-12
3384 55 1 1 0 0 0 0 0 0 1 1
1.000
112 1251 216
0 0.4286 1.2171
1 0.4286 0.0685
1 0.4286 0.0685
1 0.4285 0.0665
1 0.4284 0.0644
1 0.4283 0.0623
1 0.4281 0.0603
1 0.4278 0.0582
1 0.4274 0.0562
1 0.4270 0.0541
1 0.4266 0.0521
1 0.4260 0.0501
1 0.4254 0.0481
1 0.4248 0.0462
1 0.4241 0.0442
1 0.4233 0.0423
1 0.4225 0.0404
1 0.4216 0.0385
1 0.4207 0.0367
1 0.4197 0.0348
1 0.4187 0.0330
1 0.4176 0.0313
1 0.4164 0.0296
1 0.4152 0.0279
1 0.4140 0.0262
1 0.4127 0.0246
1 0.4113 0.0231
1 0.4099 0.0215
1 0.4085 0.0200
1 0.4070 0.0186
1 0.4055 0.0172
1 0.4039 0.0158
1 0.4023 0.0145
1 0.4006 0.0133
1 0.3989 0.0121
1 0.3972 0.0109
1 0.3955 0.0098
1 0.3937 0.0088
1 0.3918 0.0078
1 0.3900 0.0069
1 0.3881 0.0060
1 0.3862 0.0052
1 0.3843 0.0044
1 0.3823 0.0037
1 0.3804 0.0031
1 0.3784 0.0025
1 0.3764 0.0019
1 0.3744 0.0015
1 0.3723 0.0011
1 0.3703 0.0007
1 0.3682 0.0005
1 0.3662 0.0002
1 0.3641 0.0001
1 0.3621 0.0000
1 0.3600 0.0000
1 -0.3600 0.0000
1 -0.3600 0.0000
1 -0.3621 0.0000
1 -0.3642 0.0001
1 -0.3662 0.0002
1 -0.3683 0.0005
1 -0.3703 0.0007
1 -0.3724 0.0011
1 -0.3744 0.0015
1 -0.3764 0.0019
1 -0.3784 0.0025
1 -0.3804 0.0031
1 -0.3824 0.0037
1 -0.3843 0.0044
1 -0.3863 0.0052
1 -0.3882 0.0060
1 -0.3900 0.0069
1 -0.3919 0.0078
1 -0.3937 0.0088
1 -0.3955 0.0098
1 -0.3973 0.0109
1 -0.3990 0.0121
1 -0.4007 0.0133
1 -0.4023 0.0145
1 -0.4039 0.0158
1 -0.4055 0.0172
1 -0.4070 0.0186
1 -0.4085 0.0200
1 -0.4099 0.0215
1 -0.4113 0.0231
1 -0.4127 0.0246
1 -0.4140 0.0262
1 -0.4153 0.0279
1 -0.4165 0.0296
1 -0.4176 0.0313
1 -0.4187 0.0330
1 -0.4197 0.0348
1 -0.4207 0.0367
1 -0.4217 0.0385
1 -0.4225 0.0404
1 -0.4234 0.0423
1 -0.4241 0.0442
1 -0.4248 0.0462
1 -0.4255 0.0481
1 -0.4261 0.0501
1 -0.4266 0.0521
1 -0.4271 0.0541
1 -0.4275 0.0562
1 -0.4278 0.0582
1 -0.4281 0.0603
1 -0.4283 0.0623
1 -0.4285 0.0644
1 -0.4286 0.0665
1 -0.4286 0.0685
1 -0.4286 1.2171
1 -0.4286 1.2171
1 -0.4286 1.2192
1 -0.4285 1.2212
1 -0.4283 1.2233
1 -0.4281 1.2254
1 -0.4278 1.2274
1 -0.4275 1.2295
1 -0.4271 1.2315
1 -0.4266 1.2335
1 -0.4261 1.2355
1 -0.4255 1.2375
1 -0.4248 1.2395
1 -0.4241 1.2414
1 -0.4234 1.2433
1 -0.4225 1.2452
1 -0.4217 1.2471
1 -0.4207 1.2490
1 -0.4197 1.2508
1 -0.4187 1.2526
1 -0.4176 1.2543
1 -0.4165 1.2560
1 -0.4153 1.2577
1 -0.4140 1.2594
1 -0.4127 1.2610
1 -0.4113 1.2626
1 -0.4099 1.2641
1 -0.4085 1.2656
1 -0.4070 1.2670
1 -0.4055 1.2684
1 -0.4039 1.2698
1 -0.4023 1.2711
1 -0.4007 1.2723
1 -0.3990 1.2735
1 -0.3973 1.2747
1 -0.3955 1.2758
1 -0.3937 1.2768
1 -0.3919 1.2778
1 -0.3900 1.2787
1 -0.3882 1.2796
1 -0.3863 1.2804
1 -0.3843 1.2812
1 -0.3824 1.2819
1 -0.3804 1.2826
1 -0.3784 1.2831
1 -0.3764 1.2837
1 -0.3744 1.2841
1 -0.3724 1.2845
1 -0.3703 1.2849
1 -0.3683 1.2852
1 -0.3662 1.2854
1 -0.3642 1.2855
1 -0.3621 1.2856
1 -0.3600 1.2857
1 0.3600 1.2857
1 0.3600 1.2857
1 0.3621 1.2856
1 0.3641 1.2855
1 0.3662 1.2854
1 0.3682 1.2852
1 0.3703 1.2849
1 0.3723 1.2845
1 0.3744 1.2841
1 0.3764 1.2837
1 0.3784 1.2831
1 0.3804 1.2826
1 0.3823 1.2819
1 0.3843 1.2812
1 0.3862 1.2804
1 0.3881 1.2796
1 0.3900 1.2787
1 0.3918 1.2778
1 0.3937 1.2768
1 0.3955 1.2758
1 0.3972 1.2747
1 0.3989 1.2735
1 0.4006 1.2723
1 0.4023 1.2711
1 0.4039 1.2698
1 0.4055 1.2684
1 0.4070 1.2670
1 0.4085 1.2656
1 0.4099 1.2641
1 0.4113 1.2626
1 0.4127 1.2610
1 0.4140 1.2594
1 0.4152 1.2577
1 0.4164 1.2560
1 0.4176 1.2543
1 0.4187 1.2526
1 0.4197 1.2508
1 0.4207 1.2490
1 0.4216 1.2471
1 0.4225 1.2452
1 0.4233 1.2433
1 0.4241 1.2414
1 0.4248 1.2395
1 0.4254 1.2375
1 0.4260 1.2355
1 0.4266 1.2335
1 0.4270 1.2315
1 0.4274 1.2295
1 0.4278 1.2274
1 0.4281 1.2254
1 0.4283 1.2233
1 0.4284 1.2212
1 0.4285 1.2192
112 1250 184
0 0.4114 1.2171
1 0.4114 0.0685
1 0.4114 0.0685
1 0.4114 0.0667
1 0.4113 0.0649
1 0.4111 0.0630
1 0.4109 0.0612
1 0.4106 0.0594
1 0.4102 0.0576
1 0.4098 0.0558
1 0.4093 0.0540
1 0.4088 0.0523
1 0.4082 0.0506
1 0.4075 0.0488
1 0.4068 0.0472
1 0.4060 0.0455
1 0.4051 0.0439
1 0.4042 0.0423
1 0.4032 0.0407
1 0.4022 0.0392
1 0.4012 0.0377
1 0.4000 0.0363
1 0.3988 0.0348
1 0.3976 0.0335
1 0.3963 0.0322
1 0.3950 0.0309
1 0.3937 0.0297
1 0.3923 0.0285
1 0.3908 0.0274
1 0.3893 0.0263
1 0.3878 0.0253
1 0.3862 0.0243
1 0.3846 0.0234
1 0.3830 0.0225
1 0.3813 0.0217
1 0.3797 0.0210
1 0.3780 0.0203
1 0.3762 0.0197
1 0.3745 0.0192
1 0.3727 0.0187
1 0.3709 0.0183
1 0.3691 0.0179
1 0.3673 0.0176
1 0.3655 0.0174
1 0.3636 0.0172
1 0.3618 0.0171
1 0.3600 0.0171
1 -0.3600 0.0171
1 -0.3600 0.0171
1 -0.3619 0.0171
1 -0.3637 0.0172
1 -0.3655 0.0174
1 -0.3673 0.0176
1 -0.3692 0.0179
1 -0.3710 0.0183
1 -0.3727 0.0187
1 -0.3745 0.0192
1 -0.3763 0.0197
1 -0.3780 0.0203
1 -0.3797 0.0210
1 -0.3814 0.0217
1 -0.3830 0.0225
1 -0.3847 0.0234
1 -0.3863 0.0243
1 -0.3878 0.0253
1 -0.3894 0.0263
1 -0.3908 0.0274
1 -0.3923 0.0285
1 -0.3937 0.0297
1 -0.3951 0.0309
1 -0.3964 0.0322
1 -0.3977 0.0335
1 -0.3989 0.0348
1 -0.4001 0.0363
1 -0.4012 0.0377
1 -0.4023 0.0392
1 -0.4033 0.0407
1 -0.4042 0.0423
1 -0.4052 0.0439
1 -0.4060 0.0455
1 -0.4068 0.0472
1 -0.4075 0.0488
1 -0.4082 0.0506
1 -0.4088 0.0523
1 -0.4094 0.0540
1 -0.4099 0.0558
1 -0.4103 0.0576
1 -0.4106 0.0594
1 -0.4109 0.0612
1 -0.4112 0.0630
1 -0.4113 0.0649
1 -0.4114 0.0667
1 -0.4114 0.0685
1 -0.4114 1.2171
1 -0.4114 1.2171
1 -0.4114 1.2189
1 -0.4113 1.2208
1 -0.4112 1.2226
1 -0.4109 1.2244
1 -0.4106 1.2262
1 -0.4103 1.2280
1 -0.4099 1.2298
1 -0.4094 1.2316
1 -0.4088 1.2333
1 -0.4082 1.2351
1 -0.4075 1.2368
1 -0.4068 1.2385
1 -0.4060 1.2401
1 -0.4052 1.2417
1 -0.4042 1.2433
1 -0.4033 1.2449
1 -0.4023 1.2464
1 -0.4012 1.2479
1 -0.4001 1.2494
1 -0.3989 1.2508
1 -0.3977 1.2521
1 -0.3964 1.2535
1 -0.3951 1.2547
1 -0.3937 1.2560
1 -0.3923 1.2571
1 -0.3908 1.2583
1 -0.3894 1.2593
1 -0.3878 1.2604
1 -0.3863 1.2613
1 -0.3847 1.2622
1 -0.3830 1.2631
1 -0.3814 1.2639
1 -0.3797 1.2646
1 -0.3780 1.2653
1 -0.3763 1.2659
1 -0.3745 1.2664
1 -0.3727 1.2669
1 -0.3710 1.2673
1 -0.3692 1.2677
1 -0.3673 1.2680
1 -0.3655 1.2682
1 -0.3637 1.2684
1 -0.3619 1.2685
1 -0.3600 1.2685
1 0.3600 1.2685
1 0.3600 1.2685
1 0.3618 1.2685
1 0.3636 1.2684
1 0.3655 1.2682
1 0.3673 1.2680
1 0.3691 1.2677
1 0.3709 1.2673
1 0.3727 1.2669
1 0.3745 1.2664
1 0.3762 1.2659
1 0.3780 1.2653
1 0.3797 1.2646
1 0.3813 1.2639
1 0.3830 1.2631
1 0.3846 1.2622
1 0.3862 1.2613
1 0.3878 1.2604
1 0.3893 1.2593
1 0.3908 1.2583
1 0.3923 1.2571
1 0.3937 1.2560
1 0.3950 1.2547
1 0.3963 1.2535
1 0.3976 1.2521
1 0.3988 1.2508
1 0.4000 1.2494
1 0.4012 1.2479
1 0.4022 1.2464
1 0.4032 1.2449
1 0.4042 1.2433
1 0.4051 1.2417
1 0.4060 1.2401
1 0.4068 1.2385
1 0.4075 1.2368
1 0.4082 1.2351
1 0.4088 1.2333
1 0.4093 1.2316
1 0.4098 1.2298
1 0.4102 1.2280
1 0.4106 1.2262
1 0.4109 1.2244
1 0.4111 1.2226
1 0.4113 1.2208
1 0.4114 1.2189
112 1251 112
0 0.3771 1.2171
1 0.3771 0.0685
1 0.3771 0.0685
1 0.3771 0.0675
1 0.3770 0.0665
1 0.3768 0.0654
1 0.3766 0.0644
1 0.3763 0.0634
1 0.3760 0.0624
1 0.3756 0.0615
1 0.3752 0.0606
1 0.3747 0.0597
1 0.3741 0.0588
1 0.3735 0.0580
1 0.3728 0.0572
1 0.3721 0.0564
1 0.3713 0.0557
1 0.3706 0.0550
1 0.3697 0.0544
1 0.3688 0.0539
1 0.3679 0.0533
1 0.3670 0.0529
1 0.3661 0.0525
1 0.3651 0.0522
1 0.3641 0.0519
1 0.3631 0.0517
1 0.3620 0.0515
1 0.3610 0.0514
1 0.3600 0.0514
1 -0.3600 0.0514
1 -0.3600 0.0514
1 -0.3611 0.0514
1 -0.3621 0.0515
1 -0.3631 0.0517
1 -0.3641 0.0519
1 -0.3651 0.0522
1 -0.3661 0.0525
1 -0.3671 0.0529
1 -0.3680 0.0533
1 -0.3689 0.0539
1 -0.3698 0.0544
1 -0.3706 0.0550
1 -0.3714 0.0557
1 -0.3721 0.0564
1 -0.3729 0.0572
1 -0.3735 0.0580
1 -0.3741 0.0588
1 -0.3747 0.0597
1 -0.3752 0.0606
1 -0.3757 0.0615
1 -0.3760 0.0624
1 -0.3764 0.0634
1 -0.3767 0.0644
1 -0.3769 0.0654
1 -0.3770 0.0665
1 -0.3771 0.0675
1 -0.3772 0.0685
1 -0.3772 1.2171
1 -0.3772 1.2171
1 -0.3771 1.2181
1 -0.3770 1.2192
1 -0.3769 1.2202
1 -0.3767 1.2212
1 -0.3764 1.2222
1 -0.3760 1.2232
1 -0.3757 1.2241
1 -0.3752 1.2251
1 -0.3747 1.2260
1 -0.3741 1.2268
1 -0.3735 1.2277
1 -0.3729 1.2285
1 -0.3721 1.2292
1 -0.3714 1.2299
1 -0.3706 1.2306
1 -0.3698 1.2312
1 -0.3689 1.2318
1 -0.3680 1.2323
1 -0.3671 1.2327
1 -0.3661 1.2331
1 -0.3651 1.2335
1 -0.3641 1.2337
1 -0.3631 1.2340
1 -0.3621 1.2341
1 -0.3611 1.2342
1 -0.3600 1.2342
1 0.3600 1.2342
1 0.3600 1.2342
1 0.3610 1.2342
1 0.3620 1.2341
1 0.3631 1.2340
1 0.3641 1.2337
1 0.3651 1.2335
1 0.3661 1.2331
1 0.3670 1.2327
1 0.3679 1.2323
1 0.3688 1.2318
1 0.3697 1.2312
1 0.3706 1.2306
1 0.3713 1.2299
1 0.3721 1.2292
1 0.3728 1.2285
1 0.3735 1.2277
1 0.3741 1.2268
1 0.3747 1.2260
1 0.3752 1.2251
1 0.3756 1.2241
1 0.3760 1.2232
1 0.3763 1.2222
1 0.3766 1.2212
1 0.3768 1.2202
1 0.3770 1.2192
1 0.3771 1.2181
112 1466 461
0 0.3571 0.8485
1 0.3571 0.8534
1 0.3570 0.8583
1 0.3568 0.8632
1 0.3566 0.8680
1 0.3563 0.8729
1 0.3559 0.8778
1 0.3555 0.8826
1 0.3550 0.8875
1 0.3544 0.8923
1 0.3538 0.8972
1 0.3531 0.9020
1 0.3523 0.9068
1 0.3515 0.9116
1 0.3506 0.9164
1 0.3497 0.9212
1 0.3486 0.9260
1 0.3475 0.9307
1 0.3464 0.9355
1 0.3452 0.9402
1 0.3439 0.9449
1 0.3425 0.9496
1 0.3411 0.9543
1 0.3396 0.9589
1 0.3381 0.9635
1 0.3365 0.9681
1 0.3348 0.9727
1 0.3331 0.9773
1 0.3313 0.9818
1 0.3295 0.9863
1 0.3276 0.9908
1 0.3256 0.9953
1 0.3235 0.9997
1 0.3215 1.0041
1 0.3193 1.0085
1 0.3171 1.0129
1 0.3148 1.0172
1 0.3125 1.0215
1 0.3101 1.0257
1 0.3076 1.0299
1 0.3051 1.0341
1 0.3026 1.0383
1 0.2999 1.0424
1 0.2973 1.0465
1 0.2945 1.0505
1 0.2918 1.0545
1 0.2889 1.0585
1 0.2860 1.0624
1 0.2831 1.0663
1 0.2801 1.0701
1 0.2770 1.0739
1 0.2739 1.0777
1 0.2708 1.0814
1 0.2676 1.0851
1 0.2643 1.0887
1 0.2610 1.0923
1 0.2576 1.0959
1 0.2542 1.0994
1 0.2508 1.1028
1 0.2473 1.1062
1 0.2437 1.1096
1 0.2402 1.1129
1 0.2365 1.1161
1 0.2329 1.1193
1 0.2291 1.1225
1 0.2254 1.1256
1 0.2216 1.1286
1 0.2177 1.1316
1 0.2138 1.1346
1 0.2099 1.1375
1 0.2059 1.1403
1 0.2019 1.1431
1 0.1979 1.1458
1 0.1938 1.1485
1 0.1897 1.1511
1 0.1855 1.1537
1 0.1814 1.1562
1 0.1771 1.1586
1 0.1729 1.1610
1 0.1686 1.1634
1 0.1643 1.1656
1 0.1599 1.1679
1 0.1556 1.1700
1 0.1512 1.1721
1 0.1467 1.1741
1 0.1423 1.1761
1 0.1378 1.1780
1 0.1333 1.1799
1 0.1287 1.1817
1 0.1242 1.1834
1 0.1196 1.1851
1 0.1150 1.1867
1 0.1103 1.1882
1 0.1057 1.1897
1 0.1010 1.1911
1 0.0963 1.1924
1 0.0916 1.1937
1 0.0869 1.1949
1 0.0822 1.1961
1 0.0774 1.1972
1 0.0726 1.1982
1 0.0679 1.1992
1 0.0631 1.2001
1 0.0583 1.2009
1 0.0534 1.2017
1 0.0486 1.2024
1 0.0438 1.2030
1 0.0389 1.2036
1 0.0341 1.2041
1 0.0292 1.2045
1 0.0244 1.2049
1 0.0195 1.2052
1 0.0146 1.2054
1 0.0097 1.2056
1 0.0049 1.2057
1 0.0000 1.2057
1 -0.0049 1.2057
1 -0.0098 1.2056
1 -0.0147 1.2054
1 -0.0195 1.2052
1 -0.0244 1.2049
1 -0.0293 1.2045
1 -0.0341 1.2041
1 -0.0390 1.2036
1 -0.0438 1.2030
1 -0.0487 1.2024
1 -0.0535 1.2017
1 -0.0583 1.2009
1 -0.0631 1.2001
1 -0.0679 1.1992
1 -0.0727 1.1982
1 -0.0775 1.1972
1 -0.0822 1.1961
1 -0.0869 1.1949
1 -0.0917 1.1937
1 -0.0964 1.1924
1 -0.1011 1.1911
1 -0.1057 1.1897
1 -0.1104 1.1882
1 -0.1150 1.1867
1 -0.1196 1.1851
1 -0.1242 1.1834
1 -0.1288 1.1817
1 -0.1333 1.1799
1 -0.1378 1.1780
1 -0.1423 1.1761
1 -0.1468 1.1741
1 -0.1512 1.1721
1 -0.1556 1.1700
1 -0.1600 1.1679
1 -0.1643 1.1656
1 -0.1686 1.1634
1 -0.1729 1.1610
1 -0.1772 1.1586
1 -0.1814 1.1562
1 -0.1856 1.1537
1 -0.1897 1.1511
1 -0.1939 1.1485
1 -0.1979 1.1458
1 -0.2020 1.1431
1 -0.2060 1.1403
1 -0.2099 1.1375
1 -0.2139 1.1346
1 -0.2178 1.1316
1 -0.2216 1.1286
1 -0.2254 1.1256
1 -0.2292 1.1225
1 -0.2329 1.1193
1 -0.2366 1.1161
1 -0.2402 1.1129
1 -0.2438 1.1096
1 -0.2473 1.1062
1 -0.2508 1.1028
1 -0.2543 1.0994
1 -0.2577 1.0959
1 -0.2610 1.0923
1 -0.2643 1.0887
1 -0.2676 1.0851
1 -0.2708 1.0814
1 -0.2740 1.0777
1 -0.2771 1.0739
1 -0.2801 1.0701
1 -0.2831 1.0663
1 -0.2861 1.0624
1 -0.2890 1.0585
1 -0.2918 1.0545
1 -0.2946 1.0505
1 -0.2973 1.0465
1 -0.3000 1.0424
1 -0.3026 1.0383
1 -0.3052 1.0341
1 -0.3077 1.0299
1 -0.3101 1.0257
1 -0.3125 1.0215
1 -0.3148 1.0172
1 -0.3171 1.0129
1 -0.3193 1.0085
1 -0.3215 1.0041
1 -0.3236 0.9997
1 -0.3256 0.9953
1 -0.3276 0.9908
1 -0.3295 0.9863
1 -0.3314 0.9818
1 -0.3331 0.9773
1 -0.3349 0.9727
1 -0.3365 0.9681
1 -0.3381 0.9635
1 -0.3397 0.9589
1 -0.3412 0.9543
1 -0.3426 0.9496
1 -0.3439 0.9449
1 -0.3452 0.9402
1 -0.3464 0.9355
1 -0.3476 0.9307
1 -0.3487 0.9260
1 -0.3497 0.9212
1 -0.3507 0.9164
1 -0.3515 0.9116
1 -0.3524 0.9068
1 -0.3531 0.9020
1 -0.3538 0.8972
1 -0.3545 0.8923
1 -0.3550 0.8875
1 -0.3555 0.8826
1 -0.3560 0.8778
1 -0.3563 0.8729
1 -0.3566 0.8680
1 -0.3569 0.8632
1 -0.3570 0.8583
1 -0.3571 0.8534
1 -0.3572 0.8485
1 -0.3571 0.8437
1 -0.3570 0.8388
1 -0.3569 0.8339
1 -0.3566 0.8290
1 -0.3563 0.8242
1 -0.3560 0.8193
1 -0.3555 0.8144
1 -0.3550 0.8096
1 -0.3545 0.8047
1 -0.3538 0.7999
1 -0.3531 0.7951
1 -0.3524 0.7903
1 -0.3515 0.7855
1 -0.3507 0.7807
1 -0.3497 0.7759
1 -0.3487 0.7711
1 -0.3476 0.7664
1 -0.3464 0.7616
1 -0.3452 0.7569
1 -0.3439 0.7522
1 -0.3426 0.7475
1 -0.3412 0.7428
1 -0.3397 0.7382
1 -0.3381 0.7336
1 -0.3365 0.7289
1 -0.3349 0.7244
1 -0.3331 0.7198
1 -0.3314 0.7153
1 -0.3295 0.7107
1 -0.3276 0.7063
1 -0.3256 0.7018
1 -0.3236 0.6974
1 -0.3215 0.6930
1 -0.3193 0.6886
1 -0.3171 0.6842
1 -0.3148 0.6799
1 -0.3125 0.6756
1 -0.3101 0.6714
1 -0.3077 0.6672
1 -0.3052 0.6630
1 -0.3026 0.6588
1 -0.3000 0.6547
1 -0.2973 0.6506
1 -0.2946 0.6466
1 -0.2918 0.6426
1 -0.2890 0.6386
1 -0.2861 0.6347
1 -0.2831 0.6308
1 -0.2801 0.6270
1 -0.2771 0.6232
1 -0.2740 0.6194
1 -0.2708 0.6157
1 -0.2676 0.6120
1 -0.2643 0.6084
1 -0.2610 0.6048
1 -0.2577 0.6012
1 -0.2543 0.5977
1 -0.2508 0.5943
1 -0.2473 0.5909
1 -0.2438 0.5875
1 -0.2402 0.5842
1 -0.2366 0.5810
1 -0.2329 0.5778
1 -0.2292 0.5746
1 -0.2254 0.5715
1 -0.2216 0.5685
1 -0.2178 0.5655
1 -0.2139 0.5625
1 -0.2099 0.5596
1 -0.2060 0.5568
1 -0.2020 0.5540
1 -0.1979 0.5513
1 -0.1939 0.5486
1 -0.1897 0.5460
1 -0.1856 0.5434
1 -0.1814 0.5409
1 -0.1772 0.5384
1 -0.1729 0.5360
1 -0.1686 0.5337
1 -0.1643 0.5314
1 -0.1600 0.5292
1 -0.1556 0.5271
1 -0.1512 0.5250
1 -0.1468 0.5229
1 -0.1423 0.5210
1 -0.1378 0.5191
1 -0.1333 0.5172
1 -0.1288 0.5154
1 -0.1242 0.5137
1 -0.1196 0.5120
1 -0.1150 0.5104
1 -0.1104 0.5089
1 -0.1057 0.5074
1 -0.1011 0.5060
1 -0.0964 0.5046
1 -0.0917 0.5034
1 -0.0869 0.5021
1 -0.0822 0.5010
1 -0.0775 0.4999
1 -0.0727 0.4989
1 -0.0679 0.4979
1 -0.0631 0.4970
1 -0.0583 0.4962
1 -0.0535 0.4954
1 -0.0487 0.4947
1 -0.0438 0.4941
1 -0.0390 0.4935
1 -0.0341 0.4930
1 -0.0293 0.4926
1 -0.0244 0.4922
1 -0.0195 0.4919
1 -0.0147 0.4917
1 -0.0098 0.4915
1 -0.0049 0.4914
1 0.0000 0.4914
1 0.0049 0.4914
1 0.0097 0.4915
1 0.0146 0.4917
1 0.0195 0.4919
1 0.0244 0.4922
1 0.0292 0.4926
1 0.0341 0.4930
1 0.0389 0.4935
1 0.0438 0.4941
1 0.0486 0.4947
1 0.0534 0.4954
1 0.0583 0.4962
1 0.0631 0.4970
1 0.0679 0.4979
1 0.0726 0.4989
1 0.0774 0.4999
1 0.0822 0.5010
1 0.0869 0.5021
1 0.0916 0.5034
1 0.0963 0.5046
1 0.1010 0.5060
1 0.1057 0.5074
1 0.1103 0.5089
1 0.1150 0.5104
1 0.1196 0.5120
1 0.1242 0.5137
1 0.1287 0.5154
1 0.1333 0.5172
1 0.1378 0.5191
1 0.1423 0.5210
1 0.1467 0.5229
1 0.1512 0.5250
1 0.1556 0.5271
1 0.1599 0.5292
1 0.1643 0.5314
1 0.1686 0.5337
1 0.1729 0.5360
1 0.1771 0.5384
1 0.1814 0.5409
1 0.1855 0.5434
1 0.1897 0.5460
1 0.1938 0.5486
1 0.1979 0.5513
1 0.2019 0.5540
1 0.2059 0.5568
1 0.2099 0.5596
1 0.2138 0.5625
1 0.2177 0.5655
1 0.2216 0.5685
1 0.2254 0.5715
1 0.2291 0.5746
1 0.2329 0.5778
1 0.2365 0.5810
1 0.2402 0.5842
1 0.2437 0.5875
1 0.2473 0.5909
1 0.2508 0.5943
1 0.2542 0.5977
1 0.2576 0.6012
1 0.2610 0.6048
1 0.2643 0.6084
1 0.2676 0.6120
1 0.2708 0.6157
1 0.2739 0.6194
1 0.2770 0.6232
1 0.2801 0.6270
1 0.2831 0.6308
1 0.2860 0.6347
1 0.2889 0.6386
1 0.2918 0.6426
1 0.2945 0.6466
1 0.2973 0.6506
1 0.2999 0.6547
1 0.3026 0.6588
1 0.3051 0.6630
1 0.3076 0.6672
1 0.3101 0.6714
1 0.3125 0.6756
1 0.3148 0.6799
1 0.3171 0.6842
1 0.3193 0.6886
1 0.3215 0.6930
1 0.3235 0.6974
1 0.3256 0.7018
1 0.3276 0.7063
1 0.3295 0.7107
1 0.3313 0.7153
1 0.3331 0.7198
1 0.3348 0.7244
1 0.3365 0.7289
1 0.3381 0.7336
1 0.3396 0.7382
1 0.3411 0.7428
1 0.3425 0.7475
1 0.3439 0.7522
1 0.3452 0.7569
1 0.3464 0.7616
1 0.3475 0.7664
1 0.3486 0.7711
1 0.3497 0.7759
1 0.3506 0.7807
1 0.3515 0.7855
1 0.3523 0.7903
1 0.3531 0.7951
1 0.3538 0.7999
1 0.3544 0.8047
1 0.3550 0.8096
1 0.3555 0.8144
1 0.3559 0.8193
1 0.3563 0.8242
1 0.3566 0.8290
1 0.3568 0.8339
1 0.3570 0.8388
1 0.3571 0.8437
1 0.3571 0.8485
112 1251 111
0 -0.1016 0.7655
1 0.1824 0.7655
1 0.1824 0.7682
1 0.1827 0.7710
1 0.1831 0.7737
1 0.1838 0.7765
1 0.1845 0.7791
1 0.1856 0.7817
1 0.1867 0.7843
1 0.1880 0.7867
1 0.1895 0.7891
1 0.1912 0.7914
1 0.1929 0.7935
1 0.1948 0.7956
1 0.1968 0.7974
1 0.1990 0.7992
1 0.2013 0.8009
1 0.2036 0.8023
1 0.2061 0.8036
1 0.2087 0.8048
1 0.2113 0.8058
1 0.2139 0.8065
1 0.2166 0.8073
1 0.2194 0.8077
1 0.2221 0.8080
1 0.2249 0.8080
1 0.2278 0.8080
1 0.2305 0.8077
1 0.2332 0.8073
1 0.2360 0.8065
1 0.2386 0.8058
1 0.2412 0.8048
1 0.2438 0.8036
1 0.2462 0.8023
1 0.2486 0.8009
1 0.2509 0.7992
1 0.2530 0.7974
1 0.2551 0.7956
1 0.2569 0.7935
1 0.2587 0.7914
1 0.2603 0.7891
1 0.2619 0.7867
1 0.2632 0.7843
1 0.2643 0.7817
1 0.2652 0.7791
1 0.2660 0.7765
1 0.2666 0.7737
1 0.2672 0.7710
1 0.2673 0.7682
1 0.2675 0.7655
1 0.2887 0.7655
1 0.2887 0.7938
1 0.2816 0.7938
1 0.2816 0.8506
1 0.2533 0.9357
1 -0.2861 0.9357
1 -0.2861 0.8789
1 -0.2861 0.7938
1 -0.2932 0.7938
1 -0.2932 0.7655
1 -0.1867 0.7655
1 -0.1865 0.7682
1 -0.1862 0.7710
1 -0.1858 0.7737
1 -0.1852 0.7765
1 -0.1844 0.7791
1 -0.1835 0.7817
1 -0.1823 0.7843
1 -0.1810 0.7867
1 -0.1794 0.7891
1 -0.1779 0.7914
1 -0.1761 0.7935
1 -0.1742 0.7956
1 -0.1722 0.7974
1 -0.1701 0.7992
1 -0.1677 0.8009
1 -0.1654 0.8023
1 -0.1630 0.8036
1 -0.1604 0.8048
1 -0.1578 0.8058
1 -0.1552 0.8065
1 -0.1524 0.8073
1 -0.1497 0.8077
1 -0.1469 0.8080
1 -0.1440 0.8080
1 -0.1413 0.8080
1 -0.1386 0.8077
1 -0.1358 0.8073
1 -0.1331 0.8065
1 -0.1305 0.8058
1 -0.1279 0.8048
1 -0.1253 0.8036
1 -0.1228 0.8023
1 -0.1205 0.8009
1 -0.1182 0.7992
1 -0.1160 0.7974
1 -0.1140 0.7956
1 -0.1121 0.7935
1 -0.1104 0.7914
1 -0.1086 0.7891
1 -0.1072 0.7867
1 -0.1059 0.7843
1 -0.1047 0.7817
1 -0.1037 0.7791
1 -0.1030 0.7765
1 -0.1023 0.7737
1 -0.1019 0.7710
1 -0.1016 0.7682
1 -0.1016 0.7655
1 0.1824 0.7655
1 -0.1016 0.7655
112 1466 5
0 0.2568 0.9074
1 0.1824 0.9074
1 0.1824 0.8506
1 0.2757 0.8506
1 0.2568 0.9074
112 1466 5
0 0.1739 0.9074
1 0.1285 0.9074
1 0.1285 0.7711
1 0.1739 0.7711
1 0.1739 0.9074
112 1251 89
0 0.2619 0.7655
1 0.2617 0.7681
1 0.2614 0.7707
1 0.2610 0.7733
1 0.2603 0.7758
1 0.2595 0.7784
1 0.2585 0.7808
1 0.2574 0.7831
1 0.2559 0.7854
1 0.2545 0.7876
1 0.2527 0.7896
1 0.2510 0.7915
1 0.2491 0.7934
1 0.2470 0.7950
1 0.2449 0.7964
1 0.2426 0.7979
1 0.2403 0.7990
1 0.2379 0.8000
1 0.2353 0.8009
1 0.2328 0.8015
1 0.2302 0.8019
1 0.2276 0.8022
1 0.2249 0.8023
1 0.2223 0.8022
1 0.2197 0.8019
1 0.2171 0.8015
1 0.2146 0.8009
1 0.2120 0.8000
1 0.2095 0.7990
1 0.2072 0.7979
1 0.2049 0.7964
1 0.2028 0.7950
1 0.2007 0.7934
1 0.1989 0.7915
1 0.1970 0.7896
1 0.1954 0.7876
1 0.1939 0.7854
1 0.1925 0.7831
1 0.1913 0.7808
1 0.1903 0.7784
1 0.1895 0.7758
1 0.1889 0.7733
1 0.1884 0.7707
1 0.1882 0.7681
1 0.1880 0.7655
1 0.1882 0.7628
1 0.1884 0.7602
1 0.1889 0.7576
1 0.1895 0.7551
1 0.1903 0.7525
1 0.1913 0.7500
1 0.1925 0.7477
1 0.1939 0.7454
1 0.1954 0.7432
1 0.1970 0.7412
1 0.1989 0.7393
1 0.2007 0.7376
1 0.2028 0.7359
1 0.2049 0.7344
1 0.2072 0.7330
1 0.2095 0.7318
1 0.2120 0.7308
1 0.2146 0.7300
1 0.2171 0.7294
1 0.2197 0.7289
1 0.2223 0.7287
1 0.2249 0.7285
1 0.2276 0.7287
1 0.2302 0.7289
1 0.2328 0.7294
1 0.2353 0.7300
1 0.2379 0.7308
1 0.2403 0.7318
1 0.2426 0.7330
1 0.2449 0.7344
1 0.2470 0.7359
1 0.2491 0.7376
1 0.2510 0.7393
1 0.2527 0.7412
1 0.2545 0.7432
1 0.2559 0.7454
1 0.2574 0.7477
1 0.2585 0.7500
1 0.2595 0.7525
1 0.2603 0.7551
1 0.2610 0.7576
1 0.2614 0.7602
1 0.2617 0.7628
1 0.2619 0.7655
112 1466 5
0 0.0120 0.9074
1 -0.0873 0.9074
1 -0.0873 0.8506
1 0.0120 0.8506
1 0.0120 0.9074
112 1466 5
0 -0.0958 0.9074
1 -0.1952 0.9074
1 -0.1952 0.8506
1 -0.0958 0.8506
1 -0.0958 0.9074
112 1466 5
0 -0.2037 0.9074
1 -0.2520 0.9074
1 -0.2520 0.7711
1 -0.2037 0.7711
1 -0.2037 0.9074
112 1251 89
0 -0.1072 0.7655
1 -0.1073 0.7681
1 -0.1076 0.7707
1 -0.1081 0.7733
1 -0.1086 0.7758
1 -0.1095 0.7784
1 -0.1105 0.7808
1 -0.1117 0.7831
1 -0.1131 0.7854
1 -0.1146 0.7876
1 -0.1162 0.7896
1 -0.1180 0.7915
1 -0.1199 0.7934
1 -0.1219 0.7950
1 -0.1241 0.7964
1 -0.1264 0.7979
1 -0.1287 0.7990
1 -0.1312 0.8000
1 -0.1336 0.8009
1 -0.1362 0.8015
1 -0.1388 0.8019
1 -0.1414 0.8022
1 -0.1440 0.8023
1 -0.1468 0.8022
1 -0.1494 0.8019
1 -0.1520 0.8015
1 -0.1544 0.8009
1 -0.1571 0.8000
1 -0.1594 0.7990
1 -0.1618 0.7979
1 -0.1640 0.7964
1 -0.1662 0.7950
1 -0.1683 0.7934
1 -0.1702 0.7915
1 -0.1719 0.7896
1 -0.1737 0.7876
1 -0.1751 0.7854
1 -0.1764 0.7831
1 -0.1777 0.7808
1 -0.1787 0.7784
1 -0.1794 0.7758
1 -0.1802 0.7733
1 -0.1806 0.7707
1 -0.1809 0.7681
1 -0.1810 0.7655
1 -0.1809 0.7628
1 -0.1806 0.7602
1 -0.1802 0.7576
1 -0.1794 0.7551
1 -0.1787 0.7525
1 -0.1777 0.7500
1 -0.1764 0.7477
1 -0.1751 0.7454
1 -0.1737 0.7432
1 -0.1719 0.7412
1 -0.1702 0.7393
1 -0.1683 0.7376
1 -0.1662 0.7359
1 -0.1640 0.7344
1 -0.1618 0.7330
1 -0.1594 0.7318
1 -0.1571 0.7308
1 -0.1544 0.7300
1 -0.1520 0.7294
1 -0.1494 0.7289
1 -0.1468 0.7287
1 -0.1440 0.7285
1 -0.1414 0.7287
1 -0.1388 0.7289
1 -0.1362 0.7294
1 -0.1336 0.7300
1 -0.1312 0.7308
1 -0.1287 0.7318
1 -0.1264 0.7330
1 -0.1241 0.7344
1 -0.1219 0.7359
1 -0.1199 0.7376
1 -0.1180 0.7393
1 -0.1162 0.7412
1 -0.1146 0.7432
1 -0.1131 0.7454
1 -0.1117 0.7477
1 -0.1105 0.7500
1 -0.1095 0.7525
1 -0.1086 0.7551
1 -0.1081 0.7576
1 -0.1076 0.7602
1 -0.1073 0.7628
1 -0.1072 0.7655
112 1466 5
0 -0.2605 0.9074
1 -0.2803 0.9074
1 -0.2803 0.8506
1 -0.2605 0.8506
1 -0.2605 0.9074
112 1466 5
0 0.1200 0.9074
1 0.0205 0.9074
1 0.0205 0.8506
1 0.1200 0.8506
1 0.1200 0.9074
112 1250 254
0 -0.1111 0.4394
1 -0.1111 0.4394
1 -0.1110 0.4385
1 -0.1107 0.4374
1 -0.1103 0.4364
1 -0.1098 0.4354
1 -0.1091 0.4345
1 -0.1085 0.4339
1 -0.1085 0.4339
1 -0.1077 0.4333
1 -0.1066 0.4327
1 -0.1055 0.4321
1 -0.1042 0.4314
1 -0.1030 0.4309
1 -0.1019 0.4304
1 -0.1019 0.4304
1 -0.1007 0.4300
1 -0.0993 0.4295
1 -0.0977 0.4289
1 -0.0962 0.4284
1 -0.0947 0.4279
1 -0.0933 0.4275
1 -0.0933 0.4275
1 -0.0920 0.4270
1 -0.0905 0.4265
1 -0.0889 0.4258
1 -0.0873 0.4251
1 -0.0859 0.4244
1 -0.0847 0.4237
1 -0.0847 0.4237
1 -0.0836 0.4230
1 -0.0824 0.4220
1 -0.0811 0.4209
1 -0.0799 0.4198
1 -0.0789 0.4186
1 -0.0781 0.4176
1 -0.0781 0.4176
1 -0.0774 0.4164
1 -0.0768 0.4148
1 -0.0762 0.4131
1 -0.0758 0.4112
1 -0.0756 0.4094
1 -0.0755 0.4076
1 -0.0755 0.4076
1 -0.0755 0.4063
1 -0.0758 0.4048
1 -0.0761 0.4032
1 -0.0765 0.4016
1 -0.0770 0.4002
1 -0.0775 0.3990
1 -0.0775 0.3990
1 -0.0782 0.3979
1 -0.0790 0.3966
1 -0.0800 0.3953
1 -0.0811 0.3941
1 -0.0822 0.3930
1 -0.0832 0.3921
1 -0.0832 0.3921
1 -0.0843 0.3913
1 -0.0857 0.3905
1 -0.0873 0.3896
1 -0.0890 0.3888
1 -0.0906 0.3881
1 -0.0920 0.3876
1 -0.0920 0.3876
1 -0.0936 0.3872
1 -0.0954 0.3868
1 -0.0975 0.3865
1 -0.0996 0.3862
1 -0.1016 0.3860
1 -0.1034 0.3860
1 -0.1034 0.3860
1 -0.1051 0.3860
1 -0.1071 0.3862
1 -0.1091 0.3865
1 -0.1111 0.3868
1 -0.1128 0.3872
1 -0.1142 0.3876
1 -0.1142 0.3876
1 -0.1156 0.3881
1 -0.1170 0.3887
1 -0.1185 0.3894
1 -0.1199 0.3901
1 -0.1211 0.3907
1 -0.1221 0.3913
1 -0.1221 0.3913
1 -0.1231 0.3920
1 -0.1243 0.3929
1 -0.1255 0.3939
1 -0.1267 0.3949
1 -0.1278 0.3959
1 -0.1286 0.3968
1 -0.1208 0.4047
1 -0.1208 0.4047
1 -0.1201 0.4041
1 -0.1194 0.4033
1 -0.1185 0.4026
1 -0.1176 0.4018
1 -0.1167 0.4012
1 -0.1159 0.4006
1 -0.1159 0.4006
1 -0.1151 0.4002
1 -0.1143 0.3997
1 -0.1133 0.3992
1 -0.1122 0.3987
1 -0.1112 0.3982
1 -0.1103 0.3978
1 -0.1103 0.3978
1 -0.1093 0.3975
1 -0.1081 0.3972
1 -0.1068 0.3970
1 -0.1055 0.3968
1 -0.1042 0.3967
1 -0.1030 0.3967
1 -0.1030 0.3967
1 -0.1013 0.3968
1 -0.0994 0.3970
1 -0.0976 0.3974
1 -0.0959 0.3980
1 -0.0945 0.3986
1 -0.0934 0.3993
1 -0.0934 0.3993
1 -0.0926 0.4001
1 -0.0918 0.4012
1 -0.0911 0.4024
1 -0.0906 0.4037
1 -0.0903 0.4050
1 -0.0902 0.4062
1 -0.0902 0.4062
1 -0.0903 0.4073
1 -0.0905 0.4085
1 -0.0909 0.4096
1 -0.0915 0.4107
1 -0.0921 0.4116
1 -0.0928 0.4123
1 -0.0928 0.4123
1 -0.0936 0.4129
1 -0.0946 0.4136
1 -0.0958 0.4143
1 -0.0971 0.4150
1 -0.0983 0.4156
1 -0.0994 0.4160
1 -0.0994 0.4160
1 -0.1006 0.4164
1 -0.1020 0.4169
1 -0.1035 0.4174
1 -0.1051 0.4180
1 -0.1066 0.4184
1 -0.1079 0.4188
1 -0.1079 0.4188
1 -0.1092 0.4193
1 -0.1108 0.4198
1 -0.1123 0.4204
1 -0.1139 0.4211
1 -0.1153 0.4218
1 -0.1165 0.4224
1 -0.1165 0.4224
1 -0.1176 0.4232
1 -0.1188 0.4241
1 -0.1201 0.4252
1 -0.1212 0.4263
1 -0.1222 0.4274
1 -0.1231 0.4285
1 -0.1231 0.4285
1 -0.1237 0.4296
1 -0.1244 0.4312
1 -0.1249 0.4330
1 -0.1253 0.4349
1 -0.1256 0.4368
1 -0.1257 0.4386
1 -0.1257 0.4386
1 -0.1256 0.4397
1 -0.1255 0.4410
1 -0.1252 0.4424
1 -0.1249 0.4438
1 -0.1245 0.4451
1 -0.1240 0.4461
1 -0.1240 0.4461
1 -0.1235 0.4472
1 -0.1227 0.4483
1 -0.1219 0.4495
1 -0.1209 0.4506
1 -0.1199 0.4516
1 -0.1190 0.4524
1 -0.1190 0.4524
1 -0.1180 0.4531
1 -0.1168 0.4539
1 -0.1153 0.4547
1 -0.1139 0.4555
1 -0.1124 0.4562
1 -0.1111 0.4566
1 -0.1111 0.4566
1 -0.1097 0.4571
1 -0.1079 0.4575
1 -0.1060 0.4578
1 -0.1039 0.4581
1 -0.1020 0.4582
1 -0.1002 0.4583
1 -0.1002 0.4583
1 -0.0988 0.4583
1 -0.0973 0.4582
1 -0.0957 0.4580
1 -0.0942 0.4578
1 -0.0928 0.4576
1 -0.0916 0.4573
1 -0.0916 0.4573
1 -0.0904 0.4571
1 -0.0892 0.4567
1 -0.0879 0.4563
1 -0.0866 0.4559
1 -0.0855 0.4555
1 -0.0846 0.4552
1 -0.0846 0.4552
1 -0.0836 0.4547
1 -0.0825 0.4542
1 -0.0814 0.4536
1 -0.0802 0.4530
1 -0.0792 0.4524
1 -0.0784 0.4519
1 -0.0842 0.4429
1 -0.0842 0.4429
1 -0.0848 0.4433
1 -0.0855 0.4437
1 -0.0864 0.4441
1 -0.0872 0.4445
1 -0.0880 0.4449
1 -0.0887 0.4452
1 -0.0887 0.4452
1 -0.0893 0.4454
1 -0.0901 0.4457
1 -0.0910 0.4460
1 -0.0919 0.4463
1 -0.0928 0.4465
1 -0.0937 0.4467
1 -0.0937 0.4467
1 -0.0945 0.4469
1 -0.0955 0.4471
1 -0.0966 0.4473
1 -0.0977 0.4474
1 -0.0987 0.4475
1 -0.0996 0.4475
1 -0.0996 0.4475
1 -0.1013 0.4474
1 -0.1030 0.4472
1 -0.1047 0.4469
1 -0.1062 0.4464
1 -0.1075 0.4459
1 -0.1084 0.4453
1 -0.1084 0.4453
1 -0.1091 0.4446
1 -0.1097 0.4437
1 -0.1103 0.4426
1 -0.1107 0.4415
1 -0.1110 0.4404
112 1250 112
0 -0.0327 0.3860
1 -0.0327 0.3860
1 -0.0346 0.3860
1 -0.0367 0.3862
1 -0.0389 0.3865
1 -0.0411 0.3869
1 -0.0431 0.3874
1 -0.0448 0.3879
1 -0.0448 0.3879
1 -0.0464 0.3886
1 -0.0482 0.3895
1 -0.0500 0.3905
1 -0.0517 0.3917
1 -0.0533 0.3930
1 -0.0545 0.3941
1 -0.0545 0.3941
1 -0.0557 0.3955
1 -0.0569 0.3972
1 -0.0581 0.3992
1 -0.0593 0.4012
1 -0.0603 0.4033
1 -0.0611 0.4052
1 -0.0611 0.4052
1 -0.0616 0.4073
1 -0.0622 0.4100
1 -0.0627 0.4130
1 -0.0630 0.4161
1 -0.0633 0.4192
1 -0.0633 0.4219
1 -0.0633 0.4219
1 -0.0633 0.4248
1 -0.0630 0.4279
1 -0.0626 0.4311
1 -0.0621 0.4341
1 -0.0615 0.4368
1 -0.0608 0.4390
1 -0.0608 0.4390
1 -0.0600 0.4409
1 -0.0590 0.4430
1 -0.0578 0.4452
1 -0.0565 0.4472
1 -0.0553 0.4489
1 -0.0541 0.4502
1 -0.0541 0.4502
1 -0.0528 0.4514
1 -0.0512 0.4526
1 -0.0495 0.4538
1 -0.0477 0.4549
1 -0.0459 0.4557
1 -0.0444 0.4564
1 -0.0444 0.4564
1 -0.0428 0.4569
1 -0.0408 0.4573
1 -0.0387 0.4577
1 -0.0365 0.4580
1 -0.0345 0.4582
1 -0.0327 0.4583
1 -0.0327 0.4583
1 -0.0310 0.4582
1 -0.0290 0.4580
1 -0.0269 0.4577
1 -0.0248 0.4573
1 -0.0228 0.4569
1 -0.0212 0.4564
1 -0.0212 0.4564
1 -0.0196 0.4557
1 -0.0179 0.4549
1 -0.0160 0.4538
1 -0.0143 0.4526
1 -0.0127 0.4514
1 -0.0114 0.4502
1 -0.0114 0.4502
1 -0.0102 0.4489
1 -0.0089 0.4472
1 -0.0077 0.4452
1 -0.0065 0.4430
1 -0.0054 0.4409
1 -0.0047 0.4390
1 -0.0047 0.4390
1 -0.0040 0.4368
1 -0.0034 0.4341
1 -0.0029 0.4311
1 -0.0025 0.4279
1 -0.0022 0.4248
1 -0.0021 0.4219
1 -0.0021 0.4219
1 -0.0022 0.4192
1 -0.0025 0.4161
1 -0.0028 0.4130
1 -0.0033 0.4100
1 -0.0039 0.4073
1 -0.0045 0.4052
1 -0.0045 0.4052
1 -0.0053 0.4033
1 -0.0062 0.4012
1 -0.0074 0.3992
1 -0.0086 0.3972
1 -0.0098 0.3955
1 -0.0110 0.3941
1 -0.0110 0.3941
1 -0.0122 0.3930
1 -0.0138 0.3917
1 -0.0156 0.3905
1 -0.0174 0.3895
1 -0.0192 0.3886
1 -0.0208 0.3879
1 -0.0208 0.3879
1 -0.0224 0.3874
1 -0.0244 0.3869
1 -0.0266 0.3865
1 -0.0288 0.3862
1 -0.0309 0.3860
112 1250 7
0 0.0149 0.4571
1 0.0288 0.4571
1 0.0288 0.3982
1 0.0569 0.3982
1 0.0569 0.3871
1 0.0149 0.3871
1 0.0149 0.4571
112 1250 112
0 0.0975 0.3860
1 0.0975 0.3860
1 0.0956 0.3860
1 0.0935 0.3862
1 0.0913 0.3865
1 0.0891 0.3869
1 0.0871 0.3874
1 0.0854 0.3879
1 0.0854 0.3879
1 0.0838 0.3886
1 0.0821 0.3895
1 0.0802 0.3905
1 0.0785 0.3917
1 0.0770 0.3930
1 0.0757 0.3941
1 0.0757 0.3941
1 0.0745 0.3955
1 0.0733 0.3972
1 0.0721 0.3992
1 0.0709 0.4012
1 0.0699 0.4033
1 0.0692 0.4052
1 0.0692 0.4052
1 0.0686 0.4073
1 0.0680 0.4100
1 0.0675 0.4130
1 0.0672 0.4161
1 0.0670 0.4192
1 0.0669 0.4219
1 0.0669 0.4219
1 0.0670 0.4248
1 0.0672 0.4279
1 0.0676 0.4311
1 0.0681 0.4341
1 0.0687 0.4368
1 0.0694 0.4390
1 0.0694 0.4390
1 0.0702 0.4409
1 0.0712 0.4430
1 0.0724 0.4452
1 0.0737 0.4472
1 0.0749 0.4489
1 0.0761 0.4502
1 0.0761 0.4502
1 0.0774 0.4514
1 0.0790 0.4526
1 0.0807 0.4538
1 0.0825 0.4549
1 0.0843 0.4557
1 0.0858 0.4564
1 0.0858 0.4564
1 0.0875 0.4569
1 0.0894 0.4573
1 0.0915 0.4577
1 0.0937 0.4580
1 0.0957 0.4582
1 0.0975 0.4583
1 0.0975 0.4583
1 0.0992 0.4582
1 0.1012 0.4580
1 0.1033 0.4577
1 0.1054 0.4573
1 0.1074 0.4569
1 0.1090 0.4564
1 0.1090 0.4564
1 0.1106 0.4557
1 0.1124 0.4549
1 0.1142 0.4538
1 0.1159 0.4526
1 0.1175 0.4514
1 0.1188 0.4502
1 0.1188 0.4502
1 0.1200 0.4489
1 0.1213 0.4472
1 0.1225 0.4452
1 0.1237 0.4430
1 0.1248 0.4409
1 0.1256 0.4390
1 0.1256 0.4390
1 0.1262 0.4368
1 0.1268 0.4341
1 0.1273 0.4311
1 0.1277 0.4279
1 0.1280 0.4248
1 0.1281 0.4219
1 0.1281 0.4219
1 0.1280 0.4192
1 0.1277 0.4161
1 0.1274 0.4130
1 0.1269 0.4100
1 0.1263 0.4073
1 0.1257 0.4052
1 0.1257 0.4052
1 0.1249 0.4033
1 0.1240 0.4012
1 0.1228 0.3992
1 0.1216 0.3972
1 0.1204 0.3955
1 0.1192 0.3941
1 0.1192 0.3941
1 0.1180 0.3930
1 0.1164 0.3917
1 0.1147 0.3905
1 0.1128 0.3895
1 0.1111 0.3886
1 0.1094 0.3879
1 0.1094 0.3879
1 0.1078 0.3874
1 0.1058 0.3869
1 0.1036 0.3865
1 0.1014 0.3862
1 0.0993 0.3860
112 1250 9
0 -0.2817 0.3314
1 -0.2817 0.3203
1 -0.3004 0.3203
1 -0.3004 0.2614
1 -0.3143 0.2614
1 -0.3143 0.3203
1 -0.3329 0.3203
1 -0.3329 0.3314
1 -0.2817 0.3314
112 1250 57
0 -0.2723 0.3314
1 -0.2406 0.3314
1 -0.2406 0.3314
1 -0.2392 0.3314
1 -0.2375 0.3312
1 -0.2358 0.3310
1 -0.2341 0.3307
1 -0.2326 0.3304
1 -0.2314 0.3300
1 -0.2314 0.3300
1 -0.2302 0.3295
1 -0.2289 0.3289
1 -0.2276 0.3281
1 -0.2264 0.3274
1 -0.2253 0.3265
1 -0.2244 0.3258
1 -0.2244 0.3258
1 -0.2236 0.3250
1 -0.2228 0.3240
1 -0.2220 0.3228
1 -0.2213 0.3216
1 -0.2206 0.3204
1 -0.2202 0.3194
1 -0.2202 0.3194
1 -0.2198 0.3183
1 -0.2194 0.3169
1 -0.2191 0.3154
1 -0.2189 0.3139
1 -0.2187 0.3124
1 -0.2186 0.3111
1 -0.2186 0.3111
1 -0.2187 0.3097
1 -0.2189 0.3081
1 -0.2193 0.3065
1 -0.2197 0.3049
1 -0.2203 0.3035
1 -0.2208 0.3024
1 -0.2208 0.3024
1 -0.2214 0.3013
1 -0.2222 0.3002
1 -0.2230 0.2991
1 -0.2239 0.2980
1 -0.2247 0.2971
1 -0.2254 0.2963
1 -0.2254 0.2963
1 -0.2263 0.2955
1 -0.2274 0.2947
1 -0.2286 0.2938
1 -0.2298 0.2930
1 -0.2310 0.2922
1 -0.2320 0.2917
1 -0.2163 0.2614
1 -0.2319 0.2614
1 -0.2458 0.2898
1 -0.2584 0.2898
1 -0.2584 0.2614
1 -0.2723 0.2614
112 1250 9
0 -0.1609 0.2791
1 -0.1878 0.2791
1 -0.1934 0.2614
1 -0.2074 0.2614
1 -0.1836 0.3314
1 -0.1632 0.3314
1 -0.1407 0.2614
1 -0.1554 0.2614
1 -0.1609 0.2791
112 1250 11
0 -0.1126 0.3057
1 -0.1126 0.2614
1 -0.1264 0.2614
1 -0.1264 0.3314
1 -0.1115 0.3314
1 -0.0841 0.2846
1 -0.0841 0.3314
1 -0.0702 0.3314
1 -0.0702 0.2614
1 -0.0852 0.2614
1 -0.1126 0.3057
112 1250 254
0 -0.0362 0.3137
1 -0.0362 0.3137
1 -0.0361 0.3128
1 -0.0359 0.3117
1 -0.0355 0.3107
1 -0.0349 0.3097
1 -0.0343 0.3088
1 -0.0336 0.3082
1 -0.0336 0.3082
1 -0.0328 0.3076
1 -0.0318 0.3070
1 -0.0306 0.3064
1 -0.0294 0.3057
1 -0.0282 0.3052
1 -0.0271 0.3047
1 -0.0271 0.3047
1 -0.0259 0.3043
1 -0.0245 0.3038
1 -0.0229 0.3032
1 -0.0213 0.3027
1 -0.0198 0.3022
1 -0.0185 0.3018
1 -0.0185 0.3018
1 -0.0171 0.3013
1 -0.0156 0.3008
1 -0.0140 0.3001
1 -0.0125 0.2994
1 -0.0111 0.2987
1 -0.0099 0.2980
1 -0.0099 0.2980
1 -0.0087 0.2973
1 -0.0075 0.2963
1 -0.0063 0.2952
1 -0.0051 0.2941
1 -0.0040 0.2929
1 -0.0032 0.2919
1 -0.0032 0.2919
1 -0.0026 0.2907
1 -0.0019 0.2891
1 -0.0014 0.2874
1 -0.0010 0.2855
1 -0.0007 0.2837
1 -0.0006 0.2819
1 -0.0006 0.2819
1 -0.0007 0.2806
1 -0.0009 0.2791
1 -0.0012 0.2775
1 -0.0017 0.2759
1 -0.0022 0.2745
1 -0.0027 0.2733
1 -0.0027 0.2733
1 -0.0033 0.2722
1 -0.0042 0.2709
1 -0.0052 0.2696
1 -0.0062 0.2684
1 -0.0073 0.2673
1 -0.0084 0.2664
1 -0.0084 0.2664
1 -0.0095 0.2656
1 -0.0109 0.2648
1 -0.0125 0.2639
1 -0.0141 0.2631
1 -0.0157 0.2624
1 -0.0172 0.2619
1 -0.0172 0.2619
1 -0.0187 0.2615
1 -0.0206 0.2611
1 -0.0226 0.2608
1 -0.0247 0.2605
1 -0.0267 0.2603
1 -0.0285 0.2603
1 -0.0285 0.2603
1 -0.0303 0.2603
1 -0.0322 0.2605
1 -0.0343 0.2608
1 -0.0362 0.2611
1 -0.0380 0.2615
1 -0.0394 0.2619
1 -0.0394 0.2619
1 -0.0407 0.2624
1 -0.0422 0.2630
1 -0.0436 0.2637
1 -0.0450 0.2644
1 -0.0462 0.2650
1 -0.0472 0.2656
1 -0.0472 0.2656
1 -0.0483 0.2663
1 -0.0495 0.2672
1 -0.0507 0.2682
1 -0.0518 0.2692
1 -0.0529 0.2702
1 -0.0538 0.2711
1 -0.0459 0.2790
1 -0.0459 0.2790
1 -0.0453 0.2784
1 -0.0445 0.2776
1 -0.0436 0.2769
1 -0.0427 0.2761
1 -0.0418 0.2755
1 -0.0410 0.2749
1 -0.0410 0.2749
1 -0.0403 0.2745
1 -0.0394 0.2740
1 -0.0384 0.2735
1 -0.0374 0.2730
1 -0.0364 0.2725
1 -0.0355 0.2721
1 -0.0355 0.2721
1 -0.0345 0.2718
1 -0.0333 0.2715
1 -0.0320 0.2713
1 -0.0306 0.2711
1 -0.0293 0.2710
1 -0.0282 0.2710
1 -0.0282 0.2710
1 -0.0264 0.2711
1 -0.0245 0.2713
1 -0.0227 0.2717
1 -0.0210 0.2723
1 -0.0196 0.2729
1 -0.0186 0.2736
1 -0.0186 0.2736
1 -0.0177 0.2744
1 -0.0170 0.2755
1 -0.0163 0.2767
1 -0.0158 0.2780
1 -0.0154 0.2793
1 -0.0153 0.2805
1 -0.0153 0.2805
1 -0.0154 0.2816
1 -0.0157 0.2828
1 -0.0161 0.2839
1 -0.0166 0.2850
1 -0.0173 0.2859
1 -0.0179 0.2866
1 -0.0179 0.2866
1 -0.0187 0.2872
1 -0.0198 0.2879
1 -0.0210 0.2886
1 -0.0222 0.2893
1 -0.0234 0.2899
1 -0.0246 0.2903
1 -0.0246 0.2903
1 -0.0257 0.2907
1 -0.0272 0.2912
1 -0.0287 0.2917
1 -0.0303 0.2923
1 -0.0318 0.2927
1 -0.0331 0.2931
1 -0.0331 0.2931
1 -0.0344 0.2936
1 -0.0359 0.2941
1 -0.0375 0.2947
1 -0.0390 0.2954
1 -0.0405 0.2961
1 -0.0417 0.2967
1 -0.0417 0.2967
1 -0.0428 0.2975
1 -0.0440 0.2984
1 -0.0452 0.2995
1 -0.0464 0.3006
1 -0.0474 0.3017
1 -0.0482 0.3028
1 -0.0482 0.3028
1 -0.0489 0.3039
1 -0.0495 0.3055
1 -0.0501 0.3073
1 -0.0505 0.3092
1 -0.0507 0.3111
1 -0.0508 0.3129
1 -0.0508 0.3129
1 -0.0508 0.3140
1 -0.0506 0.3153
1 -0.0503 0.3167
1 -0.0500 0.3181
1 -0.0496 0.3194
1 -0.0492 0.3204
1 -0.0492 0.3204
1 -0.0486 0.3215
1 -0.0479 0.3226
1 -0.0470 0.3238
1 -0.0460 0.3249
1 -0.0451 0.3259
1 -0.0442 0.3267
1 -0.0442 0.3267
1 -0.0432 0.3274
1 -0.0419 0.3282
1 -0.0405 0.3290
1 -0.0390 0.3298
1 -0.0376 0.3305
1 -0.0362 0.3309
1 -0.0362 0.3309
1 -0.0348 0.3314
1 -0.0331 0.3318
1 -0.0311 0.3321
1 -0.0291 0.3324
1 -0.0271 0.3325
1 -0.0253 0.3326
1 -0.0253 0.3326
1 -0.0240 0.3326
1 -0.0225 0.3325
1 -0.0209 0.3323
1 -0.0193 0.3321
1 -0.0179 0.3319
1 -0.0167 0.3316
1 -0.0167 0.3316
1 -0.0156 0.3314
1 -0.0143 0.3310
1 -0.0130 0.3306
1 -0.0118 0.3302
1 -0.0107 0.3298
1 -0.0098 0.3295
1 -0.0098 0.3295
1 -0.0088 0.3290
1 -0.0077 0.3285
1 -0.0065 0.3279
1 -0.0054 0.3273
1 -0.0044 0.3267
1 -0.0036 0.3262
1 -0.0093 0.3172
1 -0.0093 0.3172
1 -0.0100 0.3176
1 -0.0107 0.3180
1 -0.0115 0.3184
1 -0.0123 0.3188
1 -0.0131 0.3192
1 -0.0138 0.3195
1 -0.0138 0.3195
1 -0.0144 0.3197
1 -0.0152 0.3200
1 -0.0161 0.3203
1 -0.0171 0.3206
1 -0.0180 0.3208
1 -0.0188 0.3210
1 -0.0188 0.3210
1 -0.0196 0.3212
1 -0.0206 0.3214
1 -0.0217 0.3216
1 -0.0228 0.3217
1 -0.0239 0.3218
1 -0.0248 0.3218
1 -0.0248 0.3218
1 -0.0264 0.3217
1 -0.0282 0.3215
1 -0.0298 0.3212
1 -0.0313 0.3207
1 -0.0326 0.3202
1 -0.0335 0.3196
1 -0.0335 0.3196
1 -0.0342 0.3189
1 -0.0349 0.3180
1 -0.0354 0.3169
1 -0.0359 0.3158
1 -0.0361 0.3147
112 1250 61
0 0.0159 0.3314
1 0.0469 0.3314
1 0.0469 0.3314
1 0.0483 0.3314
1 0.0499 0.3312
1 0.0515 0.3310
1 0.0532 0.3307
1 0.0546 0.3303
1 0.0558 0.3299
1 0.0558 0.3299
1 0.0570 0.3294
1 0.0583 0.3288
1 0.0596 0.3280
1 0.0609 0.3272
1 0.0620 0.3264
1 0.0629 0.3256
1 0.0629 0.3256
1 0.0637 0.3247
1 0.0646 0.3236
1 0.0655 0.3224
1 0.0663 0.3211
1 0.0670 0.3199
1 0.0675 0.3187
1 0.0675 0.3187
1 0.0679 0.3175
1 0.0683 0.3160
1 0.0686 0.3144
1 0.0689 0.3127
1 0.0691 0.3111
1 0.0691 0.3097
1 0.0691 0.3097
1 0.0691 0.3082
1 0.0689 0.3066
1 0.0686 0.3049
1 0.0683 0.3032
1 0.0679 0.3017
1 0.0675 0.3005
1 0.0675 0.3005
1 0.0670 0.2994
1 0.0663 0.2981
1 0.0655 0.2969
1 0.0646 0.2957
1 0.0637 0.2946
1 0.0629 0.2937
1 0.0629 0.2937
1 0.0620 0.2929
1 0.0609 0.2921
1 0.0596 0.2913
1 0.0583 0.2905
1 0.0570 0.2898
1 0.0558 0.2893
1 0.0558 0.2893
1 0.0546 0.2890
1 0.0531 0.2886
1 0.0515 0.2883
1 0.0499 0.2881
1 0.0483 0.2879
1 0.0469 0.2879
1 0.0298 0.2879
1 0.0298 0.2614
1 0.0159 0.2614
112 1250 112
0 0.1086 0.2603
1 0.1086 0.2603
1 0.1067 0.2603
1 0.1046 0.2605
1 0.1024 0.2608
1 0.1002 0.2612
1 0.0982 0.2617
1 0.0965 0.2622
1 0.0965 0.2622
1 0.0949 0.2629
1 0.0932 0.2638
1 0.0914 0.2648
1 0.0896 0.2660
1 0.0881 0.2673
1 0.0868 0.2684
1 0.0868 0.2684
1 0.0856 0.2698
1 0.0844 0.2715
1 0.0832 0.2735
1 0.0820 0.2755
1 0.0810 0.2776
1 0.0803 0.2795
1 0.0803 0.2795
1 0.0797 0.2816
1 0.0791 0.2843
1 0.0786 0.2873
1 0.0783 0.2904
1 0.0781 0.2935
1 0.0780 0.2962
1 0.0780 0.2962
1 0.0781 0.2991
1 0.0783 0.3022
1 0.0787 0.3054
1 0.0792 0.3084
1 0.0798 0.3111
1 0.0805 0.3133
1 0.0805 0.3133
1 0.0813 0.3152
1 0.0823 0.3173
1 0.0835 0.3195
1 0.0848 0.3215
1 0.0861 0.3232
1 0.0872 0.3245
1 0.0872 0.3245
1 0.0885 0.3257
1 0.0901 0.3269
1 0.0918 0.3281
1 0.0936 0.3292
1 0.0954 0.3300
1 0.0969 0.3307
1 0.0969 0.3307
1 0.0986 0.3312
1 0.1005 0.3316
1 0.1026 0.3320
1 0.1048 0.3323
1 0.1068 0.3325
1 0.1086 0.3326
1 0.1086 0.3326
1 0.1103 0.3325
1 0.1123 0.3323
1 0.1144 0.3320
1 0.1165 0.3316
1 0.1185 0.3312
1 0.1201 0.3307
1 0.1201 0.3307
1 0.1217 0.3300
1 0.1235 0.3292
1 0.1253 0.3281
1 0.1271 0.3269
1 0.1286 0.3257
1 0.1299 0.3245
1 0.1299 0.3245
1 0.1311 0.3232
1 0.1324 0.3215
1 0.1337 0.3195
1 0.1348 0.3173
1 0.1359 0.3152
1 0.1367 0.3133
1 0.1367 0.3133
1 0.1373 0.3111
1 0.1379 0.3084
1 0.1384 0.3054
1 0.1388 0.3022
1 0.1391 0.2991
1 0.1392 0.2962
1 0.1392 0.2962
1 0.1391 0.2935
1 0.1389 0.2904
1 0.1385 0.2873
1 0.1380 0.2843
1 0.1374 0.2816
1 0.1368 0.2795
1 0.1368 0.2795
1 0.1360 0.2776
1 0.1351 0.2755
1 0.1340 0.2735
1 0.1327 0.2715
1 0.1315 0.2698
1 0.1304 0.2684
1 0.1304 0.2684
1 0.1291 0.2673
1 0.1275 0.2660
1 0.1258 0.2648
1 0.1239 0.2638
1 0.1222 0.2629
1 0.1206 0.2622
1 0.1206 0.2622
1 0.1189 0.2617
1 0.1169 0.2612
1 0.1147 0.2608
1 0.1125 0.2605
1 0.1104 0.2603
112 1250 57
0 0.1562 0.3314
1 0.1879 0.3314
1 0.1879 0.3314
1 0.1894 0.3314
1 0.1910 0.3312
1 0.1928 0.3310
1 0.1944 0.3307
1 0.1959 0.3304
1 0.1972 0.3300
1 0.1972 0.3300
1 0.1983 0.3295
1 0.1996 0.3289
1 0.2009 0.3281
1 0.2022 0.3274
1 0.2032 0.3265
1 0.2041 0.3258
1 0.2041 0.3258
1 0.2049 0.3250
1 0.2057 0.3240
1 0.2065 0.3228
1 0.2073 0.3216
1 0.2079 0.3204
1 0.2084 0.3194
1 0.2084 0.3194
1 0.2088 0.3183
1 0.2091 0.3169
1 0.2094 0.3154
1 0.2097 0.3139
1 0.2098 0.3124
1 0.2099 0.3111
1 0.2099 0.3111
1 0.2098 0.3097
1 0.2096 0.3081
1 0.2093 0.3065
1 0.2088 0.3049
1 0.2083 0.3035
1 0.2077 0.3024
1 0.2077 0.3024
1 0.2071 0.3013
1 0.2063 0.3002
1 0.2055 0.2991
1 0.2047 0.2980
1 0.2039 0.2971
1 0.2031 0.2963
1 0.2031 0.2963
1 0.2023 0.2955
1 0.2012 0.2947
1 0.2000 0.2938
1 0.1987 0.2930
1 0.1976 0.2922
1 0.1965 0.2917
1 0.2123 0.2614
1 0.1966 0.2614
1 0.1828 0.2898
1 0.1701 0.2898
1 0.1701 0.2614
1 0.1562 0.2614
112 1250 9
0 0.2674 0.3314
1 0.2674 0.3203
1 0.2488 0.3203
1 0.2488 0.2614
1 0.2349 0.2614
1 0.2349 0.3203
1 0.2163 0.3203
1 0.2163 0.3314
1 0.2674 0.3314
112 1250 13
0 0.2768 0.3314
1 0.3231 0.3314
1 0.3231 0.3203
1 0.2908 0.3203
1 0.2908 0.3028
1 0.3178 0.3028
1 0.3167 0.2918
1 0.2908 0.2918
1 0.2908 0.2725
1 0.3231 0.2725
1 0.3231 0.2614
1 0.2768 0.2614
1 0.2768 0.3314
112 1250 61
0 -0.2197 0.1996
1 -0.1886 0.1996
1 -0.1886 0.1996
1 -0.1872 0.1996
1 -0.1856 0.1994
1 -0.1840 0.1992
1 -0.1824 0.1989
1 -0.1809 0.1985
1 -0.1797 0.1981
1 -0.1797 0.1981
1 -0.1785 0.1976
1 -0.1772 0.1970
1 -0.1759 0.1962
1 -0.1746 0.1954
1 -0.1735 0.1946
1 -0.1726 0.1938
1 -0.1726 0.1938
1 -0.1718 0.1929
1 -0.1709 0.1918
1 -0.1701 0.1906
1 -0.1693 0.1893
1 -0.1686 0.1881
1 -0.1680 0.1869
1 -0.1680 0.1869
1 -0.1676 0.1857
1 -0.1672 0.1842
1 -0.1669 0.1826
1 -0.1666 0.1809
1 -0.1665 0.1793
1 -0.1664 0.1779
1 -0.1664 0.1779
1 -0.1665 0.1764
1 -0.1666 0.1748
1 -0.1669 0.1731
1 -0.1672 0.1714
1 -0.1676 0.1699
1 -0.1680 0.1687
1 -0.1680 0.1687
1 -0.1686 0.1676
1 -0.1693 0.1663
1 -0.1701 0.1651
1 -0.1709 0.1639
1 -0.1718 0.1628
1 -0.1726 0.1619
1 -0.1726 0.1619
1 -0.1735 0.1611
1 -0.1746 0.1603
1 -0.1759 0.1595
1 -0.1772 0.1587
1 -0.1785 0.1580
1 -0.1797 0.1575
1 -0.1797 0.1575
1 -0.1809 0.1572
1 -0.1824 0.1568
1 -0.1840 0.1565
1 -0.1857 0.1563
1 -0.1872 0.1561
1 -0.1886 0.1561
1 -0.2057 0.1561
1 -0.2057 0.1296
1 -0.2197 0.1296
112 1250 95
0 -0.1260 0.1285
1 -0.1260 0.1285
1 -0.1276 0.1285
1 -0.1294 0.1287
1 -0.1314 0.1289
1 -0.1333 0.1292
1 -0.1350 0.1295
1 -0.1365 0.1299
1 -0.1365 0.1299
1 -0.1380 0.1304
1 -0.1395 0.1311
1 -0.1412 0.1319
1 -0.1428 0.1328
1 -0.1442 0.1337
1 -0.1454 0.1345
1 -0.1454 0.1345
1 -0.1464 0.1355
1 -0.1475 0.1367
1 -0.1486 0.1380
1 -0.1497 0.1395
1 -0.1506 0.1409
1 -0.1513 0.1422
1 -0.1513 0.1422
1 -0.1519 0.1436
1 -0.1524 0.1453
1 -0.1529 0.1472
1 -0.1532 0.1492
1 -0.1534 0.1512
1 -0.1535 0.1530
1 -0.1535 0.1996
1 -0.1397 0.1996
1 -0.1397 0.1530
1 -0.1397 0.1530
1 -0.1396 0.1513
1 -0.1393 0.1494
1 -0.1387 0.1476
1 -0.1381 0.1459
1 -0.1373 0.1445
1 -0.1364 0.1433
1 -0.1364 0.1433
1 -0.1353 0.1424
1 -0.1338 0.1416
1 -0.1320 0.1409
1 -0.1300 0.1403
1 -0.1279 0.1400
1 -0.1260 0.1398
1 -0.1260 0.1398
1 -0.1240 0.1400
1 -0.1219 0.1403
1 -0.1199 0.1409
1 -0.1181 0.1416
1 -0.1166 0.1424
1 -0.1155 0.1433
1 -0.1155 0.1433
1 -0.1147 0.1445
1 -0.1139 0.1459
1 -0.1132 0.1476
1 -0.1127 0.1494
1 -0.1124 0.1513
1 -0.1122 0.1530
1 -0.1122 0.1996
1 -0.0984 0.1996
1 -0.0984 0.1530
1 -0.0984 0.1530
1 -0.0985 0.1512
1 -0.0987 0.1492
1 -0.0991 0.1472
1 -0.0996 0.1453
1 -0.1001 0.1436
1 -0.1007 0.1422
1 -0.1007 0.1422
1 -0.1014 0.1409
1 -0.1023 0.1395
1 -0.1034 0.1380
1 -0.1045 0.1367
1 -0.1056 0.1355
1 -0.1067 0.1345
1 -0.1067 0.1345
1 -0.1078 0.1337
1 -0.1092 0.1328
1 -0.1108 0.1319
1 -0.1124 0.1311
1 -0.1140 0.1304
1 -0.1154 0.1299
1 -0.1154 0.1299
1 -0.1169 0.1295
1 -0.1187 0.1292
1 -0.1206 0.1289
1 -0.1225 0.1287
1 -0.1244 0.1285
1 -0.1260 0.1285
0 -0.1388 0.2052
1 -0.1399 0.2136
1 -0.1122 0.2183
1 -0.1112 0.2077
112 1250 101
0 -0.0774 0.1996
1 -0.0486 0.1996
1 -0.0486 0.1996
1 -0.0457 0.1995
1 -0.0426 0.1990
1 -0.0394 0.1982
1 -0.0365 0.1973
1 -0.0340 0.1961
1 -0.0321 0.1949
1 -0.0321 0.1949
1 -0.0305 0.1933
1 -0.0290 0.1913
1 -0.0277 0.1889
1 -0.0268 0.1863
1 -0.0262 0.1836
1 -0.0260 0.1812
1 -0.0260 0.1812
1 -0.0260 0.1801
1 -0.0261 0.1790
1 -0.0263 0.1778
1 -0.0266 0.1766
1 -0.0269 0.1756
1 -0.0272 0.1748
1 -0.0272 0.1748
1 -0.0275 0.1741
1 -0.0279 0.1734
1 -0.0284 0.1726
1 -0.0289 0.1718
1 -0.0294 0.1712
1 -0.0299 0.1707
1 -0.0299 0.1707
1 -0.0304 0.1702
1 -0.0309 0.1697
1 -0.0315 0.1692
1 -0.0322 0.1687
1 -0.0328 0.1683
1 -0.0333 0.1680
1 -0.0333 0.1680
1 -0.0337 0.1678
1 -0.0343 0.1675
1 -0.0348 0.1673
1 -0.0353 0.1670
1 -0.0357 0.1668
1 -0.0361 0.1667
1 -0.0361 0.1667
1 -0.0356 0.1665
1 -0.0351 0.1663
1 -0.0344 0.1661
1 -0.0337 0.1658
1 -0.0330 0.1655
1 -0.0324 0.1652
1 -0.0324 0.1652
1 -0.0317 0.1649
1 -0.0310 0.1644
1 -0.0301 0.1639
1 -0.0293 0.1633
1 -0.0286 0.1627
1 -0.0279 0.1622
1 -0.0279 0.1622
1 -0.0273 0.1616
1 -0.0266 0.1609
1 -0.0259 0.1600
1 -0.0253 0.1591
1 -0.0247 0.1582
1 -0.0242 0.1574
1 -0.0242 0.1574
1 -0.0238 0.1566
1 -0.0234 0.1555
1 -0.0231 0.1543
1 -0.0228 0.1531
1 -0.0226 0.1519
1 -0.0226 0.1508
1 -0.0226 0.1508
1 -0.0226 0.1494
1 -0.0228 0.1479
1 -0.0231 0.1462
1 -0.0235 0.1446
1 -0.0239 0.1432
1 -0.0243 0.1420
1 -0.0243 0.1420
1 -0.0249 0.1409
1 -0.0257 0.1397
1 -0.0265 0.1384
1 -0.0275 0.1372
1 -0.0285 0.1361
1 -0.0294 0.1353
1 -0.0294 0.1353
1 -0.0305 0.1345
1 -0.0317 0.1337
1 -0.0331 0.1329
1 -0.0346 0.1322
1 -0.0361 0.1316
1 -0.0374 0.1311
1 -0.0374 0.1311
1 -0.0388 0.1307
1 -0.0405 0.1304
1 -0.0424 0.1301
1 -0.0444 0.1298
1 -0.0463 0.1297
1 -0.0480 0.1296
1 -0.0774 0.1296
112 1250 7
0 -0.0052 0.1996
1 0.0087 0.1996
1 0.0087 0.1407
1 0.0368 0.1407
1 0.0368 0.1296
1 -0.0052 0.1296
1 -0.0052 0.1996
112 1250 13
0 0.0584 0.1388
1 0.0584 0.1905
1 0.0484 0.1905
1 0.0484 0.1996
1 0.0821 0.1996
1 0.0821 0.1905
1 0.0722 0.1905
1 0.0722 0.1388
1 0.0821 0.1388
1 0.0821 0.1296
1 0.0484 0.1296
1 0.0484 0.1388
1 0.0584 0.1388
112 1250 198
0 0.1295 0.1392
1 0.1295 0.1392
1 0.1305 0.1392
1 0.1317 0.1393
1 0.1329 0.1394
1 0.1341 0.1396
1 0.1352 0.1399
1 0.1361 0.1401
1 0.1361 0.1401
1 0.1370 0.1404
1 0.1379 0.1408
1 0.1389 0.1412
1 0.1398 0.1416
1 0.1407 0.1420
1 0.1413 0.1424
1 0.1413 0.1424
1 0.1420 0.1428
1 0.1428 0.1433
1 0.1436 0.1439
1 0.1444 0.1445
1 0.1451 0.1451
1 0.1457 0.1456
1 0.1518 0.1376
1 0.1518 0.1376
1 0.1509 0.1369
1 0.1499 0.1360
1 0.1487 0.1352
1 0.1475 0.1344
1 0.1464 0.1336
1 0.1454 0.1330
1 0.1454 0.1330
1 0.1444 0.1325
1 0.1432 0.1320
1 0.1418 0.1314
1 0.1404 0.1308
1 0.1391 0.1303
1 0.1378 0.1298
1 0.1378 0.1298
1 0.1365 0.1295
1 0.1349 0.1291
1 0.1331 0.1289
1 0.1313 0.1286
1 0.1295 0.1285
1 0.1279 0.1285
1 0.1279 0.1285
1 0.1261 0.1285
1 0.1239 0.1287
1 0.1217 0.1290
1 0.1195 0.1294
1 0.1174 0.1299
1 0.1157 0.1304
1 0.1157 0.1304
1 0.1141 0.1311
1 0.1123 0.1320
1 0.1105 0.1331
1 0.1087 0.1343
1 0.1070 0.1356
1 0.1057 0.1367
1 0.1057 0.1367
1 0.1045 0.1381
1 0.1033 0.1398
1 0.1020 0.1418
1 0.1008 0.1440
1 0.0998 0.1461
1 0.0990 0.1480
1 0.0990 0.1480
1 0.0983 0.1501
1 0.0977 0.1528
1 0.0972 0.1558
1 0.0968 0.1589
1 0.0965 0.1620
1 0.0965 0.1647
1 0.0965 0.1647
1 0.0966 0.1675
1 0.0968 0.1706
1 0.0973 0.1737
1 0.0978 0.1766
1 0.0985 0.1793
1 0.0992 0.1814
1 0.0992 0.1814
1 0.1001 0.1833
1 0.1012 0.1854
1 0.1025 0.1875
1 0.1039 0.1895
1 0.1053 0.1912
1 0.1066 0.1925
1 0.1066 0.1925
1 0.1080 0.1937
1 0.1096 0.1950
1 0.1115 0.1962
1 0.1134 0.1973
1 0.1153 0.1982
1 0.1169 0.1989
1 0.1169 0.1989
1 0.1186 0.1994
1 0.1206 0.1998
1 0.1228 0.2002
1 0.1250 0.2005
1 0.1270 0.2007
1 0.1288 0.2008
1 0.1288 0.2008
1 0.1303 0.2008
1 0.1319 0.2006
1 0.1336 0.2004
1 0.1352 0.2001
1 0.1366 0.1997
1 0.1378 0.1993
1 0.1378 0.1993
1 0.1390 0.1989
1 0.1402 0.1984
1 0.1415 0.1978
1 0.1427 0.1973
1 0.1438 0.1967
1 0.1447 0.1962
1 0.1447 0.1962
1 0.1456 0.1956
1 0.1467 0.1949
1 0.1477 0.1941
1 0.1488 0.1933
1 0.1497 0.1925
1 0.1505 0.1918
1 0.1431 0.1839
1 0.1431 0.1839
1 0.1426 0.1844
1 0.1420 0.1849
1 0.1414 0.1855
1 0.1407 0.1860
1 0.1401 0.1865
1 0.1395 0.1869
1 0.1395 0.1869
1 0.1389 0.1872
1 0.1382 0.1876
1 0.1374 0.1880
1 0.1366 0.1884
1 0.1357 0.1887
1 0.1350 0.1890
1 0.1350 0.1890
1 0.1342 0.1893
1 0.1332 0.1895
1 0.1321 0.1897
1 0.1309 0.1899
1 0.1298 0.1900
1 0.1288 0.1900
1 0.1288 0.1900
1 0.1279 0.1900
1 0.1268 0.1899
1 0.1256 0.1897
1 0.1244 0.1894
1 0.1233 0.1891
1 0.1224 0.1888
1 0.1224 0.1888
1 0.1215 0.1885
1 0.1204 0.1879
1 0.1194 0.1872
1 0.1183 0.1865
1 0.1174 0.1856
1 0.1166 0.1849
1 0.1166 0.1849
1 0.1159 0.1840
1 0.1151 0.1828
1 0.1144 0.1814
1 0.1136 0.1800
1 0.1130 0.1785
1 0.1125 0.1772
1 0.1125 0.1772
1 0.1121 0.1757
1 0.1117 0.1737
1 0.1114 0.1715
1 0.1111 0.1692
1 0.1110 0.1669
1 0.1109 0.1647
1 0.1109 0.1647
1 0.1110 0.1626
1 0.1111 0.1604
1 0.1114 0.1581
1 0.1116 0.1559
1 0.1120 0.1539
1 0.1124 0.1524
1 0.1124 0.1524
1 0.1128 0.1510
1 0.1135 0.1495
1 0.1142 0.1481
1 0.1149 0.1467
1 0.1157 0.1455
1 0.1164 0.1445
1 0.1164 0.1445
1 0.1171 0.1437
1 0.1181 0.1429
1 0.1191 0.1421
1 0.1202 0.1414
1 0.1213 0.1408
1 0.1223 0.1403
1 0.1223 0.1403
1 0.1233 0.1400
1 0.1245 0.1397
1 0.1258 0.1395
1 0.1271 0.1393
1 0.1284 0.1392
112 1250 112
0 0.1934 0.1285
1 0.1934 0.1285
1 0.1916 0.1285
1 0.1894 0.1287
1 0.1872 0.1290
1 0.1850 0.1294
1 0.1830 0.1299
1 0.1813 0.1304
1 0.1813 0.1304
1 0.1798 0.1311
1 0.1780 0.1320
1 0.1762 0.1330
1 0.1745 0.1342
1 0.1729 0.1355
1 0.1716 0.1366
1 0.1716 0.1366
1 0.1705 0.1380
1 0.1693 0.1397
1 0.1680 0.1417
1 0.1669 0.1437
1 0.1659 0.1458
1 0.1651 0.1477
1 0.1651 0.1477
1 0.1645 0.1498
1 0.1640 0.1525
1 0.1635 0.1555
1 0.1631 0.1586
1 0.1629 0.1617
1 0.1628 0.1644
1 0.1628 0.1644
1 0.1629 0.1673
1 0.1632 0.1704
1 0.1636 0.1736
1 0.1641 0.1766
1 0.1647 0.1793
1 0.1653 0.1815
1 0.1653 0.1815
1 0.1661 0.1834
1 0.1671 0.1855
1 0.1683 0.1877
1 0.1696 0.1897
1 0.1709 0.1914
1 0.1721 0.1927
1 0.1721 0.1927
1 0.1734 0.1939
1 0.1749 0.1951
1 0.1767 0.1963
1 0.1785 0.1974
1 0.1802 0.1982
1 0.1818 0.1989
1 0.1818 0.1989
1 0.1834 0.1994
1 0.1854 0.1998
1 0.1875 0.2002
1 0.1896 0.2005
1 0.1917 0.2007
1 0.1934 0.2008
1 0.1934 0.2008
1 0.1952 0.2007
1 0.1972 0.2005
1 0.1993 0.2002
1 0.2014 0.1998
1 0.2033 0.1994
1 0.2050 0.1989
1 0.2050 0.1989
1 0.2065 0.1982
1 0.2083 0.1974
1 0.2101 0.1963
1 0.2119 0.1951
1 0.2135 0.1939
1 0.2148 0.1927
1 0.2148 0.1927
1 0.2159 0.1914
1 0.2172 0.1897
1 0.2185 0.1877
1 0.2197 0.1855
1 0.2207 0.1834
1 0.2215 0.1815
1 0.2215 0.1815
1 0.2222 0.1793
1 0.2228 0.1766
1 0.2233 0.1736
1 0.2237 0.1704
1 0.2239 0.1673
1 0.2240 0.1644
1 0.2240 0.1644
1 0.2239 0.1617
1 0.2237 0.1586
1 0.2233 0.1555
1 0.2228 0.1525
1 0.2222 0.1498
1 0.2216 0.1477
1 0.2216 0.1477
1 0.2209 0.1458
1 0.2199 0.1437
1 0.2188 0.1417
1 0.2176 0.1397
1 0.2163 0.1380
1 0.2152 0.1366
1 0.2152 0.1366
1 0.2139 0.1355
1 0.2124 0.1342
1 0.2106 0.1330
1 0.2088 0.1320
1 0.2070 0.1311
1 0.2054 0.1304
1 0.2054 0.1304
1 0.2037 0.1299
1 0.2018 0.1294
1 0.1996 0.1290
1 0.1974 0.1287
1 0.1953 0.1285
112 1251 112
0 -0.0327 0.3964
1 -0.0327 0.3964
1 -0.0318 0.3964
1 -0.0307 0.3965
1 -0.0295 0.3967
1 -0.0284 0.3970
1 -0.0273 0.3973
1 -0.0264 0.3976
1 -0.0264 0.3976
1 -0.0256 0.3981
1 -0.0247 0.3987
1 -0.0237 0.3994
1 -0.0228 0.4002
1 -0.0220 0.4010
1 -0.0213 0.4018
1 -0.0213 0.4018
1 -0.0207 0.4028
1 -0.0201 0.4040
1 -0.0194 0.4054
1 -0.0188 0.4069
1 -0.0183 0.4083
1 -0.0179 0.4097
1 -0.0179 0.4097
1 -0.0176 0.4112
1 -0.0173 0.4131
1 -0.0171 0.4153
1 -0.0169 0.4176
1 -0.0168 0.4199
1 -0.0167 0.4219
1 -0.0167 0.4219
1 -0.0168 0.4241
1 -0.0169 0.4264
1 -0.0171 0.4288
1 -0.0174 0.4310
1 -0.0177 0.4329
1 -0.0180 0.4345
1 -0.0180 0.4345
1 -0.0185 0.4359
1 -0.0190 0.4374
1 -0.0196 0.4388
1 -0.0203 0.4402
1 -0.0210 0.4414
1 -0.0216 0.4424
1 -0.0216 0.4424
1 -0.0223 0.4432
1 -0.0231 0.4440
1 -0.0240 0.4448
1 -0.0250 0.4455
1 -0.0259 0.4461
1 -0.0268 0.4465
1 -0.0268 0.4465
1 -0.0276 0.4469
1 -0.0286 0.4472
1 -0.0297 0.4474
1 -0.0308 0.4476
1 -0.0318 0.4478
1 -0.0327 0.4478
1 -0.0327 0.4478
1 -0.0337 0.4478
1 -0.0347 0.4476
1 -0.0358 0.4474
1 -0.0369 0.4472
1 -0.0380 0.4469
1 -0.0388 0.4465
1 -0.0388 0.4465
1 -0.0397 0.4461
1 -0.0406 0.4455
1 -0.0416 0.4448
1 -0.0425 0.4440
1 -0.0433 0.4432
1 -0.0440 0.4424
1 -0.0440 0.4424
1 -0.0446 0.4414
1 -0.0452 0.4402
1 -0.0459 0.4388
1 -0.0465 0.4374
1 -0.0470 0.4359
1 -0.0474 0.4345
1 -0.0474 0.4345
1 -0.0478 0.4329
1 -0.0481 0.4310
1 -0.0484 0.4288
1 -0.0486 0.4264
1 -0.0487 0.4241
1 -0.0488 0.4219
1 -0.0488 0.4219
1 -0.0487 0.4199
1 -0.0486 0.4176
1 -0.0484 0.4153
1 -0.0482 0.4131
1 -0.0479 0.4112
1 -0.0476 0.4097
1 -0.0476 0.4097
1 -0.0472 0.4083
1 -0.0467 0.4069
1 -0.0461 0.4054
1 -0.0454 0.4040
1 -0.0448 0.4028
1 -0.0442 0.4018
1 -0.0442 0.4018
1 -0.0435 0.4010
1 -0.0427 0.4002
1 -0.0418 0.3994
1 -0.0409 0.3987
1 -0.0400 0.3981
1 -0.0392 0.3976
1 -0.0392 0.3976
1 -0.0383 0.3973
1 -0.0372 0.3970
1 -0.0361 0.3967
1 -0.0349 0.3965
1 -0.0337 0.3964
112 1251 112
0 0.0975 0.3964
1 0.0975 0.3964
1 0.0984 0.3964
1 0.0996 0.3965
1 0.1007 0.3967
1 0.1019 0.3970
1 0.1029 0.3973
1 0.1038 0.3976
1 0.1038 0.3976
1 0.1046 0.3981
1 0.1055 0.3987
1 0.1065 0.3994
1 0.1074 0.4002
1 0.1082 0.4010
1 0.1089 0.4018
1 0.1089 0.4018
1 0.1095 0.4028
1 0.1102 0.4040
1 0.1108 0.4054
1 0.1114 0.4069
1 0.1119 0.4083
1 0.1123 0.4097
1 0.1123 0.4097
1 0.1126 0.4112
1 0.1129 0.4131
1 0.1131 0.4153
1 0.1133 0.4176
1 0.1134 0.4199
1 0.1135 0.4219
1 0.1135 0.4219
1 0.1134 0.4241
1 0.1133 0.4264
1 0.1131 0.4288
1 0.1128 0.4310
1 0.1125 0.4329
1 0.1122 0.4345
1 0.1122 0.4345
1 0.1118 0.4359
1 0.1112 0.4374
1 0.1106 0.4388
1 0.1099 0.4402
1 0.1092 0.4414
1 0.1086 0.4424
1 0.1086 0.4424
1 0.1079 0.4432
1 0.1071 0.4440
1 0.1062 0.4448
1 0.1052 0.4455
1 0.1043 0.4461
1 0.1035 0.4465
1 0.1035 0.4465
1 0.1026 0.4469
1 0.1016 0.4472
1 0.1005 0.4474
1 0.0994 0.4476
1 0.0984 0.4478
1 0.0975 0.4478
1 0.0975 0.4478
1 0.0966 0.4478
1 0.0955 0.4476
1 0.0944 0.4474
1 0.0933 0.4472
1 0.0922 0.4469
1 0.0914 0.4465
1 0.0914 0.4465
1 0.0905 0.4461
1 0.0896 0.4455
1 0.0887 0.4448
1 0.0877 0.4440
1 0.0869 0.4432
1 0.0863 0.4424
1 0.0863 0.4424
1 0.0856 0.4414
1 0.0850 0.4402
1 0.0843 0.4388
1 0.0837 0.4374
1 0.0832 0.4359
1 0.0828 0.4345
1 0.0828 0.4345
1 0.0824 0.4329
1 0.0821 0.4310
1 0.0818 0.4288
1 0.0816 0.4264
1 0.0815 0.4241
1 0.0815 0.4219
1 0.0815 0.4219
1 0.0815 0.4199
1 0.0816 0.4176
1 0.0818 0.4153
1 0.0821 0.4131
1 0.0824 0.4112
1 0.0827 0.4097
1 0.0827 0.4097
1 0.0830 0.4083
1 0.0836 0.4069
1 0.0841 0.4054
1 0.0848 0.4040
1 0.0854 0.4028
1 0.0860 0.4018
1 0.0860 0.4018
1 0.0867 0.4010
1 0.0875 0.4002
1 0.0884 0.3994
1 0.0893 0.3987
1 0.0902 0.3981
1 0.0910 0.3976
1 0.0910 0.3976
1 0.0919 0.3973
1 0.0930 0.3970
1 0.0941 0.3967
1 0.0953 0.3965
1 0.0965 0.3964
112 1251 31
0 -0.2584 0.3009
1 -0.2433 0.3009
1 -0.2433 0.3009
1 -0.2419 0.3010
1 -0.2404 0.3013
1 -0.2390 0.3017
1 -0.2377 0.3022
1 -0.2366 0.3029
1 -0.2357 0.3035
1 -0.2357 0.3035
1 -0.2351 0.3044
1 -0.2345 0.3055
1 -0.2340 0.3068
1 -0.2336 0.3082
1 -0.2333 0.3097
1 -0.2332 0.3110
1 -0.2332 0.3110
1 -0.2333 0.3123
1 -0.2336 0.3137
1 -0.2340 0.3150
1 -0.2345 0.3162
1 -0.2351 0.3173
1 -0.2357 0.3180
1 -0.2357 0.3180
1 -0.2365 0.3186
1 -0.2376 0.3192
1 -0.2388 0.3197
1 -0.2401 0.3200
1 -0.2415 0.3203
1 -0.2427 0.3203
1 -0.2584 0.3203
112 1251 5
0 -0.1844 0.2896
1 -0.1640 0.2896
1 -0.1737 0.3223
1 -0.1742 0.3223
1 -0.1844 0.2896
112 1251 31
0 0.0298 0.2990
1 0.0430 0.2990
1 0.0430 0.2990
1 0.0446 0.2991
1 0.0464 0.2993
1 0.0481 0.2998
1 0.0496 0.3004
1 0.0508 0.3011
1 0.0517 0.3018
1 0.0517 0.3018
1 0.0524 0.3027
1 0.0531 0.3039
1 0.0536 0.3053
1 0.0540 0.3068
1 0.0543 0.3083
1 0.0544 0.3097
1 0.0544 0.3097
1 0.0543 0.3110
1 0.0540 0.3125
1 0.0536 0.3140
1 0.0531 0.3154
1 0.0524 0.3165
1 0.0517 0.3174
1 0.0517 0.3174
1 0.0508 0.3182
1 0.0496 0.3189
1 0.0481 0.3195
1 0.0464 0.3200
1 0.0446 0.3203
1 0.0430 0.3203
1 0.0298 0.3203
112 1251 112
0 0.1086 0.2707
1 0.1086 0.2707
1 0.1096 0.2707
1 0.1107 0.2708
1 0.1118 0.2710
1 0.1130 0.2713
1 0.1140 0.2716
1 0.1149 0.2719
1 0.1149 0.2719
1 0.1157 0.2724
1 0.1167 0.2730
1 0.1176 0.2737
1 0.1185 0.2745
1 0.1193 0.2753
1 0.1200 0.2761
1 0.1200 0.2761
1 0.1206 0.2771
1 0.1213 0.2783
1 0.1219 0.2797
1 0.1225 0.2812
1 0.1230 0.2826
1 0.1234 0.2840
1 0.1234 0.2840
1 0.1237 0.2855
1 0.1240 0.2874
1 0.1242 0.2896
1 0.1244 0.2919
1 0.1245 0.2942
1 0.1246 0.2962
1 0.1246 0.2962
1 0.1245 0.2984
1 0.1244 0.3007
1 0.1242 0.3031
1 0.1239 0.3053
1 0.1236 0.3072
1 0.1233 0.3088
1 0.1233 0.3088
1 0.1229 0.3102
1 0.1223 0.3117
1 0.1217 0.3131
1 0.1210 0.3145
1 0.1203 0.3157
1 0.1197 0.3167
1 0.1197 0.3167
1 0.1190 0.3175
1 0.1182 0.3183
1 0.1173 0.3191
1 0.1163 0.3198
1 0.1154 0.3204
1 0.1146 0.3208
1 0.1146 0.3208
1 0.1137 0.3212
1 0.1127 0.3215
1 0.1116 0.3217
1 0.1105 0.3219
1 0.1095 0.3221
1 0.1086 0.3221
1 0.1086 0.3221
1 0.1077 0.3221
1 0.1066 0.3219
1 0.1055 0.3217
1 0.1044 0.3215
1 0.1033 0.3212
1 0.1025 0.3208
1 0.1025 0.3208
1 0.1016 0.3204
1 0.1007 0.3198
1 0.0998 0.3191
1 0.0988 0.3183
1 0.0980 0.3175
1 0.0974 0.3167
1 0.0974 0.3167
1 0.0968 0.3157
1 0.0961 0.3145
1 0.0954 0.3131
1 0.0948 0.3117
1 0.0943 0.3102
1 0.0939 0.3088
1 0.0939 0.3088
1 0.0935 0.3072
1 0.0932 0.3053
1 0.0930 0.3031
1 0.0927 0.3007
1 0.0926 0.2984
1 0.0926 0.2962
1 0.0926 0.2962
1 0.0926 0.2942
1 0.0927 0.2919
1 0.0929 0.2896
1 0.0932 0.2874
1 0.0935 0.2855
1 0.0938 0.2840
1 0.0938 0.2840
1 0.0942 0.2826
1 0.0947 0.2812
1 0.0953 0.2797
1 0.0959 0.2783
1 0.0965 0.2771
1 0.0971 0.2761
1 0.0971 0.2761
1 0.0978 0.2753
1 0.0986 0.2745
1 0.0995 0.2737
1 0.1004 0.2730
1 0.1013 0.2724
1 0.1022 0.2719
1 0.1022 0.2719
1 0.1030 0.2716
1 0.1041 0.2713
1 0.1053 0.2710
1 0.1064 0.2708
1 0.1076 0.2707
112 1251 31
0 0.1701 0.3009
1 0.1853 0.3009
1 0.1853 0.3009
1 0.1867 0.3010
1 0.1881 0.3013
1 0.1896 0.3017
1 0.1909 0.3022
1 0.1920 0.3029
1 0.1928 0.3035
1 0.1928 0.3035
1 0.1934 0.3044
1 0.1940 0.3055
1 0.1946 0.3068
1 0.1950 0.3082
1 0.1952 0.3097
1 0.1953 0.3110
1 0.1953 0.3110
1 0.1952 0.3123
1 0.1950 0.3137
1 0.1946 0.3150
1 0.1940 0.3162
1 0.1934 0.3173
1 0.1928 0.3180
1 0.1928 0.3180
1 0.1920 0.3186
1 0.1909 0.3192
1 0.1897 0.3197
1 0.1884 0.3200
1 0.1871 0.3203
1 0.1858 0.3203
1 0.1701 0.3203
112 1251 31
0 -0.2057 0.1672
1 -0.1925 0.1672
1 -0.1925 0.1672
1 -0.1909 0.1673
1 -0.1891 0.1675
1 -0.1875 0.1680
1 -0.1860 0.1686
1 -0.1847 0.1693
1 -0.1838 0.1700
1 -0.1838 0.1700
1 -0.1831 0.1709
1 -0.1825 0.1721
1 -0.1819 0.1735
1 -0.1815 0.1750
1 -0.1812 0.1765
1 -0.1811 0.1779
1 -0.1811 0.1779
1 -0.1812 0.1792
1 -0.1815 0.1807
1 -0.1819 0.1822
1 -0.1825 0.1836
1 -0.1831 0.1847
1 -0.1838 0.1856
1 -0.1838 0.1856
1 -0.1847 0.1864
1 -0.1860 0.1871
1 -0.1875 0.1877
1 -0.1891 0.1882
1 -0.1909 0.1885
1 -0.1925 0.1886
1 -0.2057 0.1886
112 1251 31
0 -0.0634 0.1407
1 -0.0480 0.1407
1 -0.0480 0.1407
1 -0.0463 0.1408
1 -0.0446 0.1411
1 -0.0429 0.1415
1 -0.0415 0.1420
1 -0.0403 0.1427
1 -0.0395 0.1433
1 -0.0395 0.1433
1 -0.0388 0.1442
1 -0.0383 0.1453
1 -0.0378 0.1467
1 -0.0374 0.1481
1 -0.0372 0.1495
1 -0.0371 0.1508
1 -0.0371 0.1508
1 -0.0372 0.1519
1 -0.0375 0.1531
1 -0.0379 0.1543
1 -0.0385 0.1555
1 -0.0392 0.1565
1 -0.0400 0.1573
1 -0.0400 0.1573
1 -0.0410 0.1580
1 -0.0423 0.1587
1 -0.0439 0.1593
1 -0.0456 0.1597
1 -0.0474 0.1600
1 -0.0490 0.1601
1 -0.0634 0.1601
112 1251 31
0 -0.0634 0.1710
1 -0.0506 0.1710
1 -0.0506 0.1710
1 -0.0492 0.1710
1 -0.0477 0.1713
1 -0.0463 0.1717
1 -0.0450 0.1722
1 -0.0439 0.1728
1 -0.0431 0.1735
1 -0.0431 0.1735
1 -0.0424 0.1743
1 -0.0418 0.1753
1 -0.0412 0.1765
1 -0.0408 0.1778
1 -0.0405 0.1790
1 -0.0404 0.1802
1 -0.0404 0.1802
1 -0.0405 0.1813
1 -0.0408 0.1824
1 -0.0411 0.1836
1 -0.0416 0.1847
1 -0.0422 0.1856
1 -0.0428 0.1863
1 -0.0428 0.1863
1 -0.0436 0.1869
1 -0.0446 0.1874
1 -0.0458 0.1879
1 -0.0471 0.1883
1 -0.0484 0.1885
1 -0.0496 0.1886
1 -0.0634 0.1886
112 1251 112
0 0.1934 0.1389
1 0.1934 0.1389
1 0.1944 0.1389
1 0.1955 0.1390
1 0.1967 0.1392
1 0.1978 0.1395
1 0.1989 0.1398
1 0.1997 0.1401
1 0.1997 0.1401
1 0.2006 0.1406
1 0.2015 0.1412
1 0.2025 0.1419
1 0.2034 0.1427
1 0.2042 0.1435
1 0.2049 0.1443
1 0.2049 0.1443
1 0.2055 0.1453
1 0.2061 0.1465
1 0.2067 0.1479
1 0.2073 0.1494
1 0.2078 0.1508
1 0.2082 0.1522
1 0.2082 0.1522
1 0.2085 0.1537
1 0.2088 0.1556
1 0.2091 0.1578
1 0.2093 0.1601
1 0.2094 0.1624
1 0.2094 0.1644
1 0.2094 0.1644
1 0.2094 0.1666
1 0.2092 0.1689
1 0.2090 0.1713
1 0.2088 0.1735
1 0.2085 0.1754
1 0.2081 0.1770
1 0.2081 0.1770
1 0.2077 0.1784
1 0.2072 0.1799
1 0.2065 0.1813
1 0.2058 0.1827
1 0.2052 0.1839
1 0.2045 0.1849
1 0.2045 0.1849
1 0.2039 0.1857
1 0.2030 0.1865
1 0.2021 0.1873
1 0.2012 0.1880
1 0.2002 0.1886
1 0.1994 0.1890
1 0.1994 0.1890
1 0.1986 0.1894
1 0.1976 0.1897
1 0.1965 0.1899
1 0.1954 0.1901
1 0.1943 0.1903
1 0.1934 0.1903
1 0.1934 0.1903
1 0.1925 0.1903
1 0.1914 0.1901
1 0.1903 0.1899
1 0.1892 0.1897
1 0.1882 0.1894
1 0.1873 0.1890
1 0.1873 0.1890
1 0.1865 0.1886
1 0.1856 0.1880
1 0.1846 0.1873
1 0.1837 0.1865
1 0.1829 0.1857
1 0.1822 0.1849
1 0.1822 0.1849
1 0.1816 0.1839
1 0.1809 0.1827
1 0.1803 0.1813
1 0.1797 0.1799
1 0.1791 0.1784
1 0.1787 0.1770
1 0.1787 0.1770
1 0.1784 0.1754
1 0.1781 0.1735
1 0.1778 0.1713
1 0.1776 0.1689
1 0.1775 0.1666
1 0.1774 0.1644
1 0.1774 0.1644
1 0.1775 0.1624
1 0.1776 0.1601
1 0.1778 0.1578
1 0.1780 0.1556
1 0.1783 0.1537
1 0.1786 0.1522
1 0.1786 0.1522
1 0.1790 0.1508
1 0.1795 0.1494
1 0.1801 0.1479
1 0.1807 0.1465
1 0.1814 0.1453
1 0.1820 0.1443
1 0.1820 0.1443
1 0.1826 0.1435
1 0.1835 0.1427
1 0.1844 0.1419
1 0.1853 0.1412
1 0.1862 0.1406
1 0.1870 0.1401
1 0.1870 0.1401
1 0.1879 0.1398
1 0.1889 0.1395
1 0.1901 0.1392
1 0.1913 0.1390
1 0.1924 0.1389
31 0 2
 0 0.3600 1.2685
 1 -0.3600 1.2685
31 0 2
 0 0.3028 0.0000
 1 -0.3449 0.0000
31 0 2
 0 0.2983 0.9003
 1 0.2983 0.9003
31 0 2
 0 0.3190 0.8484
 1 0.3190 0.8484
31 0 2
 0 0.3190 0.8484
 1 0.3190 0.8484
31 0 2
 0 0.3190 0.8484
 1 0.3190 0.8484
31 0 2
 0 0.3190 0.8484
 1 0.3190 0.8484
31 0 2
 0 0.2983 0.8588
 1 0.2983 0.8588
31 0 2
 0 0.2879 0.7965
 1 0.2879 0.7965
