SEcl_RO-13a
3385 9 1 1 0 0 0 0 0 0 1 1
1.0000
112 1251 461
 0 0.3000 0.3000
 1 0.3000 0.3041
 1 0.2999 0.3082
 1 0.2997 0.3123
 1 0.2995 0.3163
 1 0.2993 0.3205
 1 0.2990 0.3246
 1 0.2986 0.3286
 1 0.2982 0.3327
 1 0.2977 0.3367
 1 0.2972 0.3409
 1 0.2966 0.3449
 1 0.2960 0.3489
 1 0.2953 0.3530
 1 0.2945 0.3570
 1 0.2937 0.3610
 1 0.2928 0.3651
 1 0.2920 0.3690
 1 0.2910 0.3730
 1 0.2900 0.3770
 1 0.2889 0.3809
 1 0.2878 0.3849
 1 0.2865 0.3888
 1 0.2853 0.3927
 1 0.2840 0.3966
 1 0.2827 0.4004
 1 0.2813 0.4043
 1 0.2798 0.4081
 1 0.2783 0.4119
 1 0.2768 0.4157
 1 0.2752 0.4195
 1 0.2735 0.4233
 1 0.2718 0.4270
 1 0.2701 0.4307
 1 0.2682 0.4344
 1 0.2664 0.4381
 1 0.2644 0.4417
 1 0.2625 0.4453
 1 0.2605 0.4488
 1 0.2585 0.4523
 1 0.2563 0.4559
 1 0.2542 0.4594
 1 0.2520 0.4628
 1 0.2497 0.4663
 1 0.2475 0.4696
 1 0.2451 0.4730
 1 0.2427 0.4764
 1 0.2402 0.4796
 1 0.2378 0.4829
 1 0.2353 0.4861
 1 0.2327 0.4893
 1 0.2301 0.4925
 1 0.2275 0.4956
 1 0.2248 0.4987
 1 0.2220 0.5017
 1 0.2192 0.5047
 1 0.2165 0.5078
 1 0.2136 0.5107
 1 0.2107 0.5136
 1 0.2077 0.5164
 1 0.2048 0.5193
 1 0.2018 0.5220
 1 0.1987 0.5247
 1 0.1956 0.5274
 1 0.1925 0.5301
 1 0.1893 0.5327
 1 0.1861 0.5352
 1 0.1829 0.5378
 1 0.1797 0.5403
 1 0.1763 0.5427
 1 0.1730 0.5451
 1 0.1697 0.5474
 1 0.1662 0.5497
 1 0.1628 0.5520
 1 0.1593 0.5541
 1 0.1559 0.5563
 1 0.1524 0.5584
 1 0.1488 0.5604
 1 0.1452 0.5625
 1 0.1416 0.5645
 1 0.1380 0.5663
 1 0.1344 0.5682
 1 0.1307 0.5700
 1 0.1270 0.5718
 1 0.1232 0.5735
 1 0.1195 0.5751
 1 0.1157 0.5767
 1 0.1120 0.5783
 1 0.1081 0.5798
 1 0.1043 0.5813
 1 0.1005 0.5827
 1 0.0966 0.5840
 1 0.0927 0.5853
 1 0.0888 0.5866
 1 0.0848 0.5877
 1 0.0810 0.5888
 1 0.0770 0.5899
 1 0.0730 0.5909
 1 0.0690 0.5919
 1 0.0650 0.5929
 1 0.0611 0.5937
 1 0.0570 0.5945
 1 0.0530 0.5953
 1 0.0490 0.5960
 1 0.0449 0.5966
 1 0.0408 0.5972
 1 0.0368 0.5977
 1 0.0327 0.5982
 1 0.0286 0.5987
 1 0.0245 0.5990
 1 0.0205 0.5993
 1 0.0164 0.5996
 1 0.0123 0.5997
 1 0.0082 0.5999
 1 0.0041 0.6000
 1 0.0000 0.6000
 1 -0.0041 0.6000
 1 -0.0082 0.5999
 1 -0.0123 0.5997
 1 -0.0164 0.5996
 1 -0.0205 0.5993
 1 -0.0245 0.5990
 1 -0.0286 0.5987
 1 -0.0327 0.5982
 1 -0.0368 0.5977
 1 -0.0408 0.5972
 1 -0.0449 0.5966
 1 -0.0490 0.5960
 1 -0.0530 0.5953
 1 -0.0570 0.5945
 1 -0.0611 0.5937
 1 -0.0650 0.5929
 1 -0.0690 0.5919
 1 -0.0730 0.5909
 1 -0.0770 0.5899
 1 -0.0810 0.5888
 1 -0.0848 0.5877
 1 -0.0888 0.5866
 1 -0.0927 0.5853
 1 -0.0966 0.5840
 1 -0.1005 0.5827
 1 -0.1043 0.5813
 1 -0.1081 0.5798
 1 -0.1120 0.5783
 1 -0.1157 0.5767
 1 -0.1195 0.5751
 1 -0.1232 0.5735
 1 -0.1270 0.5718
 1 -0.1307 0.5700
 1 -0.1344 0.5682
 1 -0.1380 0.5663
 1 -0.1416 0.5645
 1 -0.1452 0.5625
 1 -0.1488 0.5604
 1 -0.1524 0.5584
 1 -0.1559 0.5563
 1 -0.1593 0.5541
 1 -0.1628 0.5520
 1 -0.1662 0.5497
 1 -0.1697 0.5474
 1 -0.1730 0.5451
 1 -0.1763 0.5427
 1 -0.1796 0.5403
 1 -0.1829 0.5378
 1 -0.1861 0.5352
 1 -0.1893 0.5327
 1 -0.1925 0.5301
 1 -0.1956 0.5274
 1 -0.1987 0.5247
 1 -0.2018 0.5220
 1 -0.2048 0.5193
 1 -0.2077 0.5164
 1 -0.2107 0.5136
 1 -0.2136 0.5107
 1 -0.2165 0.5078
 1 -0.2192 0.5047
 1 -0.2220 0.5017
 1 -0.2248 0.4987
 1 -0.2275 0.4956
 1 -0.2301 0.4925
 1 -0.2327 0.4893
 1 -0.2353 0.4861
 1 -0.2378 0.4829
 1 -0.2402 0.4796
 1 -0.2427 0.4764
 1 -0.2451 0.4730
 1 -0.2475 0.4696
 1 -0.2497 0.4663
 1 -0.2520 0.4628
 1 -0.2542 0.4594
 1 -0.2563 0.4559
 1 -0.2585 0.4523
 1 -0.2605 0.4488
 1 -0.2625 0.4453
 1 -0.2644 0.4417
 1 -0.2664 0.4381
 1 -0.2682 0.4344
 1 -0.2701 0.4307
 1 -0.2718 0.4270
 1 -0.2735 0.4233
 1 -0.2752 0.4195
 1 -0.2768 0.4157
 1 -0.2783 0.4119
 1 -0.2798 0.4081
 1 -0.2813 0.4043
 1 -0.2827 0.4004
 1 -0.2840 0.3966
 1 -0.2853 0.3927
 1 -0.2865 0.3888
 1 -0.2878 0.3849
 1 -0.2889 0.3809
 1 -0.2900 0.3770
 1 -0.2910 0.3730
 1 -0.2920 0.3690
 1 -0.2928 0.3651
 1 -0.2937 0.3610
 1 -0.2945 0.3570
 1 -0.2953 0.3530
 1 -0.2960 0.3489
 1 -0.2966 0.3449
 1 -0.2972 0.3409
 1 -0.2977 0.3367
 1 -0.2982 0.3327
 1 -0.2986 0.3286
 1 -0.2990 0.3246
 1 -0.2993 0.3205
 1 -0.2995 0.3163
 1 -0.2997 0.3123
 1 -0.2999 0.3082
 1 -0.3000 0.3041
 1 -0.3000 0.3000
 1 -0.3000 0.2959
 1 -0.2999 0.2918
 1 -0.2997 0.2877
 1 -0.2995 0.2836
 1 -0.2993 0.2795
 1 -0.2990 0.2754
 1 -0.2986 0.2713
 1 -0.2982 0.2673
 1 -0.2977 0.2632
 1 -0.2972 0.2591
 1 -0.2966 0.2551
 1 -0.2960 0.2511
 1 -0.2953 0.2470
 1 -0.2945 0.2430
 1 -0.2937 0.2390
 1 -0.2928 0.2349
 1 -0.2920 0.2310
 1 -0.2910 0.2270
 1 -0.2900 0.2230
 1 -0.2889 0.2191
 1 -0.2878 0.2151
 1 -0.2865 0.2112
 1 -0.2853 0.2073
 1 -0.2840 0.2034
 1 -0.2827 0.1995
 1 -0.2813 0.1957
 1 -0.2798 0.1919
 1 -0.2783 0.1881
 1 -0.2768 0.1842
 1 -0.2752 0.1805
 1 -0.2735 0.1767
 1 -0.2718 0.1730
 1 -0.2701 0.1693
 1 -0.2682 0.1656
 1 -0.2664 0.1619
 1 -0.2644 0.1583
 1 -0.2625 0.1547
 1 -0.2605 0.1512
 1 -0.2585 0.1477
 1 -0.2563 0.1441
 1 -0.2542 0.1406
 1 -0.2520 0.1372
 1 -0.2497 0.1337
 1 -0.2475 0.1304
 1 -0.2451 0.1270
 1 -0.2427 0.1236
 1 -0.2402 0.1204
 1 -0.2378 0.1171
 1 -0.2353 0.1139
 1 -0.2327 0.1107
 1 -0.2301 0.1075
 1 -0.2275 0.1044
 1 -0.2248 0.1013
 1 -0.2220 0.0983
 1 -0.2192 0.0953
 1 -0.2165 0.0922
 1 -0.2136 0.0893
 1 -0.2107 0.0864
 1 -0.2077 0.0836
 1 -0.2048 0.0807
 1 -0.2018 0.0780
 1 -0.1987 0.0753
 1 -0.1956 0.0726
 1 -0.1925 0.0699
 1 -0.1893 0.0673
 1 -0.1861 0.0648
 1 -0.1829 0.0622
 1 -0.1796 0.0597
 1 -0.1763 0.0573
 1 -0.1730 0.0549
 1 -0.1697 0.0526
 1 -0.1662 0.0503
 1 -0.1628 0.0480
 1 -0.1593 0.0459
 1 -0.1559 0.0437
 1 -0.1524 0.0416
 1 -0.1488 0.0395
 1 -0.1452 0.0375
 1 -0.1416 0.0355
 1 -0.1380 0.0336
 1 -0.1344 0.0318
 1 -0.1307 0.0300
 1 -0.1270 0.0282
 1 -0.1232 0.0265
 1 -0.1195 0.0249
 1 -0.1157 0.0233
 1 -0.1120 0.0217
 1 -0.1081 0.0202
 1 -0.1043 0.0187
 1 -0.1005 0.0173
 1 -0.0966 0.0160
 1 -0.0927 0.0147
 1 -0.0888 0.0134
 1 -0.0848 0.0123
 1 -0.0810 0.0111
 1 -0.0770 0.0101
 1 -0.0730 0.0090
 1 -0.0690 0.0081
 1 -0.0650 0.0071
 1 -0.0611 0.0063
 1 -0.0570 0.0055
 1 -0.0530 0.0047
 1 -0.0490 0.0040
 1 -0.0449 0.0034
 1 -0.0408 0.0028
 1 -0.0368 0.0023
 1 -0.0327 0.0018
 1 -0.0286 0.0013
 1 -0.0245 0.0010
 1 -0.0205 0.0007
 1 -0.0164 0.0004
 1 -0.0123 0.0003
 1 -0.0082 0.0001
 1 -0.0041 0.0000
 1 0.0000 0.0000
 1 0.0041 0.0000
 1 0.0082 0.0001
 1 0.0123 0.0003
 1 0.0164 0.0004
 1 0.0205 0.0007
 1 0.0245 0.0010
 1 0.0286 0.0013
 1 0.0327 0.0018
 1 0.0368 0.0023
 1 0.0408 0.0028
 1 0.0449 0.0034
 1 0.0490 0.0040
 1 0.0530 0.0047
 1 0.0570 0.0055
 1 0.0611 0.0063
 1 0.0650 0.0071
 1 0.0690 0.0081
 1 0.0730 0.0090
 1 0.0770 0.0101
 1 0.0810 0.0111
 1 0.0848 0.0123
 1 0.0888 0.0134
 1 0.0927 0.0147
 1 0.0966 0.0160
 1 0.1005 0.0173
 1 0.1043 0.0187
 1 0.1081 0.0202
 1 0.1120 0.0217
 1 0.1157 0.0233
 1 0.1195 0.0249
 1 0.1232 0.0265
 1 0.1270 0.0282
 1 0.1307 0.0300
 1 0.1344 0.0318
 1 0.1380 0.0336
 1 0.1416 0.0355
 1 0.1452 0.0375
 1 0.1488 0.0395
 1 0.1524 0.0416
 1 0.1559 0.0437
 1 0.1593 0.0459
 1 0.1628 0.0480
 1 0.1662 0.0503
 1 0.1697 0.0526
 1 0.1730 0.0549
 1 0.1763 0.0573
 1 0.1797 0.0597
 1 0.1829 0.0622
 1 0.1861 0.0648
 1 0.1893 0.0673
 1 0.1925 0.0699
 1 0.1956 0.0726
 1 0.1987 0.0753
 1 0.2018 0.0780
 1 0.2048 0.0807
 1 0.2077 0.0836
 1 0.2107 0.0864
 1 0.2136 0.0893
 1 0.2165 0.0922
 1 0.2192 0.0953
 1 0.2220 0.0983
 1 0.2248 0.1013
 1 0.2275 0.1044
 1 0.2301 0.1075
 1 0.2327 0.1107
 1 0.2353 0.1139
 1 0.2378 0.1171
 1 0.2402 0.1204
 1 0.2427 0.1236
 1 0.2451 0.1270
 1 0.2475 0.1304
 1 0.2497 0.1337
 1 0.2520 0.1372
 1 0.2542 0.1406
 1 0.2563 0.1441
 1 0.2585 0.1477
 1 0.2605 0.1512
 1 0.2625 0.1547
 1 0.2644 0.1583
 1 0.2664 0.1619
 1 0.2682 0.1656
 1 0.2701 0.1693
 1 0.2718 0.1730
 1 0.2735 0.1767
 1 0.2752 0.1805
 1 0.2768 0.1842
 1 0.2783 0.1881
 1 0.2798 0.1919
 1 0.2813 0.1957
 1 0.2827 0.1995
 1 0.2840 0.2034
 1 0.2853 0.2073
 1 0.2865 0.2112
 1 0.2878 0.2151
 1 0.2889 0.2191
 1 0.2900 0.2230
 1 0.2910 0.2270
 1 0.2920 0.2310
 1 0.2928 0.2349
 1 0.2937 0.2390
 1 0.2945 0.2430
 1 0.2953 0.2470
 1 0.2960 0.2511
 1 0.2966 0.2551
 1 0.2972 0.2591
 1 0.2977 0.2632
 1 0.2982 0.2673
 1 0.2986 0.2713
 1 0.2990 0.2754
 1 0.2993 0.2795
 1 0.2995 0.2836
 1 0.2997 0.2877
 1 0.2999 0.2918
 1 0.3000 0.2959
 1 0.3000 0.3000
112 1466 461
 0 0.2880 0.2880
 1 0.2880 0.3040
 1 0.2879 0.3078
 1 0.2877 0.3118
 1 0.2876 0.3157
 1 0.2873 0.3196
 1 0.2870 0.3236
 1 0.2867 0.3275
 1 0.2863 0.3314
 1 0.2858 0.3353
 1 0.2853 0.3393
 1 0.2847 0.3432
 1 0.2842 0.3470
 1 0.2835 0.3507
 1 0.2827 0.3548
 1 0.2820 0.3586
 1 0.2811 0.3625
 1 0.2803 0.3663
 1 0.2793 0.3701
 1 0.2784 0.3739
 1 0.2773 0.3777
 1 0.2763 0.3815
 1 0.2751 0.3853
 1 0.2739 0.3890
 1 0.2727 0.3926
 1 0.2713 0.3965
 1 0.2701 0.4001
 1 0.2686 0.4037
 1 0.2671 0.4075
 1 0.2657 0.4111
 1 0.2642 0.4147
 1 0.2626 0.4183
 1 0.2609 0.4219
 1 0.2593 0.4254
 1 0.2575 0.4290
 1 0.2557 0.4325
 1 0.2538 0.4360
 1 0.2520 0.4395
 1 0.2501 0.4428
 1 0.2481 0.4462
 1 0.2460 0.4496
 1 0.2440 0.4531
 1 0.2419 0.4563
 1 0.2397 0.4596
 1 0.2376 0.4628
 1 0.2353 0.4660
 1 0.2330 0.4693
 1 0.2306 0.4725
 1 0.2283 0.4756
 1 0.2259 0.4786
 1 0.2234 0.4817
 1 0.2208 0.4848
 1 0.2183 0.4878
 1 0.2158 0.4907
 1 0.2132 0.4936
 1 0.2104 0.4966
 1 0.2077 0.4995
 1 0.2051 0.5022
 1 0.2023 0.5050
 1 0.1994 0.5078
 1 0.1966 0.5105
 1 0.1938 0.5131
 1 0.1907 0.5157
 1 0.1877 0.5184
 1 0.1848 0.5209
 1 0.1818 0.5234
 1 0.1788 0.5258
 1 0.1755 0.5283
 1 0.1724 0.5307
 1 0.1693 0.5330
 1 0.1661 0.5353
 1 0.1629 0.5375
 1 0.1596 0.5397
 1 0.1563 0.5419
 1 0.1529 0.5440
 1 0.1496 0.5461
 1 0.1463 0.5481
 1 0.1429 0.5500
 1 0.1394 0.5520
 1 0.1360 0.5539
 1 0.1324 0.5557
 1 0.1290 0.5575
 1 0.1255 0.5592
 1 0.1220 0.5609
 1 0.1183 0.5625
 1 0.1147 0.5641
 1 0.1111 0.5657
 1 0.1074 0.5672
 1 0.1038 0.5686
 1 0.1001 0.5700
 1 0.0964 0.5714
 1 0.0928 0.5727
 1 0.0890 0.5739
 1 0.0852 0.5751
 1 0.0815 0.5762
 1 0.0777 0.5773
 1 0.0740 0.5783
 1 0.0701 0.5793
 1 0.0662 0.5803
 1 0.0624 0.5811
 1 0.0586 0.5820
 1 0.0547 0.5828
 1 0.0509 0.5835
 1 0.0470 0.5841
 1 0.0431 0.5848
 1 0.0392 0.5853
 1 0.0353 0.5858
 1 0.0313 0.5863
 1 0.0275 0.5867
 1 0.0235 0.5870
 1 0.0196 0.5874
 1 0.0158 0.5876
 1 0.0118 0.5878
 1 0.0079 0.5879
 1 0.0040 0.5880
 1 -0.0000 0.5880
 1 -0.0040 0.5880
 1 -0.0079 0.5879
 1 -0.0118 0.5878
 1 -0.0158 0.5876
 1 -0.0196 0.5874
 1 -0.0235 0.5870
 1 -0.0275 0.5867
 1 -0.0313 0.5863
 1 -0.0353 0.5858
 1 -0.0392 0.5853
 1 -0.0431 0.5848
 1 -0.0470 0.5841
 1 -0.0509 0.5835
 1 -0.0547 0.5828
 1 -0.0586 0.5820
 1 -0.0624 0.5811
 1 -0.0662 0.5803
 1 -0.0701 0.5793
 1 -0.0740 0.5783
 1 -0.0777 0.5773
 1 -0.0815 0.5762
 1 -0.0852 0.5751
 1 -0.0890 0.5739
 1 -0.0928 0.5727
 1 -0.0964 0.5714
 1 -0.1001 0.5700
 1 -0.1038 0.5686
 1 -0.1074 0.5672
 1 -0.1111 0.5657
 1 -0.1147 0.5641
 1 -0.1183 0.5625
 1 -0.1220 0.5609
 1 -0.1255 0.5592
 1 -0.1290 0.5575
 1 -0.1324 0.5557
 1 -0.1360 0.5539
 1 -0.1394 0.5520
 1 -0.1429 0.5500
 1 -0.1463 0.5481
 1 -0.1496 0.5461
 1 -0.1529 0.5440
 1 -0.1563 0.5419
 1 -0.1596 0.5397
 1 -0.1629 0.5375
 1 -0.1661 0.5353
 1 -0.1692 0.5330
 1 -0.1723 0.5307
 1 -0.1755 0.5282
 1 -0.1788 0.5258
 1 -0.1818 0.5234
 1 -0.1848 0.5209
 1 -0.1877 0.5184
 1 -0.1907 0.5157
 1 -0.1938 0.5131
 1 -0.1966 0.5105
 1 -0.1994 0.5078
 1 -0.2023 0.5050
 1 -0.2051 0.5022
 1 -0.2077 0.4995
 1 -0.2104 0.4966
 1 -0.2132 0.4936
 1 -0.2158 0.4907
 1 -0.2183 0.4878
 1 -0.2208 0.4848
 1 -0.2234 0.4817
 1 -0.2259 0.4786
 1 -0.2283 0.4756
 1 -0.2306 0.4725
 1 -0.2330 0.4693
 1 -0.2353 0.4660
 1 -0.2376 0.4628
 1 -0.2397 0.4596
 1 -0.2419 0.4563
 1 -0.2440 0.4531
 1 -0.2460 0.4496
 1 -0.2481 0.4462
 1 -0.2501 0.4428
 1 -0.2520 0.4395
 1 -0.2538 0.4360
 1 -0.2557 0.4325
 1 -0.2575 0.4290
 1 -0.2593 0.4254
 1 -0.2609 0.4219
 1 -0.2626 0.4183
 1 -0.2642 0.4147
 1 -0.2657 0.4111
 1 -0.2671 0.4075
 1 -0.2686 0.4037
 1 -0.2701 0.4001
 1 -0.2713 0.3965
 1 -0.2727 0.3926
 1 -0.2739 0.3890
 1 -0.2751 0.3853
 1 -0.2763 0.3815
 1 -0.2773 0.3777
 1 -0.2784 0.3739
 1 -0.2793 0.3701
 1 -0.2803 0.3663
 1 -0.2811 0.3625
 1 -0.2820 0.3586
 1 -0.2827 0.3548
 1 -0.2835 0.3507
 1 -0.2842 0.3470
 1 -0.2847 0.3432
 1 -0.2853 0.3393
 1 -0.2858 0.3353
 1 -0.2863 0.3314
 1 -0.2867 0.3275
 1 -0.2870 0.3236
 1 -0.2873 0.3196
 1 -0.2876 0.3157
 1 -0.2877 0.3118
 1 -0.2879 0.3078
 1 -0.2880 0.3040
 1 -0.2880 0.3000
 1 -0.2880 0.2960
 1 -0.2879 0.2922
 1 -0.2877 0.2882
 1 -0.2876 0.2842
 1 -0.2873 0.2804
 1 -0.2870 0.2764
 1 -0.2867 0.2724
 1 -0.2863 0.2686
 1 -0.2858 0.2646
 1 -0.2853 0.2607
 1 -0.2847 0.2568
 1 -0.2842 0.2530
 1 -0.2835 0.2493
 1 -0.2827 0.2452
 1 -0.2820 0.2414
 1 -0.2811 0.2375
 1 -0.2803 0.2337
 1 -0.2793 0.2299
 1 -0.2784 0.2261
 1 -0.2773 0.2223
 1 -0.2763 0.2185
 1 -0.2751 0.2147
 1 -0.2739 0.2110
 1 -0.2727 0.2073
 1 -0.2713 0.2034
 1 -0.2701 0.1999
 1 -0.2686 0.1963
 1 -0.2671 0.1925
 1 -0.2657 0.1888
 1 -0.2642 0.1853
 1 -0.2626 0.1817
 1 -0.2609 0.1781
 1 -0.2593 0.1746
 1 -0.2575 0.1710
 1 -0.2557 0.1675
 1 -0.2538 0.1640
 1 -0.2520 0.1605
 1 -0.2501 0.1572
 1 -0.2481 0.1538
 1 -0.2460 0.1504
 1 -0.2440 0.1469
 1 -0.2419 0.1437
 1 -0.2397 0.1404
 1 -0.2376 0.1372
 1 -0.2353 0.1340
 1 -0.2330 0.1307
 1 -0.2306 0.1275
 1 -0.2283 0.1244
 1 -0.2259 0.1214
 1 -0.2234 0.1183
 1 -0.2208 0.1152
 1 -0.2183 0.1122
 1 -0.2158 0.1093
 1 -0.2132 0.1064
 1 -0.2104 0.1034
 1 -0.2077 0.1005
 1 -0.2051 0.0978
 1 -0.2023 0.0950
 1 -0.1994 0.0922
 1 -0.1966 0.0895
 1 -0.1938 0.0869
 1 -0.1907 0.0843
 1 -0.1877 0.0816
 1 -0.1848 0.0791
 1 -0.1818 0.0766
 1 -0.1787 0.0742
 1 -0.1755 0.0717
 1 -0.1724 0.0694
 1 -0.1692 0.0670
 1 -0.1661 0.0647
 1 -0.1629 0.0625
 1 -0.1596 0.0603
 1 -0.1563 0.0581
 1 -0.1529 0.0560
 1 -0.1496 0.0539
 1 -0.1462 0.0519
 1 -0.1429 0.0499
 1 -0.1395 0.0480
 1 -0.1360 0.0461
 1 -0.1324 0.0442
 1 -0.1291 0.0425
 1 -0.1255 0.0408
 1 -0.1219 0.0391
 1 -0.1183 0.0374
 1 -0.1148 0.0359
 1 -0.1111 0.0343
 1 -0.1074 0.0328
 1 -0.1038 0.0314
 1 -0.1001 0.0300
 1 -0.0964 0.0286
 1 -0.0928 0.0273
 1 -0.0890 0.0261
 1 -0.0852 0.0249
 1 -0.0814 0.0238
 1 -0.0777 0.0226
 1 -0.0740 0.0217
 1 -0.0701 0.0206
 1 -0.0663 0.0198
 1 -0.0624 0.0189
 1 -0.0586 0.0180
 1 -0.0547 0.0172
 1 -0.0509 0.0165
 1 -0.0470 0.0159
 1 -0.0431 0.0152
 1 -0.0392 0.0147
 1 -0.0353 0.0142
 1 -0.0313 0.0137
 1 -0.0275 0.0133
 1 -0.0235 0.0130
 1 -0.0196 0.0126
 1 -0.0158 0.0124
 1 -0.0118 0.0122
 1 -0.0079 0.0121
 1 -0.0040 0.0120
 1 0.0000 0.0120
 1 0.0040 0.0120
 1 0.0079 0.0121
 1 0.0118 0.0122
 1 0.0158 0.0124
 1 0.0196 0.0126
 1 0.0235 0.0130
 1 0.0275 0.0133
 1 0.0313 0.0137
 1 0.0353 0.0142
 1 0.0392 0.0147
 1 0.0431 0.0152
 1 0.0470 0.0159
 1 0.0509 0.0165
 1 0.0547 0.0172
 1 0.0586 0.0180
 1 0.0624 0.0189
 1 0.0663 0.0198
 1 0.0701 0.0206
 1 0.0740 0.0217
 1 0.0777 0.0226
 1 0.0814 0.0238
 1 0.0852 0.0249
 1 0.0890 0.0261
 1 0.0928 0.0273
 1 0.0964 0.0286
 1 0.1001 0.0300
 1 0.1038 0.0314
 1 0.1074 0.0328
 1 0.1111 0.0343
 1 0.1148 0.0359
 1 0.1183 0.0374
 1 0.1219 0.0391
 1 0.1255 0.0408
 1 0.1291 0.0425
 1 0.1324 0.0442
 1 0.1360 0.0461
 1 0.1395 0.0480
 1 0.1429 0.0499
 1 0.1462 0.0519
 1 0.1496 0.0539
 1 0.1529 0.0560
 1 0.1563 0.0581
 1 0.1596 0.0603
 1 0.1629 0.0625
 1 0.1661 0.0647
 1 0.1693 0.0670
 1 0.1725 0.0694
 1 0.1755 0.0716
 1 0.1787 0.0742
 1 0.1818 0.0766
 1 0.1848 0.0791
 1 0.1877 0.0816
 1 0.1907 0.0843
 1 0.1938 0.0869
 1 0.1966 0.0895
 1 0.1994 0.0922
 1 0.2023 0.0950
 1 0.2051 0.0978
 1 0.2077 0.1005
 1 0.2104 0.1034
 1 0.2132 0.1064
 1 0.2158 0.1093
 1 0.2183 0.1122
 1 0.2208 0.1152
 1 0.2234 0.1183
 1 0.2259 0.1214
 1 0.2283 0.1244
 1 0.2306 0.1275
 1 0.2330 0.1307
 1 0.2353 0.1340
 1 0.2376 0.1372
 1 0.2397 0.1404
 1 0.2419 0.1437
 1 0.2440 0.1469
 1 0.2460 0.1504
 1 0.2481 0.1538
 1 0.2501 0.1572
 1 0.2520 0.1605
 1 0.2538 0.1640
 1 0.2557 0.1675
 1 0.2575 0.1710
 1 0.2593 0.1746
 1 0.2609 0.1781
 1 0.2626 0.1817
 1 0.2642 0.1853
 1 0.2657 0.1888
 1 0.2671 0.1925
 1 0.2686 0.1963
 1 0.2701 0.1999
 1 0.2713 0.2034
 1 0.2727 0.2073
 1 0.2739 0.2110
 1 0.2751 0.2147
 1 0.2763 0.2185
 1 0.2773 0.2223
 1 0.2784 0.2261
 1 0.2793 0.2299
 1 0.2803 0.2337
 1 0.2811 0.2375
 1 0.2820 0.2414
 1 0.2827 0.2452
 1 0.2835 0.2493
 1 0.2842 0.2530
 1 0.2847 0.2568
 1 0.2853 0.2607
 1 0.2858 0.2646
 1 0.2863 0.2686
 1 0.2867 0.2724
 1 0.2870 0.2764
 1 0.2873 0.2804
 1 0.2876 0.2842
 1 0.2877 0.2882
 1 0.2879 0.2922
 1 0.2880 0.2960
 1 0.2880 0.2880
112 1251 537
 0 -0.0925 0.2900
 1 -0.0547 0.3565
 1 -0.0412 0.3329
 1 -0.0427 0.3319
 1 -0.0442 0.3309
 1 -0.0456 0.3298
 1 -0.0470 0.3287
 1 -0.0484 0.3276
 1 -0.0497 0.3264
 1 -0.0509 0.3251
 1 -0.0522 0.3239
 1 -0.0534 0.3226
 1 -0.0547 0.3213
 1 -0.0558 0.3199
 1 -0.0569 0.3185
 1 -0.0580 0.3171
 1 -0.0590 0.3157
 1 -0.0600 0.3142
 1 -0.0610 0.3127
 1 -0.0619 0.3111
 1 -0.0628 0.3096
 1 -0.0636 0.3080
 1 -0.0644 0.3064
 1 -0.0652 0.3048
 1 -0.0659 0.3031
 1 -0.0665 0.3015
 1 -0.0671 0.2998
 1 -0.0677 0.2982
 1 -0.0682 0.2964
 1 -0.0687 0.2947
 1 -0.0691 0.2929
 1 -0.0694 0.2912
 1 -0.0698 0.2895
 1 -0.0701 0.2877
 1 -0.0703 0.2859
 1 -0.0705 0.2841
 1 -0.0707 0.2824
 1 -0.0708 0.2806
 1 -0.0708 0.2789
 1 -0.0708 0.2771
 1 -0.0707 0.2753
 1 -0.0706 0.2735
 1 -0.0705 0.2717
 1 -0.0703 0.2699
 1 -0.0700 0.2682
 1 -0.0697 0.2664
 1 -0.0694 0.2647
 1 -0.0690 0.2629
 1 -0.0685 0.2612
 1 -0.0680 0.2595
 1 -0.0675 0.2578
 1 -0.0670 0.2561
 1 -0.0663 0.2544
 1 -0.0656 0.2528
 1 -0.0649 0.2512
 1 -0.0642 0.2495
 1 -0.0634 0.2480
 1 -0.0625 0.2463
 1 -0.0617 0.2449
 1 -0.0607 0.2433
 1 -0.0597 0.2418
 1 -0.0587 0.2404
 1 -0.0577 0.2389
 1 -0.0566 0.2375
 1 -0.0554 0.2361
 1 -0.0543 0.2348
 1 -0.0531 0.2334
 1 -0.0519 0.2322
 1 -0.0505 0.2309
 1 -0.0493 0.2297
 1 -0.0479 0.2285
 1 -0.0466 0.2274
 1 -0.0452 0.2263
 1 -0.0437 0.2252
 1 -0.0423 0.2242
 1 -0.0408 0.2232
 1 -0.0393 0.2222
 1 -0.0377 0.2214
 1 -0.0362 0.2205
 1 -0.0346 0.2197
 1 -0.0330 0.2189
 1 -0.0313 0.2182
 1 -0.0297 0.2175
 1 -0.0281 0.2169
 1 -0.0264 0.2162
 1 -0.0246 0.2157
 1 -0.0229 0.2151
 1 -0.0212 0.2148
 1 -0.0195 0.2143
 1 -0.0178 0.2140
 1 -0.0160 0.2137
 1 -0.0142 0.2134
 1 -0.0125 0.2131
 1 -0.0107 0.2130
 1 -0.0089 0.2129
 1 -0.0071 0.2128
 1 -0.0053 0.2127
 1 -0.0036 0.2128
 1 -0.0018 0.2129
 1 0.0000 0.2130
 1 0.0017 0.2131
 1 0.0035 0.2134
 1 0.0053 0.2137
 1 0.0070 0.2140
 1 0.0088 0.2143
 1 0.0105 0.2148
 1 0.0122 0.2151
 1 0.0139 0.2157
 1 0.0157 0.2162
 1 0.0174 0.2169
 1 0.0190 0.2175
 1 0.0206 0.2182
 1 0.0223 0.2189
 1 0.0239 0.2197
 1 0.0255 0.2205
 1 0.0270 0.2214
 1 0.0286 0.2222
 1 0.0300 0.2232
 1 0.0316 0.2242
 1 0.0330 0.2252
 1 0.0345 0.2263
 1 0.0359 0.2274
 1 0.0372 0.2285
 1 0.0385 0.2297
 1 0.0398 0.2309
 1 0.0412 0.2322
 1 0.0423 0.2334
 1 0.0436 0.2348
 1 0.0447 0.2361
 1 0.0458 0.2375
 1 0.0469 0.2389
 1 0.0480 0.2404
 1 0.0490 0.2418
 1 0.0500 0.2433
 1 0.0509 0.2448
 1 0.0518 0.2463
 1 0.0527 0.2479
 1 0.0535 0.2495
 1 0.0542 0.2512
 1 0.0549 0.2528
 1 0.0556 0.2544
 1 0.0563 0.2561
 1 0.0568 0.2578
 1 0.0574 0.2595
 1 0.0578 0.2612
 1 0.0583 0.2629
 1 0.0587 0.2646
 1 0.0590 0.2664
 1 0.0593 0.2682
 1 0.0595 0.2699
 1 0.0598 0.2717
 1 0.0599 0.2735
 1 0.0600 0.2753
 1 0.0601 0.2771
 1 0.0601 0.2789
 1 0.0601 0.2806
 1 0.0600 0.2824
 1 0.0598 0.2841
 1 0.0596 0.2859
 1 0.0594 0.2877
 1 0.0591 0.2894
 1 0.0588 0.2912
 1 0.0584 0.2929
 1 0.0580 0.2947
 1 0.0575 0.2964
 1 0.0570 0.2982
 1 0.0564 0.2998
 1 0.0558 0.3015
 1 0.0552 0.3031
 1 0.0545 0.3048
 1 0.0537 0.3064
 1 0.0529 0.3080
 1 0.0521 0.3096
 1 0.0512 0.3111
 1 0.0503 0.3126
 1 0.0493 0.3142
 1 0.0483 0.3157
 1 0.0473 0.3171
 1 0.0462 0.3185
 1 0.0451 0.3199
 1 0.0440 0.3213
 1 0.0427 0.3226
 1 0.0416 0.3239
 1 0.0402 0.3251
 1 0.0390 0.3264
 1 0.0377 0.3276
 1 0.0363 0.3287
 1 0.0349 0.3298
 1 0.0335 0.3309
 1 0.0320 0.3319
 1 0.0305 0.3329
 1 0.0290 0.3339
 1 0.0275 0.3348
 1 0.0259 0.3356
 1 0.0244 0.3365
 1 0.0228 0.3373
 1 0.0212 0.3381
 1 0.0195 0.3388
 1 0.0178 0.3394
 1 0.0162 0.3400
 1 0.0145 0.3405
 1 0.0128 0.3411
 1 0.0111 0.3416
 1 0.0094 0.3419
 1 0.0076 0.3423
 1 0.0059 0.3427
 1 0.0041 0.3430
 1 0.0024 0.3432
 1 0.0006 0.3433
 1 -0.0012 0.3435
 1 -0.0030 0.3436
 1 -0.0048 0.3437
 1 -0.0066 0.3437
 1 -0.0084 0.3436
 1 -0.0102 0.3435
 1 -0.0119 0.3433
 1 -0.0137 0.3431
 1 -0.0155 0.3429
 1 -0.0172 0.3426
 1 -0.0190 0.3423
 1 -0.0207 0.3418
 1 -0.0225 0.3414
 1 -0.0242 0.3409
 1 -0.0258 0.3404
 1 -0.0275 0.3398
 1 -0.0292 0.3391
 1 -0.0309 0.3384
 1 -0.0325 0.3377
 1 -0.0341 0.3370
 1 -0.0499 0.3648
 1 -0.0431 0.3768
 1 -0.0218 0.3768
 1 -0.0218 0.3932
 1 -0.0711 0.3850
 1 -0.0711 0.3768
 1 -0.0526 0.3768
 1 -0.0572 0.3686
 1 -0.1507 0.3686
 1 -0.1647 0.3932
 1 -0.1248 0.3932
 1 -0.1248 0.4015
 1 -0.1742 0.4015
 1 -0.1742 0.3932
 1 -0.1580 0.3648
 1 -0.1738 0.3370
 1 -0.1754 0.3377
 1 -0.1770 0.3384
 1 -0.1787 0.3391
 1 -0.1804 0.3398
 1 -0.1820 0.3404
 1 -0.1837 0.3409
 1 -0.1854 0.3414
 1 -0.1871 0.3418
 1 -0.1889 0.3423
 1 -0.1906 0.3426
 1 -0.1924 0.3429
 1 -0.1942 0.3431
 1 -0.1959 0.3433
 1 -0.1977 0.3435
 1 -0.1995 0.3436
 1 -0.2013 0.3437
 1 -0.2031 0.3437
 1 -0.2049 0.3436
 1 -0.2067 0.3435
 1 -0.2084 0.3433
 1 -0.2102 0.3432
 1 -0.2120 0.3430
 1 -0.2137 0.3427
 1 -0.2155 0.3423
 1 -0.2172 0.3419
 1 -0.2190 0.3416
 1 -0.2207 0.3411
 1 -0.2224 0.3405
 1 -0.2241 0.3400
 1 -0.2257 0.3394
 1 -0.2274 0.3388
 1 -0.2291 0.3381
 1 -0.2306 0.3373
 1 -0.2323 0.3365
 1 -0.2338 0.3356
 1 -0.2354 0.3348
 1 -0.2369 0.3339
 1 -0.2384 0.3329
 1 -0.2399 0.3319
 1 -0.2414 0.3309
 1 -0.2428 0.3298
 1 -0.2442 0.3287
 1 -0.2455 0.3276
 1 -0.2468 0.3264
 1 -0.2481 0.3251
 1 -0.2494 0.3239
 1 -0.2506 0.3226
 1 -0.2518 0.3213
 1 -0.2530 0.3199
 1 -0.2541 0.3185
 1 -0.2551 0.3171
 1 -0.2562 0.3157
 1 -0.2572 0.3142
 1 -0.2582 0.3126
 1 -0.2591 0.3111
 1 -0.2600 0.3096
 1 -0.2608 0.3080
 1 -0.2616 0.3064
 1 -0.2624 0.3048
 1 -0.2631 0.3031
 1 -0.2637 0.3015
 1 -0.2643 0.2998
 1 -0.2649 0.2982
 1 -0.2654 0.2964
 1 -0.2659 0.2947
 1 -0.2663 0.2929
 1 -0.2666 0.2912
 1 -0.2670 0.2894
 1 -0.2673 0.2877
 1 -0.2675 0.2859
 1 -0.2677 0.2841
 1 -0.2678 0.2824
 1 -0.2679 0.2806
 1 -0.2680 0.2789
 1 -0.2680 0.2771
 1 -0.2679 0.2753
 1 -0.2678 0.2735
 1 -0.2677 0.2717
 1 -0.2674 0.2699
 1 -0.2672 0.2682
 1 -0.2669 0.2664
 1 -0.2666 0.2646
 1 -0.2662 0.2629
 1 -0.2657 0.2612
 1 -0.2652 0.2595
 1 -0.2647 0.2578
 1 -0.2641 0.2561
 1 -0.2635 0.2544
 1 -0.2628 0.2528
 1 -0.2621 0.2512
 1 -0.2614 0.2495
 1 -0.2605 0.2479
 1 -0.2597 0.2463
 1 -0.2588 0.2448
 1 -0.2579 0.2433
 1 -0.2569 0.2418
 1 -0.2559 0.2404
 1 -0.2548 0.2389
 1 -0.2537 0.2375
 1 -0.2526 0.2361
 1 -0.2515 0.2348
 1 -0.2502 0.2334
 1 -0.2490 0.2322
 1 -0.2477 0.2309
 1 -0.2464 0.2297
 1 -0.2451 0.2285
 1 -0.2437 0.2274
 1 -0.2423 0.2263
 1 -0.2409 0.2252
 1 -0.2394 0.2242
 1 -0.2379 0.2232
 1 -0.2365 0.2222
 1 -0.2349 0.2214
 1 -0.2334 0.2205
 1 -0.2318 0.2197
 1 -0.2302 0.2189
 1 -0.2285 0.2182
 1 -0.2269 0.2175
 1 -0.2252 0.2169
 1 -0.2235 0.2162
 1 -0.2218 0.2157
 1 -0.2201 0.2151
 1 -0.2184 0.2148
 1 -0.2167 0.2143
 1 -0.2149 0.2140
 1 -0.2132 0.2137
 1 -0.2114 0.2134
 1 -0.2096 0.2131
 1 -0.2078 0.2130
 1 -0.2060 0.2129
 1 -0.2043 0.2128
 1 -0.2025 0.2127
 1 -0.2008 0.2128
 1 -0.1990 0.2129
 1 -0.1972 0.2130
 1 -0.1954 0.2131
 1 -0.1936 0.2134
 1 -0.1919 0.2137
 1 -0.1901 0.2140
 1 -0.1884 0.2143
 1 -0.1866 0.2148
 1 -0.1849 0.2151
 1 -0.1832 0.2157
 1 -0.1815 0.2162
 1 -0.1798 0.2169
 1 -0.1781 0.2175
 1 -0.1765 0.2182
 1 -0.1749 0.2189
 1 -0.1733 0.2197
 1 -0.1717 0.2205
 1 -0.1701 0.2214
 1 -0.1686 0.2222
 1 -0.1671 0.2232
 1 -0.1656 0.2242
 1 -0.1641 0.2252
 1 -0.1627 0.2263
 1 -0.1613 0.2274
 1 -0.1599 0.2285
 1 -0.1586 0.2297
 1 -0.1573 0.2309
 1 -0.1560 0.2322
 1 -0.1548 0.2334
 1 -0.1536 0.2348
 1 -0.1524 0.2361
 1 -0.1513 0.2375
 1 -0.1502 0.2389
 1 -0.1492 0.2404
 1 -0.1482 0.2418
 1 -0.1472 0.2433
 1 -0.1462 0.2449
 1 -0.1454 0.2463
 1 -0.1445 0.2480
 1 -0.1437 0.2495
 1 -0.1430 0.2512
 1 -0.1423 0.2528
 1 -0.1416 0.2544
 1 -0.1409 0.2561
 1 -0.1403 0.2578
 1 -0.1398 0.2595
 1 -0.1393 0.2612
 1 -0.1389 0.2629
 1 -0.1385 0.2647
 1 -0.1381 0.2664
 1 -0.1378 0.2682
 1 -0.1376 0.2699
 1 -0.1374 0.2717
 1 -0.1373 0.2735
 1 -0.1371 0.2753
 1 -0.1371 0.2771
 1 -0.1371 0.2789
 1 -0.1371 0.2806
 1 -0.1372 0.2824
 1 -0.1374 0.2841
 1 -0.1375 0.2859
 1 -0.1377 0.2877
 1 -0.1381 0.2895
 1 -0.1384 0.2912
 1 -0.1388 0.2929
 1 -0.1392 0.2947
 1 -0.1397 0.2964
 1 -0.1402 0.2982
 1 -0.1408 0.2998
 1 -0.1414 0.3015
 1 -0.1420 0.3031
 1 -0.1427 0.3048
 1 -0.1435 0.3064
 1 -0.1443 0.3080
 1 -0.1451 0.3096
 1 -0.1460 0.3111
 1 -0.1469 0.3127
 1 -0.1479 0.3142
 1 -0.1489 0.3157
 1 -0.1499 0.3171
 1 -0.1510 0.3185
 1 -0.1521 0.3199
 1 -0.1532 0.3213
 1 -0.1544 0.3226
 1 -0.1556 0.3239
 1 -0.1569 0.3251
 1 -0.1582 0.3264
 1 -0.1595 0.3276
 1 -0.1609 0.3287
 1 -0.1623 0.3298
 1 -0.1637 0.3309
 1 -0.1651 0.3319
 1 -0.1666 0.3329
 1 -0.1532 0.3565
 1 -0.1153 0.2900
 1 -0.1162 0.2891
 1 -0.1170 0.2882
 1 -0.1177 0.2872
 1 -0.1183 0.2862
 1 -0.1188 0.2851
 1 -0.1193 0.2839
 1 -0.1197 0.2827
 1 -0.1200 0.2816
 1 -0.1202 0.2804
 1 -0.1203 0.2792
 1 -0.1204 0.2780
 1 -0.1203 0.2768
 1 -0.1202 0.2755
 1 -0.1199 0.2743
 1 -0.1195 0.2732
 1 -0.1192 0.2720
 1 -0.1187 0.2709
 1 -0.1181 0.2698
 1 -0.1174 0.2688
 1 -0.1167 0.2679
 1 -0.1159 0.2670
 1 -0.1150 0.2661
 1 -0.1141 0.2653
 1 -0.1131 0.2645
 1 -0.1121 0.2639
 1 -0.1110 0.2634
 1 -0.1099 0.2629
 1 -0.1087 0.2625
 1 -0.1076 0.2622
 1 -0.1064 0.2620
 1 -0.1052 0.2618
 1 -0.1039 0.2617
 1 -0.1027 0.2618
 1 -0.1015 0.2620
 1 -0.1003 0.2622
 1 -0.0992 0.2625
 1 -0.0980 0.2629
 1 -0.0969 0.2634
 1 -0.0958 0.2639
 1 -0.0947 0.2645
 1 -0.0938 0.2653
 1 -0.0929 0.2661
 1 -0.0920 0.2670
 1 -0.0912 0.2679
 1 -0.0905 0.2688
 1 -0.0898 0.2698
 1 -0.0892 0.2709
 1 -0.0887 0.2720
 1 -0.0883 0.2732
 1 -0.0880 0.2743
 1 -0.0877 0.2755
 1 -0.0876 0.2768
 1 -0.0875 0.2780
 1 -0.0876 0.2792
 1 -0.0876 0.2804
 1 -0.0879 0.2816
 1 -0.0881 0.2827
 1 -0.0885 0.2839
 1 -0.0890 0.2851
 1 -0.0895 0.2862
 1 -0.0901 0.2872
 1 -0.0909 0.2882
 1 -0.0916 0.2891
 1 -0.0925 0.2900
112 1466 204
 0 -0.0053 0.2864
 1 -0.0044 0.2864
 1 -0.0036 0.2862
 1 -0.0026 0.2859
 1 -0.0018 0.2856
 1 -0.0011 0.2852
 1 -0.0003 0.2847
 1 0.0003 0.2841
 1 0.0010 0.2834
 1 0.0015 0.2827
 1 0.0020 0.2820
 1 0.0024 0.2811
 1 0.0026 0.2803
 1 0.0027 0.2794
 1 0.0029 0.2785
 1 0.0028 0.2776
 1 0.0027 0.2768
 1 0.0025 0.2759
 1 0.0022 0.2750
 1 0.0018 0.2742
 1 0.0013 0.2735
 1 0.0008 0.2728
 1 0.0002 0.2721
 1 -0.0005 0.2715
 1 -0.0013 0.2711
 1 -0.0021 0.2707
 1 -0.0029 0.2704
 1 -0.0038 0.2701
 1 -0.0046 0.2700
 1 -0.0056 0.2700
 1 -0.0064 0.2701
 1 -0.0074 0.2702
 1 -0.0082 0.2705
 1 -0.0090 0.2708
 1 -0.0098 0.2713
 1 -0.0106 0.2719
 1 -0.0112 0.2724
 1 -0.0118 0.2731
 1 -0.0123 0.2738
 1 -0.0127 0.2747
 1 -0.0130 0.2754
 1 -0.0134 0.2763
 1 -0.0135 0.2772
 1 -0.0136 0.2781
 1 -0.0135 0.2790
 1 -0.0134 0.2799
 1 -0.0132 0.2807
 1 -0.0128 0.2816
 1 -0.0124 0.2824
 1 -0.0373 0.3260
 1 -0.0392 0.3248
 1 -0.0410 0.3234
 1 -0.0428 0.3219
 1 -0.0445 0.3203
 1 -0.0461 0.3188
 1 -0.0477 0.3171
 1 -0.0492 0.3153
 1 -0.0507 0.3136
 1 -0.0520 0.3118
 1 -0.0533 0.3099
 1 -0.0546 0.3080
 1 -0.0558 0.3059
 1 -0.0568 0.3039
 1 -0.0578 0.3018
 1 -0.0587 0.2997
 1 -0.0595 0.2976
 1 -0.0602 0.2954
 1 -0.0609 0.2932
 1 -0.0614 0.2910
 1 -0.0619 0.2887
 1 -0.0623 0.2865
 1 -0.0625 0.2842
 1 -0.0628 0.2819
 1 -0.0628 0.2796
 1 -0.0628 0.2773
 1 -0.0628 0.2750
 1 -0.0626 0.2727
 1 -0.0624 0.2705
 1 -0.0620 0.2682
 1 -0.0615 0.2659
 1 -0.0610 0.2637
 1 -0.0603 0.2615
 1 -0.0596 0.2593
 1 -0.0589 0.2572
 1 -0.0580 0.2551
 1 -0.0570 0.2530
 1 -0.0560 0.2509
 1 -0.0548 0.2489
 1 -0.0537 0.2470
 1 -0.0523 0.2451
 1 -0.0510 0.2432
 1 -0.0496 0.2414
 1 -0.0481 0.2397
 1 -0.0465 0.2380
 1 -0.0449 0.2365
 1 -0.0432 0.2349
 1 -0.0414 0.2334
 1 -0.0396 0.2320
 1 -0.0377 0.2307
 1 -0.0358 0.2295
 1 -0.0338 0.2283
 1 -0.0318 0.2271
 1 -0.0298 0.2261
 1 -0.0277 0.2252
 1 -0.0256 0.2243
 1 -0.0234 0.2236
 1 -0.0212 0.2229
 1 -0.0190 0.2223
 1 -0.0167 0.2218
 1 -0.0144 0.2214
 1 -0.0122 0.2211
 1 -0.0099 0.2209
 1 -0.0076 0.2207
 1 -0.0053 0.2207
 1 -0.0053 0.2207
 1 -0.0030 0.2207
 1 -0.0006 0.2209
 1 0.0017 0.2211
 1 0.0040 0.2214
 1 0.0063 0.2219
 1 0.0086 0.2224
 1 0.0108 0.2230
 1 0.0131 0.2237
 1 0.0153 0.2246
 1 0.0174 0.2254
 1 0.0196 0.2264
 1 0.0217 0.2274
 1 0.0237 0.2286
 1 0.0258 0.2299
 1 0.0277 0.2312
 1 0.0296 0.2325
 1 0.0314 0.2340
 1 0.0332 0.2355
 1 0.0349 0.2371
 1 0.0365 0.2388
 1 0.0381 0.2405
 1 0.0396 0.2424
 1 0.0410 0.2442
 1 0.0423 0.2461
 1 0.0437 0.2481
 1 0.0448 0.2501
 1 0.0459 0.2522
 1 0.0469 0.2543
 1 0.0479 0.2565
 1 0.0487 0.2586
 1 0.0495 0.2608
 1 0.0501 0.2631
 1 0.0507 0.2654
 1 0.0512 0.2677
 1 0.0516 0.2700
 1 0.0518 0.2723
 1 0.0521 0.2747
 1 0.0521 0.2770
 1 0.0521 0.2793
 1 0.0521 0.2817
 1 0.0519 0.2840
 1 0.0516 0.2863
 1 0.0512 0.2887
 1 0.0507 0.2909
 1 0.0502 0.2932
 1 0.0495 0.2955
 1 0.0488 0.2977
 1 0.0479 0.2999
 1 0.0470 0.3020
 1 0.0460 0.3041
 1 0.0449 0.3062
 1 0.0437 0.3083
 1 0.0424 0.3102
 1 0.0411 0.3122
 1 0.0397 0.3140
 1 0.0381 0.3158
 1 0.0366 0.3175
 1 0.0349 0.3192
 1 0.0332 0.3209
 1 0.0315 0.3223
 1 0.0297 0.3238
 1 0.0278 0.3252
 1 0.0258 0.3265
 1 0.0238 0.3278
 1 0.0218 0.3289
 1 0.0197 0.3300
 1 0.0176 0.3310
 1 0.0154 0.3318
 1 0.0132 0.3326
 1 0.0110 0.3334
 1 0.0087 0.3340
 1 0.0064 0.3345
 1 0.0041 0.3349
 1 0.0018 0.3353
 1 -0.0005 0.3355
 1 -0.0029 0.3356
 1 -0.0052 0.3357
 1 -0.0075 0.3356
 1 -0.0099 0.3356
 1 -0.0122 0.3353
 1 -0.0145 0.3349
 1 -0.0169 0.3346
 1 -0.0191 0.3340
 1 -0.0214 0.3335
 1 -0.0236 0.3328
 1 -0.0259 0.3319
 1 -0.0280 0.3311
 1 -0.0302 0.3301
 1 -0.0053 0.2864
112 1466 12
 0 -0.0996 0.2941
 1 -0.0619 0.3604
 1 -0.1460 0.3604
 1 -0.1083 0.2941
 1 -0.1072 0.2943
 1 -0.1061 0.2945
 1 -0.1050 0.2946
 1 -0.1039 0.2947
 1 -0.1028 0.2946
 1 -0.1017 0.2945
 1 -0.1007 0.2943
 1 -0.0996 0.2941
112 1466 204
 0 -0.1955 0.2824
 1 -0.1706 0.3260
 1 -0.1687 0.3248
 1 -0.1668 0.3234
 1 -0.1651 0.3219
 1 -0.1634 0.3203
 1 -0.1617 0.3188
 1 -0.1602 0.3171
 1 -0.1587 0.3153
 1 -0.1572 0.3136
 1 -0.1558 0.3118
 1 -0.1545 0.3099
 1 -0.1533 0.3080
 1 -0.1521 0.3059
 1 -0.1510 0.3039
 1 -0.1501 0.3018
 1 -0.1492 0.2997
 1 -0.1484 0.2976
 1 -0.1476 0.2954
 1 -0.1470 0.2932
 1 -0.1465 0.2910
 1 -0.1460 0.2887
 1 -0.1456 0.2865
 1 -0.1453 0.2842
 1 -0.1451 0.2819
 1 -0.1451 0.2796
 1 -0.1451 0.2773
 1 -0.1451 0.2750
 1 -0.1453 0.2727
 1 -0.1455 0.2705
 1 -0.1459 0.2682
 1 -0.1463 0.2659
 1 -0.1468 0.2637
 1 -0.1475 0.2615
 1 -0.1482 0.2593
 1 -0.1490 0.2572
 1 -0.1499 0.2551
 1 -0.1508 0.2530
 1 -0.1519 0.2509
 1 -0.1530 0.2489
 1 -0.1542 0.2470
 1 -0.1555 0.2451
 1 -0.1569 0.2432
 1 -0.1583 0.2414
 1 -0.1598 0.2397
 1 -0.1614 0.2380
 1 -0.1630 0.2365
 1 -0.1647 0.2349
 1 -0.1665 0.2334
 1 -0.1682 0.2320
 1 -0.1701 0.2307
 1 -0.1721 0.2295
 1 -0.1740 0.2283
 1 -0.1760 0.2271
 1 -0.1781 0.2261
 1 -0.1802 0.2252
 1 -0.1823 0.2243
 1 -0.1845 0.2236
 1 -0.1867 0.2229
 1 -0.1889 0.2223
 1 -0.1911 0.2218
 1 -0.1934 0.2214
 1 -0.1956 0.2211
 1 -0.1980 0.2209
 1 -0.2002 0.2207
 1 -0.2025 0.2207
 1 -0.2025 0.2207
 1 -0.2049 0.2207
 1 -0.2072 0.2209
 1 -0.2095 0.2211
 1 -0.2119 0.2214
 1 -0.2142 0.2219
 1 -0.2165 0.2224
 1 -0.2187 0.2230
 1 -0.2210 0.2237
 1 -0.2232 0.2246
 1 -0.2253 0.2254
 1 -0.2275 0.2264
 1 -0.2295 0.2274
 1 -0.2316 0.2286
 1 -0.2336 0.2299
 1 -0.2355 0.2312
 1 -0.2375 0.2325
 1 -0.2393 0.2340
 1 -0.2411 0.2355
 1 -0.2428 0.2371
 1 -0.2444 0.2388
 1 -0.2460 0.2405
 1 -0.2475 0.2424
 1 -0.2489 0.2442
 1 -0.2502 0.2461
 1 -0.2516 0.2481
 1 -0.2527 0.2501
 1 -0.2538 0.2522
 1 -0.2548 0.2543
 1 -0.2558 0.2565
 1 -0.2566 0.2586
 1 -0.2574 0.2608
 1 -0.2580 0.2631
 1 -0.2586 0.2654
 1 -0.2590 0.2677
 1 -0.2594 0.2700
 1 -0.2597 0.2723
 1 -0.2600 0.2747
 1 -0.2600 0.2770
 1 -0.2600 0.2793
 1 -0.2600 0.2817
 1 -0.2597 0.2840
 1 -0.2595 0.2863
 1 -0.2591 0.2887
 1 -0.2586 0.2909
 1 -0.2580 0.2932
 1 -0.2574 0.2955
 1 -0.2566 0.2977
 1 -0.2558 0.2999
 1 -0.2549 0.3020
 1 -0.2539 0.3041
 1 -0.2527 0.3062
 1 -0.2516 0.3083
 1 -0.2503 0.3102
 1 -0.2490 0.3122
 1 -0.2475 0.3140
 1 -0.2460 0.3158
 1 -0.2445 0.3175
 1 -0.2428 0.3192
 1 -0.2411 0.3209
 1 -0.2393 0.3223
 1 -0.2376 0.3238
 1 -0.2357 0.3252
 1 -0.2337 0.3265
 1 -0.2317 0.3278
 1 -0.2297 0.3289
 1 -0.2276 0.3300
 1 -0.2254 0.3310
 1 -0.2233 0.3318
 1 -0.2211 0.3326
 1 -0.2188 0.3334
 1 -0.2165 0.3340
 1 -0.2143 0.3345
 1 -0.2120 0.3349
 1 -0.2097 0.3353
 1 -0.2074 0.3355
 1 -0.2050 0.3356
 1 -0.2026 0.3357
 1 -0.2003 0.3356
 1 -0.1980 0.3356
 1 -0.1956 0.3353
 1 -0.1933 0.3349
 1 -0.1910 0.3346
 1 -0.1887 0.3340
 1 -0.1864 0.3335
 1 -0.1843 0.3328
 1 -0.1820 0.3319
 1 -0.1798 0.3311
 1 -0.1777 0.3301
 1 -0.2025 0.2864
 1 -0.2035 0.2864
 1 -0.2043 0.2862
 1 -0.2052 0.2859
 1 -0.2060 0.2856
 1 -0.2068 0.2852
 1 -0.2076 0.2847
 1 -0.2082 0.2841
 1 -0.2088 0.2834
 1 -0.2094 0.2827
 1 -0.2099 0.2820
 1 -0.2102 0.2811
 1 -0.2105 0.2803
 1 -0.2106 0.2794
 1 -0.2107 0.2785
 1 -0.2107 0.2776
 1 -0.2106 0.2768
 1 -0.2104 0.2759
 1 -0.2101 0.2750
 1 -0.2097 0.2742
 1 -0.2092 0.2735
 1 -0.2087 0.2728
 1 -0.2081 0.2721
 1 -0.2074 0.2715
 1 -0.2066 0.2711
 1 -0.2058 0.2707
 1 -0.2050 0.2704
 1 -0.2041 0.2701
 1 -0.2032 0.2700
 1 -0.2023 0.2700
 1 -0.2014 0.2701
 1 -0.2005 0.2702
 1 -0.1997 0.2705
 1 -0.1988 0.2708
 1 -0.1980 0.2713
 1 -0.1973 0.2719
 1 -0.1967 0.2724
 1 -0.1961 0.2731
 1 -0.1955 0.2738
 1 -0.1952 0.2747
 1 -0.1948 0.2754
 1 -0.1945 0.2763
 1 -0.1944 0.2772
 1 -0.1943 0.2781
 1 -0.1944 0.2790
 1 -0.1945 0.2799
 1 -0.1947 0.2807
 1 -0.1950 0.2816
 1 -0.1955 0.2824
112 1251 18
 0 0.2564 0.3607
 1 0.1300 0.3607
 1 0.1195 0.3186
 1 0.1195 0.3186
 1 0.1089 0.3080
 1 0.1089 0.2659
 1 0.1195 0.2553
 1 0.1195 0.2343
 1 0.1405 0.2343
 1 0.1405 0.2553
 1 0.2459 0.2553
 1 0.2459 0.2343
 1 0.2670 0.2343
 1 0.2670 0.2553
 1 0.2775 0.2659
 1 0.2775 0.3080
 1 0.2670 0.3186
 1 0.2564 0.3607
112 1466 5
 0 0.2564 0.3186
 1 0.2482 0.3502
 1 0.1382 0.3502
 1 0.1300 0.3186
 1 0.2564 0.3186
112 1251 5
 0 0.0850 0.5698
 1 0.0850 0.0278
 1 0.0970 0.0278
 1 0.0970 0.5698
 1 0.0850 0.5698
