SEcl_RO-11a
3382 48 1 1 0 0 0 0 0 0 1 1
1.000
112 1251 216
0 0.3666 1.0411
1 0.3666 0.0587
1 0.3666 0.0587
1 0.3665 0.0569
1 0.3664 0.0551
1 0.3664 0.0534
1 0.3662 0.0516
1 0.3659 0.0499
1 0.3656 0.0481
1 0.3652 0.0464
1 0.3649 0.0447
1 0.3645 0.0429
1 0.3640 0.0412
1 0.3634 0.0395
1 0.3628 0.0379
1 0.3622 0.0362
1 0.3614 0.0346
1 0.3607 0.0330
1 0.3599 0.0314
1 0.3590 0.0299
1 0.3581 0.0283
1 0.3572 0.0268
1 0.3562 0.0253
1 0.3551 0.0239
1 0.3541 0.0225
1 0.3530 0.0211
1 0.3518 0.0198
1 0.3506 0.0185
1 0.3494 0.0172
1 0.3481 0.0159
1 0.3469 0.0147
1 0.3455 0.0136
1 0.3441 0.0125
1 0.3427 0.0114
1 0.3413 0.0103
1 0.3398 0.0094
1 0.3383 0.0085
1 0.3368 0.0075
1 0.3352 0.0068
1 0.3336 0.0059
1 0.3320 0.0051
1 0.3303 0.0044
1 0.3287 0.0038
1 0.3271 0.0033
1 0.3254 0.0027
1 0.3237 0.0021
1 0.3220 0.0017
1 0.3202 0.0013
1 0.3185 0.0009
1 0.3167 0.0007
1 0.3150 0.0004
1 0.3132 0.0003
1 0.3114 0.0001
1 0.3097 0.0000
1 0.3079 0.0000
1 -0.3079 0.0000
1 -0.3079 0.0000
1 -0.3097 0.0000
1 -0.3114 0.0001
1 -0.3132 0.0003
1 -0.3150 0.0004
1 -0.3167 0.0007
1 -0.3185 0.0009
1 -0.3202 0.0013
1 -0.3220 0.0017
1 -0.3237 0.0021
1 -0.3254 0.0027
1 -0.3271 0.0033
1 -0.3287 0.0038
1 -0.3303 0.0044
1 -0.3320 0.0051
1 -0.3336 0.0059
1 -0.3352 0.0068
1 -0.3368 0.0075
1 -0.3383 0.0085
1 -0.3398 0.0094
1 -0.3413 0.0103
1 -0.3427 0.0114
1 -0.3441 0.0125
1 -0.3455 0.0136
1 -0.3469 0.0147
1 -0.3481 0.0159
1 -0.3494 0.0172
1 -0.3506 0.0185
1 -0.3518 0.0198
1 -0.3530 0.0211
1 -0.3541 0.0225
1 -0.3551 0.0239
1 -0.3562 0.0253
1 -0.3572 0.0268
1 -0.3581 0.0283
1 -0.3590 0.0299
1 -0.3599 0.0314
1 -0.3607 0.0330
1 -0.3614 0.0346
1 -0.3622 0.0362
1 -0.3628 0.0379
1 -0.3634 0.0395
1 -0.3640 0.0412
1 -0.3645 0.0429
1 -0.3649 0.0447
1 -0.3652 0.0464
1 -0.3656 0.0481
1 -0.3659 0.0499
1 -0.3662 0.0516
1 -0.3664 0.0534
1 -0.3664 0.0551
1 -0.3665 0.0569
1 -0.3666 0.0587
1 -0.3666 1.0411
1 -0.3666 1.0411
1 -0.3665 1.0429
1 -0.3664 1.0447
1 -0.3664 1.0464
1 -0.3662 1.0482
1 -0.3659 1.0500
1 -0.3656 1.0517
1 -0.3652 1.0534
1 -0.3649 1.0552
1 -0.3645 1.0569
1 -0.3640 1.0585
1 -0.3634 1.0602
1 -0.3628 1.0619
1 -0.3622 1.0636
1 -0.3614 1.0652
1 -0.3607 1.0668
1 -0.3599 1.0684
1 -0.3590 1.0699
1 -0.3581 1.0714
1 -0.3572 1.0730
1 -0.3562 1.0744
1 -0.3551 1.0759
1 -0.3541 1.0772
1 -0.3530 1.0786
1 -0.3518 1.0800
1 -0.3506 1.0813
1 -0.3494 1.0826
1 -0.3481 1.0838
1 -0.3469 1.0850
1 -0.3455 1.0861
1 -0.3441 1.0873
1 -0.3427 1.0884
1 -0.3413 1.0894
1 -0.3398 1.0903
1 -0.3383 1.0913
1 -0.3368 1.0922
1 -0.3352 1.0931
1 -0.3336 1.0938
1 -0.3320 1.0946
1 -0.3303 1.0953
1 -0.3287 1.0960
1 -0.3271 1.0966
1 -0.3254 1.0971
1 -0.3237 1.0976
1 -0.3220 1.0980
1 -0.3202 1.0985
1 -0.3185 1.0988
1 -0.3167 1.0991
1 -0.3150 1.0993
1 -0.3132 1.0995
1 -0.3114 1.0997
1 -0.3097 1.0997
1 -0.3079 1.0997
1 0.3079 1.0997
1 0.3079 1.0997
1 0.3097 1.0997
1 0.3114 1.0997
1 0.3132 1.0995
1 0.3150 1.0993
1 0.3167 1.0991
1 0.3185 1.0988
1 0.3202 1.0985
1 0.3220 1.0980
1 0.3237 1.0976
1 0.3254 1.0971
1 0.3271 1.0966
1 0.3287 1.0960
1 0.3303 1.0953
1 0.3320 1.0946
1 0.3336 1.0938
1 0.3352 1.0931
1 0.3368 1.0922
1 0.3383 1.0913
1 0.3398 1.0903
1 0.3413 1.0894
1 0.3427 1.0884
1 0.3441 1.0873
1 0.3455 1.0861
1 0.3469 1.0850
1 0.3481 1.0838
1 0.3494 1.0826
1 0.3506 1.0813
1 0.3518 1.0800
1 0.3530 1.0786
1 0.3541 1.0772
1 0.3551 1.0759
1 0.3562 1.0744
1 0.3572 1.0730
1 0.3581 1.0714
1 0.3590 1.0699
1 0.3599 1.0684
1 0.3607 1.0668
1 0.3614 1.0652
1 0.3622 1.0636
1 0.3628 1.0619
1 0.3634 1.0602
1 0.3640 1.0585
1 0.3645 1.0569
1 0.3649 1.0552
1 0.3652 1.0534
1 0.3656 1.0517
1 0.3659 1.0500
1 0.3662 1.0482
1 0.3664 1.0464
1 0.3664 1.0447
1 0.3665 1.0429
112 1250 184
0 0.3519 1.0411
1 0.3519 0.0587
1 0.3519 0.0587
1 0.3519 0.0571
1 0.3518 0.0555
1 0.3516 0.0540
1 0.3515 0.0524
1 0.3512 0.0508
1 0.3510 0.0493
1 0.3505 0.0478
1 0.3501 0.0463
1 0.3497 0.0447
1 0.3492 0.0433
1 0.3486 0.0418
1 0.3480 0.0404
1 0.3473 0.0390
1 0.3465 0.0376
1 0.3457 0.0362
1 0.3450 0.0349
1 0.3440 0.0335
1 0.3432 0.0323
1 0.3421 0.0310
1 0.3412 0.0299
1 0.3401 0.0287
1 0.3391 0.0275
1 0.3379 0.0264
1 0.3368 0.0254
1 0.3356 0.0244
1 0.3343 0.0234
1 0.3330 0.0225
1 0.3317 0.0216
1 0.3303 0.0208
1 0.3290 0.0200
1 0.3276 0.0193
1 0.3262 0.0186
1 0.3248 0.0180
1 0.3233 0.0174
1 0.3218 0.0169
1 0.3203 0.0164
1 0.3188 0.0160
1 0.3173 0.0157
1 0.3157 0.0154
1 0.3142 0.0151
1 0.3126 0.0149
1 0.3111 0.0148
1 0.3095 0.0147
1 0.3079 0.0146
1 -0.3079 0.0146
1 -0.3079 0.0146
1 -0.3095 0.0147
1 -0.3111 0.0148
1 -0.3126 0.0149
1 -0.3142 0.0151
1 -0.3157 0.0154
1 -0.3173 0.0157
1 -0.3188 0.0160
1 -0.3203 0.0164
1 -0.3218 0.0169
1 -0.3233 0.0174
1 -0.3248 0.0180
1 -0.3262 0.0186
1 -0.3276 0.0193
1 -0.3290 0.0200
1 -0.3303 0.0208
1 -0.3317 0.0216
1 -0.3330 0.0225
1 -0.3343 0.0234
1 -0.3356 0.0244
1 -0.3368 0.0254
1 -0.3379 0.0264
1 -0.3391 0.0275
1 -0.3401 0.0287
1 -0.3412 0.0299
1 -0.3421 0.0310
1 -0.3432 0.0323
1 -0.3440 0.0335
1 -0.3450 0.0349
1 -0.3457 0.0362
1 -0.3465 0.0376
1 -0.3473 0.0390
1 -0.3480 0.0404
1 -0.3486 0.0418
1 -0.3492 0.0433
1 -0.3497 0.0447
1 -0.3501 0.0463
1 -0.3505 0.0478
1 -0.3510 0.0493
1 -0.3512 0.0508
1 -0.3515 0.0524
1 -0.3516 0.0540
1 -0.3518 0.0555
1 -0.3519 0.0571
1 -0.3519 0.0587
1 -0.3519 1.0411
1 -0.3519 1.0411
1 -0.3519 1.0427
1 -0.3518 1.0442
1 -0.3516 1.0458
1 -0.3515 1.0474
1 -0.3512 1.0489
1 -0.3510 1.0505
1 -0.3505 1.0520
1 -0.3501 1.0535
1 -0.3497 1.0550
1 -0.3492 1.0565
1 -0.3486 1.0579
1 -0.3480 1.0594
1 -0.3473 1.0608
1 -0.3465 1.0622
1 -0.3457 1.0636
1 -0.3450 1.0648
1 -0.3440 1.0662
1 -0.3432 1.0675
1 -0.3421 1.0687
1 -0.3412 1.0699
1 -0.3401 1.0711
1 -0.3391 1.0722
1 -0.3379 1.0733
1 -0.3368 1.0743
1 -0.3356 1.0754
1 -0.3343 1.0763
1 -0.3330 1.0772
1 -0.3317 1.0781
1 -0.3303 1.0790
1 -0.3290 1.0797
1 -0.3276 1.0804
1 -0.3262 1.0811
1 -0.3248 1.0818
1 -0.3233 1.0823
1 -0.3218 1.0828
1 -0.3203 1.0833
1 -0.3188 1.0837
1 -0.3173 1.0841
1 -0.3157 1.0844
1 -0.3142 1.0846
1 -0.3126 1.0849
1 -0.3111 1.0849
1 -0.3095 1.0850
1 -0.3079 1.0851
1 0.3079 1.0851
1 0.3079 1.0851
1 0.3095 1.0850
1 0.3111 1.0849
1 0.3126 1.0849
1 0.3142 1.0846
1 0.3157 1.0844
1 0.3173 1.0841
1 0.3188 1.0837
1 0.3203 1.0833
1 0.3218 1.0828
1 0.3233 1.0823
1 0.3248 1.0818
1 0.3262 1.0811
1 0.3276 1.0804
1 0.3290 1.0797
1 0.3303 1.0790
1 0.3317 1.0781
1 0.3330 1.0772
1 0.3343 1.0763
1 0.3356 1.0754
1 0.3368 1.0743
1 0.3379 1.0733
1 0.3391 1.0722
1 0.3401 1.0711
1 0.3412 1.0699
1 0.3421 1.0687
1 0.3432 1.0675
1 0.3440 1.0662
1 0.3450 1.0648
1 0.3457 1.0636
1 0.3465 1.0622
1 0.3473 1.0608
1 0.3480 1.0594
1 0.3486 1.0579
1 0.3492 1.0565
1 0.3497 1.0550
1 0.3501 1.0535
1 0.3505 1.0520
1 0.3510 1.0505
1 0.3512 1.0489
1 0.3515 1.0474
1 0.3516 1.0458
1 0.3518 1.0442
1 0.3519 1.0427
112 1251 112
0 0.3226 1.0411
1 0.3226 0.0587
1 0.3226 0.0587
1 0.3226 0.0577
1 0.3225 0.0569
1 0.3224 0.0560
1 0.3221 0.0552
1 0.3220 0.0543
1 0.3216 0.0535
1 0.3213 0.0526
1 0.3209 0.0518
1 0.3205 0.0511
1 0.3200 0.0503
1 0.3195 0.0496
1 0.3189 0.0489
1 0.3183 0.0482
1 0.3177 0.0476
1 0.3170 0.0471
1 0.3162 0.0466
1 0.3155 0.0461
1 0.3148 0.0457
1 0.3139 0.0452
1 0.3131 0.0449
1 0.3123 0.0447
1 0.3114 0.0444
1 0.3106 0.0442
1 0.3097 0.0441
1 0.3088 0.0441
1 0.3079 0.0440
1 -0.3079 0.0440
1 -0.3079 0.0440
1 -0.3088 0.0441
1 -0.3097 0.0441
1 -0.3106 0.0442
1 -0.3114 0.0444
1 -0.3123 0.0447
1 -0.3131 0.0449
1 -0.3139 0.0452
1 -0.3148 0.0457
1 -0.3155 0.0461
1 -0.3162 0.0466
1 -0.3170 0.0471
1 -0.3177 0.0476
1 -0.3183 0.0482
1 -0.3189 0.0489
1 -0.3195 0.0496
1 -0.3200 0.0503
1 -0.3205 0.0511
1 -0.3209 0.0518
1 -0.3213 0.0526
1 -0.3216 0.0535
1 -0.3220 0.0543
1 -0.3221 0.0552
1 -0.3224 0.0560
1 -0.3225 0.0569
1 -0.3226 0.0577
1 -0.3226 0.0587
1 -0.3226 1.0411
1 -0.3226 1.0411
1 -0.3226 1.0420
1 -0.3225 1.0429
1 -0.3224 1.0437
1 -0.3221 1.0446
1 -0.3220 1.0454
1 -0.3216 1.0463
1 -0.3213 1.0471
1 -0.3209 1.0479
1 -0.3205 1.0487
1 -0.3200 1.0494
1 -0.3195 1.0501
1 -0.3189 1.0508
1 -0.3183 1.0515
1 -0.3177 1.0521
1 -0.3170 1.0526
1 -0.3162 1.0532
1 -0.3155 1.0536
1 -0.3148 1.0541
1 -0.3139 1.0545
1 -0.3131 1.0548
1 -0.3123 1.0551
1 -0.3114 1.0553
1 -0.3106 1.0555
1 -0.3097 1.0557
1 -0.3088 1.0558
1 -0.3079 1.0558
1 0.3079 1.0558
1 0.3079 1.0558
1 0.3088 1.0558
1 0.3097 1.0557
1 0.3106 1.0555
1 0.3114 1.0553
1 0.3123 1.0551
1 0.3131 1.0548
1 0.3139 1.0545
1 0.3148 1.0541
1 0.3155 1.0536
1 0.3162 1.0532
1 0.3170 1.0526
1 0.3177 1.0521
1 0.3183 1.0515
1 0.3189 1.0508
1 0.3195 1.0501
1 0.3200 1.0494
1 0.3205 1.0487
1 0.3209 1.0479
1 0.3213 1.0471
1 0.3216 1.0463
1 0.3220 1.0454
1 0.3221 1.0446
1 0.3224 1.0437
1 0.3225 1.0429
1 0.3226 1.0420
112 1466 461
0 0.3055 0.7259
1 0.3055 0.7301
1 0.3054 0.7342
1 0.3052 0.7384
1 0.3050 0.7425
1 0.3048 0.7467
1 0.3044 0.7508
1 0.3041 0.7550
1 0.3037 0.7591
1 0.3031 0.7633
1 0.3026 0.7674
1 0.3020 0.7716
1 0.3014 0.7757
1 0.3007 0.7798
1 0.2999 0.7839
1 0.2991 0.7880
1 0.2982 0.7921
1 0.2973 0.7962
1 0.2963 0.8002
1 0.2953 0.8042
1 0.2942 0.8082
1 0.2930 0.8123
1 0.2918 0.8163
1 0.2906 0.8203
1 0.2892 0.8242
1 0.2878 0.8282
1 0.2865 0.8321
1 0.2849 0.8359
1 0.2834 0.8399
1 0.2818 0.8437
1 0.2802 0.8476
1 0.2785 0.8513
1 0.2768 0.8552
1 0.2750 0.8590
1 0.2731 0.8627
1 0.2712 0.8664
1 0.2693 0.8701
1 0.2673 0.8738
1 0.2652 0.8774
1 0.2632 0.8810
1 0.2610 0.8846
1 0.2588 0.8881
1 0.2566 0.8916
1 0.2543 0.8951
1 0.2520 0.8986
1 0.2496 0.9020
1 0.2471 0.9054
1 0.2446 0.9087
1 0.2422 0.9121
1 0.2396 0.9154
1 0.2369 0.9187
1 0.2343 0.9218
1 0.2316 0.9251
1 0.2289 0.9282
1 0.2261 0.9313
1 0.2233 0.9344
1 0.2204 0.9374
1 0.2175 0.9404
1 0.2145 0.9433
1 0.2115 0.9463
1 0.2085 0.9491
1 0.2055 0.9519
1 0.2023 0.9548
1 0.1992 0.9575
1 0.1960 0.9601
1 0.1928 0.9628
1 0.1895 0.9655
1 0.1862 0.9680
1 0.1830 0.9705
1 0.1795 0.9730
1 0.1762 0.9755
1 0.1728 0.9779
1 0.1693 0.9802
1 0.1658 0.9825
1 0.1623 0.9847
1 0.1588 0.9868
1 0.1552 0.9890
1 0.1516 0.9911
1 0.1479 0.9932
1 0.1442 0.9951
1 0.1405 0.9971
1 0.1369 0.9990
1 0.1331 1.0009
1 0.1293 1.0027
1 0.1255 1.0044
1 0.1217 1.0061
1 0.1179 1.0077
1 0.1140 1.0092
1 0.1101 1.0108
1 0.1062 1.0122
1 0.1023 1.0137
1 0.0984 1.0151
1 0.0944 1.0164
1 0.0904 1.0176
1 0.0864 1.0188
1 0.0825 1.0200
1 0.0784 1.0211
1 0.0743 1.0222
1 0.0703 1.0232
1 0.0662 1.0240
1 0.0622 1.0250
1 0.0581 1.0258
1 0.0540 1.0265
1 0.0499 1.0272
1 0.0458 1.0279
1 0.0416 1.0285
1 0.0375 1.0290
1 0.0333 1.0295
1 0.0292 1.0299
1 0.0250 1.0303
1 0.0209 1.0306
1 0.0167 1.0309
1 0.0125 1.0311
1 0.0084 1.0312
1 0.0042 1.0313
1 0.0000 1.0313
1 -0.0042 1.0313
1 -0.0084 1.0312
1 -0.0125 1.0311
1 -0.0167 1.0309
1 -0.0209 1.0306
1 -0.0250 1.0303
1 -0.0292 1.0299
1 -0.0333 1.0295
1 -0.0375 1.0290
1 -0.0416 1.0285
1 -0.0458 1.0279
1 -0.0499 1.0272
1 -0.0540 1.0265
1 -0.0581 1.0258
1 -0.0622 1.0250
1 -0.0662 1.0240
1 -0.0703 1.0232
1 -0.0743 1.0222
1 -0.0784 1.0211
1 -0.0825 1.0200
1 -0.0864 1.0188
1 -0.0904 1.0176
1 -0.0944 1.0164
1 -0.0984 1.0151
1 -0.1023 1.0137
1 -0.1062 1.0122
1 -0.1101 1.0108
1 -0.1140 1.0092
1 -0.1179 1.0077
1 -0.1217 1.0061
1 -0.1255 1.0044
1 -0.1293 1.0027
1 -0.1331 1.0009
1 -0.1369 0.9990
1 -0.1405 0.9971
1 -0.1442 0.9951
1 -0.1479 0.9932
1 -0.1516 0.9911
1 -0.1552 0.9890
1 -0.1588 0.9868
1 -0.1623 0.9847
1 -0.1658 0.9825
1 -0.1693 0.9802
1 -0.1728 0.9779
1 -0.1762 0.9755
1 -0.1795 0.9730
1 -0.1829 0.9705
1 -0.1862 0.9680
1 -0.1895 0.9655
1 -0.1928 0.9628
1 -0.1960 0.9601
1 -0.1992 0.9575
1 -0.2023 0.9548
1 -0.2055 0.9519
1 -0.2085 0.9491
1 -0.2115 0.9463
1 -0.2145 0.9433
1 -0.2175 0.9404
1 -0.2204 0.9374
1 -0.2233 0.9344
1 -0.2261 0.9313
1 -0.2289 0.9282
1 -0.2316 0.9251
1 -0.2343 0.9218
1 -0.2369 0.9187
1 -0.2396 0.9154
1 -0.2422 0.9121
1 -0.2446 0.9087
1 -0.2471 0.9054
1 -0.2496 0.9020
1 -0.2520 0.8986
1 -0.2543 0.8951
1 -0.2566 0.8916
1 -0.2588 0.8881
1 -0.2610 0.8846
1 -0.2632 0.8810
1 -0.2652 0.8774
1 -0.2673 0.8738
1 -0.2693 0.8701
1 -0.2712 0.8664
1 -0.2731 0.8627
1 -0.2750 0.8590
1 -0.2768 0.8552
1 -0.2785 0.8513
1 -0.2802 0.8476
1 -0.2818 0.8437
1 -0.2834 0.8399
1 -0.2849 0.8359
1 -0.2865 0.8321
1 -0.2878 0.8282
1 -0.2892 0.8242
1 -0.2906 0.8203
1 -0.2918 0.8163
1 -0.2930 0.8123
1 -0.2942 0.8082
1 -0.2953 0.8042
1 -0.2963 0.8002
1 -0.2973 0.7962
1 -0.2982 0.7921
1 -0.2991 0.7880
1 -0.2999 0.7839
1 -0.3007 0.7798
1 -0.3014 0.7757
1 -0.3020 0.7716
1 -0.3026 0.7674
1 -0.3031 0.7633
1 -0.3037 0.7591
1 -0.3041 0.7550
1 -0.3044 0.7508
1 -0.3048 0.7467
1 -0.3050 0.7425
1 -0.3052 0.7384
1 -0.3054 0.7342
1 -0.3055 0.7301
1 -0.3055 0.7259
1 -0.3055 0.7217
1 -0.3054 0.7175
1 -0.3052 0.7134
1 -0.3050 0.7092
1 -0.3048 0.7050
1 -0.3044 0.7009
1 -0.3041 0.6967
1 -0.3037 0.6925
1 -0.3031 0.6884
1 -0.3026 0.6843
1 -0.3020 0.6801
1 -0.3014 0.6760
1 -0.3007 0.6719
1 -0.2999 0.6678
1 -0.2991 0.6637
1 -0.2982 0.6597
1 -0.2973 0.6556
1 -0.2963 0.6515
1 -0.2953 0.6474
1 -0.2942 0.6434
1 -0.2930 0.6394
1 -0.2918 0.6355
1 -0.2906 0.6314
1 -0.2892 0.6275
1 -0.2878 0.6236
1 -0.2865 0.6196
1 -0.2849 0.6157
1 -0.2834 0.6118
1 -0.2818 0.6080
1 -0.2802 0.6041
1 -0.2785 0.6003
1 -0.2768 0.5965
1 -0.2750 0.5928
1 -0.2731 0.5890
1 -0.2712 0.5853
1 -0.2693 0.5816
1 -0.2673 0.5780
1 -0.2652 0.5743
1 -0.2632 0.5707
1 -0.2610 0.5671
1 -0.2588 0.5636
1 -0.2566 0.5601
1 -0.2543 0.5566
1 -0.2520 0.5531
1 -0.2496 0.5497
1 -0.2471 0.5463
1 -0.2446 0.5429
1 -0.2422 0.5397
1 -0.2396 0.5363
1 -0.2369 0.5331
1 -0.2343 0.5298
1 -0.2316 0.5266
1 -0.2289 0.5235
1 -0.2261 0.5204
1 -0.2233 0.5173
1 -0.2204 0.5143
1 -0.2175 0.5113
1 -0.2145 0.5083
1 -0.2115 0.5054
1 -0.2085 0.5026
1 -0.2055 0.4998
1 -0.2023 0.4970
1 -0.1992 0.4942
1 -0.1960 0.4916
1 -0.1928 0.4889
1 -0.1895 0.4863
1 -0.1862 0.4837
1 -0.1829 0.4812
1 -0.1795 0.4787
1 -0.1762 0.4763
1 -0.1728 0.4739
1 -0.1693 0.4716
1 -0.1658 0.4693
1 -0.1623 0.4670
1 -0.1588 0.4648
1 -0.1552 0.4627
1 -0.1516 0.4606
1 -0.1479 0.4586
1 -0.1442 0.4566
1 -0.1405 0.4546
1 -0.1369 0.4527
1 -0.1331 0.4509
1 -0.1293 0.4491
1 -0.1255 0.4474
1 -0.1217 0.4456
1 -0.1179 0.4440
1 -0.1140 0.4425
1 -0.1101 0.4409
1 -0.1062 0.4394
1 -0.1023 0.4380
1 -0.0984 0.4367
1 -0.0944 0.4353
1 -0.0904 0.4341
1 -0.0864 0.4328
1 -0.0825 0.4317
1 -0.0784 0.4306
1 -0.0743 0.4296
1 -0.0703 0.4285
1 -0.0662 0.4276
1 -0.0622 0.4267
1 -0.0581 0.4260
1 -0.0540 0.4252
1 -0.0499 0.4244
1 -0.0458 0.4238
1 -0.0416 0.4232
1 -0.0375 0.4226
1 -0.0333 0.4222
1 -0.0292 0.4218
1 -0.0250 0.4214
1 -0.0209 0.4211
1 -0.0167 0.4208
1 -0.0125 0.4206
1 -0.0084 0.4205
1 -0.0042 0.4204
1 0.0000 0.4203
1 0.0042 0.4204
1 0.0084 0.4205
1 0.0125 0.4206
1 0.0167 0.4208
1 0.0209 0.4211
1 0.0250 0.4214
1 0.0292 0.4218
1 0.0333 0.4222
1 0.0375 0.4226
1 0.0416 0.4232
1 0.0458 0.4238
1 0.0499 0.4244
1 0.0540 0.4252
1 0.0581 0.4260
1 0.0622 0.4267
1 0.0662 0.4276
1 0.0703 0.4285
1 0.0743 0.4296
1 0.0784 0.4306
1 0.0825 0.4317
1 0.0864 0.4328
1 0.0904 0.4341
1 0.0944 0.4353
1 0.0984 0.4367
1 0.1023 0.4380
1 0.1062 0.4394
1 0.1101 0.4409
1 0.1140 0.4425
1 0.1179 0.4440
1 0.1217 0.4456
1 0.1255 0.4474
1 0.1293 0.4491
1 0.1331 0.4509
1 0.1369 0.4527
1 0.1405 0.4546
1 0.1442 0.4566
1 0.1479 0.4586
1 0.1516 0.4606
1 0.1552 0.4627
1 0.1588 0.4648
1 0.1623 0.4670
1 0.1658 0.4693
1 0.1693 0.4716
1 0.1728 0.4739
1 0.1762 0.4763
1 0.1795 0.4787
1 0.1830 0.4812
1 0.1862 0.4837
1 0.1895 0.4863
1 0.1928 0.4889
1 0.1960 0.4916
1 0.1992 0.4942
1 0.2023 0.4970
1 0.2055 0.4998
1 0.2085 0.5026
1 0.2115 0.5054
1 0.2145 0.5083
1 0.2175 0.5113
1 0.2204 0.5143
1 0.2233 0.5173
1 0.2261 0.5204
1 0.2289 0.5235
1 0.2316 0.5266
1 0.2343 0.5298
1 0.2369 0.5331
1 0.2396 0.5363
1 0.2422 0.5397
1 0.2446 0.5429
1 0.2471 0.5463
1 0.2496 0.5497
1 0.2520 0.5531
1 0.2543 0.5566
1 0.2566 0.5601
1 0.2588 0.5636
1 0.2610 0.5671
1 0.2632 0.5707
1 0.2652 0.5743
1 0.2673 0.5780
1 0.2693 0.5816
1 0.2712 0.5853
1 0.2731 0.5890
1 0.2750 0.5928
1 0.2768 0.5965
1 0.2785 0.6003
1 0.2802 0.6041
1 0.2818 0.6080
1 0.2834 0.6118
1 0.2849 0.6157
1 0.2865 0.6196
1 0.2878 0.6236
1 0.2892 0.6275
1 0.2906 0.6314
1 0.2918 0.6355
1 0.2930 0.6394
1 0.2942 0.6434
1 0.2953 0.6474
1 0.2963 0.6515
1 0.2973 0.6556
1 0.2982 0.6597
1 0.2991 0.6637
1 0.2999 0.6678
1 0.3007 0.6719
1 0.3014 0.6760
1 0.3020 0.6801
1 0.3026 0.6843
1 0.3031 0.6884
1 0.3037 0.6925
1 0.3041 0.6967
1 0.3044 0.7009
1 0.3048 0.7050
1 0.3050 0.7092
1 0.3052 0.7134
1 0.3054 0.7175
1 0.3055 0.7217
1 0.3055 0.7259
112 1251 111
0 0.0634 0.6885
1 0.2315 0.6885
1 0.2315 0.6901
1 0.2316 0.6917
1 0.2319 0.6934
1 0.2323 0.6950
1 0.2327 0.6966
1 0.2333 0.6981
1 0.2340 0.6996
1 0.2348 0.7011
1 0.2357 0.7025
1 0.2367 0.7038
1 0.2377 0.7051
1 0.2388 0.7063
1 0.2400 0.7075
1 0.2413 0.7085
1 0.2427 0.7094
1 0.2440 0.7103
1 0.2455 0.7111
1 0.2470 0.7117
1 0.2486 0.7123
1 0.2501 0.7129
1 0.2517 0.7132
1 0.2534 0.7135
1 0.2550 0.7136
1 0.2566 0.7137
1 0.2583 0.7136
1 0.2599 0.7135
1 0.2616 0.7132
1 0.2632 0.7129
1 0.2647 0.7123
1 0.2663 0.7117
1 0.2678 0.7111
1 0.2693 0.7103
1 0.2706 0.7094
1 0.2720 0.7085
1 0.2733 0.7075
1 0.2745 0.7063
1 0.2756 0.7051
1 0.2766 0.7038
1 0.2776 0.7025
1 0.2785 0.7011
1 0.2793 0.6996
1 0.2800 0.6981
1 0.2805 0.6966
1 0.2810 0.6950
1 0.2813 0.6934
1 0.2817 0.6917
1 0.2818 0.6901
1 0.2818 0.6885
1 0.2944 0.6885
1 0.2944 0.7052
1 0.2902 0.7052
1 0.2902 0.7389
1 0.2735 0.7893
1 -0.0458 0.7893
1 -0.0458 0.7557
1 -0.0458 0.7052
1 -0.0500 0.7052
1 -0.0500 0.6885
1 0.0130 0.6885
1 0.0131 0.6901
1 0.0133 0.6917
1 0.0135 0.6934
1 0.0139 0.6950
1 0.0144 0.6966
1 0.0149 0.6981
1 0.0156 0.6996
1 0.0163 0.7011
1 0.0173 0.7025
1 0.0182 0.7038
1 0.0192 0.7051
1 0.0204 0.7063
1 0.0216 0.7075
1 0.0228 0.7085
1 0.0242 0.7094
1 0.0256 0.7103
1 0.0270 0.7111
1 0.0286 0.7117
1 0.0301 0.7123
1 0.0316 0.7129
1 0.0333 0.7132
1 0.0349 0.7135
1 0.0365 0.7136
1 0.0382 0.7137
1 0.0399 0.7136
1 0.0415 0.7135
1 0.0431 0.7132
1 0.0447 0.7129
1 0.0463 0.7123
1 0.0478 0.7117
1 0.0494 0.7111
1 0.0508 0.7103
1 0.0522 0.7094
1 0.0535 0.7085
1 0.0548 0.7075
1 0.0560 0.7063
1 0.0571 0.7051
1 0.0582 0.7038
1 0.0592 0.7025
1 0.0600 0.7011
1 0.0608 0.6996
1 0.0615 0.6981
1 0.0621 0.6966
1 0.0625 0.6950
1 0.0630 0.6934
1 0.0632 0.6917
1 0.0634 0.6901
1 0.0634 0.6885
1 0.2315 0.6885
1 0.0634 0.6885
112 1466 5
0 0.2755 0.7725
1 0.2315 0.7725
1 0.2315 0.7389
1 0.2867 0.7389
1 0.2755 0.7725
112 1466 5
0 0.2264 0.7725
1 0.1996 0.7725
1 0.1996 0.6918
1 0.2264 0.6918
1 0.2264 0.7725
112 1251 89
0 0.2785 0.6885
1 0.2784 0.6900
1 0.2783 0.6916
1 0.2780 0.6931
1 0.2776 0.6946
1 0.2771 0.6961
1 0.2765 0.6976
1 0.2759 0.6989
1 0.2750 0.7003
1 0.2741 0.7016
1 0.2731 0.7028
1 0.2721 0.7040
1 0.2710 0.7050
1 0.2697 0.7059
1 0.2685 0.7069
1 0.2671 0.7076
1 0.2658 0.7083
1 0.2643 0.7089
1 0.2628 0.7094
1 0.2613 0.7099
1 0.2598 0.7101
1 0.2582 0.7103
1 0.2566 0.7103
1 0.2551 0.7103
1 0.2535 0.7101
1 0.2520 0.7099
1 0.2505 0.7094
1 0.2490 0.7089
1 0.2475 0.7083
1 0.2462 0.7076
1 0.2448 0.7069
1 0.2435 0.7059
1 0.2423 0.7050
1 0.2412 0.7040
1 0.2401 0.7028
1 0.2392 0.7016
1 0.2383 0.7003
1 0.2374 0.6989
1 0.2368 0.6976
1 0.2362 0.6961
1 0.2357 0.6946
1 0.2353 0.6931
1 0.2351 0.6916
1 0.2349 0.6900
1 0.2348 0.6885
1 0.2349 0.6869
1 0.2351 0.6854
1 0.2353 0.6839
1 0.2357 0.6823
1 0.2362 0.6809
1 0.2368 0.6794
1 0.2374 0.6780
1 0.2383 0.6767
1 0.2392 0.6754
1 0.2401 0.6742
1 0.2412 0.6730
1 0.2423 0.6720
1 0.2435 0.6710
1 0.2448 0.6701
1 0.2462 0.6693
1 0.2475 0.6686
1 0.2490 0.6680
1 0.2505 0.6675
1 0.2520 0.6671
1 0.2535 0.6668
1 0.2551 0.6667
1 0.2566 0.6667
1 0.2582 0.6667
1 0.2598 0.6668
1 0.2613 0.6671
1 0.2628 0.6675
1 0.2643 0.6680
1 0.2658 0.6686
1 0.2671 0.6693
1 0.2685 0.6701
1 0.2697 0.6710
1 0.2710 0.6720
1 0.2721 0.6730
1 0.2731 0.6742
1 0.2741 0.6754
1 0.2750 0.6767
1 0.2759 0.6780
1 0.2765 0.6794
1 0.2771 0.6809
1 0.2776 0.6823
1 0.2780 0.6839
1 0.2783 0.6854
1 0.2784 0.6869
1 0.2785 0.6885
112 1466 5
0 0.1306 0.7725
1 0.0719 0.7725
1 0.0719 0.7389
1 0.1306 0.7389
1 0.1306 0.7725
112 1466 5
0 0.0668 0.7725
1 0.0080 0.7725
1 0.0080 0.7389
1 0.0668 0.7389
1 0.0668 0.7725
112 1466 5
0 0.0029 0.7725
1 -0.0257 0.7725
1 -0.0257 0.6918
1 0.0029 0.6918
1 0.0029 0.7725
112 1251 89
0 0.0600 0.6885
1 0.0600 0.6900
1 0.0598 0.6916
1 0.0595 0.6931
1 0.0592 0.6946
1 0.0587 0.6961
1 0.0581 0.6976
1 0.0574 0.6989
1 0.0565 0.7003
1 0.0557 0.7016
1 0.0547 0.7028
1 0.0536 0.7040
1 0.0525 0.7050
1 0.0513 0.7059
1 0.0500 0.7069
1 0.0487 0.7076
1 0.0473 0.7083
1 0.0458 0.7089
1 0.0444 0.7094
1 0.0429 0.7099
1 0.0413 0.7101
1 0.0398 0.7103
1 0.0382 0.7103
1 0.0366 0.7103
1 0.0351 0.7101
1 0.0335 0.7099
1 0.0321 0.7094
1 0.0305 0.7089
1 0.0292 0.7083
1 0.0277 0.7076
1 0.0264 0.7069
1 0.0251 0.7059
1 0.0239 0.7050
1 0.0228 0.7040
1 0.0217 0.7028
1 0.0207 0.7016
1 0.0198 0.7003
1 0.0191 0.6989
1 0.0183 0.6976
1 0.0177 0.6961
1 0.0173 0.6946
1 0.0169 0.6931
1 0.0166 0.6916
1 0.0164 0.6900
1 0.0163 0.6885
1 0.0164 0.6869
1 0.0166 0.6854
1 0.0169 0.6839
1 0.0173 0.6823
1 0.0177 0.6809
1 0.0183 0.6794
1 0.0191 0.6780
1 0.0198 0.6767
1 0.0207 0.6754
1 0.0217 0.6742
1 0.0228 0.6730
1 0.0239 0.6720
1 0.0251 0.6710
1 0.0264 0.6701
1 0.0277 0.6693
1 0.0292 0.6686
1 0.0305 0.6680
1 0.0321 0.6675
1 0.0335 0.6671
1 0.0351 0.6668
1 0.0366 0.6667
1 0.0382 0.6667
1 0.0398 0.6667
1 0.0413 0.6668
1 0.0429 0.6671
1 0.0444 0.6675
1 0.0458 0.6680
1 0.0473 0.6686
1 0.0487 0.6693
1 0.0500 0.6701
1 0.0513 0.6710
1 0.0525 0.6720
1 0.0536 0.6730
1 0.0547 0.6742
1 0.0557 0.6754
1 0.0565 0.6767
1 0.0574 0.6780
1 0.0581 0.6794
1 0.0587 0.6809
1 0.0592 0.6823
1 0.0595 0.6839
1 0.0598 0.6854
1 0.0600 0.6869
1 0.0600 0.6885
112 1466 5
0 -0.0307 0.7725
1 -0.0424 0.7725
1 -0.0424 0.7389
1 -0.0307 0.7389
1 -0.0307 0.7725
112 1466 5
0 0.1945 0.7725
1 0.1357 0.7725
1 0.1357 0.7389
1 0.1945 0.7389
1 0.1945 0.7725
112 1251 18
0 -0.1488 0.7701
1 -0.2553 0.7701
1 -0.2642 0.7347
1 -0.2642 0.7346
1 -0.2730 0.7257
1 -0.2730 0.6903
1 -0.2642 0.6814
1 -0.2642 0.6636
1 -0.2464 0.6636
1 -0.2464 0.6814
1 -0.1577 0.6814
1 -0.1577 0.6636
1 -0.1400 0.6636
1 -0.1400 0.6814
1 -0.1311 0.6903
1 -0.1311 0.7257
1 -0.1400 0.7346
1 -0.1488 0.7701
112 1251 5
0 -0.0988 1.0018
1 -0.0988 0.4499
1 -0.0866 0.4499
1 -0.0866 1.0018
1 -0.0988 1.0018
112 1466 5
0 -0.1488 0.7346
1 -0.1558 0.7612
1 -0.2484 0.7612
1 -0.2553 0.7346
1 -0.1488 0.7346
112 1250 43
0 -0.1091 0.1203
1 -0.1112 0.1179
1 -0.1138 0.1156
1 -0.1168 0.1137
1 -0.1203 0.1122
1 -0.1240 0.1112
1 -0.1281 0.1105
1 -0.1326 0.1103
1 -0.1328 0.1103
1 -0.1644 0.1103
1 -0.1644 0.1989
1 -0.1325 0.1989
1 -0.1285 0.1986
1 -0.1247 0.1978
1 -0.1213 0.1963
1 -0.1180 0.1943
1 -0.1151 0.1919
1 -0.1127 0.1890
1 -0.1107 0.1860
1 -0.1092 0.1829
1 -0.1085 0.1795
1 -0.1082 0.1761
1 -0.1082 0.1760
1 -0.1085 0.1735
1 -0.1095 0.1707
1 -0.1111 0.1678
1 -0.1134 0.1648
1 -0.1163 0.1617
1 -0.1192 0.1590
1 -0.1157 0.1574
1 -0.1127 0.1555
1 -0.1102 0.1533
1 -0.1080 0.1507
1 -0.1064 0.1479
1 -0.1052 0.1447
1 -0.1044 0.1413
1 -0.1042 0.1375
1 -0.1042 0.1373
1 -0.1044 0.1333
1 -0.1050 0.1296
1 -0.1060 0.1263
1 -0.1073 0.1232
1 -0.1091 0.1203
112 1251 18
0 -0.1500 0.1221
1 -0.1322 0.1221
1 -0.1286 0.1227
1 -0.1256 0.1244
1 -0.1229 0.1273
1 -0.1227 0.1277
1 -0.1209 0.1309
1 -0.1199 0.1342
1 -0.1195 0.1376
1 -0.1195 0.1381
1 -0.1199 0.1416
1 -0.1209 0.1449
1 -0.1227 0.1477
1 -0.1254 0.1505
1 -0.1286 0.1521
1 -0.1323 0.1526
1 -0.1500 0.1526
1 -0.1500 0.1221
112 1251 16
0 -0.1500 0.1635
1 -0.1342 0.1635
1 -0.1304 0.1641
1 -0.1272 0.1660
1 -0.1263 0.1670
1 -0.1243 0.1700
1 -0.1233 0.1733
1 -0.1233 0.1747
1 -0.1238 0.1779
1 -0.1251 0.1812
1 -0.1263 0.1830
1 -0.1291 0.1857
1 -0.1324 0.1870
1 -0.1342 0.1872
1 -0.1500 0.1872
1 -0.1500 0.1635
112 1250 53
0 -0.0879 0.1233
1 -0.0859 0.1205
1 -0.0837 0.1180
1 -0.0808 0.1154
1 -0.0778 0.1134
1 -0.0745 0.1118
1 -0.0709 0.1107
1 -0.0671 0.1100
1 -0.0630 0.1097
1 -0.0620 0.1097
1 -0.0577 0.1101
1 -0.0535 0.1107
1 -0.0498 0.1117
1 -0.0464 0.1131
1 -0.0432 0.1149
1 -0.0404 0.1170
1 -0.0378 0.1195
1 -0.0376 0.1197
1 -0.0357 0.1222
1 -0.0340 0.1251
1 -0.0327 0.1281
1 -0.0316 0.1314
1 -0.0309 0.1349
1 -0.0304 0.1387
1 -0.0303 0.1427
1 -0.0303 0.1989
1 -0.0451 0.1989
1 -0.0451 0.1428
1 -0.0452 0.1393
1 -0.0460 0.1358
1 -0.0471 0.1327
1 -0.0488 0.1298
1 -0.0513 0.1271
1 -0.0543 0.1251
1 -0.0578 0.1239
1 -0.0618 0.1236
1 -0.0618 0.1236
1 -0.0660 0.1239
1 -0.0695 0.1251
1 -0.0725 0.1271
1 -0.0750 0.1298
1 -0.0765 0.1322
1 -0.0776 0.1353
1 -0.0783 0.1388
1 -0.0785 0.1428
1 -0.0785 0.1989
1 -0.0933 0.1989
1 -0.0933 0.1425
1 -0.0932 0.1399
1 -0.0928 0.1363
1 -0.0921 0.1328
1 -0.0910 0.1295
1 -0.0896 0.1263
112 1250 117
0 -0.0101 0.1898
1 -0.0077 0.1923
1 -0.0066 0.1932
1 -0.0036 0.1951
1 -0.0003 0.1967
1 0.0033 0.1978
1 0.0071 0.1987
1 0.0113 0.1990
1 0.0134 0.1991
1 0.0174 0.1989
1 0.0212 0.1981
1 0.0248 0.1969
1 0.0281 0.1952
1 0.0305 0.1936
1 0.0333 0.1911
1 0.0353 0.1883
1 0.0368 0.1853
1 0.0376 0.1820
1 0.0376 0.1797
1 0.0244 0.1797
1 0.0231 0.1829
1 0.0210 0.1857
1 0.0206 0.1860
1 0.0174 0.1879
1 0.0136 0.1886
1 0.0134 0.1886
1 0.0093 0.1882
1 0.0059 0.1868
1 0.0041 0.1854
1 0.0019 0.1829
1 0.0006 0.1797
1 0.0003 0.1771
1 0.0009 0.1747
1 0.0024 0.1722
1 0.0049 0.1697
1 0.0084 0.1671
1 0.0109 0.1657
1 0.0166 0.1624
1 0.0213 0.1598
1 0.0251 0.1576
1 0.0278 0.1560
1 0.0296 0.1550
1 0.0303 0.1545
1 0.0333 0.1520
1 0.0358 0.1493
1 0.0379 0.1465
1 0.0393 0.1435
1 0.0403 0.1405
1 0.0407 0.1373
1 0.0407 0.1362
1 0.0406 0.1327
1 0.0401 0.1293
1 0.0393 0.1263
1 0.0381 0.1236
1 0.0367 0.1211
1 0.0349 0.1188
1 0.0328 0.1168
1 0.0304 0.1150
1 0.0275 0.1136
1 0.0245 0.1124
1 0.0210 0.1115
1 0.0173 0.1107
1 0.0133 0.1103
1 0.0089 0.1101
1 0.0078 0.1101
1 0.0039 0.1103
1 0.0000 0.1113
1 -0.0021 0.1120
1 -0.0056 0.1135
1 -0.0086 0.1153
1 -0.0111 0.1174
1 -0.0133 0.1198
1 -0.0152 0.1225
1 -0.0167 0.1254
1 -0.0177 0.1286
1 -0.0183 0.1322
1 -0.0186 0.1349
1 -0.0050 0.1349
1 -0.0045 0.1319
1 -0.0030 0.1288
1 -0.0006 0.1258
1 -0.0001 0.1253
1 0.0031 0.1227
1 0.0063 0.1212
1 0.0099 0.1205
1 0.0104 0.1205
1 0.0143 0.1208
1 0.0175 0.1216
1 0.0203 0.1230
1 0.0225 0.1249
1 0.0241 0.1274
1 0.0251 0.1304
1 0.0257 0.1340
1 0.0258 0.1361
1 0.0254 0.1389
1 0.0241 0.1416
1 0.0221 0.1442
1 0.0192 0.1468
1 0.0154 0.1491
1 0.0153 0.1492
1 0.0119 0.1510
1 0.0085 0.1528
1 0.0050 0.1547
1 0.0016 0.1564
1 -0.0018 0.1582
1 -0.0040 0.1594
1 -0.0071 0.1617
1 -0.0097 0.1643
1 -0.0117 0.1671
1 -0.0132 0.1700
1 -0.0140 0.1732
1 -0.0145 0.1765
1 -0.0145 0.1771
1 -0.0141 0.1807
1 -0.0133 0.1840
1 -0.0120 0.1871
1 -0.0101 0.1898
112 1250 13
0 0.1029 0.1989
1 0.0525 0.1989
1 0.0525 0.1103
1 0.1029 0.1103
1 0.1029 0.1209
1 0.0668 0.1209
1 0.0668 0.1529
1 0.0890 0.1529
1 0.0890 0.1635
1 0.0668 0.1635
1 0.0668 0.1886
1 0.1029 0.1886
1 0.1029 0.1989
112 1250 117
0 0.1138 0.1198
1 0.1161 0.1174
1 0.1187 0.1153
1 0.1217 0.1135
1 0.1251 0.1120
1 0.1273 0.1113
1 0.1311 0.1103
1 0.1350 0.1101
1 0.1361 0.1101
1 0.1405 0.1103
1 0.1446 0.1107
1 0.1482 0.1115
1 0.1517 0.1124
1 0.1548 0.1136
1 0.1576 0.1150
1 0.1600 0.1168
1 0.1621 0.1188
1 0.1639 0.1211
1 0.1653 0.1236
1 0.1665 0.1263
1 0.1673 0.1293
1 0.1678 0.1327
1 0.1680 0.1362
1 0.1679 0.1373
1 0.1675 0.1405
1 0.1665 0.1435
1 0.1651 0.1465
1 0.1630 0.1493
1 0.1606 0.1520
1 0.1575 0.1545
1 0.1568 0.1550
1 0.1550 0.1560
1 0.1523 0.1576
1 0.1485 0.1598
1 0.1438 0.1624
1 0.1381 0.1657
1 0.1356 0.1671
1 0.1321 0.1697
1 0.1296 0.1722
1 0.1280 0.1747
1 0.1275 0.1771
1 0.1279 0.1797
1 0.1291 0.1829
1 0.1313 0.1854
1 0.1331 0.1868
1 0.1365 0.1882
1 0.1406 0.1886
1 0.1409 0.1886
1 0.1446 0.1879
1 0.1478 0.1860
1 0.1481 0.1857
1 0.1504 0.1829
1 0.1516 0.1797
1 0.1648 0.1797
1 0.1647 0.1820
1 0.1640 0.1853
1 0.1625 0.1883
1 0.1605 0.1911
1 0.1577 0.1936
1 0.1553 0.1952
1 0.1520 0.1969
1 0.1485 0.1981
1 0.1446 0.1989
1 0.1406 0.1991
1 0.1385 0.1990
1 0.1344 0.1987
1 0.1305 0.1978
1 0.1269 0.1967
1 0.1236 0.1951
1 0.1206 0.1932
1 0.1195 0.1923
1 0.1171 0.1898
1 0.1152 0.1871
1 0.1138 0.1840
1 0.1131 0.1807
1 0.1128 0.1771
1 0.1128 0.1765
1 0.1132 0.1732
1 0.1141 0.1700
1 0.1155 0.1671
1 0.1175 0.1643
1 0.1201 0.1617
1 0.1231 0.1594
1 0.1254 0.1582
1 0.1288 0.1564
1 0.1322 0.1547
1 0.1357 0.1528
1 0.1391 0.1510
1 0.1425 0.1492
1 0.1426 0.1491
1 0.1464 0.1468
1 0.1493 0.1442
1 0.1513 0.1416
1 0.1526 0.1389
1 0.1530 0.1361
1 0.1529 0.1340
1 0.1524 0.1304
1 0.1513 0.1274
1 0.1497 0.1249
1 0.1475 0.1230
1 0.1447 0.1216
1 0.1415 0.1208
1 0.1376 0.1205
1 0.1370 0.1205
1 0.1336 0.1212
1 0.1303 0.1227
1 0.1271 0.1253
1 0.1266 0.1258
1 0.1242 0.1288
1 0.1227 0.1319
1 0.1221 0.1349
1 0.1086 0.1349
1 0.1089 0.1322
1 0.1095 0.1286
1 0.1106 0.1254
1 0.1121 0.1225
1 0.1138 0.1198
112 1250 73
0 -0.1517 0.2731
1 -0.1466 0.2694
1 -0.1404 0.2666
1 -0.1367 0.2656
1 -0.1291 0.2647
1 -0.1272 0.2647
1 -0.1190 0.2653
1 -0.1118 0.2666
1 -0.1057 0.2688
1 -0.1008 0.2716
1 -0.0968 0.2753
1 -0.0942 0.2796
1 -0.0925 0.2848
1 -0.0919 0.2908
1 -0.0923 0.2944
1 -0.0943 0.2997
1 -0.0981 0.3046
1 -0.1038 0.3090
1 -0.1043 0.3093
1 -0.1080 0.3114
1 -0.1151 0.3149
1 -0.1257 0.3202
1 -0.1307 0.3229
1 -0.1358 0.3273
1 -0.1375 0.3316
1 -0.1369 0.3350
1 -0.1334 0.3399
1 -0.1303 0.3417
1 -0.1227 0.3431
1 -0.1214 0.3430
1 -0.1145 0.3404
1 -0.1135 0.3394
1 -0.1104 0.3341
1 -0.0955 0.3341
1 -0.0960 0.3383
1 -0.0986 0.3434
1 -0.1034 0.3479
1 -0.1081 0.3505
1 -0.1150 0.3528
1 -0.1227 0.3535
1 -0.1242 0.3535
1 -0.1322 0.3527
1 -0.1393 0.3507
1 -0.1453 0.3476
1 -0.1460 0.3471
1 -0.1505 0.3428
1 -0.1533 0.3375
1 -0.1541 0.3315
1 -0.1539 0.3283
1 -0.1519 0.3229
1 -0.1481 0.3182
1 -0.1425 0.3139
1 -0.1407 0.3131
1 -0.1340 0.3100
1 -0.1273 0.3068
1 -0.1206 0.3037
1 -0.1144 0.3000
1 -0.1102 0.2955
1 -0.1087 0.2907
1 -0.1089 0.2883
1 -0.1104 0.2825
1 -0.1138 0.2784
1 -0.1191 0.2760
1 -0.1262 0.2752
1 -0.1317 0.2761
1 -0.1380 0.2800
1 -0.1418 0.2842
1 -0.1436 0.2895
1 -0.1588 0.2895
1 -0.1588 0.2893
1 -0.1578 0.2830
1 -0.1554 0.2777
1 -0.1517 0.2731
112 1250 49
0 -0.0094 0.2746
1 -0.0051 0.2797
1 -0.0047 0.2805
1 -0.0020 0.2853
1 0.0002 0.2905
1 0.0016 0.2962
1 0.0026 0.3025
1 0.0029 0.3092
1 0.0028 0.3101
1 0.0025 0.3167
1 0.0015 0.3228
1 -0.0001 0.3285
1 -0.0024 0.3337
1 -0.0051 0.3385
1 -0.0062 0.3399
1 -0.0108 0.3447
1 -0.0161 0.3485
1 -0.0222 0.3512
1 -0.0292 0.3528
1 -0.0369 0.3534
1 -0.0390 0.3533
1 -0.0465 0.3525
1 -0.0533 0.3505
1 -0.0592 0.3476
1 -0.0643 0.3436
1 -0.0687 0.3385
1 -0.0690 0.3379
1 -0.0718 0.3331
1 -0.0739 0.3278
1 -0.0754 0.3220
1 -0.0763 0.3158
1 -0.0766 0.3092
1 -0.0766 0.3082
1 -0.0763 0.3017
1 -0.0752 0.2956
1 -0.0736 0.2900
1 -0.0713 0.2847
1 -0.0683 0.2799
1 -0.0673 0.2784
1 -0.0628 0.2735
1 -0.0574 0.2696
1 -0.0513 0.2670
1 -0.0445 0.2652
1 -0.0369 0.2647
1 -0.0346 0.2647
1 -0.0270 0.2657
1 -0.0204 0.2676
1 -0.0145 0.2706
1 -0.0094 0.2746
112 1250 7
0 0.0288 0.3535
1 0.0126 0.3535
1 0.0126 0.2649
1 0.0724 0.2649
1 0.0724 0.2776
1 0.0288 0.2776
1 0.0288 0.3535
112 1250 49
0 0.1499 0.2746
1 0.1541 0.2797
1 0.1547 0.2805
1 0.1573 0.2853
1 0.1594 0.2905
1 0.1609 0.2962
1 0.1618 0.3025
1 0.1621 0.3092
1 0.1621 0.3101
1 0.1617 0.3167
1 0.1607 0.3228
1 0.1592 0.3285
1 0.1570 0.3337
1 0.1541 0.3385
1 0.1530 0.3399
1 0.1486 0.3447
1 0.1432 0.3485
1 0.1370 0.3512
1 0.1301 0.3528
1 0.1223 0.3534
1 0.1203 0.3533
1 0.1127 0.3525
1 0.1060 0.3505
1 0.1001 0.3476
1 0.0949 0.3436
1 0.0906 0.3385
1 0.0902 0.3379
1 0.0874 0.3331
1 0.0854 0.3278
1 0.0838 0.3220
1 0.0829 0.3158
1 0.0825 0.3092
1 0.0826 0.3082
1 0.0831 0.3017
1 0.0841 0.2956
1 0.0857 0.2900
1 0.0880 0.2847
1 0.0909 0.2799
1 0.0920 0.2784
1 0.0966 0.2735
1 0.1019 0.2696
1 0.1079 0.2670
1 0.1147 0.2652
1 0.1223 0.2647
1 0.1247 0.2647
1 0.1322 0.2657
1 0.1389 0.2676
1 0.1448 0.2706
1 0.1499 0.2746
112 1251 33
0 -0.0369 0.2775
1 -0.0313 0.2780
1 -0.0265 0.2797
1 -0.0225 0.2826
1 -0.0193 0.2865
1 -0.0170 0.2917
1 -0.0154 0.2979
1 -0.0146 0.3054
1 -0.0145 0.3092
1 -0.0149 0.3171
1 -0.0161 0.3239
1 -0.0181 0.3296
1 -0.0210 0.3340
1 -0.0245 0.3374
1 -0.0290 0.3397
1 -0.0342 0.3408
1 -0.0369 0.3409
1 -0.0424 0.3403
1 -0.0473 0.3386
1 -0.0512 0.3357
1 -0.0544 0.3317
1 -0.0568 0.3266
1 -0.0583 0.3203
1 -0.0591 0.3129
1 -0.0592 0.3092
1 -0.0588 0.3012
1 -0.0576 0.2944
1 -0.0555 0.2888
1 -0.0527 0.2842
1 -0.0491 0.2808
1 -0.0447 0.2787
1 -0.0395 0.2776
1 -0.0369 0.2775
112 1251 33
0 0.1223 0.2775
1 0.1280 0.2780
1 0.1328 0.2797
1 0.1367 0.2826
1 0.1399 0.2865
1 0.1423 0.2917
1 0.1439 0.2979
1 0.1447 0.3054
1 0.1448 0.3092
1 0.1444 0.3171
1 0.1432 0.3239
1 0.1411 0.3296
1 0.1383 0.3340
1 0.1347 0.3374
1 0.1303 0.3397
1 0.1251 0.3408
1 0.1223 0.3409
1 0.1168 0.3403
1 0.1121 0.3386
1 0.1080 0.3357
1 0.1050 0.3317
1 0.1026 0.3266
1 0.1010 0.3203
1 0.1002 0.3129
1 0.1002 0.3092
1 0.1005 0.3012
1 0.1017 0.2944
1 0.1038 0.2888
1 0.1065 0.2842
1 0.1102 0.2808
1 0.1146 0.2787
1 0.1198 0.2776
1 0.1223 0.2775
31 0 109
 0 0.3079 1.0558
 1 -0.3079 1.0558
 1 -0.3088 1.0558
 1 -0.3097 1.0557
 1 -0.3106 1.0555
 1 -0.3114 1.0553
 1 -0.3123 1.0551
 1 -0.3131 1.0548
 1 -0.3139 1.0545
 1 -0.3148 1.0541
 1 -0.3155 1.0536
 1 -0.3162 1.0532
 1 -0.3170 1.0526
 1 -0.3177 1.0521
 1 -0.3183 1.0515
 1 -0.3189 1.0508
 1 -0.3195 1.0501
 1 -0.3200 1.0494
 1 -0.3205 1.0487
 1 -0.3209 1.0479
 1 -0.3213 1.0471
 1 -0.3216 1.0463
 1 -0.3220 1.0454
 1 -0.3221 1.0446
 1 -0.3224 1.0437
 1 -0.3225 1.0429
 1 -0.3226 1.0420
 1 -0.3226 1.0411
 1 -0.3226 0.0587
 1 -0.3226 0.0577
 1 -0.3225 0.0569
 1 -0.3224 0.0560
 1 -0.3221 0.0552
 1 -0.3220 0.0543
 1 -0.3216 0.0535
 1 -0.3213 0.0526
 1 -0.3209 0.0518
 1 -0.3205 0.0511
 1 -0.3200 0.0503
 1 -0.3195 0.0496
 1 -0.3189 0.0489
 1 -0.3183 0.0482
 1 -0.3177 0.0476
 1 -0.3170 0.0471
 1 -0.3162 0.0466
 1 -0.3155 0.0461
 1 -0.3148 0.0457
 1 -0.3139 0.0452
 1 -0.3131 0.0449
 1 -0.3123 0.0447
 1 -0.3114 0.0444
 1 -0.3106 0.0442
 1 -0.3097 0.0441
 1 -0.3088 0.0441
 1 -0.3079 0.0440
 1 0.3079 0.0440
 1 0.3088 0.0441
 1 0.3097 0.0441
 1 0.3106 0.0442
 1 0.3114 0.0444
 1 0.3123 0.0447
 1 0.3131 0.0449
 1 0.3139 0.0452
 1 0.3148 0.0457
 1 0.3155 0.0461
 1 0.3162 0.0466
 1 0.3170 0.0471
 1 0.3177 0.0476
 1 0.3183 0.0482
 1 0.3189 0.0489
 1 0.3195 0.0496
 1 0.3200 0.0503
 1 0.3205 0.0511
 1 0.3209 0.0518
 1 0.3213 0.0526
 1 0.3216 0.0535
 1 0.3220 0.0543
 1 0.3221 0.0552
 1 0.3224 0.0560
 1 0.3225 0.0569
 1 0.3226 0.0577
 1 0.3226 0.0587
 1 0.3226 1.0411
 1 0.3226 1.0420
 1 0.3225 1.0429
 1 0.3224 1.0437
 1 0.3221 1.0446
 1 0.3220 1.0454
 1 0.3216 1.0463
 1 0.3213 1.0471
 1 0.3209 1.0479
 1 0.3205 1.0487
 1 0.3200 1.0494
 1 0.3195 1.0501
 1 0.3189 1.0508
 1 0.3183 1.0515
 1 0.3177 1.0521
 1 0.3170 1.0526
 1 0.3162 1.0532
 1 0.3155 1.0536
 1 0.3148 1.0541
 1 0.3139 1.0545
 1 0.3131 1.0548
 1 0.3123 1.0551
 1 0.3114 1.0553
 1 0.3106 1.0555
 1 0.3097 1.0557
 1 0.3088 1.0558
 1 0.3079 1.0558
31 0 2
 0 0.3079 1.0851
 1 -0.3079 1.0851
31 0 109
 0 -0.3079 1.0558
 1 0.3079 1.0558
 1 0.3088 1.0558
 1 0.3097 1.0557
 1 0.3106 1.0555
 1 0.3114 1.0553
 1 0.3123 1.0551
 1 0.3131 1.0548
 1 0.3139 1.0545
 1 0.3148 1.0541
 1 0.3155 1.0536
 1 0.3162 1.0532
 1 0.3170 1.0526
 1 0.3177 1.0521
 1 0.3183 1.0515
 1 0.3189 1.0508
 1 0.3195 1.0501
 1 0.3200 1.0494
 1 0.3205 1.0487
 1 0.3209 1.0479
 1 0.3213 1.0471
 1 0.3216 1.0463
 1 0.3220 1.0454
 1 0.3221 1.0446
 1 0.3224 1.0437
 1 0.3225 1.0429
 1 0.3226 1.0420
 1 0.3226 1.0411
 1 0.3226 0.0587
 1 0.3226 0.0577
 1 0.3225 0.0569
 1 0.3224 0.0560
 1 0.3221 0.0552
 1 0.3220 0.0543
 1 0.3216 0.0535
 1 0.3213 0.0526
 1 0.3209 0.0518
 1 0.3205 0.0511
 1 0.3200 0.0503
 1 0.3195 0.0496
 1 0.3189 0.0489
 1 0.3183 0.0482
 1 0.3177 0.0476
 1 0.3170 0.0471
 1 0.3162 0.0466
 1 0.3155 0.0461
 1 0.3148 0.0457
 1 0.3139 0.0452
 1 0.3131 0.0449
 1 0.3123 0.0447
 1 0.3114 0.0444
 1 0.3106 0.0442
 1 0.3097 0.0441
 1 0.3088 0.0441
 1 0.3079 0.0440
 1 -0.3079 0.0440
 1 -0.3088 0.0441
 1 -0.3097 0.0441
 1 -0.3106 0.0442
 1 -0.3114 0.0444
 1 -0.3123 0.0447
 1 -0.3131 0.0449
 1 -0.3139 0.0452
 1 -0.3148 0.0457
 1 -0.3155 0.0461
 1 -0.3162 0.0466
 1 -0.3170 0.0471
 1 -0.3177 0.0476
 1 -0.3183 0.0482
 1 -0.3189 0.0489
 1 -0.3195 0.0496
 1 -0.3200 0.0503
 1 -0.3205 0.0511
 1 -0.3209 0.0518
 1 -0.3213 0.0526
 1 -0.3216 0.0535
 1 -0.3220 0.0543
 1 -0.3221 0.0552
 1 -0.3224 0.0560
 1 -0.3225 0.0569
 1 -0.3226 0.0577
 1 -0.3226 0.0587
 1 -0.3226 1.0411
 1 -0.3226 1.0420
 1 -0.3225 1.0429
 1 -0.3224 1.0437
 1 -0.3221 1.0446
 1 -0.3220 1.0454
 1 -0.3216 1.0463
 1 -0.3213 1.0471
 1 -0.3209 1.0479
 1 -0.3205 1.0487
 1 -0.3200 1.0494
 1 -0.3195 1.0501
 1 -0.3189 1.0508
 1 -0.3183 1.0515
 1 -0.3177 1.0521
 1 -0.3170 1.0526
 1 -0.3162 1.0532
 1 -0.3155 1.0536
 1 -0.3148 1.0541
 1 -0.3139 1.0545
 1 -0.3131 1.0548
 1 -0.3123 1.0551
 1 -0.3114 1.0553
 1 -0.3106 1.0555
 1 -0.3097 1.0557
 1 -0.3088 1.0558
 1 -0.3079 1.0558
31 0 181
 0 -0.3079 1.0851
 1 -0.3095 1.0850
 1 -0.3111 1.0849
 1 -0.3126 1.0849
 1 -0.3142 1.0846
 1 -0.3157 1.0844
 1 -0.3173 1.0841
 1 -0.3188 1.0837
 1 -0.3203 1.0833
 1 -0.3218 1.0828
 1 -0.3233 1.0823
 1 -0.3248 1.0818
 1 -0.3262 1.0811
 1 -0.3276 1.0804
 1 -0.3290 1.0797
 1 -0.3303 1.0790
 1 -0.3317 1.0781
 1 -0.3330 1.0772
 1 -0.3343 1.0763
 1 -0.3356 1.0754
 1 -0.3368 1.0743
 1 -0.3379 1.0733
 1 -0.3391 1.0722
 1 -0.3401 1.0711
 1 -0.3412 1.0699
 1 -0.3421 1.0687
 1 -0.3432 1.0675
 1 -0.3440 1.0662
 1 -0.3450 1.0648
 1 -0.3457 1.0636
 1 -0.3465 1.0622
 1 -0.3473 1.0608
 1 -0.3480 1.0594
 1 -0.3486 1.0579
 1 -0.3492 1.0565
 1 -0.3497 1.0550
 1 -0.3501 1.0535
 1 -0.3505 1.0520
 1 -0.3510 1.0505
 1 -0.3512 1.0489
 1 -0.3515 1.0474
 1 -0.3516 1.0458
 1 -0.3518 1.0442
 1 -0.3519 1.0427
 1 -0.3519 1.0411
 1 -0.3519 0.0587
 1 -0.3519 0.0571
 1 -0.3518 0.0555
 1 -0.3516 0.0540
 1 -0.3515 0.0524
 1 -0.3512 0.0508
 1 -0.3510 0.0493
 1 -0.3505 0.0478
 1 -0.3501 0.0463
 1 -0.3497 0.0447
 1 -0.3492 0.0433
 1 -0.3486 0.0418
 1 -0.3480 0.0404
 1 -0.3473 0.0390
 1 -0.3465 0.0376
 1 -0.3457 0.0362
 1 -0.3450 0.0349
 1 -0.3440 0.0335
 1 -0.3432 0.0323
 1 -0.3421 0.0310
 1 -0.3412 0.0299
 1 -0.3401 0.0287
 1 -0.3391 0.0275
 1 -0.3379 0.0264
 1 -0.3368 0.0254
 1 -0.3356 0.0244
 1 -0.3343 0.0234
 1 -0.3330 0.0225
 1 -0.3317 0.0216
 1 -0.3303 0.0208
 1 -0.3290 0.0200
 1 -0.3276 0.0193
 1 -0.3262 0.0186
 1 -0.3248 0.0180
 1 -0.3233 0.0174
 1 -0.3218 0.0169
 1 -0.3203 0.0164
 1 -0.3188 0.0160
 1 -0.3173 0.0157
 1 -0.3157 0.0154
 1 -0.3142 0.0151
 1 -0.3126 0.0149
 1 -0.3111 0.0148
 1 -0.3095 0.0147
 1 -0.3079 0.0146
 1 0.3079 0.0146
 1 0.3095 0.0147
 1 0.3111 0.0148
 1 0.3126 0.0149
 1 0.3142 0.0151
 1 0.3157 0.0154
 1 0.3173 0.0157
 1 0.3188 0.0160
 1 0.3203 0.0164
 1 0.3218 0.0169
 1 0.3233 0.0174
 1 0.3248 0.0180
 1 0.3262 0.0186
 1 0.3276 0.0193
 1 0.3290 0.0200
 1 0.3303 0.0208
 1 0.3317 0.0216
 1 0.3330 0.0225
 1 0.3343 0.0234
 1 0.3356 0.0244
 1 0.3368 0.0254
 1 0.3379 0.0264
 1 0.3391 0.0275
 1 0.3401 0.0287
 1 0.3412 0.0299
 1 0.3421 0.0310
 1 0.3432 0.0323
 1 0.3440 0.0335
 1 0.3450 0.0349
 1 0.3457 0.0362
 1 0.3465 0.0376
 1 0.3473 0.0390
 1 0.3480 0.0404
 1 0.3486 0.0418
 1 0.3492 0.0433
 1 0.3497 0.0447
 1 0.3501 0.0463
 1 0.3505 0.0478
 1 0.3510 0.0493
 1 0.3512 0.0508
 1 0.3515 0.0524
 1 0.3516 0.0540
 1 0.3518 0.0555
 1 0.3519 0.0571
 1 0.3519 0.0587
 1 0.3519 1.0411
 1 0.3519 1.0427
 1 0.3518 1.0442
 1 0.3516 1.0458
 1 0.3515 1.0474
 1 0.3512 1.0489
 1 0.3510 1.0505
 1 0.3505 1.0520
 1 0.3501 1.0535
 1 0.3497 1.0550
 1 0.3492 1.0565
 1 0.3486 1.0579
 1 0.3480 1.0594
 1 0.3473 1.0608
 1 0.3465 1.0622
 1 0.3457 1.0636
 1 0.3450 1.0648
 1 0.3440 1.0662
 1 0.3432 1.0675
 1 0.3421 1.0687
 1 0.3412 1.0699
 1 0.3401 1.0711
 1 0.3391 1.0722
 1 0.3379 1.0733
 1 0.3368 1.0743
 1 0.3356 1.0754
 1 0.3343 1.0763
 1 0.3330 1.0772
 1 0.3317 1.0781
 1 0.3303 1.0790
 1 0.3290 1.0797
 1 0.3276 1.0804
 1 0.3262 1.0811
 1 0.3248 1.0818
 1 0.3233 1.0823
 1 0.3218 1.0828
 1 0.3203 1.0833
 1 0.3188 1.0837
 1 0.3173 1.0841
 1 0.3157 1.0844
 1 0.3142 1.0846
 1 0.3126 1.0849
 1 0.3111 1.0849
 1 0.3095 1.0850
 1 0.3079 1.0851
 1 0.3079 1.0851
31 0 2
 0 -0.1488 0.7701
 1 -0.1488 0.7701
31 0 2
 0 -0.1311 0.7257
 1 -0.1311 0.7257
31 0 2
 0 -0.1311 0.7257
 1 -0.1311 0.7257
31 0 2
 0 -0.1311 0.7257
 1 -0.1311 0.7257
31 0 2
 0 -0.1311 0.7257
 1 -0.1311 0.7257
31 0 2
 0 -0.1488 0.7346
 1 -0.1488 0.7346
31 0 2
 0 -0.1577 0.6814
 1 -0.1577 0.6814
31 0 2
 0 -0.2484 0.7612
 1 -0.2484 0.7612
31 0 2
 0 -0.2484 0.7612
 1 -0.2484 0.7612
31 0 2
 0 -0.2730 0.7257
 1 -0.2730 0.7257
31 0 2
 0 -0.2730 0.7257
 1 -0.2730 0.7257
31 0 2
 0 -0.2730 0.7257
 1 -0.2730 0.7257
31 0 2
 0 -0.2730 0.7257
 1 -0.2730 0.7257
31 0 211
 1 0.3666 1.0411
 1 0.3666 0.0587
 1 0.3665 0.0569
 1 0.3664 0.0551
 1 0.3664 0.0534
 1 0.3662 0.0516
 1 0.3659 0.0499
 1 0.3656 0.0481
 1 0.3652 0.0464
 1 0.3649 0.0447
 1 0.3645 0.0429
 1 0.3640 0.0412
 1 0.3634 0.0395
 1 0.3628 0.0379
 1 0.3622 0.0362
 1 0.3614 0.0346
 1 0.3607 0.0330
 1 0.3599 0.0314
 1 0.3590 0.0299
 1 0.3581 0.0283
 1 0.3572 0.0268
 1 0.3562 0.0253
 1 0.3551 0.0239
 1 0.3541 0.0225
 1 0.3530 0.0211
 1 0.3518 0.0198
 1 0.3506 0.0185
 1 0.3494 0.0172
 1 0.3481 0.0159
 1 0.3469 0.0147
 1 0.3455 0.0136
 1 0.3441 0.0125
 1 0.3427 0.0114
 1 0.3413 0.0103
 1 0.3398 0.0094
 1 0.3383 0.0085
 1 0.3368 0.0075
 1 0.3352 0.0068
 1 0.3336 0.0059
 1 0.3320 0.0051
 1 0.3303 0.0044
 1 0.3287 0.0038
 1 0.3271 0.0033
 1 0.3254 0.0027
 1 0.3237 0.0021
 1 0.3220 0.0017
 1 0.3202 0.0013
 1 0.3185 0.0009
 1 0.3167 0.0007
 1 0.3150 0.0004
 1 0.3132 0.0003
 1 0.3114 0.0001
 1 0.3097 0.0000
 1 0.3079 0.0000
 1 -0.3079 0.0000
 1 -0.3097 0.0000
 1 -0.3114 0.0001
 1 -0.3132 0.0003
 1 -0.3150 0.0004
 1 -0.3167 0.0007
 1 -0.3185 0.0009
 1 -0.3202 0.0013
 1 -0.3220 0.0017
 1 -0.3237 0.0021
 1 -0.3254 0.0027
 1 -0.3271 0.0033
 1 -0.3287 0.0038
 1 -0.3303 0.0044
 1 -0.3320 0.0051
 1 -0.3336 0.0059
 1 -0.3352 0.0068
 1 -0.3368 0.0075
 1 -0.3383 0.0085
 1 -0.3398 0.0094
 1 -0.3413 0.0103
 1 -0.3427 0.0114
 1 -0.3441 0.0125
 1 -0.3455 0.0136
 1 -0.3469 0.0147
 1 -0.3481 0.0159
 1 -0.3494 0.0172
 1 -0.3506 0.0185
 1 -0.3518 0.0198
 1 -0.3530 0.0211
 1 -0.3541 0.0225
 1 -0.3551 0.0239
 1 -0.3562 0.0253
 1 -0.3572 0.0268
 1 -0.3581 0.0283
 1 -0.3590 0.0299
 1 -0.3599 0.0314
 1 -0.3607 0.0330
 1 -0.3614 0.0346
 1 -0.3622 0.0362
 1 -0.3628 0.0379
 1 -0.3634 0.0395
 1 -0.3640 0.0412
 1 -0.3645 0.0429
 1 -0.3649 0.0447
 1 -0.3652 0.0464
 1 -0.3656 0.0481
 1 -0.3659 0.0499
 1 -0.3662 0.0516
 1 -0.3664 0.0534
 1 -0.3664 0.0551
 1 -0.3665 0.0569
 1 -0.3666 0.0587
 1 -0.3666 1.0411
 1 -0.3665 1.0429
 1 -0.3664 1.0447
 1 -0.3664 1.0464
 1 -0.3662 1.0482
 1 -0.3659 1.0500
 1 -0.3635 1.0630
 1 -0.3649 1.0552
 1 -0.3645 1.0569
 1 -0.3640 1.0585
 1 -0.3634 1.0602
 1 -0.3628 1.0619
 1 -0.3622 1.0636
 1 -0.3614 1.0652
 1 -0.3607 1.0668
 1 -0.3599 1.0684
 1 -0.3590 1.0699
 1 -0.3581 1.0714
 1 -0.3572 1.0730
 1 -0.3562 1.0744
 1 -0.3551 1.0759
 1 -0.3541 1.0772
 1 -0.3530 1.0786
 1 -0.3518 1.0800
 1 -0.3506 1.0813
 1 -0.3494 1.0826
 1 -0.3481 1.0838
 1 -0.3469 1.0850
 1 -0.3455 1.0861
 1 -0.3441 1.0873
 1 -0.3427 1.0884
 1 -0.3413 1.0894
 1 -0.3398 1.0903
 1 -0.3383 1.0913
 1 -0.3368 1.0922
 1 -0.3352 1.0931
 1 -0.3336 1.0938
 1 -0.3320 1.0946
 1 -0.3303 1.0953
 1 -0.3287 1.0960
 1 -0.3271 1.0966
 1 -0.3254 1.0971
 1 -0.3237 1.0976
 1 -0.3220 1.0980
 1 -0.3202 1.0985
 1 -0.3185 1.0988
 1 -0.3167 1.0991
 1 -0.3150 1.0993
 1 -0.3132 1.0995
 1 -0.3114 1.0997
 1 -0.3097 1.0997
 1 -0.3079 1.0997
 1 0.3079 1.0997
 1 0.3097 1.0997
 1 0.3114 1.0997
 1 0.3132 1.0995
 1 0.3150 1.0993
 1 0.3167 1.0991
 1 0.3185 1.0988
 1 0.3202 1.0985
 1 0.3220 1.0980
 1 0.3237 1.0976
 1 0.3254 1.0971
 1 0.3271 1.0966
 1 0.3287 1.0960
 1 0.3303 1.0953
 1 0.3320 1.0946
 1 0.3336 1.0938
 1 0.3352 1.0931
 1 0.3368 1.0922
 1 0.3383 1.0913
 1 0.3398 1.0903
 1 0.3413 1.0894
 1 0.3427 1.0884
 1 0.3441 1.0873
 1 0.3455 1.0861
 1 0.3469 1.0850
 1 0.3481 1.0838
 1 0.3494 1.0826
 1 0.3506 1.0813
 1 0.3518 1.0800
 1 0.3530 1.0786
 1 0.3541 1.0772
 1 0.3551 1.0759
 1 0.3562 1.0744
 1 0.3572 1.0730
 1 0.3581 1.0714
 1 0.3590 1.0699
 1 0.3599 1.0684
 1 0.3607 1.0668
 1 0.3614 1.0652
 1 0.3622 1.0636
 1 0.3628 1.0619
 1 0.3634 1.0602
 1 0.3640 1.0585
 1 0.3645 1.0569
 1 0.3649 1.0552
 1 0.3635 1.0630
 1 0.3659 1.0500
 1 0.3662 1.0482
 1 0.3664 1.0464
 1 0.3664 1.0447
 1 0.3665 1.0429
 1 0.3666 1.0411
