SEcl_RO-11b
3383 49 1 1 0 0 0 0 0 0 1 1
1.000
112 1251 216
0 0.4286 1.2171
1 0.4286 0.0685
1 0.4286 0.0685
1 0.4285 0.0665
1 0.4284 0.0644
1 0.4283 0.0623
1 0.4281 0.0603
1 0.4278 0.0582
1 0.4274 0.0562
1 0.4270 0.0541
1 0.4266 0.0521
1 0.4260 0.0501
1 0.4254 0.0481
1 0.4248 0.0462
1 0.4241 0.0442
1 0.4233 0.0423
1 0.4225 0.0404
1 0.4216 0.0385
1 0.4207 0.0367
1 0.4197 0.0348
1 0.4187 0.0330
1 0.4176 0.0313
1 0.4164 0.0296
1 0.4152 0.0279
1 0.4140 0.0262
1 0.4127 0.0246
1 0.4113 0.0231
1 0.4099 0.0215
1 0.4085 0.0200
1 0.4070 0.0186
1 0.4055 0.0172
1 0.4039 0.0158
1 0.4023 0.0145
1 0.4006 0.0133
1 0.3989 0.0121
1 0.3972 0.0109
1 0.3955 0.0098
1 0.3937 0.0088
1 0.3918 0.0078
1 0.3900 0.0069
1 0.3881 0.0060
1 0.3862 0.0052
1 0.3843 0.0044
1 0.3823 0.0037
1 0.3804 0.0031
1 0.3784 0.0025
1 0.3764 0.0019
1 0.3744 0.0015
1 0.3723 0.0011
1 0.3703 0.0007
1 0.3682 0.0005
1 0.3662 0.0002
1 0.3641 0.0001
1 0.3621 0.0000
1 0.3600 0.0000
1 -0.3600 0.0000
1 -0.3600 0.0000
1 -0.3621 0.0000
1 -0.3642 0.0001
1 -0.3662 0.0002
1 -0.3683 0.0005
1 -0.3703 0.0007
1 -0.3724 0.0011
1 -0.3744 0.0015
1 -0.3764 0.0019
1 -0.3784 0.0025
1 -0.3804 0.0031
1 -0.3824 0.0037
1 -0.3843 0.0044
1 -0.3863 0.0052
1 -0.3882 0.0060
1 -0.3900 0.0069
1 -0.3919 0.0078
1 -0.3937 0.0088
1 -0.3955 0.0098
1 -0.3973 0.0109
1 -0.3990 0.0121
1 -0.4007 0.0133
1 -0.4023 0.0145
1 -0.4039 0.0158
1 -0.4055 0.0172
1 -0.4070 0.0186
1 -0.4085 0.0200
1 -0.4099 0.0215
1 -0.4113 0.0231
1 -0.4127 0.0246
1 -0.4140 0.0262
1 -0.4153 0.0279
1 -0.4165 0.0296
1 -0.4176 0.0313
1 -0.4187 0.0330
1 -0.4197 0.0348
1 -0.4207 0.0367
1 -0.4217 0.0385
1 -0.4225 0.0404
1 -0.4234 0.0423
1 -0.4241 0.0442
1 -0.4248 0.0462
1 -0.4255 0.0481
1 -0.4261 0.0501
1 -0.4266 0.0521
1 -0.4271 0.0541
1 -0.4275 0.0562
1 -0.4278 0.0582
1 -0.4281 0.0603
1 -0.4283 0.0623
1 -0.4285 0.0644
1 -0.4286 0.0665
1 -0.4286 0.0685
1 -0.4286 1.2171
1 -0.4286 1.2171
1 -0.4286 1.2192
1 -0.4285 1.2212
1 -0.4283 1.2233
1 -0.4281 1.2254
1 -0.4278 1.2274
1 -0.4275 1.2295
1 -0.4271 1.2315
1 -0.4266 1.2335
1 -0.4261 1.2355
1 -0.4255 1.2375
1 -0.4248 1.2395
1 -0.4241 1.2414
1 -0.4234 1.2433
1 -0.4225 1.2452
1 -0.4217 1.2471
1 -0.4207 1.2490
1 -0.4197 1.2508
1 -0.4187 1.2526
1 -0.4176 1.2543
1 -0.4165 1.2560
1 -0.4153 1.2577
1 -0.4140 1.2594
1 -0.4127 1.2610
1 -0.4113 1.2626
1 -0.4099 1.2641
1 -0.4085 1.2656
1 -0.4070 1.2670
1 -0.4055 1.2684
1 -0.4039 1.2698
1 -0.4023 1.2711
1 -0.4007 1.2723
1 -0.3990 1.2735
1 -0.3973 1.2747
1 -0.3955 1.2758
1 -0.3937 1.2768
1 -0.3919 1.2778
1 -0.3900 1.2787
1 -0.3882 1.2796
1 -0.3863 1.2804
1 -0.3843 1.2812
1 -0.3824 1.2819
1 -0.3804 1.2826
1 -0.3784 1.2831
1 -0.3764 1.2837
1 -0.3744 1.2841
1 -0.3724 1.2845
1 -0.3703 1.2849
1 -0.3683 1.2852
1 -0.3662 1.2854
1 -0.3642 1.2855
1 -0.3621 1.2856
1 -0.3600 1.2857
1 0.3600 1.2857
1 0.3600 1.2857
1 0.3621 1.2856
1 0.3641 1.2855
1 0.3662 1.2854
1 0.3682 1.2852
1 0.3703 1.2849
1 0.3723 1.2845
1 0.3744 1.2841
1 0.3764 1.2837
1 0.3784 1.2831
1 0.3804 1.2826
1 0.3823 1.2819
1 0.3843 1.2812
1 0.3862 1.2804
1 0.3881 1.2796
1 0.3900 1.2787
1 0.3918 1.2778
1 0.3937 1.2768
1 0.3955 1.2758
1 0.3972 1.2747
1 0.3989 1.2735
1 0.4006 1.2723
1 0.4023 1.2711
1 0.4039 1.2698
1 0.4055 1.2684
1 0.4070 1.2670
1 0.4085 1.2656
1 0.4099 1.2641
1 0.4113 1.2626
1 0.4127 1.2610
1 0.4140 1.2594
1 0.4152 1.2577
1 0.4164 1.2560
1 0.4176 1.2543
1 0.4187 1.2526
1 0.4197 1.2508
1 0.4207 1.2490
1 0.4216 1.2471
1 0.4225 1.2452
1 0.4233 1.2433
1 0.4241 1.2414
1 0.4248 1.2395
1 0.4254 1.2375
1 0.4260 1.2355
1 0.4266 1.2335
1 0.4270 1.2315
1 0.4274 1.2295
1 0.4278 1.2274
1 0.4281 1.2254
1 0.4283 1.2233
1 0.4284 1.2212
1 0.4285 1.2192
112 1250 184
0 0.4114 1.2171
1 0.4114 0.0685
1 0.4114 0.0685
1 0.4114 0.0667
1 0.4113 0.0649
1 0.4111 0.0630
1 0.4109 0.0612
1 0.4106 0.0594
1 0.4102 0.0576
1 0.4098 0.0558
1 0.4093 0.0540
1 0.4088 0.0523
1 0.4082 0.0506
1 0.4075 0.0488
1 0.4068 0.0472
1 0.4060 0.0455
1 0.4051 0.0439
1 0.4042 0.0423
1 0.4032 0.0407
1 0.4022 0.0392
1 0.4012 0.0377
1 0.4000 0.0363
1 0.3988 0.0348
1 0.3976 0.0335
1 0.3963 0.0322
1 0.3950 0.0309
1 0.3937 0.0297
1 0.3923 0.0285
1 0.3908 0.0274
1 0.3893 0.0263
1 0.3878 0.0253
1 0.3862 0.0243
1 0.3846 0.0234
1 0.3830 0.0225
1 0.3813 0.0217
1 0.3797 0.0210
1 0.3780 0.0203
1 0.3762 0.0197
1 0.3745 0.0192
1 0.3727 0.0187
1 0.3709 0.0183
1 0.3691 0.0179
1 0.3673 0.0176
1 0.3655 0.0174
1 0.3636 0.0172
1 0.3618 0.0171
1 0.3600 0.0171
1 -0.3600 0.0171
1 -0.3600 0.0171
1 -0.3619 0.0171
1 -0.3637 0.0172
1 -0.3655 0.0174
1 -0.3673 0.0176
1 -0.3692 0.0179
1 -0.3710 0.0183
1 -0.3727 0.0187
1 -0.3745 0.0192
1 -0.3763 0.0197
1 -0.3780 0.0203
1 -0.3797 0.0210
1 -0.3814 0.0217
1 -0.3830 0.0225
1 -0.3847 0.0234
1 -0.3863 0.0243
1 -0.3878 0.0253
1 -0.3894 0.0263
1 -0.3908 0.0274
1 -0.3923 0.0285
1 -0.3937 0.0297
1 -0.3951 0.0309
1 -0.3964 0.0322
1 -0.3977 0.0335
1 -0.3989 0.0348
1 -0.4001 0.0363
1 -0.4012 0.0377
1 -0.4023 0.0392
1 -0.4033 0.0407
1 -0.4042 0.0423
1 -0.4052 0.0439
1 -0.4060 0.0455
1 -0.4068 0.0472
1 -0.4075 0.0488
1 -0.4082 0.0506
1 -0.4088 0.0523
1 -0.4094 0.0540
1 -0.4099 0.0558
1 -0.4103 0.0576
1 -0.4106 0.0594
1 -0.4109 0.0612
1 -0.4112 0.0630
1 -0.4113 0.0649
1 -0.4114 0.0667
1 -0.4114 0.0685
1 -0.4114 1.2171
1 -0.4114 1.2171
1 -0.4114 1.2189
1 -0.4113 1.2208
1 -0.4112 1.2226
1 -0.4109 1.2244
1 -0.4106 1.2262
1 -0.4103 1.2280
1 -0.4099 1.2298
1 -0.4094 1.2316
1 -0.4088 1.2333
1 -0.4082 1.2351
1 -0.4075 1.2368
1 -0.4068 1.2385
1 -0.4060 1.2401
1 -0.4052 1.2417
1 -0.4042 1.2433
1 -0.4033 1.2449
1 -0.4023 1.2464
1 -0.4012 1.2479
1 -0.4001 1.2494
1 -0.3989 1.2508
1 -0.3977 1.2521
1 -0.3964 1.2535
1 -0.3951 1.2547
1 -0.3937 1.2560
1 -0.3923 1.2571
1 -0.3908 1.2583
1 -0.3894 1.2593
1 -0.3878 1.2604
1 -0.3863 1.2613
1 -0.3847 1.2622
1 -0.3830 1.2631
1 -0.3814 1.2639
1 -0.3797 1.2646
1 -0.3780 1.2653
1 -0.3763 1.2659
1 -0.3745 1.2664
1 -0.3727 1.2669
1 -0.3710 1.2673
1 -0.3692 1.2677
1 -0.3673 1.2680
1 -0.3655 1.2682
1 -0.3637 1.2684
1 -0.3619 1.2685
1 -0.3600 1.2685
1 0.3600 1.2685
1 0.3600 1.2685
1 0.3618 1.2685
1 0.3636 1.2684
1 0.3655 1.2682
1 0.3673 1.2680
1 0.3691 1.2677
1 0.3709 1.2673
1 0.3727 1.2669
1 0.3745 1.2664
1 0.3762 1.2659
1 0.3780 1.2653
1 0.3797 1.2646
1 0.3813 1.2639
1 0.3830 1.2631
1 0.3846 1.2622
1 0.3862 1.2613
1 0.3878 1.2604
1 0.3893 1.2593
1 0.3908 1.2583
1 0.3923 1.2571
1 0.3937 1.2560
1 0.3950 1.2547
1 0.3963 1.2535
1 0.3976 1.2521
1 0.3988 1.2508
1 0.4000 1.2494
1 0.4012 1.2479
1 0.4022 1.2464
1 0.4032 1.2449
1 0.4042 1.2433
1 0.4051 1.2417
1 0.4060 1.2401
1 0.4068 1.2385
1 0.4075 1.2368
1 0.4082 1.2351
1 0.4088 1.2333
1 0.4093 1.2316
1 0.4098 1.2298
1 0.4102 1.2280
1 0.4106 1.2262
1 0.4109 1.2244
1 0.4111 1.2226
1 0.4113 1.2208
1 0.4114 1.2189
112 1251 112
0 0.3771 1.2171
1 0.3771 0.0685
1 0.3771 0.0685
1 0.3771 0.0675
1 0.3770 0.0665
1 0.3768 0.0654
1 0.3766 0.0644
1 0.3763 0.0634
1 0.3760 0.0624
1 0.3756 0.0615
1 0.3752 0.0606
1 0.3747 0.0597
1 0.3741 0.0588
1 0.3735 0.0580
1 0.3728 0.0572
1 0.3721 0.0564
1 0.3713 0.0557
1 0.3706 0.0550
1 0.3697 0.0544
1 0.3688 0.0539
1 0.3679 0.0533
1 0.3670 0.0529
1 0.3661 0.0525
1 0.3651 0.0522
1 0.3641 0.0519
1 0.3631 0.0517
1 0.3620 0.0515
1 0.3610 0.0514
1 0.3600 0.0514
1 -0.3600 0.0514
1 -0.3600 0.0514
1 -0.3611 0.0514
1 -0.3621 0.0515
1 -0.3631 0.0517
1 -0.3641 0.0519
1 -0.3651 0.0522
1 -0.3661 0.0525
1 -0.3671 0.0529
1 -0.3680 0.0533
1 -0.3689 0.0539
1 -0.3698 0.0544
1 -0.3706 0.0550
1 -0.3714 0.0557
1 -0.3721 0.0564
1 -0.3729 0.0572
1 -0.3735 0.0580
1 -0.3741 0.0588
1 -0.3747 0.0597
1 -0.3752 0.0606
1 -0.3757 0.0615
1 -0.3760 0.0624
1 -0.3764 0.0634
1 -0.3767 0.0644
1 -0.3769 0.0654
1 -0.3770 0.0665
1 -0.3771 0.0675
1 -0.3772 0.0685
1 -0.3772 1.2171
1 -0.3772 1.2171
1 -0.3771 1.2181
1 -0.3770 1.2192
1 -0.3769 1.2202
1 -0.3767 1.2212
1 -0.3764 1.2222
1 -0.3760 1.2232
1 -0.3757 1.2241
1 -0.3752 1.2251
1 -0.3747 1.2260
1 -0.3741 1.2268
1 -0.3735 1.2277
1 -0.3729 1.2285
1 -0.3721 1.2292
1 -0.3714 1.2299
1 -0.3706 1.2306
1 -0.3698 1.2312
1 -0.3689 1.2318
1 -0.3680 1.2323
1 -0.3671 1.2327
1 -0.3661 1.2331
1 -0.3651 1.2335
1 -0.3641 1.2337
1 -0.3631 1.2340
1 -0.3621 1.2341
1 -0.3611 1.2342
1 -0.3600 1.2342
1 0.3600 1.2342
1 0.3600 1.2342
1 0.3610 1.2342
1 0.3620 1.2341
1 0.3631 1.2340
1 0.3641 1.2337
1 0.3651 1.2335
1 0.3661 1.2331
1 0.3670 1.2327
1 0.3679 1.2323
1 0.3688 1.2318
1 0.3697 1.2312
1 0.3706 1.2306
1 0.3713 1.2299
1 0.3721 1.2292
1 0.3728 1.2285
1 0.3735 1.2277
1 0.3741 1.2268
1 0.3747 1.2260
1 0.3752 1.2251
1 0.3756 1.2241
1 0.3760 1.2232
1 0.3763 1.2222
1 0.3766 1.2212
1 0.3768 1.2202
1 0.3770 1.2192
1 0.3771 1.2181
112 1466 461
0 0.3571 0.8485
1 0.3571 0.8534
1 0.3570 0.8583
1 0.3568 0.8632
1 0.3566 0.8680
1 0.3563 0.8729
1 0.3559 0.8778
1 0.3555 0.8826
1 0.3550 0.8875
1 0.3544 0.8923
1 0.3538 0.8972
1 0.3531 0.9020
1 0.3523 0.9068
1 0.3515 0.9116
1 0.3506 0.9164
1 0.3497 0.9212
1 0.3486 0.9260
1 0.3475 0.9307
1 0.3464 0.9355
1 0.3452 0.9402
1 0.3439 0.9449
1 0.3425 0.9496
1 0.3411 0.9543
1 0.3396 0.9589
1 0.3381 0.9635
1 0.3365 0.9681
1 0.3348 0.9727
1 0.3331 0.9773
1 0.3313 0.9818
1 0.3295 0.9863
1 0.3276 0.9908
1 0.3256 0.9953
1 0.3235 0.9997
1 0.3215 1.0041
1 0.3193 1.0085
1 0.3171 1.0129
1 0.3148 1.0172
1 0.3125 1.0215
1 0.3101 1.0257
1 0.3076 1.0299
1 0.3051 1.0341
1 0.3026 1.0383
1 0.2999 1.0424
1 0.2973 1.0465
1 0.2945 1.0505
1 0.2918 1.0545
1 0.2889 1.0585
1 0.2860 1.0624
1 0.2831 1.0663
1 0.2801 1.0701
1 0.2770 1.0739
1 0.2739 1.0777
1 0.2708 1.0814
1 0.2676 1.0851
1 0.2643 1.0887
1 0.2610 1.0923
1 0.2576 1.0959
1 0.2542 1.0994
1 0.2508 1.1028
1 0.2473 1.1062
1 0.2437 1.1096
1 0.2402 1.1129
1 0.2365 1.1161
1 0.2329 1.1193
1 0.2291 1.1225
1 0.2254 1.1256
1 0.2216 1.1286
1 0.2177 1.1316
1 0.2138 1.1346
1 0.2099 1.1375
1 0.2059 1.1403
1 0.2019 1.1431
1 0.1979 1.1458
1 0.1938 1.1485
1 0.1897 1.1511
1 0.1855 1.1537
1 0.1814 1.1562
1 0.1771 1.1586
1 0.1729 1.1610
1 0.1686 1.1634
1 0.1643 1.1656
1 0.1599 1.1679
1 0.1556 1.1700
1 0.1512 1.1721
1 0.1467 1.1741
1 0.1423 1.1761
1 0.1378 1.1780
1 0.1333 1.1799
1 0.1287 1.1817
1 0.1242 1.1834
1 0.1196 1.1851
1 0.1150 1.1867
1 0.1103 1.1882
1 0.1057 1.1897
1 0.1010 1.1911
1 0.0963 1.1924
1 0.0916 1.1937
1 0.0869 1.1949
1 0.0822 1.1961
1 0.0774 1.1972
1 0.0726 1.1982
1 0.0679 1.1992
1 0.0631 1.2001
1 0.0583 1.2009
1 0.0534 1.2017
1 0.0486 1.2024
1 0.0438 1.2030
1 0.0389 1.2036
1 0.0341 1.2041
1 0.0292 1.2045
1 0.0244 1.2049
1 0.0195 1.2052
1 0.0146 1.2054
1 0.0097 1.2056
1 0.0049 1.2057
1 0.0000 1.2057
1 -0.0049 1.2057
1 -0.0098 1.2056
1 -0.0147 1.2054
1 -0.0195 1.2052
1 -0.0244 1.2049
1 -0.0293 1.2045
1 -0.0341 1.2041
1 -0.0390 1.2036
1 -0.0438 1.2030
1 -0.0487 1.2024
1 -0.0535 1.2017
1 -0.0583 1.2009
1 -0.0631 1.2001
1 -0.0679 1.1992
1 -0.0727 1.1982
1 -0.0775 1.1972
1 -0.0822 1.1961
1 -0.0869 1.1949
1 -0.0917 1.1937
1 -0.0964 1.1924
1 -0.1011 1.1911
1 -0.1057 1.1897
1 -0.1104 1.1882
1 -0.1150 1.1867
1 -0.1196 1.1851
1 -0.1242 1.1834
1 -0.1288 1.1817
1 -0.1333 1.1799
1 -0.1378 1.1780
1 -0.1423 1.1761
1 -0.1468 1.1741
1 -0.1512 1.1721
1 -0.1556 1.1700
1 -0.1600 1.1679
1 -0.1643 1.1656
1 -0.1686 1.1634
1 -0.1729 1.1610
1 -0.1772 1.1586
1 -0.1814 1.1562
1 -0.1856 1.1537
1 -0.1897 1.1511
1 -0.1939 1.1485
1 -0.1979 1.1458
1 -0.2020 1.1431
1 -0.2060 1.1403
1 -0.2099 1.1375
1 -0.2139 1.1346
1 -0.2178 1.1316
1 -0.2216 1.1286
1 -0.2254 1.1256
1 -0.2292 1.1225
1 -0.2329 1.1193
1 -0.2366 1.1161
1 -0.2402 1.1129
1 -0.2438 1.1096
1 -0.2473 1.1062
1 -0.2508 1.1028
1 -0.2543 1.0994
1 -0.2577 1.0959
1 -0.2610 1.0923
1 -0.2643 1.0887
1 -0.2676 1.0851
1 -0.2708 1.0814
1 -0.2740 1.0777
1 -0.2771 1.0739
1 -0.2801 1.0701
1 -0.2831 1.0663
1 -0.2861 1.0624
1 -0.2890 1.0585
1 -0.2918 1.0545
1 -0.2946 1.0505
1 -0.2973 1.0465
1 -0.3000 1.0424
1 -0.3026 1.0383
1 -0.3052 1.0341
1 -0.3077 1.0299
1 -0.3101 1.0257
1 -0.3125 1.0215
1 -0.3148 1.0172
1 -0.3171 1.0129
1 -0.3193 1.0085
1 -0.3215 1.0041
1 -0.3236 0.9997
1 -0.3256 0.9953
1 -0.3276 0.9908
1 -0.3295 0.9863
1 -0.3314 0.9818
1 -0.3331 0.9773
1 -0.3349 0.9727
1 -0.3365 0.9681
1 -0.3381 0.9635
1 -0.3397 0.9589
1 -0.3412 0.9543
1 -0.3426 0.9496
1 -0.3439 0.9449
1 -0.3452 0.9402
1 -0.3464 0.9355
1 -0.3476 0.9307
1 -0.3487 0.9260
1 -0.3497 0.9212
1 -0.3507 0.9164
1 -0.3515 0.9116
1 -0.3524 0.9068
1 -0.3531 0.9020
1 -0.3538 0.8972
1 -0.3545 0.8923
1 -0.3550 0.8875
1 -0.3555 0.8826
1 -0.3560 0.8778
1 -0.3563 0.8729
1 -0.3566 0.8680
1 -0.3569 0.8632
1 -0.3570 0.8583
1 -0.3571 0.8534
1 -0.3572 0.8485
1 -0.3571 0.8437
1 -0.3570 0.8388
1 -0.3569 0.8339
1 -0.3566 0.8290
1 -0.3563 0.8242
1 -0.3560 0.8193
1 -0.3555 0.8144
1 -0.3550 0.8096
1 -0.3545 0.8047
1 -0.3538 0.7999
1 -0.3531 0.7951
1 -0.3524 0.7903
1 -0.3515 0.7855
1 -0.3507 0.7807
1 -0.3497 0.7759
1 -0.3487 0.7711
1 -0.3476 0.7664
1 -0.3464 0.7616
1 -0.3452 0.7569
1 -0.3439 0.7522
1 -0.3426 0.7475
1 -0.3412 0.7428
1 -0.3397 0.7382
1 -0.3381 0.7336
1 -0.3365 0.7289
1 -0.3349 0.7244
1 -0.3331 0.7198
1 -0.3314 0.7153
1 -0.3295 0.7107
1 -0.3276 0.7063
1 -0.3256 0.7018
1 -0.3236 0.6974
1 -0.3215 0.6930
1 -0.3193 0.6886
1 -0.3171 0.6842
1 -0.3148 0.6799
1 -0.3125 0.6756
1 -0.3101 0.6714
1 -0.3077 0.6672
1 -0.3052 0.6630
1 -0.3026 0.6588
1 -0.3000 0.6547
1 -0.2973 0.6506
1 -0.2946 0.6466
1 -0.2918 0.6426
1 -0.2890 0.6386
1 -0.2861 0.6347
1 -0.2831 0.6308
1 -0.2801 0.6270
1 -0.2771 0.6232
1 -0.2740 0.6194
1 -0.2708 0.6157
1 -0.2676 0.6120
1 -0.2643 0.6084
1 -0.2610 0.6048
1 -0.2577 0.6012
1 -0.2543 0.5977
1 -0.2508 0.5943
1 -0.2473 0.5909
1 -0.2438 0.5875
1 -0.2402 0.5842
1 -0.2366 0.5810
1 -0.2329 0.5778
1 -0.2292 0.5746
1 -0.2254 0.5715
1 -0.2216 0.5685
1 -0.2178 0.5655
1 -0.2139 0.5625
1 -0.2099 0.5596
1 -0.2060 0.5568
1 -0.2020 0.5540
1 -0.1979 0.5513
1 -0.1939 0.5486
1 -0.1897 0.5460
1 -0.1856 0.5434
1 -0.1814 0.5409
1 -0.1772 0.5384
1 -0.1729 0.5360
1 -0.1686 0.5337
1 -0.1643 0.5314
1 -0.1600 0.5292
1 -0.1556 0.5271
1 -0.1512 0.5250
1 -0.1468 0.5229
1 -0.1423 0.5210
1 -0.1378 0.5191
1 -0.1333 0.5172
1 -0.1288 0.5154
1 -0.1242 0.5137
1 -0.1196 0.5120
1 -0.1150 0.5104
1 -0.1104 0.5089
1 -0.1057 0.5074
1 -0.1011 0.5060
1 -0.0964 0.5046
1 -0.0917 0.5034
1 -0.0869 0.5021
1 -0.0822 0.5010
1 -0.0775 0.4999
1 -0.0727 0.4989
1 -0.0679 0.4979
1 -0.0631 0.4970
1 -0.0583 0.4962
1 -0.0535 0.4954
1 -0.0487 0.4947
1 -0.0438 0.4941
1 -0.0390 0.4935
1 -0.0341 0.4930
1 -0.0293 0.4926
1 -0.0244 0.4922
1 -0.0195 0.4919
1 -0.0147 0.4917
1 -0.0098 0.4915
1 -0.0049 0.4914
1 0.0000 0.4914
1 0.0049 0.4914
1 0.0097 0.4915
1 0.0146 0.4917
1 0.0195 0.4919
1 0.0244 0.4922
1 0.0292 0.4926
1 0.0341 0.4930
1 0.0389 0.4935
1 0.0438 0.4941
1 0.0486 0.4947
1 0.0534 0.4954
1 0.0583 0.4962
1 0.0631 0.4970
1 0.0679 0.4979
1 0.0726 0.4989
1 0.0774 0.4999
1 0.0822 0.5010
1 0.0869 0.5021
1 0.0916 0.5034
1 0.0963 0.5046
1 0.1010 0.5060
1 0.1057 0.5074
1 0.1103 0.5089
1 0.1150 0.5104
1 0.1196 0.5120
1 0.1242 0.5137
1 0.1287 0.5154
1 0.1333 0.5172
1 0.1378 0.5191
1 0.1423 0.5210
1 0.1467 0.5229
1 0.1512 0.5250
1 0.1556 0.5271
1 0.1599 0.5292
1 0.1643 0.5314
1 0.1686 0.5337
1 0.1729 0.5360
1 0.1771 0.5384
1 0.1814 0.5409
1 0.1855 0.5434
1 0.1897 0.5460
1 0.1938 0.5486
1 0.1979 0.5513
1 0.2019 0.5540
1 0.2059 0.5568
1 0.2099 0.5596
1 0.2138 0.5625
1 0.2177 0.5655
1 0.2216 0.5685
1 0.2254 0.5715
1 0.2291 0.5746
1 0.2329 0.5778
1 0.2365 0.5810
1 0.2402 0.5842
1 0.2437 0.5875
1 0.2473 0.5909
1 0.2508 0.5943
1 0.2542 0.5977
1 0.2576 0.6012
1 0.2610 0.6048
1 0.2643 0.6084
1 0.2676 0.6120
1 0.2708 0.6157
1 0.2739 0.6194
1 0.2770 0.6232
1 0.2801 0.6270
1 0.2831 0.6308
1 0.2860 0.6347
1 0.2889 0.6386
1 0.2918 0.6426
1 0.2945 0.6466
1 0.2973 0.6506
1 0.2999 0.6547
1 0.3026 0.6588
1 0.3051 0.6630
1 0.3076 0.6672
1 0.3101 0.6714
1 0.3125 0.6756
1 0.3148 0.6799
1 0.3171 0.6842
1 0.3193 0.6886
1 0.3215 0.6930
1 0.3235 0.6974
1 0.3256 0.7018
1 0.3276 0.7063
1 0.3295 0.7107
1 0.3313 0.7153
1 0.3331 0.7198
1 0.3348 0.7244
1 0.3365 0.7289
1 0.3381 0.7336
1 0.3396 0.7382
1 0.3411 0.7428
1 0.3425 0.7475
1 0.3439 0.7522
1 0.3452 0.7569
1 0.3464 0.7616
1 0.3475 0.7664
1 0.3486 0.7711
1 0.3497 0.7759
1 0.3506 0.7807
1 0.3515 0.7855
1 0.3523 0.7903
1 0.3531 0.7951
1 0.3538 0.7999
1 0.3544 0.8047
1 0.3550 0.8096
1 0.3555 0.8144
1 0.3559 0.8193
1 0.3563 0.8242
1 0.3566 0.8290
1 0.3568 0.8339
1 0.3570 0.8388
1 0.3571 0.8437
1 0.3571 0.8485
112 1251 111
0 -0.1926 0.8049
1 0.0039 0.8049
1 0.0039 0.8068
1 0.0041 0.8087
1 0.0044 0.8106
1 0.0049 0.8125
1 0.0054 0.8143
1 0.0061 0.8161
1 0.0069 0.8179
1 0.0078 0.8196
1 0.0088 0.8212
1 0.0100 0.8228
1 0.0112 0.8243
1 0.0125 0.8257
1 0.0139 0.8270
1 0.0154 0.8282
1 0.0170 0.8294
1 0.0186 0.8304
1 0.0203 0.8313
1 0.0221 0.8321
1 0.0239 0.8328
1 0.0257 0.8333
1 0.0276 0.8338
1 0.0295 0.8341
1 0.0314 0.8343
1 0.0333 0.8343
1 0.0353 0.8343
1 0.0372 0.8341
1 0.0391 0.8338
1 0.0410 0.8333
1 0.0428 0.8328
1 0.0446 0.8321
1 0.0464 0.8313
1 0.0481 0.8304
1 0.0497 0.8294
1 0.0513 0.8282
1 0.0528 0.8270
1 0.0542 0.8257
1 0.0555 0.8243
1 0.0567 0.8228
1 0.0578 0.8212
1 0.0589 0.8196
1 0.0598 0.8179
1 0.0606 0.8161
1 0.0612 0.8143
1 0.0618 0.8125
1 0.0622 0.8106
1 0.0626 0.8087
1 0.0627 0.8068
1 0.0628 0.8049
1 0.0775 0.8049
1 0.0775 0.8245
1 0.0726 0.8245
1 0.0726 0.8638
1 0.0530 0.9227
1 -0.3203 0.9227
1 -0.3203 0.8834
1 -0.3203 0.8245
1 -0.3252 0.8245
1 -0.3252 0.8049
1 -0.2515 0.8049
1 -0.2514 0.8068
1 -0.2512 0.8087
1 -0.2509 0.8106
1 -0.2505 0.8125
1 -0.2499 0.8143
1 -0.2493 0.8161
1 -0.2485 0.8179
1 -0.2476 0.8196
1 -0.2465 0.8212
1 -0.2454 0.8228
1 -0.2442 0.8243
1 -0.2429 0.8257
1 -0.2415 0.8270
1 -0.2400 0.8282
1 -0.2384 0.8294
1 -0.2368 0.8304
1 -0.2351 0.8313
1 -0.2333 0.8321
1 -0.2315 0.8328
1 -0.2297 0.8333
1 -0.2278 0.8338
1 -0.2259 0.8341
1 -0.2240 0.8343
1 -0.2220 0.8343
1 -0.2201 0.8343
1 -0.2182 0.8341
1 -0.2163 0.8338
1 -0.2144 0.8333
1 -0.2126 0.8328
1 -0.2108 0.8321
1 -0.2090 0.8313
1 -0.2073 0.8304
1 -0.2057 0.8294
1 -0.2041 0.8282
1 -0.2026 0.8270
1 -0.2012 0.8257
1 -0.1999 0.8243
1 -0.1987 0.8228
1 -0.1975 0.8212
1 -0.1965 0.8196
1 -0.1956 0.8179
1 -0.1948 0.8161
1 -0.1941 0.8143
1 -0.1936 0.8125
1 -0.1931 0.8106
1 -0.1928 0.8087
1 -0.1926 0.8068
1 -0.1926 0.8049
1 0.0039 0.8049
1 -0.1926 0.8049
112 1466 5
0 0.0554 0.9031
1 0.0039 0.9031
1 0.0039 0.8638
1 0.0685 0.8638
1 0.0554 0.9031
112 1466 5
0 -0.0020 0.9031
1 -0.0334 0.9031
1 -0.0334 0.8088
1 -0.0020 0.8088
1 -0.0020 0.9031
112 1251 89
0 0.0589 0.8049
1 0.0588 0.8067
1 0.0586 0.8085
1 0.0583 0.8103
1 0.0578 0.8120
1 0.0573 0.8138
1 0.0566 0.8155
1 0.0558 0.8171
1 0.0548 0.8187
1 0.0538 0.8202
1 0.0526 0.8216
1 0.0514 0.8229
1 0.0501 0.8242
1 0.0486 0.8253
1 0.0472 0.8263
1 0.0456 0.8273
1 0.0440 0.8281
1 0.0423 0.8288
1 0.0405 0.8294
1 0.0388 0.8298
1 0.0370 0.8301
1 0.0352 0.8303
1 0.0333 0.8304
1 0.0315 0.8303
1 0.0297 0.8301
1 0.0279 0.8298
1 0.0262 0.8294
1 0.0244 0.8288
1 0.0227 0.8281
1 0.0211 0.8273
1 0.0195 0.8263
1 0.0180 0.8253
1 0.0166 0.8242
1 0.0153 0.8229
1 0.0140 0.8216
1 0.0129 0.8202
1 0.0119 0.8187
1 0.0109 0.8171
1 0.0101 0.8155
1 0.0094 0.8138
1 0.0088 0.8120
1 0.0084 0.8103
1 0.0081 0.8085
1 0.0079 0.8067
1 0.0078 0.8049
1 0.0079 0.8030
1 0.0081 0.8012
1 0.0084 0.7994
1 0.0088 0.7977
1 0.0094 0.7959
1 0.0101 0.7942
1 0.0109 0.7926
1 0.0119 0.7910
1 0.0129 0.7895
1 0.0140 0.7881
1 0.0153 0.7868
1 0.0166 0.7856
1 0.0180 0.7844
1 0.0195 0.7834
1 0.0211 0.7824
1 0.0227 0.7816
1 0.0244 0.7809
1 0.0262 0.7803
1 0.0279 0.7799
1 0.0297 0.7796
1 0.0315 0.7794
1 0.0333 0.7793
1 0.0352 0.7794
1 0.0370 0.7796
1 0.0388 0.7799
1 0.0405 0.7803
1 0.0423 0.7809
1 0.0440 0.7816
1 0.0456 0.7824
1 0.0472 0.7834
1 0.0486 0.7844
1 0.0501 0.7856
1 0.0514 0.7868
1 0.0526 0.7881
1 0.0538 0.7895
1 0.0548 0.7910
1 0.0558 0.7926
1 0.0566 0.7942
1 0.0573 0.7959
1 0.0578 0.7977
1 0.0583 0.7994
1 0.0586 0.8012
1 0.0588 0.8030
1 0.0589 0.8049
112 1466 5
0 -0.1140 0.9031
1 -0.1827 0.9031
1 -0.1827 0.8638
1 -0.1140 0.8638
1 -0.1140 0.9031
112 1466 5
0 -0.1886 0.9031
1 -0.2574 0.9031
1 -0.2574 0.8638
1 -0.1886 0.8638
1 -0.1886 0.9031
112 1466 5
0 -0.2633 0.9031
1 -0.2967 0.9031
1 -0.2967 0.8088
1 -0.2633 0.8088
1 -0.2633 0.9031
112 1251 89
0 -0.1965 0.8049
1 -0.1966 0.8067
1 -0.1968 0.8085
1 -0.1971 0.8103
1 -0.1975 0.8120
1 -0.1981 0.8138
1 -0.1988 0.8155
1 -0.1996 0.8171
1 -0.2006 0.8187
1 -0.2016 0.8202
1 -0.2027 0.8216
1 -0.2040 0.8229
1 -0.2053 0.8242
1 -0.2067 0.8253
1 -0.2082 0.8263
1 -0.2098 0.8273
1 -0.2114 0.8281
1 -0.2131 0.8288
1 -0.2148 0.8294
1 -0.2166 0.8298
1 -0.2184 0.8301
1 -0.2202 0.8303
1 -0.2220 0.8304
1 -0.2239 0.8303
1 -0.2257 0.8301
1 -0.2275 0.8298
1 -0.2292 0.8294
1 -0.2310 0.8288
1 -0.2326 0.8281
1 -0.2343 0.8273
1 -0.2358 0.8263
1 -0.2373 0.8253
1 -0.2388 0.8242
1 -0.2401 0.8229
1 -0.2413 0.8216
1 -0.2425 0.8202
1 -0.2435 0.8187
1 -0.2444 0.8171
1 -0.2453 0.8155
1 -0.2460 0.8138
1 -0.2465 0.8120
1 -0.2470 0.8103
1 -0.2473 0.8085
1 -0.2475 0.8067
1 -0.2476 0.8049
1 -0.2475 0.8030
1 -0.2473 0.8012
1 -0.2470 0.7994
1 -0.2465 0.7977
1 -0.2460 0.7959
1 -0.2453 0.7942
1 -0.2444 0.7926
1 -0.2435 0.7910
1 -0.2425 0.7895
1 -0.2413 0.7881
1 -0.2401 0.7868
1 -0.2388 0.7856
1 -0.2373 0.7844
1 -0.2358 0.7834
1 -0.2343 0.7824
1 -0.2326 0.7816
1 -0.2310 0.7809
1 -0.2292 0.7803
1 -0.2275 0.7799
1 -0.2257 0.7796
1 -0.2239 0.7794
1 -0.2220 0.7793
1 -0.2202 0.7794
1 -0.2184 0.7796
1 -0.2166 0.7799
1 -0.2148 0.7803
1 -0.2131 0.7809
1 -0.2114 0.7816
1 -0.2098 0.7824
1 -0.2082 0.7834
1 -0.2067 0.7844
1 -0.2053 0.7856
1 -0.2040 0.7868
1 -0.2027 0.7881
1 -0.2016 0.7895
1 -0.2006 0.7910
1 -0.1996 0.7926
1 -0.1988 0.7942
1 -0.1981 0.7959
1 -0.1975 0.7977
1 -0.1971 0.7994
1 -0.1968 0.8012
1 -0.1966 0.8030
1 -0.1965 0.8049
112 1466 5
0 -0.3026 0.9031
1 -0.3163 0.9031
1 -0.3163 0.8638
1 -0.3026 0.8638
1 -0.3026 0.9031
112 1466 5
0 -0.0393 0.9031
1 -0.1081 0.9031
1 -0.1081 0.8638
1 -0.0393 0.8638
1 -0.0393 0.9031
112 1251 18
0 0.2983 0.9003
1 0.1738 0.9003
1 0.1635 0.8588
1 0.1635 0.8588
1 0.1531 0.8484
1 0.1531 0.8069
1 0.1635 0.7965
1 0.1635 0.7758
1 0.1842 0.7758
1 0.1842 0.7965
1 0.2879 0.7965
1 0.2879 0.7758
1 0.3087 0.7758
1 0.3087 0.7965
1 0.3190 0.8069
1 0.3190 0.8484
1 0.3087 0.8588
1 0.2983 0.9003
112 1251 5
0 0.1012 1.1697
1 0.1012 0.5245
1 0.1155 0.5245
1 0.1155 1.1697
1 0.1012 1.1697
112 1466 5
0 0.2983 0.8588
1 0.2902 0.8899
1 0.1819 0.8899
1 0.1738 0.8588
1 0.2983 0.8588
112 1250 43
0 -0.1275 0.1407
1 -0.1300 0.1378
1 -0.1331 0.1351
1 -0.1367 0.1329
1 -0.1406 0.1312
1 -0.1450 0.1299
1 -0.1498 0.1292
1 -0.1550 0.1289
1 -0.1553 0.1289
1 -0.1922 0.1289
1 -0.1922 0.2325
1 -0.1549 0.2325
1 -0.1502 0.2322
1 -0.1458 0.2311
1 -0.1418 0.2295
1 -0.1380 0.2272
1 -0.1346 0.2243
1 -0.1317 0.2210
1 -0.1294 0.2174
1 -0.1278 0.2137
1 -0.1268 0.2099
1 -0.1265 0.2059
1 -0.1265 0.2058
1 -0.1268 0.2028
1 -0.1280 0.1995
1 -0.1299 0.1961
1 -0.1326 0.1926
1 -0.1361 0.1889
1 -0.1394 0.1859
1 -0.1353 0.1840
1 -0.1318 0.1817
1 -0.1288 0.1791
1 -0.1263 0.1762
1 -0.1244 0.1728
1 -0.1230 0.1692
1 -0.1222 0.1651
1 -0.1218 0.1608
1 -0.1218 0.1604
1 -0.1221 0.1558
1 -0.1228 0.1515
1 -0.1239 0.1475
1 -0.1255 0.1439
1 -0.1275 0.1407
112 1251 18
0 -0.1754 0.1426
1 -0.1546 0.1426
1 -0.1504 0.1433
1 -0.1468 0.1454
1 -0.1438 0.1488
1 -0.1434 0.1493
1 -0.1414 0.1529
1 -0.1402 0.1568
1 -0.1397 0.1609
1 -0.1397 0.1613
1 -0.1402 0.1655
1 -0.1415 0.1693
1 -0.1434 0.1726
1 -0.1466 0.1758
1 -0.1504 0.1777
1 -0.1547 0.1784
1 -0.1754 0.1784
1 -0.1754 0.1426
112 1251 16
0 -0.1754 0.1910
1 -0.1569 0.1910
1 -0.1524 0.1918
1 -0.1487 0.1941
1 -0.1477 0.1951
1 -0.1454 0.1986
1 -0.1442 0.2025
1 -0.1442 0.2041
1 -0.1447 0.2079
1 -0.1463 0.2118
1 -0.1477 0.2139
1 -0.1509 0.2170
1 -0.1549 0.2186
1 -0.1569 0.2187
1 -0.1754 0.2187
1 -0.1754 0.1910
112 1250 53
0 -0.1028 0.1441
1 -0.1005 0.1408
1 -0.0978 0.1378
1 -0.0945 0.1349
1 -0.0910 0.1325
1 -0.0871 0.1307
1 -0.0829 0.1293
1 -0.0785 0.1286
1 -0.0738 0.1283
1 -0.0725 0.1283
1 -0.0674 0.1286
1 -0.0627 0.1294
1 -0.0583 0.1306
1 -0.0542 0.1322
1 -0.0505 0.1342
1 -0.0472 0.1367
1 -0.0442 0.1396
1 -0.0440 0.1399
1 -0.0417 0.1429
1 -0.0398 0.1462
1 -0.0382 0.1497
1 -0.0370 0.1536
1 -0.0361 0.1577
1 -0.0356 0.1621
1 -0.0354 0.1668
1 -0.0354 0.2325
1 -0.0527 0.2325
1 -0.0527 0.1669
1 -0.0529 0.1628
1 -0.0538 0.1587
1 -0.0552 0.1550
1 -0.0571 0.1517
1 -0.0600 0.1486
1 -0.0635 0.1463
1 -0.0676 0.1449
1 -0.0724 0.1444
1 -0.0724 0.1444
1 -0.0772 0.1449
1 -0.0813 0.1463
1 -0.0848 0.1485
1 -0.0877 0.1517
1 -0.0894 0.1545
1 -0.0907 0.1581
1 -0.0915 0.1623
1 -0.0918 0.1669
1 -0.0918 0.2325
1 -0.1091 0.2325
1 -0.1091 0.1666
1 -0.1090 0.1634
1 -0.1086 0.1592
1 -0.1077 0.1552
1 -0.1065 0.1513
1 -0.1049 0.1476
112 1250 117
0 -0.0118 0.2218
1 -0.0090 0.2247
1 -0.0077 0.2258
1 -0.0042 0.2281
1 -0.0003 0.2299
1 0.0038 0.2313
1 0.0083 0.2322
1 0.0132 0.2327
1 0.0156 0.2327
1 0.0204 0.2324
1 0.0248 0.2316
1 0.0290 0.2301
1 0.0329 0.2281
1 0.0357 0.2262
1 0.0389 0.2233
1 0.0413 0.2201
1 0.0429 0.2166
1 0.0438 0.2127
1 0.0440 0.2100
1 0.0284 0.2100
1 0.0270 0.2137
1 0.0245 0.2171
1 0.0241 0.2174
1 0.0203 0.2197
1 0.0159 0.2205
1 0.0156 0.2205
1 0.0109 0.2199
1 0.0069 0.2184
1 0.0047 0.2168
1 0.0021 0.2137
1 0.0007 0.2101
1 0.0004 0.2071
1 0.0010 0.2042
1 0.0028 0.2012
1 0.0057 0.1983
1 0.0098 0.1954
1 0.0127 0.1936
1 0.0194 0.1899
1 0.0249 0.1868
1 0.0293 0.1843
1 0.0325 0.1824
1 0.0345 0.1811
1 0.0354 0.1805
1 0.0389 0.1776
1 0.0419 0.1745
1 0.0442 0.1712
1 0.0460 0.1678
1 0.0471 0.1642
1 0.0476 0.1604
1 0.0476 0.1591
1 0.0475 0.1550
1 0.0469 0.1512
1 0.0459 0.1477
1 0.0446 0.1444
1 0.0429 0.1415
1 0.0408 0.1389
1 0.0383 0.1365
1 0.0355 0.1345
1 0.0322 0.1328
1 0.0286 0.1314
1 0.0246 0.1302
1 0.0202 0.1294
1 0.0155 0.1289
1 0.0103 0.1287
1 0.0091 0.1286
1 0.0046 0.1290
1 0.0000 0.1300
1 -0.0025 0.1309
1 -0.0065 0.1327
1 -0.0100 0.1348
1 -0.0131 0.1372
1 -0.0157 0.1400
1 -0.0178 0.1431
1 -0.0195 0.1466
1 -0.0207 0.1504
1 -0.0214 0.1545
1 -0.0217 0.1577
1 -0.0060 0.1577
1 -0.0053 0.1541
1 -0.0036 0.1506
1 -0.0007 0.1471
1 -0.0001 0.1465
1 0.0036 0.1435
1 0.0074 0.1416
1 0.0116 0.1409
1 0.0122 0.1409
1 0.0166 0.1412
1 0.0205 0.1422
1 0.0237 0.1438
1 0.0262 0.1460
1 0.0282 0.1489
1 0.0294 0.1524
1 0.0301 0.1566
1 0.0302 0.1590
1 0.0297 0.1623
1 0.0282 0.1655
1 0.0258 0.1686
1 0.0224 0.1715
1 0.0180 0.1743
1 0.0179 0.1743
1 0.0139 0.1765
1 0.0099 0.1786
1 0.0059 0.1807
1 0.0019 0.1829
1 -0.0021 0.1849
1 -0.0047 0.1863
1 -0.0084 0.1891
1 -0.0114 0.1921
1 -0.0137 0.1953
1 -0.0154 0.1988
1 -0.0164 0.2024
1 -0.0169 0.2063
1 -0.0169 0.2069
1 -0.0166 0.2112
1 -0.0156 0.2151
1 -0.0140 0.2186
1 -0.0118 0.2218
112 1250 13
0 0.1202 0.2325
1 0.0613 0.2325
1 0.0613 0.1289
1 0.1202 0.1289
1 0.1202 0.1413
1 0.0781 0.1413
1 0.0781 0.1787
1 0.1040 0.1787
1 0.1040 0.1910
1 0.0781 0.1910
1 0.0781 0.2204
1 0.1202 0.2204
1 0.1202 0.2325
112 1250 117
0 0.1331 0.1400
1 0.1357 0.1372
1 0.1387 0.1348
1 0.1422 0.1327
1 0.1462 0.1309
1 0.1487 0.1300
1 0.1533 0.1290
1 0.1578 0.1286
1 0.1590 0.1287
1 0.1642 0.1289
1 0.1689 0.1294
1 0.1733 0.1302
1 0.1773 0.1314
1 0.1809 0.1328
1 0.1842 0.1345
1 0.1870 0.1365
1 0.1895 0.1389
1 0.1916 0.1415
1 0.1933 0.1444
1 0.1946 0.1477
1 0.1956 0.1512
1 0.1961 0.1550
1 0.1963 0.1591
1 0.1963 0.1604
1 0.1958 0.1642
1 0.1947 0.1678
1 0.1929 0.1712
1 0.1906 0.1745
1 0.1876 0.1776
1 0.1840 0.1805
1 0.1833 0.1811
1 0.1812 0.1824
1 0.1780 0.1843
1 0.1736 0.1868
1 0.1681 0.1899
1 0.1614 0.1936
1 0.1585 0.1954
1 0.1544 0.1983
1 0.1515 0.2012
1 0.1497 0.2042
1 0.1491 0.2071
1 0.1494 0.2101
1 0.1509 0.2137
1 0.1535 0.2168
1 0.1556 0.2184
1 0.1596 0.2199
1 0.1644 0.2205
1 0.1646 0.2205
1 0.1690 0.2197
1 0.1728 0.2174
1 0.1732 0.2171
1 0.1757 0.2137
1 0.1772 0.2100
1 0.1927 0.2100
1 0.1926 0.2127
1 0.1916 0.2166
1 0.1900 0.2201
1 0.1876 0.2233
1 0.1844 0.2262
1 0.1816 0.2281
1 0.1777 0.2301
1 0.1735 0.2316
1 0.1691 0.2324
1 0.1644 0.2327
1 0.1619 0.2327
1 0.1570 0.2322
1 0.1526 0.2313
1 0.1484 0.2299
1 0.1445 0.2281
1 0.1410 0.2258
1 0.1397 0.2247
1 0.1369 0.2218
1 0.1347 0.2186
1 0.1331 0.2151
1 0.1322 0.2112
1 0.1318 0.2069
1 0.1318 0.2063
1 0.1323 0.2024
1 0.1333 0.1988
1 0.1350 0.1953
1 0.1374 0.1921
1 0.1403 0.1891
1 0.1439 0.1863
1 0.1466 0.1849
1 0.1506 0.1829
1 0.1546 0.1807
1 0.1586 0.1786
1 0.1626 0.1765
1 0.1666 0.1743
1 0.1667 0.1743
1 0.1711 0.1715
1 0.1745 0.1686
1 0.1769 0.1655
1 0.1784 0.1623
1 0.1789 0.1590
1 0.1788 0.1566
1 0.1781 0.1524
1 0.1768 0.1489
1 0.1750 0.1460
1 0.1724 0.1438
1 0.1692 0.1422
1 0.1653 0.1412
1 0.1609 0.1409
1 0.1602 0.1409
1 0.1561 0.1416
1 0.1522 0.1435
1 0.1486 0.1465
1 0.1480 0.1471
1 0.1451 0.1506
1 0.1434 0.1541
1 0.1427 0.1577
1 0.1270 0.1577
1 0.1273 0.1545
1 0.1280 0.1504
1 0.1292 0.1466
1 0.1309 0.1431
1 0.1331 0.1400
112 1250 73
0 -0.1773 0.3193
1 -0.1715 0.3150
1 -0.1641 0.3116
1 -0.1598 0.3104
1 -0.1509 0.3095
1 -0.1487 0.3095
1 -0.1391 0.3102
1 -0.1307 0.3116
1 -0.1236 0.3142
1 -0.1178 0.3174
1 -0.1133 0.3217
1 -0.1101 0.3268
1 -0.1081 0.3329
1 -0.1075 0.3399
1 -0.1079 0.3441
1 -0.1103 0.3504
1 -0.1147 0.3560
1 -0.1213 0.3612
1 -0.1219 0.3615
1 -0.1263 0.3640
1 -0.1346 0.3682
1 -0.1469 0.3742
1 -0.1528 0.3775
1 -0.1588 0.3826
1 -0.1607 0.3877
1 -0.1601 0.3917
1 -0.1559 0.3974
1 -0.1523 0.3994
1 -0.1436 0.4010
1 -0.1419 0.4009
1 -0.1340 0.3979
1 -0.1327 0.3967
1 -0.1291 0.3906
1 -0.1116 0.3906
1 -0.1122 0.3954
1 -0.1153 0.4015
1 -0.1209 0.4067
1 -0.1264 0.4098
1 -0.1345 0.4124
1 -0.1436 0.4132
1 -0.1452 0.4132
1 -0.1546 0.4123
1 -0.1628 0.4100
1 -0.1699 0.4063
1 -0.1707 0.4058
1 -0.1760 0.4007
1 -0.1792 0.3946
1 -0.1802 0.3875
1 -0.1799 0.3838
1 -0.1776 0.3775
1 -0.1732 0.3719
1 -0.1666 0.3670
1 -0.1646 0.3659
1 -0.1566 0.3624
1 -0.1488 0.3587
1 -0.1410 0.3550
1 -0.1338 0.3506
1 -0.1288 0.3454
1 -0.1272 0.3397
1 -0.1273 0.3370
1 -0.1291 0.3303
1 -0.1331 0.3254
1 -0.1392 0.3227
1 -0.1475 0.3216
1 -0.1540 0.3227
1 -0.1613 0.3272
1 -0.1659 0.3323
1 -0.1679 0.3384
1 -0.1857 0.3384
1 -0.1857 0.3381
1 -0.1845 0.3309
1 -0.1817 0.3245
1 -0.1773 0.3193
112 1250 49
0 -0.0110 0.3210
1 -0.0061 0.3270
1 -0.0055 0.3278
1 -0.0023 0.3334
1 0.0002 0.3396
1 0.0019 0.3463
1 0.0030 0.3536
1 0.0034 0.3614
1 0.0033 0.3625
1 0.0029 0.3702
1 0.0017 0.3774
1 -0.0002 0.3840
1 -0.0028 0.3901
1 -0.0061 0.3957
1 -0.0073 0.3974
1 -0.0126 0.4030
1 -0.0188 0.4074
1 -0.0260 0.4105
1 -0.0342 0.4124
1 -0.0431 0.4131
1 -0.0457 0.4130
1 -0.0544 0.4120
1 -0.0623 0.4098
1 -0.0692 0.4063
1 -0.0753 0.4017
1 -0.0803 0.3957
1 -0.0808 0.3950
1 -0.0839 0.3893
1 -0.0865 0.3832
1 -0.0882 0.3765
1 -0.0893 0.3692
1 -0.0896 0.3614
1 -0.0896 0.3602
1 -0.0892 0.3526
1 -0.0880 0.3455
1 -0.0860 0.3389
1 -0.0833 0.3328
1 -0.0799 0.3271
1 -0.0787 0.3255
1 -0.0734 0.3197
1 -0.0671 0.3152
1 -0.0600 0.3120
1 -0.0520 0.3101
1 -0.0431 0.3095
1 -0.0404 0.3095
1 -0.0316 0.3105
1 -0.0238 0.3128
1 -0.0170 0.3162
1 -0.0110 0.3210
112 1250 7
0 0.0337 0.4132
1 0.0147 0.4132
1 0.0147 0.3097
1 0.0846 0.3097
1 0.0846 0.3244
1 0.0337 0.3244
1 0.0337 0.4132
112 1250 49
0 0.1752 0.3210
1 0.1802 0.3270
1 0.1807 0.3278
1 0.1839 0.3334
1 0.1863 0.3396
1 0.1881 0.3463
1 0.1892 0.3536
1 0.1895 0.3614
1 0.1895 0.3625
1 0.1890 0.3702
1 0.1879 0.3774
1 0.1861 0.3840
1 0.1834 0.3901
1 0.1802 0.3957
1 0.1789 0.3974
1 0.1736 0.4030
1 0.1674 0.4074
1 0.1602 0.4105
1 0.1521 0.4124
1 0.1430 0.4131
1 0.1406 0.4130
1 0.1318 0.4120
1 0.1239 0.4098
1 0.1169 0.4063
1 0.1110 0.4017
1 0.1059 0.3957
1 0.1055 0.3950
1 0.1022 0.3893
1 0.0998 0.3832
1 0.0980 0.3765
1 0.0969 0.3692
1 0.0965 0.3614
1 0.0966 0.3602
1 0.0971 0.3526
1 0.0983 0.3455
1 0.1002 0.3389
1 0.1028 0.3328
1 0.1063 0.3271
1 0.1075 0.3255
1 0.1128 0.3197
1 0.1191 0.3152
1 0.1262 0.3120
1 0.1341 0.3101
1 0.1430 0.3095
1 0.1458 0.3095
1 0.1546 0.3105
1 0.1623 0.3128
1 0.1692 0.3162
1 0.1752 0.3210
112 1251 33
0 -0.0431 0.3243
1 -0.0366 0.3250
1 -0.0310 0.3270
1 -0.0263 0.3303
1 -0.0226 0.3350
1 -0.0199 0.3410
1 -0.0180 0.3483
1 -0.0171 0.3569
1 -0.0170 0.3614
1 -0.0174 0.3707
1 -0.0188 0.3786
1 -0.0212 0.3852
1 -0.0245 0.3905
1 -0.0287 0.3944
1 -0.0339 0.3970
1 -0.0400 0.3983
1 -0.0431 0.3985
1 -0.0497 0.3978
1 -0.0553 0.3958
1 -0.0598 0.3924
1 -0.0636 0.3878
1 -0.0664 0.3818
1 -0.0682 0.3744
1 -0.0691 0.3657
1 -0.0692 0.3614
1 -0.0687 0.3521
1 -0.0673 0.3441
1 -0.0649 0.3375
1 -0.0616 0.3323
1 -0.0574 0.3283
1 -0.0523 0.3257
1 -0.0462 0.3244
1 -0.0431 0.3243
112 1251 33
0 0.1430 0.3243
1 0.1495 0.3250
1 0.1552 0.3270
1 0.1598 0.3303
1 0.1635 0.3350
1 0.1663 0.3410
1 0.1682 0.3483
1 0.1691 0.3569
1 0.1692 0.3614
1 0.1688 0.3707
1 0.1674 0.3786
1 0.1649 0.3852
1 0.1617 0.3905
1 0.1575 0.3944
1 0.1522 0.3970
1 0.1462 0.3983
1 0.1430 0.3985
1 0.1366 0.3978
1 0.1310 0.3958
1 0.1263 0.3924
1 0.1226 0.3878
1 0.1198 0.3818
1 0.1181 0.3744
1 0.1171 0.3657
1 0.1170 0.3614
1 0.1175 0.3521
1 0.1189 0.3441
1 0.1212 0.3375
1 0.1245 0.3323
1 0.1288 0.3283
1 0.1339 0.3257
1 0.1400 0.3244
1 0.1430 0.3243
31 0 109
 0 0.3600 1.2342
 1 -0.3600 1.2342
 1 -0.3611 1.2342
 1 -0.3621 1.2341
 1 -0.3631 1.2340
 1 -0.3641 1.2337
 1 -0.3651 1.2335
 1 -0.3661 1.2331
 1 -0.3671 1.2327
 1 -0.3680 1.2323
 1 -0.3689 1.2318
 1 -0.3698 1.2312
 1 -0.3706 1.2306
 1 -0.3714 1.2299
 1 -0.3721 1.2292
 1 -0.3729 1.2285
 1 -0.3735 1.2277
 1 -0.3741 1.2268
 1 -0.3747 1.2260
 1 -0.3752 1.2251
 1 -0.3757 1.2241
 1 -0.3760 1.2232
 1 -0.3764 1.2222
 1 -0.3767 1.2212
 1 -0.3769 1.2202
 1 -0.3770 1.2192
 1 -0.3771 1.2181
 1 -0.3772 1.2171
 1 -0.3772 0.0685
 1 -0.3771 0.0675
 1 -0.3770 0.0665
 1 -0.3769 0.0654
 1 -0.3767 0.0644
 1 -0.3764 0.0634
 1 -0.3760 0.0624
 1 -0.3757 0.0615
 1 -0.3752 0.0606
 1 -0.3747 0.0597
 1 -0.3741 0.0588
 1 -0.3735 0.0580
 1 -0.3729 0.0572
 1 -0.3721 0.0564
 1 -0.3714 0.0557
 1 -0.3706 0.0550
 1 -0.3698 0.0544
 1 -0.3689 0.0539
 1 -0.3680 0.0533
 1 -0.3671 0.0529
 1 -0.3661 0.0525
 1 -0.3651 0.0522
 1 -0.3641 0.0519
 1 -0.3631 0.0517
 1 -0.3621 0.0515
 1 -0.3611 0.0514
 1 -0.3600 0.0514
 1 0.3600 0.0514
 1 0.3610 0.0514
 1 0.3620 0.0515
 1 0.3631 0.0517
 1 0.3641 0.0519
 1 0.3651 0.0522
 1 0.3661 0.0525
 1 0.3670 0.0529
 1 0.3679 0.0533
 1 0.3688 0.0539
 1 0.3697 0.0544
 1 0.3706 0.0550
 1 0.3713 0.0557
 1 0.3721 0.0564
 1 0.3728 0.0572
 1 0.3735 0.0580
 1 0.3741 0.0588
 1 0.3747 0.0597
 1 0.3752 0.0606
 1 0.3756 0.0615
 1 0.3760 0.0624
 1 0.3763 0.0634
 1 0.3766 0.0644
 1 0.3768 0.0654
 1 0.3770 0.0665
 1 0.3771 0.0675
 1 0.3771 0.0685
 1 0.3771 1.2171
 1 0.3771 1.2181
 1 0.3770 1.2192
 1 0.3768 1.2202
 1 0.3766 1.2212
 1 0.3763 1.2222
 1 0.3760 1.2232
 1 0.3756 1.2241
 1 0.3752 1.2251
 1 0.3747 1.2260
 1 0.3741 1.2268
 1 0.3735 1.2277
 1 0.3728 1.2285
 1 0.3721 1.2292
 1 0.3713 1.2299
 1 0.3706 1.2306
 1 0.3697 1.2312
 1 0.3688 1.2318
 1 0.3679 1.2323
 1 0.3670 1.2327
 1 0.3661 1.2331
 1 0.3651 1.2335
 1 0.3641 1.2337
 1 0.3631 1.2340
 1 0.3620 1.2341
 1 0.3610 1.2342
 1 0.3600 1.2342
31 0 2
 0 0.3600 1.2685
 1 -0.3600 1.2685
31 0 109
 0 -0.3600 1.2342
 1 0.3600 1.2342
 1 0.3610 1.2342
 1 0.3620 1.2341
 1 0.3631 1.2340
 1 0.3641 1.2337
 1 0.3651 1.2335
 1 0.3661 1.2331
 1 0.3670 1.2327
 1 0.3679 1.2323
 1 0.3688 1.2318
 1 0.3697 1.2312
 1 0.3706 1.2306
 1 0.3713 1.2299
 1 0.3721 1.2292
 1 0.3728 1.2285
 1 0.3735 1.2277
 1 0.3741 1.2268
 1 0.3747 1.2260
 1 0.3752 1.2251
 1 0.3756 1.2241
 1 0.3760 1.2232
 1 0.3763 1.2222
 1 0.3766 1.2212
 1 0.3768 1.2202
 1 0.3770 1.2192
 1 0.3771 1.2181
 1 0.3771 1.2171
 1 0.3771 0.0685
 1 0.3771 0.0675
 1 0.3770 0.0665
 1 0.3768 0.0654
 1 0.3766 0.0644
 1 0.3763 0.0634
 1 0.3760 0.0624
 1 0.3756 0.0615
 1 0.3752 0.0606
 1 0.3747 0.0597
 1 0.3741 0.0588
 1 0.3735 0.0580
 1 0.3728 0.0572
 1 0.3721 0.0564
 1 0.3713 0.0557
 1 0.3706 0.0550
 1 0.3697 0.0544
 1 0.3688 0.0539
 1 0.3679 0.0533
 1 0.3670 0.0529
 1 0.3661 0.0525
 1 0.3651 0.0522
 1 0.3641 0.0519
 1 0.3631 0.0517
 1 0.3620 0.0515
 1 0.3610 0.0514
 1 0.3600 0.0514
 1 -0.3600 0.0514
 1 -0.3611 0.0514
 1 -0.3621 0.0515
 1 -0.3631 0.0517
 1 -0.3641 0.0519
 1 -0.3651 0.0522
 1 -0.3661 0.0525
 1 -0.3671 0.0529
 1 -0.3680 0.0533
 1 -0.3689 0.0539
 1 -0.3698 0.0544
 1 -0.3706 0.0550
 1 -0.3714 0.0557
 1 -0.3721 0.0564
 1 -0.3729 0.0572
 1 -0.3735 0.0580
 1 -0.3741 0.0588
 1 -0.3747 0.0597
 1 -0.3752 0.0606
 1 -0.3757 0.0615
 1 -0.3760 0.0624
 1 -0.3764 0.0634
 1 -0.3767 0.0644
 1 -0.3769 0.0654
 1 -0.3770 0.0665
 1 -0.3771 0.0675
 1 -0.3772 0.0685
 1 -0.3772 1.2171
 1 -0.3771 1.2181
 1 -0.3770 1.2192
 1 -0.3769 1.2202
 1 -0.3767 1.2212
 1 -0.3764 1.2222
 1 -0.3760 1.2232
 1 -0.3757 1.2241
 1 -0.3752 1.2251
 1 -0.3747 1.2260
 1 -0.3741 1.2268
 1 -0.3735 1.2277
 1 -0.3729 1.2285
 1 -0.3721 1.2292
 1 -0.3714 1.2299
 1 -0.3706 1.2306
 1 -0.3698 1.2312
 1 -0.3689 1.2318
 1 -0.3680 1.2323
 1 -0.3671 1.2327
 1 -0.3661 1.2331
 1 -0.3651 1.2335
 1 -0.3641 1.2337
 1 -0.3631 1.2340
 1 -0.3621 1.2341
 1 -0.3611 1.2342
 1 -0.3600 1.2342
31 0 181
 0 -0.3600 1.2685
 1 -0.3619 1.2685
 1 -0.3637 1.2684
 1 -0.3655 1.2682
 1 -0.3673 1.2680
 1 -0.3692 1.2677
 1 -0.3710 1.2673
 1 -0.3727 1.2669
 1 -0.3745 1.2664
 1 -0.3763 1.2659
 1 -0.3780 1.2653
 1 -0.3797 1.2646
 1 -0.3814 1.2639
 1 -0.3830 1.2631
 1 -0.3847 1.2622
 1 -0.3863 1.2613
 1 -0.3878 1.2604
 1 -0.3894 1.2593
 1 -0.3908 1.2583
 1 -0.3923 1.2571
 1 -0.3937 1.2560
 1 -0.3951 1.2547
 1 -0.3964 1.2535
 1 -0.3977 1.2521
 1 -0.3989 1.2508
 1 -0.4001 1.2494
 1 -0.4012 1.2479
 1 -0.4023 1.2464
 1 -0.4033 1.2449
 1 -0.4042 1.2433
 1 -0.4052 1.2417
 1 -0.4060 1.2401
 1 -0.4068 1.2385
 1 -0.4075 1.2368
 1 -0.4082 1.2351
 1 -0.4088 1.2333
 1 -0.4094 1.2316
 1 -0.4099 1.2298
 1 -0.4103 1.2280
 1 -0.4106 1.2262
 1 -0.4109 1.2244
 1 -0.4112 1.2226
 1 -0.4113 1.2208
 1 -0.4114 1.2189
 1 -0.4114 1.2171
 1 -0.4114 0.0685
 1 -0.4114 0.0667
 1 -0.4113 0.0649
 1 -0.4112 0.0630
 1 -0.4109 0.0612
 1 -0.4106 0.0594
 1 -0.4103 0.0576
 1 -0.4099 0.0558
 1 -0.4094 0.0540
 1 -0.4088 0.0523
 1 -0.4082 0.0506
 1 -0.4075 0.0488
 1 -0.4068 0.0472
 1 -0.4060 0.0455
 1 -0.4052 0.0439
 1 -0.4042 0.0423
 1 -0.4033 0.0407
 1 -0.4023 0.0392
 1 -0.4012 0.0377
 1 -0.4001 0.0363
 1 -0.3989 0.0348
 1 -0.3977 0.0335
 1 -0.3964 0.0322
 1 -0.3951 0.0309
 1 -0.3937 0.0297
 1 -0.3923 0.0285
 1 -0.3908 0.0274
 1 -0.3894 0.0263
 1 -0.3878 0.0253
 1 -0.3863 0.0243
 1 -0.3847 0.0234
 1 -0.3830 0.0225
 1 -0.3814 0.0217
 1 -0.3797 0.0210
 1 -0.3780 0.0203
 1 -0.3763 0.0197
 1 -0.3745 0.0192
 1 -0.3727 0.0187
 1 -0.3710 0.0183
 1 -0.3692 0.0179
 1 -0.3673 0.0176
 1 -0.3655 0.0174
 1 -0.3637 0.0172
 1 -0.3619 0.0171
 1 -0.3600 0.0171
 1 0.3600 0.0171
 1 0.3618 0.0171
 1 0.3636 0.0172
 1 0.3655 0.0174
 1 0.3673 0.0176
 1 0.3691 0.0179
 1 0.3709 0.0183
 1 0.3727 0.0187
 1 0.3745 0.0192
 1 0.3762 0.0197
 1 0.3780 0.0203
 1 0.3797 0.0210
 1 0.3813 0.0217
 1 0.3830 0.0225
 1 0.3846 0.0234
 1 0.3862 0.0243
 1 0.3878 0.0253
 1 0.3893 0.0263
 1 0.3908 0.0274
 1 0.3923 0.0285
 1 0.3937 0.0297
 1 0.3950 0.0309
 1 0.3963 0.0322
 1 0.3976 0.0335
 1 0.3988 0.0348
 1 0.4000 0.0363
 1 0.4012 0.0377
 1 0.4022 0.0392
 1 0.4032 0.0407
 1 0.4042 0.0423
 1 0.4051 0.0439
 1 0.4060 0.0455
 1 0.4068 0.0472
 1 0.4075 0.0488
 1 0.4082 0.0506
 1 0.4088 0.0523
 1 0.4093 0.0540
 1 0.4098 0.0558
 1 0.4102 0.0576
 1 0.4106 0.0594
 1 0.4109 0.0612
 1 0.4111 0.0630
 1 0.4113 0.0649
 1 0.4114 0.0667
 1 0.4114 0.0685
 1 0.4114 1.2171
 1 0.4114 1.2189
 1 0.4113 1.2208
 1 0.4111 1.2226
 1 0.4109 1.2244
 1 0.4106 1.2262
 1 0.4102 1.2280
 1 0.4098 1.2298
 1 0.4093 1.2316
 1 0.4088 1.2333
 1 0.4082 1.2351
 1 0.4075 1.2368
 1 0.4068 1.2385
 1 0.4060 1.2401
 1 0.4051 1.2417
 1 0.4042 1.2433
 1 0.4032 1.2449
 1 0.4022 1.2464
 1 0.4012 1.2479
 1 0.4000 1.2494
 1 0.3988 1.2508
 1 0.3976 1.2521
 1 0.3963 1.2535
 1 0.3950 1.2547
 1 0.3937 1.2560
 1 0.3923 1.2571
 1 0.3908 1.2583
 1 0.3893 1.2593
 1 0.3878 1.2604
 1 0.3862 1.2613
 1 0.3846 1.2622
 1 0.3830 1.2631
 1 0.3813 1.2639
 1 0.3797 1.2646
 1 0.3780 1.2653
 1 0.3762 1.2659
 1 0.3745 1.2664
 1 0.3727 1.2669
 1 0.3709 1.2673
 1 0.3691 1.2677
 1 0.3673 1.2680
 1 0.3655 1.2682
 1 0.3636 1.2684
 1 0.3618 1.2685
 1 0.3600 1.2685
 1 0.3600 1.2685
31 0 2
 0 0.3028 0.0000
 1 -0.3449 0.0000
31 0 2
 0 0.2983 0.9003
 1 0.2983 0.9003
31 0 2
 0 0.3190 0.8484
 1 0.3190 0.8484
31 0 2
 0 0.3190 0.8484
 1 0.3190 0.8484
31 0 2
 0 0.3190 0.8484
 1 0.3190 0.8484
31 0 2
 0 0.3190 0.8484
 1 0.3190 0.8484
31 0 2
 0 0.2983 0.8588
 1 0.2983 0.8588
31 0 2
 0 0.2879 0.7965
 1 0.2879 0.7965
31 0 2
 0 0.1819 0.8899
 1 0.1819 0.8899
31 0 2
 0 0.1819 0.8899
 1 0.1819 0.8899
31 0 2
 0 0.1531 0.8484
 1 0.1531 0.8484
31 0 2
 0 0.1531 0.8484
 1 0.1531 0.8484
31 0 2
 0 0.1531 0.8484
 1 0.1531 0.8484
31 0 2
 0 0.1531 0.8484
 1 0.1531 0.8484
31 0 213
 1 0.4286 1.2171
 1 0.4286 0.0685
 1 0.4285 0.0665
 1 0.4284 0.0644
 1 0.4283 0.0623
 1 0.4281 0.0603
 1 0.4278 0.0582
 1 0.4274 0.0562
 1 0.4270 0.0541
 1 0.4266 0.0521
 1 0.4260 0.0501
 1 0.4254 0.0481
 1 0.4248 0.0462
 1 0.4241 0.0442
 1 0.4233 0.0423
 1 0.4225 0.0404
 1 0.4216 0.0385
 1 0.4207 0.0367
 1 0.4197 0.0348
 1 0.4187 0.0330
 1 0.4176 0.0313
 1 0.4164 0.0296
 1 0.4152 0.0279
 1 0.4140 0.0262
 1 0.4127 0.0246
 1 0.4113 0.0231
 1 0.4099 0.0215
 1 0.4085 0.0200
 1 0.4070 0.0186
 1 0.4055 0.0172
 1 0.4039 0.0158
 1 0.4023 0.0145
 1 0.4006 0.0133
 1 0.3989 0.0121
 1 0.3972 0.0109
 1 0.3955 0.0098
 1 0.3937 0.0088
 1 0.3918 0.0078
 1 0.3900 0.0069
 1 0.3881 0.0060
 1 0.3862 0.0052
 1 0.3843 0.0044
 1 0.3823 0.0037
 1 0.3804 0.0031
 1 0.3784 0.0025
 1 0.3764 0.0019
 1 0.3744 0.0015
 1 0.3723 0.0011
 1 0.3703 0.0007
 1 0.3682 0.0005
 1 0.3662 0.0002
 1 0.3641 0.0001
 1 0.3621 0.0000
 1 0.3600 0.0000
 1 -0.3600 0.0000
 1 -0.3621 0.0000
 1 -0.3642 0.0001
 1 -0.3662 0.0002
 1 -0.3683 0.0005
 1 -0.3703 0.0007
 1 -0.3724 0.0011
 1 -0.3744 0.0015
 1 -0.3764 0.0019
 1 -0.3784 0.0025
 1 -0.3804 0.0031
 1 -0.3824 0.0037
 1 -0.3843 0.0044
 1 -0.3863 0.0052
 1 -0.3882 0.0060
 1 -0.3900 0.0069
 1 -0.3919 0.0078
 1 -0.3937 0.0088
 1 -0.3955 0.0098
 1 -0.3973 0.0109
 1 -0.3990 0.0121
 1 -0.4007 0.0133
 1 -0.4023 0.0145
 1 -0.4039 0.0158
 1 -0.4055 0.0172
 1 -0.4070 0.0186
 1 -0.4085 0.0200
 1 -0.4099 0.0215
 1 -0.4113 0.0231
 1 -0.4127 0.0246
 1 -0.4140 0.0262
 1 -0.4153 0.0279
 1 -0.4165 0.0296
 1 -0.4176 0.0313
 1 -0.4187 0.0330
 1 -0.4197 0.0348
 1 -0.4207 0.0367
 1 -0.4217 0.0385
 1 -0.4225 0.0404
 1 -0.4234 0.0423
 1 -0.4241 0.0442
 1 -0.4248 0.0462
 1 -0.4255 0.0481
 1 -0.4261 0.0501
 1 -0.4266 0.0521
 1 -0.4271 0.0541
 1 -0.4275 0.0562
 1 -0.4278 0.0582
 1 -0.4281 0.0603
 1 -0.4283 0.0623
 1 -0.4285 0.0644
 1 -0.4286 0.0665
 1 -0.4286 0.0685
 1 -0.4286 1.2171
 1 -0.4286 1.2192
 1 -0.4285 1.2212
 1 -0.4283 1.2233
 1 -0.4281 1.2254
 1 -0.4278 1.2274
 1 -0.4275 1.2295
 1 -0.4271 1.2315
 1 -0.4266 1.2335
 1 -0.4261 1.2355
 1 -0.4255 1.2375
 1 -0.4248 1.2395
 1 -0.4241 1.2414
 1 -0.4234 1.2433
 1 -0.4225 1.2452
 1 -0.4217 1.2471
 1 -0.4207 1.2490
 1 -0.4197 1.2508
 1 -0.4187 1.2526
 1 -0.4176 1.2543
 1 -0.4165 1.2560
 1 -0.4153 1.2577
 1 -0.4140 1.2594
 1 -0.4127 1.2610
 1 -0.4113 1.2626
 1 -0.4099 1.2641
 1 -0.4085 1.2656
 1 -0.4070 1.2670
 1 -0.4055 1.2684
 1 -0.4039 1.2698
 1 -0.4023 1.2711
 1 -0.4007 1.2723
 1 -0.3990 1.2735
 1 -0.3973 1.2747
 1 -0.3955 1.2758
 1 -0.3937 1.2768
 1 -0.3919 1.2778
 1 -0.3900 1.2787
 1 -0.3882 1.2796
 1 -0.3863 1.2804
 1 -0.3843 1.2812
 1 -0.3824 1.2819
 1 -0.3804 1.2826
 1 -0.3784 1.2831
 1 -0.3764 1.2837
 1 -0.3744 1.2841
 1 -0.3724 1.2845
 1 -0.3703 1.2849
 1 -0.3683 1.2852
 1 -0.3662 1.2854
 1 -0.3642 1.2855
 1 -0.3621 1.2856
 1 -0.3600 1.2857
 1 0.3600 1.2857
 1 0.3621 1.2856
 1 0.3641 1.2855
 1 0.3662 1.2854
 1 0.3682 1.2852
 1 0.3703 1.2849
 1 0.3723 1.2845
 1 0.3744 1.2841
 1 0.3764 1.2837
 1 0.3784 1.2831
 1 0.3804 1.2826
 1 0.3823 1.2819
 1 0.3843 1.2812
 1 0.3862 1.2804
 1 0.3881 1.2796
 1 0.3900 1.2787
 1 0.3918 1.2778
 1 0.3937 1.2768
 1 0.3955 1.2758
 1 0.3972 1.2747
 1 0.3989 1.2735
 1 0.4006 1.2723
 1 0.4023 1.2711
 1 0.4039 1.2698
 1 0.4055 1.2684
 1 0.4070 1.2670
 1 0.4085 1.2656
 1 0.4099 1.2641
 1 0.4113 1.2626
 1 0.4127 1.2610
 1 0.4140 1.2594
 1 0.4152 1.2577
 1 0.4164 1.2560
 1 0.4176 1.2543
 1 0.4187 1.2526
 1 0.4197 1.2508
 1 0.4207 1.2490
 1 0.4216 1.2471
 1 0.4225 1.2452
 1 0.4233 1.2433
 1 0.4241 1.2414
 1 0.4248 1.2395
 1 0.4254 1.2375
 1 0.4260 1.2355
 1 0.4266 1.2335
 1 0.4270 1.2315
 1 0.4274 1.2295
 1 0.4278 1.2274
 1 0.4281 1.2254
 1 0.4283 1.2233
 1 0.4284 1.2212
 1 0.4285 1.2192
 1 0.4286 1.2171
