SEcl_RO-10a
3382 29 1 1 0 0 0 0 0 0 1 1
1.000
112 1251 216
0 0.3847 1.0414
1 0.3847 0.0587
1 0.3847 0.0587
1 0.3846 0.0569
1 0.3845 0.0551
1 0.3844 0.0534
1 0.3842 0.0516
1 0.3840 0.0498
1 0.3837 0.0481
1 0.3833 0.0464
1 0.3829 0.0446
1 0.3825 0.0429
1 0.3820 0.0412
1 0.3814 0.0395
1 0.3808 0.0379
1 0.3802 0.0362
1 0.3795 0.0346
1 0.3787 0.0330
1 0.3779 0.0314
1 0.3771 0.0298
1 0.3762 0.0283
1 0.3753 0.0268
1 0.3743 0.0253
1 0.3732 0.0239
1 0.3722 0.0225
1 0.3711 0.0211
1 0.3699 0.0198
1 0.3687 0.0185
1 0.3675 0.0172
1 0.3662 0.0159
1 0.3649 0.0148
1 0.3635 0.0136
1 0.3622 0.0125
1 0.3608 0.0114
1 0.3593 0.0104
1 0.3578 0.0094
1 0.3563 0.0085
1 0.3548 0.0076
1 0.3533 0.0067
1 0.3517 0.0059
1 0.3501 0.0052
1 0.3484 0.0045
1 0.3468 0.0038
1 0.3451 0.0032
1 0.3434 0.0027
1 0.3417 0.0022
1 0.3400 0.0017
1 0.3383 0.0013
1 0.3366 0.0010
1 0.3348 0.0007
1 0.3331 0.0004
1 0.3313 0.0002
1 0.3295 0.0001
1 0.3278 0.0000
1 0.3260 0.0000
1 -0.2900 0.0000
1 -0.2900 0.0000
1 -0.2918 0.0000
1 -0.2936 0.0001
1 -0.2953 0.0002
1 -0.2971 0.0004
1 -0.2989 0.0007
1 -0.3006 0.0010
1 -0.3023 0.0013
1 -0.3041 0.0017
1 -0.3058 0.0022
1 -0.3075 0.0027
1 -0.3092 0.0032
1 -0.3108 0.0038
1 -0.3125 0.0045
1 -0.3141 0.0052
1 -0.3157 0.0059
1 -0.3173 0.0067
1 -0.3188 0.0076
1 -0.3204 0.0085
1 -0.3219 0.0094
1 -0.3234 0.0104
1 -0.3248 0.0114
1 -0.3262 0.0125
1 -0.3276 0.0136
1 -0.3289 0.0148
1 -0.3302 0.0159
1 -0.3315 0.0172
1 -0.3327 0.0185
1 -0.3339 0.0198
1 -0.3351 0.0211
1 -0.3362 0.0225
1 -0.3373 0.0239
1 -0.3383 0.0253
1 -0.3393 0.0268
1 -0.3402 0.0283
1 -0.3411 0.0298
1 -0.3420 0.0314
1 -0.3428 0.0330
1 -0.3435 0.0346
1 -0.3442 0.0362
1 -0.3449 0.0379
1 -0.3455 0.0395
1 -0.3460 0.0412
1 -0.3465 0.0429
1 -0.3470 0.0446
1 -0.3474 0.0464
1 -0.3477 0.0481
1 -0.3480 0.0498
1 -0.3483 0.0516
1 -0.3485 0.0534
1 -0.3486 0.0551
1 -0.3487 0.0569
1 -0.3487 0.0587
1 -0.3487 1.0414
1 -0.3487 1.0414
1 -0.3487 1.0431
1 -0.3486 1.0449
1 -0.3485 1.0467
1 -0.3483 1.0484
1 -0.3480 1.0502
1 -0.3477 1.0519
1 -0.3474 1.0537
1 -0.3470 1.0554
1 -0.3465 1.0571
1 -0.3460 1.0588
1 -0.3455 1.0605
1 -0.3449 1.0622
1 -0.3442 1.0638
1 -0.3435 1.0654
1 -0.3428 1.0670
1 -0.3420 1.0686
1 -0.3411 1.0702
1 -0.3402 1.0717
1 -0.3393 1.0732
1 -0.3383 1.0747
1 -0.3373 1.0761
1 -0.3362 1.0775
1 -0.3351 1.0789
1 -0.3339 1.0803
1 -0.3327 1.0816
1 -0.3315 1.0828
1 -0.3302 1.0841
1 -0.3289 1.0853
1 -0.3276 1.0864
1 -0.3262 1.0875
1 -0.3248 1.0886
1 -0.3234 1.0896
1 -0.3219 1.0906
1 -0.3204 1.0916
1 -0.3188 1.0925
1 -0.3173 1.0933
1 -0.3157 1.0941
1 -0.3141 1.0949
1 -0.3125 1.0956
1 -0.3108 1.0962
1 -0.3092 1.0968
1 -0.3075 1.0974
1 -0.3058 1.0979
1 -0.3041 1.0983
1 -0.3023 1.0987
1 -0.3006 1.0991
1 -0.2989 1.0994
1 -0.2971 1.0996
1 -0.2953 1.0998
1 -0.2936 1.0999
1 -0.2918 1.1000
1 -0.2900 1.1000
1 0.3260 1.1000
1 0.3260 1.1000
1 0.3278 1.1000
1 0.3295 1.0999
1 0.3313 1.0998
1 0.3331 1.0996
1 0.3348 1.0994
1 0.3366 1.0991
1 0.3383 1.0987
1 0.3400 1.0983
1 0.3417 1.0979
1 0.3434 1.0974
1 0.3451 1.0968
1 0.3468 1.0962
1 0.3484 1.0956
1 0.3501 1.0949
1 0.3517 1.0941
1 0.3533 1.0933
1 0.3548 1.0925
1 0.3563 1.0916
1 0.3578 1.0906
1 0.3593 1.0896
1 0.3608 1.0886
1 0.3622 1.0875
1 0.3635 1.0864
1 0.3649 1.0853
1 0.3662 1.0841
1 0.3675 1.0828
1 0.3687 1.0816
1 0.3699 1.0803
1 0.3711 1.0789
1 0.3722 1.0775
1 0.3732 1.0761
1 0.3743 1.0747
1 0.3753 1.0732
1 0.3762 1.0717
1 0.3771 1.0702
1 0.3779 1.0686
1 0.3787 1.0670
1 0.3795 1.0654
1 0.3802 1.0638
1 0.3808 1.0622
1 0.3814 1.0605
1 0.3820 1.0588
1 0.3825 1.0571
1 0.3829 1.0554
1 0.3833 1.0537
1 0.3837 1.0519
1 0.3840 1.0502
1 0.3842 1.0484
1 0.3844 1.0467
1 0.3845 1.0449
1 0.3846 1.0431
112 1250 184
0 0.3700 1.0414
1 0.3700 0.0587
1 0.3700 0.0587
1 0.3700 0.0571
1 0.3699 0.0555
1 0.3697 0.0540
1 0.3695 0.0524
1 0.3693 0.0509
1 0.3690 0.0493
1 0.3686 0.0478
1 0.3682 0.0463
1 0.3677 0.0448
1 0.3672 0.0433
1 0.3666 0.0418
1 0.3660 0.0404
1 0.3653 0.0390
1 0.3646 0.0376
1 0.3638 0.0362
1 0.3630 0.0349
1 0.3621 0.0336
1 0.3612 0.0323
1 0.3602 0.0311
1 0.3592 0.0299
1 0.3582 0.0287
1 0.3571 0.0276
1 0.3560 0.0265
1 0.3548 0.0254
1 0.3536 0.0244
1 0.3524 0.0234
1 0.3511 0.0225
1 0.3498 0.0217
1 0.3484 0.0208
1 0.3471 0.0200
1 0.3457 0.0193
1 0.3443 0.0186
1 0.3428 0.0180
1 0.3414 0.0174
1 0.3399 0.0169
1 0.3384 0.0164
1 0.3369 0.0160
1 0.3353 0.0157
1 0.3338 0.0154
1 0.3322 0.0151
1 0.3307 0.0149
1 0.3291 0.0148
1 0.3276 0.0147
1 0.3260 0.0147
1 -0.2900 0.0147
1 -0.2900 0.0147
1 -0.2916 0.0147
1 -0.2932 0.0148
1 -0.2947 0.0149
1 -0.2963 0.0151
1 -0.2978 0.0154
1 -0.2994 0.0157
1 -0.3009 0.0160
1 -0.3024 0.0164
1 -0.3039 0.0169
1 -0.3054 0.0174
1 -0.3069 0.0180
1 -0.3083 0.0186
1 -0.3097 0.0193
1 -0.3111 0.0200
1 -0.3125 0.0208
1 -0.3138 0.0217
1 -0.3151 0.0225
1 -0.3164 0.0234
1 -0.3176 0.0244
1 -0.3188 0.0254
1 -0.3200 0.0265
1 -0.3211 0.0276
1 -0.3222 0.0287
1 -0.3233 0.0299
1 -0.3243 0.0311
1 -0.3253 0.0323
1 -0.3262 0.0336
1 -0.3270 0.0349
1 -0.3279 0.0362
1 -0.3286 0.0376
1 -0.3294 0.0390
1 -0.3301 0.0404
1 -0.3307 0.0418
1 -0.3313 0.0433
1 -0.3318 0.0448
1 -0.3322 0.0463
1 -0.3327 0.0478
1 -0.3330 0.0493
1 -0.3333 0.0509
1 -0.3336 0.0524
1 -0.3338 0.0540
1 -0.3339 0.0555
1 -0.3340 0.0571
1 -0.3340 0.0587
1 -0.3340 1.0414
1 -0.3340 1.0414
1 -0.3340 1.0429
1 -0.3339 1.0445
1 -0.3338 1.0461
1 -0.3336 1.0476
1 -0.3333 1.0492
1 -0.3330 1.0507
1 -0.3327 1.0522
1 -0.3322 1.0538
1 -0.3318 1.0553
1 -0.3313 1.0567
1 -0.3307 1.0582
1 -0.3301 1.0596
1 -0.3294 1.0611
1 -0.3286 1.0624
1 -0.3279 1.0638
1 -0.3270 1.0651
1 -0.3262 1.0665
1 -0.3253 1.0677
1 -0.3243 1.0690
1 -0.3233 1.0702
1 -0.3222 1.0713
1 -0.3211 1.0725
1 -0.3200 1.0736
1 -0.3188 1.0746
1 -0.3176 1.0756
1 -0.3164 1.0766
1 -0.3151 1.0775
1 -0.3138 1.0784
1 -0.3125 1.0792
1 -0.3111 1.0800
1 -0.3097 1.0807
1 -0.3083 1.0814
1 -0.3069 1.0820
1 -0.3054 1.0826
1 -0.3039 1.0831
1 -0.3024 1.0836
1 -0.3009 1.0840
1 -0.2994 1.0844
1 -0.2978 1.0847
1 -0.2963 1.0849
1 -0.2947 1.0851
1 -0.2932 1.0852
1 -0.2916 1.0853
1 -0.2900 1.0854
1 0.3260 1.0854
1 0.3260 1.0854
1 0.3276 1.0853
1 0.3291 1.0852
1 0.3307 1.0851
1 0.3322 1.0849
1 0.3338 1.0847
1 0.3353 1.0844
1 0.3369 1.0840
1 0.3384 1.0836
1 0.3399 1.0831
1 0.3414 1.0826
1 0.3428 1.0820
1 0.3443 1.0814
1 0.3457 1.0807
1 0.3471 1.0800
1 0.3484 1.0792
1 0.3498 1.0784
1 0.3511 1.0775
1 0.3524 1.0766
1 0.3536 1.0756
1 0.3548 1.0746
1 0.3560 1.0736
1 0.3571 1.0725
1 0.3582 1.0713
1 0.3592 1.0702
1 0.3602 1.0690
1 0.3612 1.0677
1 0.3621 1.0665
1 0.3630 1.0651
1 0.3638 1.0638
1 0.3646 1.0624
1 0.3653 1.0611
1 0.3660 1.0596
1 0.3666 1.0582
1 0.3672 1.0567
1 0.3677 1.0553
1 0.3682 1.0538
1 0.3686 1.0522
1 0.3690 1.0507
1 0.3693 1.0492
1 0.3695 1.0476
1 0.3697 1.0461
1 0.3699 1.0445
1 0.3700 1.0429
112 1251 109
0 0.3260 1.0560
1 -0.2900 1.0560
1 -0.2909 1.0560
1 -0.2918 1.0559
1 -0.2927 1.0558
1 -0.2935 1.0556
1 -0.2944 1.0554
1 -0.2952 1.0551
1 -0.2960 1.0547
1 -0.2968 1.0543
1 -0.2976 1.0539
1 -0.2984 1.0534
1 -0.2991 1.0529
1 -0.2998 1.0523
1 -0.3004 1.0517
1 -0.3010 1.0511
1 -0.3016 1.0504
1 -0.3021 1.0497
1 -0.3026 1.0489
1 -0.3030 1.0482
1 -0.3034 1.0474
1 -0.3037 1.0466
1 -0.3040 1.0457
1 -0.3043 1.0449
1 -0.3045 1.0440
1 -0.3046 1.0431
1 -0.3047 1.0422
1 -0.3047 1.0414
1 -0.3047 0.0587
1 -0.3047 0.0578
1 -0.3046 0.0569
1 -0.3045 0.0560
1 -0.3043 0.0552
1 -0.3040 0.0543
1 -0.3037 0.0535
1 -0.3034 0.0526
1 -0.3030 0.0519
1 -0.3026 0.0511
1 -0.3021 0.0503
1 -0.3016 0.0496
1 -0.3010 0.0489
1 -0.3004 0.0483
1 -0.2998 0.0477
1 -0.2991 0.0471
1 -0.2984 0.0466
1 -0.2976 0.0461
1 -0.2968 0.0457
1 -0.2960 0.0453
1 -0.2952 0.0450
1 -0.2944 0.0447
1 -0.2935 0.0444
1 -0.2927 0.0442
1 -0.2918 0.0441
1 -0.2909 0.0440
1 -0.2900 0.0440
1 0.3260 0.0440
1 0.3269 0.0440
1 0.3278 0.0441
1 0.3286 0.0442
1 0.3295 0.0444
1 0.3303 0.0447
1 0.3312 0.0450
1 0.3320 0.0453
1 0.3328 0.0457
1 0.3336 0.0461
1 0.3343 0.0466
1 0.3350 0.0471
1 0.3357 0.0477
1 0.3364 0.0483
1 0.3370 0.0489
1 0.3375 0.0496
1 0.3381 0.0503
1 0.3385 0.0511
1 0.3390 0.0519
1 0.3394 0.0526
1 0.3397 0.0535
1 0.3400 0.0543
1 0.3402 0.0552
1 0.3404 0.0560
1 0.3405 0.0569
1 0.3406 0.0578
1 0.3407 0.0587
1 0.3407 1.0414
1 0.3406 1.0422
1 0.3405 1.0431
1 0.3404 1.0440
1 0.3402 1.0449
1 0.3400 1.0457
1 0.3397 1.0466
1 0.3394 1.0474
1 0.3390 1.0482
1 0.3385 1.0489
1 0.3381 1.0497
1 0.3375 1.0504
1 0.3370 1.0511
1 0.3364 1.0517
1 0.3357 1.0523
1 0.3350 1.0529
1 0.3343 1.0534
1 0.3336 1.0539
1 0.3328 1.0543
1 0.3320 1.0547
1 0.3312 1.0551
1 0.3303 1.0554
1 0.3295 1.0556
1 0.3286 1.0558
1 0.3278 1.0559
1 0.3269 1.0560
1 0.3260 1.0560
112 1466 464
0 0.3162 0.6595
1 0.3170 0.6634
1 0.3178 0.6672
1 0.3186 0.6711
1 0.3192 0.6750
1 0.3199 0.6789
1 0.3205 0.6828
1 0.3210 0.6867
1 0.3215 0.6906
1 0.3219 0.6945
1 0.3223 0.6985
1 0.3226 0.7024
1 0.3229 0.7063
1 0.3231 0.7103
1 0.3233 0.7142
1 0.3234 0.7181
1 0.3235 0.7221
1 0.3235 0.7260
1 0.3235 0.7302
1 0.3234 0.7344
1 0.3233 0.7386
1 0.3231 0.7427
1 0.3228 0.7469
1 0.3225 0.7510
1 0.3221 0.7552
1 0.3217 0.7594
1 0.3212 0.7635
1 0.3207 0.7676
1 0.3201 0.7718
1 0.3194 0.7759
1 0.3187 0.7800
1 0.3180 0.7841
1 0.3171 0.7882
1 0.3163 0.7923
1 0.3153 0.7964
1 0.3144 0.8004
1 0.3133 0.8044
1 0.3122 0.8085
1 0.3111 0.8125
1 0.3098 0.8165
1 0.3086 0.8205
1 0.3073 0.8244
1 0.3059 0.8284
1 0.3045 0.8323
1 0.3030 0.8362
1 0.3015 0.8401
1 0.2999 0.8439
1 0.2982 0.8478
1 0.2966 0.8516
1 0.2948 0.8554
1 0.2930 0.8591
1 0.2912 0.8629
1 0.2893 0.8666
1 0.2873 0.8703
1 0.2853 0.8740
1 0.2833 0.8776
1 0.2812 0.8812
1 0.2791 0.8848
1 0.2769 0.8884
1 0.2746 0.8919
1 0.2723 0.8954
1 0.2700 0.8988
1 0.2676 0.9022
1 0.2652 0.9056
1 0.2627 0.9090
1 0.2602 0.9123
1 0.2576 0.9156
1 0.2550 0.9189
1 0.2524 0.9221
1 0.2497 0.9253
1 0.2469 0.9284
1 0.2441 0.9315
1 0.2413 0.9346
1 0.2384 0.9376
1 0.2355 0.9406
1 0.2326 0.9436
1 0.2296 0.9465
1 0.2265 0.9494
1 0.2235 0.9522
1 0.2204 0.9550
1 0.2172 0.9577
1 0.2140 0.9604
1 0.2108 0.9631
1 0.2076 0.9657
1 0.2043 0.9682
1 0.2009 0.9708
1 0.1976 0.9732
1 0.1942 0.9757
1 0.1908 0.9781
1 0.1873 0.9804
1 0.1838 0.9827
1 0.1803 0.9849
1 0.1767 0.9871
1 0.1732 0.9893
1 0.1696 0.9914
1 0.1659 0.9934
1 0.1623 0.9954
1 0.1586 0.9973
1 0.1548 0.9992
1 0.1511 1.0011
1 0.1473 1.0029
1 0.1435 1.0046
1 0.1397 1.0063
1 0.1359 1.0079
1 0.1320 1.0095
1 0.1281 1.0111
1 0.1242 1.0125
1 0.1203 1.0140
1 0.1164 1.0153
1 0.1124 1.0166
1 0.1084 1.0179
1 0.1044 1.0191
1 0.1004 1.0203
1 0.0964 1.0214
1 0.0923 1.0224
1 0.0883 1.0234
1 0.0842 1.0243
1 0.0801 1.0252
1 0.0761 1.0260
1 0.0720 1.0268
1 0.0678 1.0275
1 0.0637 1.0282
1 0.0596 1.0288
1 0.0554 1.0293
1 0.0513 1.0298
1 0.0472 1.0302
1 0.0430 1.0306
1 0.0388 1.0309
1 0.0347 1.0311
1 0.0305 1.0313
1 0.0263 1.0315
1 0.0222 1.0316
1 0.0180 1.0316
1 0.0138 1.0316
1 0.0096 1.0315
1 0.0055 1.0313
1 0.0013 1.0311
1 -0.0029 1.0309
1 -0.0070 1.0306
1 -0.0112 1.0302
1 -0.0153 1.0298
1 -0.0195 1.0293
1 -0.0236 1.0288
1 -0.0278 1.0282
1 -0.0319 1.0275
1 -0.0360 1.0268
1 -0.0401 1.0260
1 -0.0442 1.0252
1 -0.0483 1.0243
1 -0.0523 1.0234
1 -0.0564 1.0224
1 -0.0604 1.0214
1 -0.0645 1.0203
1 -0.0685 1.0191
1 -0.0725 1.0179
1 -0.0764 1.0166
1 -0.0804 1.0153
1 -0.0843 1.0140
1 -0.0883 1.0125
1 -0.0922 1.0111
1 -0.0961 1.0095
1 -0.0999 1.0079
1 -0.1038 1.0063
1 -0.1076 1.0046
1 -0.1114 1.0029
1 -0.1151 1.0011
1 -0.1189 0.9992
1 -0.1226 0.9973
1 -0.1263 0.9954
1 -0.1300 0.9934
1 -0.1336 0.9914
1 -0.1372 0.9893
1 -0.1408 0.9871
1 -0.1443 0.9849
1 -0.1479 0.9827
1 -0.1513 0.9804
1 -0.1548 0.9781
1 -0.1582 0.9757
1 -0.1616 0.9732
1 -0.1650 0.9708
1 -0.1683 0.9682
1 -0.1716 0.9657
1 -0.1749 0.9631
1 -0.1781 0.9604
1 -0.1813 0.9577
1 -0.1844 0.9550
1 -0.1875 0.9522
1 -0.1906 0.9494
1 -0.1936 0.9465
1 -0.1966 0.9436
1 -0.1996 0.9406
1 -0.2025 0.9376
1 -0.2053 0.9346
1 -0.2082 0.9315
1 -0.2110 0.9284
1 -0.2137 0.9253
1 -0.2164 0.9221
1 -0.2190 0.9189
1 -0.2217 0.9156
1 -0.2242 0.9123
1 -0.2268 0.9090
1 -0.2292 0.9056
1 -0.2317 0.9022
1 -0.2340 0.8988
1 -0.2364 0.8954
1 -0.2387 0.8919
1 -0.2409 0.8884
1 -0.2431 0.8848
1 -0.2452 0.8812
1 -0.2473 0.8776
1 -0.2494 0.8740
1 -0.2514 0.8703
1 -0.2533 0.8666
1 -0.2552 0.8629
1 -0.2571 0.8591
1 -0.2589 0.8554
1 -0.2606 0.8516
1 -0.2623 0.8478
1 -0.2639 0.8439
1 -0.2655 0.8401
1 -0.2670 0.8362
1 -0.2685 0.8323
1 -0.2699 0.8284
1 -0.2713 0.8244
1 -0.2726 0.8205
1 -0.2739 0.8165
1 -0.2751 0.8125
1 -0.2763 0.8085
1 -0.2774 0.8044
1 -0.2784 0.8004
1 -0.2794 0.7964
1 -0.2803 0.7923
1 -0.2812 0.7882
1 -0.2820 0.7841
1 -0.2828 0.7800
1 -0.2835 0.7759
1 -0.2841 0.7718
1 -0.2847 0.7676
1 -0.2853 0.7635
1 -0.2858 0.7594
1 -0.2862 0.7552
1 -0.2866 0.7510
1 -0.2869 0.7469
1 -0.2871 0.7427
1 -0.2873 0.7386
1 -0.2875 0.7344
1 -0.2876 0.7302
1 -0.2876 0.7260
1 -0.2876 0.7221
1 -0.2875 0.7181
1 -0.2874 0.7142
1 -0.2872 0.7103
1 -0.2869 0.7063
1 -0.2867 0.7024
1 -0.2863 0.6985
1 -0.2860 0.6945
1 -0.2855 0.6906
1 -0.2850 0.6867
1 -0.2845 0.6828
1 -0.2839 0.6789
1 -0.2833 0.6750
1 -0.2826 0.6711
1 -0.2819 0.6672
1 -0.2811 0.6634
1 -0.2803 0.6595
1 -0.2803 0.6595
1 -0.2793 0.6554
1 -0.2783 0.6514
1 -0.2773 0.6473
1 -0.2762 0.6433
1 -0.2750 0.6393
1 -0.2738 0.6353
1 -0.2725 0.6314
1 -0.2712 0.6274
1 -0.2699 0.6235
1 -0.2684 0.6195
1 -0.2669 0.6156
1 -0.2654 0.6118
1 -0.2638 0.6079
1 -0.2622 0.6041
1 -0.2605 0.6003
1 -0.2588 0.5965
1 -0.2570 0.5927
1 -0.2551 0.5890
1 -0.2532 0.5852
1 -0.2513 0.5816
1 -0.2493 0.5779
1 -0.2472 0.5743
1 -0.2451 0.5707
1 -0.2430 0.5671
1 -0.2408 0.5635
1 -0.2385 0.5600
1 -0.2363 0.5565
1 -0.2339 0.5531
1 -0.2315 0.5497
1 -0.2291 0.5463
1 -0.2266 0.5429
1 -0.2241 0.5396
1 -0.2215 0.5363
1 -0.2189 0.5330
1 -0.2163 0.5298
1 -0.2136 0.5267
1 -0.2108 0.5235
1 -0.2080 0.5204
1 -0.2052 0.5173
1 -0.2023 0.5143
1 -0.1994 0.5113
1 -0.1965 0.5084
1 -0.1935 0.5055
1 -0.1905 0.5026
1 -0.1874 0.4998
1 -0.1843 0.4970
1 -0.1811 0.4943
1 -0.1780 0.4916
1 -0.1747 0.4889
1 -0.1715 0.4863
1 -0.1682 0.4837
1 -0.1649 0.4812
1 -0.1615 0.4787
1 -0.1581 0.4763
1 -0.1547 0.4739
1 -0.1512 0.4716
1 -0.1478 0.4693
1 -0.1442 0.4671
1 -0.1407 0.4649
1 -0.1371 0.4628
1 -0.1335 0.4607
1 -0.1299 0.4586
1 -0.1262 0.4566
1 -0.1225 0.4547
1 -0.1188 0.4528
1 -0.1150 0.4509
1 -0.1113 0.4492
1 -0.1075 0.4474
1 -0.1037 0.4457
1 -0.0998 0.4441
1 -0.0960 0.4425
1 -0.0921 0.4410
1 -0.0882 0.4395
1 -0.0843 0.4381
1 -0.0803 0.4367
1 -0.0764 0.4354
1 -0.0724 0.4341
1 -0.0684 0.4329
1 -0.0644 0.4318
1 -0.0604 0.4307
1 -0.0563 0.4296
1 -0.0523 0.4287
1 -0.0482 0.4277
1 -0.0441 0.4269
1 -0.0401 0.4260
1 -0.0360 0.4253
1 -0.0318 0.4246
1 -0.0277 0.4239
1 -0.0236 0.4233
1 -0.0195 0.4228
1 -0.0153 0.4223
1 -0.0112 0.4219
1 -0.0070 0.4215
1 -0.0029 0.4212
1 0.0013 0.4209
1 0.0055 0.4207
1 0.0096 0.4206
1 0.0138 0.4205
1 0.0180 0.4205
1 0.0221 0.4205
1 0.0263 0.4206
1 0.0305 0.4207
1 0.0347 0.4209
1 0.0388 0.4212
1 0.0430 0.4215
1 0.0471 0.4219
1 0.0513 0.4223
1 0.0554 0.4228
1 0.0596 0.4233
1 0.0637 0.4239
1 0.0678 0.4246
1 0.0719 0.4253
1 0.0760 0.4260
1 0.0801 0.4269
1 0.0842 0.4277
1 0.0882 0.4287
1 0.0923 0.4296
1 0.0963 0.4307
1 0.1004 0.4318
1 0.1044 0.4329
1 0.1084 0.4341
1 0.1123 0.4354
1 0.1163 0.4367
1 0.1202 0.4381
1 0.1242 0.4395
1 0.1281 0.4410
1 0.1319 0.4425
1 0.1358 0.4441
1 0.1396 0.4457
1 0.1434 0.4474
1 0.1472 0.4492
1 0.1510 0.4509
1 0.1547 0.4528
1 0.1585 0.4547
1 0.1622 0.4566
1 0.1658 0.4586
1 0.1695 0.4607
1 0.1731 0.4628
1 0.1766 0.4649
1 0.1802 0.4671
1 0.1837 0.4693
1 0.1872 0.4716
1 0.1907 0.4739
1 0.1941 0.4763
1 0.1975 0.4787
1 0.2008 0.4812
1 0.2042 0.4837
1 0.2074 0.4863
1 0.2107 0.4889
1 0.2139 0.4916
1 0.2171 0.4943
1 0.2202 0.4970
1 0.2234 0.4998
1 0.2264 0.5026
1 0.2295 0.5055
1 0.2324 0.5084
1 0.2354 0.5113
1 0.2383 0.5143
1 0.2412 0.5173
1 0.2440 0.5204
1 0.2468 0.5235
1 0.2495 0.5267
1 0.2522 0.5298
1 0.2549 0.5330
1 0.2575 0.5363
1 0.2601 0.5396
1 0.2626 0.5429
1 0.2651 0.5463
1 0.2675 0.5497
1 0.2699 0.5531
1 0.2722 0.5565
1 0.2745 0.5600
1 0.2767 0.5635
1 0.2789 0.5671
1 0.2811 0.5707
1 0.2832 0.5743
1 0.2852 0.5779
1 0.2872 0.5816
1 0.2892 0.5852
1 0.2911 0.5890
1 0.2929 0.5927
1 0.2947 0.5965
1 0.2965 0.6003
1 0.2981 0.6041
1 0.2998 0.6079
1 0.3014 0.6118
1 0.3029 0.6156
1 0.3044 0.6195
1 0.3058 0.6235
1 0.3072 0.6274
1 0.3085 0.6314
1 0.3098 0.6353
1 0.3110 0.6393
1 0.3121 0.6433
1 0.3132 0.6473
1 0.3143 0.6514
1 0.3153 0.6554
1 0.3162 0.6595
112 1250 73
0 -0.1337 0.2732
1 -0.1287 0.2695
1 -0.1224 0.2667
1 -0.1187 0.2656
1 -0.1111 0.2648
1 -0.1092 0.2648
1 -0.1010 0.2654
1 -0.0938 0.2667
1 -0.0878 0.2688
1 -0.0828 0.2716
1 -0.0789 0.2753
1 -0.0762 0.2797
1 -0.0745 0.2849
1 -0.0740 0.2909
1 -0.0744 0.2944
1 -0.0763 0.2998
1 -0.0802 0.3047
1 -0.0858 0.3091
1 -0.0863 0.3094
1 -0.0901 0.3114
1 -0.0972 0.3150
1 -0.1077 0.3202
1 -0.1127 0.3230
1 -0.1178 0.3274
1 -0.1195 0.3317
1 -0.1190 0.3352
1 -0.1154 0.3400
1 -0.1123 0.3418
1 -0.1048 0.3431
1 -0.1034 0.3431
1 -0.0966 0.3405
1 -0.0956 0.3395
1 -0.0925 0.3342
1 -0.0775 0.3342
1 -0.0780 0.3383
1 -0.0807 0.3435
1 -0.0854 0.3480
1 -0.0902 0.3506
1 -0.0971 0.3529
1 -0.1048 0.3536
1 -0.1063 0.3536
1 -0.1143 0.3528
1 -0.1213 0.3508
1 -0.1273 0.3477
1 -0.1281 0.3472
1 -0.1326 0.3429
1 -0.1353 0.3376
1 -0.1362 0.3316
1 -0.1360 0.3284
1 -0.1340 0.3230
1 -0.1302 0.3182
1 -0.1246 0.3140
1 -0.1228 0.3131
1 -0.1160 0.3101
1 -0.1093 0.3069
1 -0.1027 0.3038
1 -0.0965 0.3000
1 -0.0922 0.2956
1 -0.0908 0.2907
1 -0.0910 0.2884
1 -0.0925 0.2826
1 -0.0959 0.2785
1 -0.1011 0.2761
1 -0.1082 0.2752
1 -0.1138 0.2762
1 -0.1200 0.2800
1 -0.1239 0.2843
1 -0.1257 0.2896
1 -0.1409 0.2896
1 -0.1409 0.2893
1 -0.1399 0.2831
1 -0.1375 0.2777
1 -0.1337 0.2732
112 1250 49
0 0.0086 0.2747
1 0.0128 0.2798
1 0.0133 0.2805
1 0.0160 0.2853
1 0.0182 0.2906
1 0.0196 0.2963
1 0.0206 0.3026
1 0.0209 0.3093
1 0.0208 0.3101
1 0.0205 0.3168
1 0.0194 0.3229
1 0.0178 0.3286
1 0.0156 0.3338
1 0.0128 0.3386
1 0.0118 0.3400
1 0.0072 0.3448
1 0.0019 0.3486
1 -0.0043 0.3513
1 -0.0112 0.3529
1 -0.0189 0.3535
1 -0.0211 0.3534
1 -0.0286 0.3526
1 -0.0353 0.3507
1 -0.0412 0.3477
1 -0.0464 0.3437
1 -0.0507 0.3386
1 -0.0511 0.3380
1 -0.0538 0.3332
1 -0.0560 0.3279
1 -0.0575 0.3221
1 -0.0584 0.3159
1 -0.0587 0.3093
1 -0.0587 0.3082
1 -0.0583 0.3018
1 -0.0573 0.2957
1 -0.0556 0.2900
1 -0.0533 0.2847
1 -0.0504 0.2799
1 -0.0493 0.2785
1 -0.0448 0.2736
1 -0.0394 0.2697
1 -0.0334 0.2670
1 -0.0265 0.2653
1 -0.0189 0.2648
1 -0.0166 0.2648
1 -0.0091 0.2657
1 -0.0024 0.2676
1 0.0035 0.2706
1 0.0086 0.2747
112 1250 7
0 0.0468 0.3536
1 0.0306 0.3536
1 0.0306 0.2650
1 0.0904 0.2650
1 0.0904 0.2776
1 0.0468 0.2776
1 0.0468 0.3536
112 1250 49
0 0.1679 0.2747
1 0.1721 0.2798
1 0.1726 0.2805
1 0.1753 0.2853
1 0.1774 0.2906
1 0.1789 0.2963
1 0.1799 0.3026
1 0.1801 0.3093
1 0.1801 0.3101
1 0.1797 0.3168
1 0.1788 0.3229
1 0.1772 0.3286
1 0.1749 0.3338
1 0.1721 0.3386
1 0.1710 0.3400
1 0.1665 0.3448
1 0.1612 0.3486
1 0.1550 0.3513
1 0.1481 0.3529
1 0.1403 0.3535
1 0.1383 0.3534
1 0.1308 0.3526
1 0.1240 0.3507
1 0.1180 0.3477
1 0.1129 0.3437
1 0.1086 0.3386
1 0.1082 0.3380
1 0.1054 0.3332
1 0.1033 0.3279
1 0.1018 0.3221
1 0.1009 0.3159
1 0.1005 0.3093
1 0.1006 0.3082
1 0.1010 0.3018
1 0.1021 0.2957
1 0.1037 0.2900
1 0.1060 0.2847
1 0.1089 0.2799
1 0.1100 0.2785
1 0.1145 0.2736
1 0.1199 0.2697
1 0.1260 0.2670
1 0.1328 0.2653
1 0.1403 0.2648
1 0.1427 0.2648
1 0.1502 0.2657
1 0.1569 0.2676
1 0.1628 0.2706
1 0.1679 0.2747
112 1251 33
0 -0.0189 0.2775
1 -0.0133 0.2781
1 -0.0085 0.2798
1 -0.0045 0.2827
1 -0.0013 0.2867
1 0.0010 0.2918
1 0.0026 0.2980
1 0.0034 0.3054
1 0.0035 0.3093
1 0.0031 0.3172
1 0.0019 0.3240
1 -0.0001 0.3296
1 -0.0030 0.3341
1 -0.0066 0.3375
1 -0.0110 0.3397
1 -0.0163 0.3408
1 -0.0189 0.3410
1 -0.0245 0.3403
1 -0.0293 0.3387
1 -0.0332 0.3358
1 -0.0364 0.3318
1 -0.0388 0.3267
1 -0.0403 0.3204
1 -0.0411 0.3129
1 -0.0412 0.3093
1 -0.0408 0.3013
1 -0.0396 0.2945
1 -0.0375 0.2888
1 -0.0347 0.2843
1 -0.0311 0.2809
1 -0.0267 0.2787
1 -0.0215 0.2776
1 -0.0189 0.2775
112 1251 33
0 0.1403 0.2775
1 0.1459 0.2781
1 0.1508 0.2798
1 0.1547 0.2827
1 0.1579 0.2867
1 0.1603 0.2918
1 0.1619 0.2980
1 0.1627 0.3054
1 0.1628 0.3093
1 0.1624 0.3172
1 0.1612 0.3240
1 0.1591 0.3296
1 0.1563 0.3341
1 0.1527 0.3375
1 0.1483 0.3397
1 0.1431 0.3408
1 0.1403 0.3410
1 0.1348 0.3403
1 0.1300 0.3387
1 0.1260 0.3358
1 0.1229 0.3318
1 0.1205 0.3267
1 0.1190 0.3204
1 0.1182 0.3129
1 0.1181 0.3093
1 0.1185 0.3013
1 0.1197 0.2945
1 0.1217 0.2888
1 0.1245 0.2843
1 0.1282 0.2809
1 0.1326 0.2787
1 0.1378 0.2776
1 0.1403 0.2775
112 1250 101
0 -0.2620 0.1974
1 -0.2323 0.1974
1 -0.2323 0.1974
1 -0.2293 0.1972
1 -0.2261 0.1965
1 -0.2228 0.1956
1 -0.2198 0.1943
1 -0.2172 0.1928
1 -0.2152 0.1912
1 -0.2152 0.1912
1 -0.2136 0.1893
1 -0.2121 0.1866
1 -0.2108 0.1835
1 -0.2098 0.1802
1 -0.2091 0.1768
1 -0.2089 0.1736
1 -0.2089 0.1736
1 -0.2090 0.1723
1 -0.2091 0.1708
1 -0.2093 0.1693
1 -0.2095 0.1678
1 -0.2098 0.1665
1 -0.2101 0.1655
1 -0.2101 0.1655
1 -0.2105 0.1646
1 -0.2109 0.1636
1 -0.2114 0.1626
1 -0.2120 0.1616
1 -0.2125 0.1608
1 -0.2130 0.1601
1 -0.2130 0.1601
1 -0.2135 0.1595
1 -0.2140 0.1589
1 -0.2147 0.1582
1 -0.2153 0.1576
1 -0.2159 0.1571
1 -0.2164 0.1567
1 -0.2164 0.1567
1 -0.2170 0.1564
1 -0.2175 0.1561
1 -0.2181 0.1558
1 -0.2186 0.1555
1 -0.2190 0.1552
1 -0.2194 0.1550
1 -0.2194 0.1550
1 -0.2189 0.1548
1 -0.2183 0.1546
1 -0.2176 0.1542
1 -0.2169 0.1539
1 -0.2162 0.1535
1 -0.2155 0.1531
1 -0.2155 0.1531
1 -0.2149 0.1527
1 -0.2141 0.1521
1 -0.2132 0.1514
1 -0.2124 0.1507
1 -0.2116 0.1499
1 -0.2109 0.1492
1 -0.2109 0.1492
1 -0.2103 0.1485
1 -0.2096 0.1475
1 -0.2089 0.1464
1 -0.2082 0.1453
1 -0.2076 0.1441
1 -0.2071 0.1431
1 -0.2071 0.1431
1 -0.2067 0.1420
1 -0.2063 0.1406
1 -0.2059 0.1391
1 -0.2057 0.1375
1 -0.2055 0.1360
1 -0.2054 0.1346
1 -0.2054 0.1346
1 -0.2055 0.1328
1 -0.2057 0.1308
1 -0.2060 0.1287
1 -0.2063 0.1266
1 -0.2068 0.1248
1 -0.2072 0.1232
1 -0.2072 0.1232
1 -0.2078 0.1218
1 -0.2086 0.1203
1 -0.2095 0.1186
1 -0.2105 0.1171
1 -0.2115 0.1157
1 -0.2125 0.1146
1 -0.2125 0.1146
1 -0.2136 0.1136
1 -0.2148 0.1126
1 -0.2163 0.1116
1 -0.2179 0.1106
1 -0.2194 0.1098
1 -0.2207 0.1092
1 -0.2207 0.1092
1 -0.2222 0.1088
1 -0.2240 0.1083
1 -0.2259 0.1079
1 -0.2280 0.1076
1 -0.2299 0.1074
1 -0.2316 0.1074
1 -0.2620 0.1074
112 1250 13
0 -0.1897 0.1191
1 -0.1897 0.1856
1 -0.2000 0.1856
1 -0.2000 0.1974
1 -0.1651 0.1974
1 -0.1651 0.1856
1 -0.1754 0.1856
1 -0.1754 0.1191
1 -0.1651 0.1191
1 -0.1651 0.1074
1 -0.2000 0.1074
1 -0.2000 0.1191
1 -0.1897 0.1191
112 1250 198
0 -0.1260 0.1196
1 -0.1260 0.1196
1 -0.1249 0.1197
1 -0.1237 0.1198
1 -0.1224 0.1200
1 -0.1212 0.1202
1 -0.1201 0.1205
1 -0.1191 0.1209
1 -0.1191 0.1209
1 -0.1182 0.1212
1 -0.1173 0.1217
1 -0.1163 0.1222
1 -0.1153 0.1228
1 -0.1144 0.1233
1 -0.1137 0.1237
1 -0.1137 0.1237
1 -0.1130 0.1243
1 -0.1122 0.1249
1 -0.1113 0.1257
1 -0.1105 0.1264
1 -0.1098 0.1272
1 -0.1092 0.1279
1 -0.1029 0.1176
1 -0.1029 0.1176
1 -0.1038 0.1167
1 -0.1049 0.1156
1 -0.1061 0.1145
1 -0.1073 0.1134
1 -0.1085 0.1125
1 -0.1096 0.1117
1 -0.1096 0.1117
1 -0.1106 0.1111
1 -0.1118 0.1104
1 -0.1132 0.1096
1 -0.1147 0.1089
1 -0.1161 0.1082
1 -0.1173 0.1076
1 -0.1173 0.1076
1 -0.1187 0.1072
1 -0.1204 0.1067
1 -0.1222 0.1064
1 -0.1241 0.1061
1 -0.1259 0.1059
1 -0.1276 0.1059
1 -0.1276 0.1059
1 -0.1295 0.1060
1 -0.1317 0.1062
1 -0.1340 0.1066
1 -0.1363 0.1071
1 -0.1384 0.1077
1 -0.1402 0.1084
1 -0.1402 0.1084
1 -0.1418 0.1092
1 -0.1437 0.1104
1 -0.1456 0.1118
1 -0.1475 0.1134
1 -0.1492 0.1150
1 -0.1505 0.1165
1 -0.1505 0.1165
1 -0.1517 0.1182
1 -0.1531 0.1205
1 -0.1544 0.1231
1 -0.1556 0.1258
1 -0.1567 0.1285
1 -0.1575 0.1310
1 -0.1575 0.1310
1 -0.1582 0.1337
1 -0.1588 0.1371
1 -0.1593 0.1410
1 -0.1597 0.1450
1 -0.1600 0.1489
1 -0.1601 0.1525
1 -0.1601 0.1525
1 -0.1600 0.1561
1 -0.1597 0.1600
1 -0.1593 0.1640
1 -0.1587 0.1678
1 -0.1580 0.1712
1 -0.1573 0.1739
1 -0.1573 0.1739
1 -0.1564 0.1763
1 -0.1552 0.1790
1 -0.1538 0.1818
1 -0.1524 0.1843
1 -0.1509 0.1865
1 -0.1496 0.1882
1 -0.1496 0.1882
1 -0.1482 0.1898
1 -0.1465 0.1914
1 -0.1445 0.1929
1 -0.1426 0.1944
1 -0.1406 0.1955
1 -0.1389 0.1964
1 -0.1389 0.1964
1 -0.1372 0.1970
1 -0.1351 0.1976
1 -0.1329 0.1981
1 -0.1306 0.1985
1 -0.1285 0.1988
1 -0.1267 0.1989
1 -0.1267 0.1989
1 -0.1252 0.1988
1 -0.1235 0.1986
1 -0.1217 0.1983
1 -0.1201 0.1979
1 -0.1186 0.1975
1 -0.1173 0.1970
1 -0.1173 0.1970
1 -0.1162 0.1964
1 -0.1149 0.1958
1 -0.1135 0.1950
1 -0.1123 0.1943
1 -0.1111 0.1936
1 -0.1102 0.1930
1 -0.1102 0.1930
1 -0.1093 0.1922
1 -0.1082 0.1913
1 -0.1071 0.1903
1 -0.1060 0.1892
1 -0.1051 0.1882
1 -0.1043 0.1872
1 -0.1119 0.1771
1 -0.1119 0.1771
1 -0.1124 0.1777
1 -0.1130 0.1784
1 -0.1137 0.1791
1 -0.1144 0.1798
1 -0.1150 0.1805
1 -0.1156 0.1810
1 -0.1156 0.1810
1 -0.1162 0.1814
1 -0.1170 0.1819
1 -0.1178 0.1824
1 -0.1187 0.1829
1 -0.1195 0.1834
1 -0.1203 0.1837
1 -0.1203 0.1837
1 -0.1211 0.1841
1 -0.1221 0.1844
1 -0.1233 0.1846
1 -0.1245 0.1848
1 -0.1256 0.1849
1 -0.1267 0.1850
1 -0.1267 0.1850
1 -0.1276 0.1849
1 -0.1288 0.1848
1 -0.1300 0.1846
1 -0.1312 0.1842
1 -0.1323 0.1839
1 -0.1333 0.1835
1 -0.1333 0.1835
1 -0.1342 0.1830
1 -0.1353 0.1823
1 -0.1364 0.1814
1 -0.1375 0.1804
1 -0.1385 0.1794
1 -0.1393 0.1784
1 -0.1393 0.1784
1 -0.1400 0.1772
1 -0.1408 0.1757
1 -0.1416 0.1740
1 -0.1424 0.1721
1 -0.1430 0.1702
1 -0.1435 0.1685
1 -0.1435 0.1685
1 -0.1440 0.1665
1 -0.1443 0.1641
1 -0.1447 0.1612
1 -0.1449 0.1582
1 -0.1451 0.1552
1 -0.1451 0.1525
1 -0.1451 0.1525
1 -0.1451 0.1498
1 -0.1449 0.1469
1 -0.1447 0.1439
1 -0.1444 0.1411
1 -0.1440 0.1386
1 -0.1437 0.1366
1 -0.1437 0.1366
1 -0.1432 0.1349
1 -0.1425 0.1330
1 -0.1418 0.1311
1 -0.1410 0.1293
1 -0.1402 0.1277
1 -0.1395 0.1265
1 -0.1395 0.1265
1 -0.1387 0.1255
1 -0.1377 0.1244
1 -0.1366 0.1234
1 -0.1355 0.1224
1 -0.1344 0.1217
1 -0.1334 0.1211
1 -0.1334 0.1211
1 -0.1324 0.1207
1 -0.1312 0.1204
1 -0.1298 0.1201
1 -0.1284 0.1198
1 -0.1271 0.1197
112 1250 13
0 -0.0892 0.1191
1 -0.0892 0.1856
1 -0.0996 0.1856
1 -0.0996 0.1974
1 -0.0647 0.1974
1 -0.0647 0.1856
1 -0.0749 0.1856
1 -0.0749 0.1191
1 -0.0647 0.1191
1 -0.0647 0.1074
1 -0.0996 0.1074
1 -0.0996 0.1191
1 -0.0892 0.1191
112 1250 198
0 -0.0255 0.1196
1 -0.0255 0.1196
1 -0.0244 0.1197
1 -0.0232 0.1198
1 -0.0219 0.1200
1 -0.0207 0.1202
1 -0.0196 0.1205
1 -0.0187 0.1209
1 -0.0187 0.1209
1 -0.0178 0.1212
1 -0.0168 0.1217
1 -0.0158 0.1222
1 -0.0148 0.1228
1 -0.0140 0.1233
1 -0.0133 0.1237
1 -0.0133 0.1237
1 -0.0125 0.1243
1 -0.0117 0.1249
1 -0.0109 0.1257
1 -0.0101 0.1264
1 -0.0094 0.1272
1 -0.0088 0.1279
1 -0.0025 0.1176
1 -0.0025 0.1176
1 -0.0034 0.1167
1 -0.0044 0.1156
1 -0.0056 0.1145
1 -0.0069 0.1134
1 -0.0081 0.1125
1 -0.0091 0.1117
1 -0.0091 0.1117
1 -0.0101 0.1111
1 -0.0113 0.1104
1 -0.0127 0.1096
1 -0.0142 0.1089
1 -0.0156 0.1082
1 -0.0169 0.1076
1 -0.0169 0.1076
1 -0.0182 0.1072
1 -0.0199 0.1067
1 -0.0217 0.1064
1 -0.0236 0.1061
1 -0.0255 0.1059
1 -0.0271 0.1059
1 -0.0271 0.1059
1 -0.0290 0.1060
1 -0.0312 0.1062
1 -0.0336 0.1066
1 -0.0358 0.1071
1 -0.0379 0.1077
1 -0.0397 0.1084
1 -0.0397 0.1084
1 -0.0414 0.1092
1 -0.0432 0.1104
1 -0.0452 0.1118
1 -0.0470 0.1134
1 -0.0487 0.1150
1 -0.0501 0.1165
1 -0.0501 0.1165
1 -0.0513 0.1182
1 -0.0526 0.1205
1 -0.0539 0.1231
1 -0.0552 0.1258
1 -0.0562 0.1285
1 -0.0570 0.1310
1 -0.0570 0.1310
1 -0.0577 0.1337
1 -0.0583 0.1371
1 -0.0589 0.1410
1 -0.0593 0.1450
1 -0.0595 0.1489
1 -0.0596 0.1525
1 -0.0596 0.1525
1 -0.0595 0.1561
1 -0.0592 0.1600
1 -0.0588 0.1640
1 -0.0582 0.1678
1 -0.0575 0.1712
1 -0.0568 0.1739
1 -0.0568 0.1739
1 -0.0559 0.1763
1 -0.0547 0.1790
1 -0.0534 0.1818
1 -0.0519 0.1843
1 -0.0505 0.1865
1 -0.0492 0.1882
1 -0.0492 0.1882
1 -0.0477 0.1898
1 -0.0460 0.1914
1 -0.0441 0.1929
1 -0.0421 0.1944
1 -0.0402 0.1955
1 -0.0385 0.1964
1 -0.0385 0.1964
1 -0.0367 0.1970
1 -0.0346 0.1976
1 -0.0324 0.1981
1 -0.0302 0.1985
1 -0.0280 0.1988
1 -0.0262 0.1989
1 -0.0262 0.1989
1 -0.0247 0.1988
1 -0.0230 0.1986
1 -0.0213 0.1983
1 -0.0196 0.1979
1 -0.0181 0.1975
1 -0.0169 0.1970
1 -0.0169 0.1970
1 -0.0157 0.1964
1 -0.0144 0.1958
1 -0.0131 0.1950
1 -0.0118 0.1943
1 -0.0107 0.1936
1 -0.0098 0.1930
1 -0.0098 0.1930
1 -0.0088 0.1922
1 -0.0078 0.1913
1 -0.0066 0.1903
1 -0.0056 0.1892
1 -0.0046 0.1882
1 -0.0038 0.1872
1 -0.0115 0.1771
1 -0.0115 0.1771
1 -0.0120 0.1777
1 -0.0125 0.1784
1 -0.0132 0.1791
1 -0.0139 0.1798
1 -0.0146 0.1805
1 -0.0152 0.1810
1 -0.0152 0.1810
1 -0.0158 0.1814
1 -0.0165 0.1819
1 -0.0173 0.1824
1 -0.0182 0.1829
1 -0.0190 0.1834
1 -0.0198 0.1837
1 -0.0198 0.1837
1 -0.0206 0.1841
1 -0.0216 0.1844
1 -0.0228 0.1846
1 -0.0240 0.1848
1 -0.0252 0.1849
1 -0.0262 0.1850
1 -0.0262 0.1850
1 -0.0272 0.1849
1 -0.0283 0.1848
1 -0.0295 0.1846
1 -0.0307 0.1842
1 -0.0319 0.1839
1 -0.0328 0.1835
1 -0.0328 0.1835
1 -0.0338 0.1830
1 -0.0348 0.1823
1 -0.0359 0.1814
1 -0.0370 0.1804
1 -0.0380 0.1794
1 -0.0388 0.1784
1 -0.0388 0.1784
1 -0.0395 0.1772
1 -0.0403 0.1757
1 -0.0411 0.1740
1 -0.0419 0.1721
1 -0.0426 0.1702
1 -0.0431 0.1685
1 -0.0431 0.1685
1 -0.0435 0.1665
1 -0.0439 0.1641
1 -0.0442 0.1612
1 -0.0445 0.1582
1 -0.0446 0.1552
1 -0.0447 0.1525
1 -0.0447 0.1525
1 -0.0446 0.1498
1 -0.0445 0.1469
1 -0.0442 0.1439
1 -0.0439 0.1411
1 -0.0436 0.1386
1 -0.0432 0.1366
1 -0.0432 0.1366
1 -0.0427 0.1349
1 -0.0421 0.1330
1 -0.0413 0.1311
1 -0.0405 0.1293
1 -0.0398 0.1277
1 -0.0390 0.1265
1 -0.0390 0.1265
1 -0.0382 0.1255
1 -0.0373 0.1244
1 -0.0362 0.1234
1 -0.0351 0.1224
1 -0.0340 0.1217
1 -0.0330 0.1211
1 -0.0330 0.1211
1 -0.0319 0.1207
1 -0.0307 0.1204
1 -0.0293 0.1201
1 -0.0280 0.1198
1 -0.0267 0.1197
112 1250 7
0 0.0037 0.1974
1 0.0181 0.1974
1 0.0181 0.1216
1 0.0471 0.1216
1 0.0471 0.1074
1 0.0037 0.1074
1 0.0037 0.1974
112 1250 13
0 0.0522 0.1974
1 0.1000 0.1974
1 0.1000 0.1831
1 0.0666 0.1831
1 0.0666 0.1606
1 0.0945 0.1606
1 0.0934 0.1464
1 0.0666 0.1464
1 0.0666 0.1216
1 0.1000 0.1216
1 0.1000 0.1074
1 0.0522 0.1074
1 0.0522 0.1974
112 1250 9
0 0.1506 0.1974
1 0.1506 0.1831
1 0.1314 0.1831
1 0.1314 0.1074
1 0.1170 0.1074
1 0.1170 0.1831
1 0.0978 0.1831
1 0.0978 0.1974
1 0.1506 0.1974
112 1250 9
0 0.1914 0.1301
1 0.1636 0.1301
1 0.1577 0.1074
1 0.1433 0.1074
1 0.1679 0.1974
1 0.1890 0.1974
1 0.2122 0.1074
1 0.1970 0.1074
1 0.1914 0.1301
112 1251 5
0 0.1671 0.1436
1 0.1881 0.1436
1 0.1781 0.1856
1 0.1776 0.1856
1 0.1671 0.1436
112 1250 254
0 0.2303 0.1746
1 0.2303 0.1746
1 0.2304 0.1734
1 0.2306 0.1720
1 0.2311 0.1707
1 0.2316 0.1694
1 0.2323 0.1683
1 0.2330 0.1675
1 0.2330 0.1675
1 0.2338 0.1668
1 0.2349 0.1660
1 0.2361 0.1651
1 0.2374 0.1643
1 0.2386 0.1636
1 0.2397 0.1630
1 0.2397 0.1630
1 0.2410 0.1624
1 0.2425 0.1618
1 0.2441 0.1611
1 0.2457 0.1604
1 0.2473 0.1598
1 0.2486 0.1592
1 0.2486 0.1592
1 0.2500 0.1587
1 0.2516 0.1579
1 0.2532 0.1571
1 0.2548 0.1562
1 0.2563 0.1552
1 0.2575 0.1544
1 0.2575 0.1544
1 0.2587 0.1534
1 0.2600 0.1522
1 0.2612 0.1508
1 0.2625 0.1493
1 0.2635 0.1479
1 0.2644 0.1465
1 0.2644 0.1465
1 0.2651 0.1450
1 0.2657 0.1430
1 0.2663 0.1407
1 0.2667 0.1383
1 0.2670 0.1359
1 0.2671 0.1337
1 0.2671 0.1337
1 0.2670 0.1320
1 0.2668 0.1301
1 0.2664 0.1280
1 0.2660 0.1260
1 0.2655 0.1241
1 0.2649 0.1226
1 0.2649 0.1226
1 0.2643 0.1212
1 0.2634 0.1196
1 0.2624 0.1179
1 0.2613 0.1163
1 0.2601 0.1149
1 0.2591 0.1137
1 0.2591 0.1137
1 0.2579 0.1127
1 0.2565 0.1116
1 0.2548 0.1106
1 0.2531 0.1095
1 0.2515 0.1087
1 0.2500 0.1080
1 0.2500 0.1080
1 0.2484 0.1074
1 0.2465 0.1069
1 0.2444 0.1065
1 0.2422 0.1061
1 0.2401 0.1059
1 0.2383 0.1059
1 0.2383 0.1059
1 0.2365 0.1059
1 0.2344 0.1061
1 0.2323 0.1065
1 0.2303 0.1069
1 0.2285 0.1074
1 0.2270 0.1080
1 0.2270 0.1080
1 0.2257 0.1086
1 0.2242 0.1094
1 0.2226 0.1103
1 0.2212 0.1111
1 0.2199 0.1120
1 0.2189 0.1127
1 0.2189 0.1127
1 0.2178 0.1137
1 0.2166 0.1148
1 0.2154 0.1161
1 0.2142 0.1174
1 0.2131 0.1186
1 0.2122 0.1197
1 0.2203 0.1300
1 0.2203 0.1300
1 0.2209 0.1291
1 0.2217 0.1282
1 0.2226 0.1272
1 0.2236 0.1263
1 0.2245 0.1254
1 0.2253 0.1247
1 0.2253 0.1247
1 0.2261 0.1242
1 0.2270 0.1235
1 0.2280 0.1229
1 0.2291 0.1222
1 0.2301 0.1216
1 0.2311 0.1211
1 0.2311 0.1211
1 0.2321 0.1207
1 0.2333 0.1204
1 0.2347 0.1201
1 0.2361 0.1198
1 0.2374 0.1197
1 0.2386 0.1196
1 0.2386 0.1196
1 0.2404 0.1197
1 0.2424 0.1201
1 0.2443 0.1206
1 0.2460 0.1213
1 0.2474 0.1221
1 0.2485 0.1230
1 0.2485 0.1230
1 0.2494 0.1241
1 0.2502 0.1255
1 0.2509 0.1270
1 0.2514 0.1287
1 0.2518 0.1304
1 0.2519 0.1319
1 0.2519 0.1319
1 0.2518 0.1333
1 0.2515 0.1348
1 0.2511 0.1363
1 0.2505 0.1377
1 0.2499 0.1389
1 0.2492 0.1397
1 0.2492 0.1397
1 0.2483 0.1405
1 0.2473 0.1414
1 0.2461 0.1423
1 0.2448 0.1432
1 0.2435 0.1439
1 0.2423 0.1445
1 0.2423 0.1445
1 0.2411 0.1450
1 0.2397 0.1457
1 0.2381 0.1463
1 0.2365 0.1470
1 0.2349 0.1476
1 0.2336 0.1481
1 0.2336 0.1481
1 0.2322 0.1487
1 0.2306 0.1494
1 0.2290 0.1502
1 0.2274 0.1511
1 0.2259 0.1519
1 0.2247 0.1527
1 0.2247 0.1527
1 0.2235 0.1537
1 0.2223 0.1549
1 0.2210 0.1563
1 0.2198 0.1577
1 0.2187 0.1592
1 0.2179 0.1605
1 0.2179 0.1605
1 0.2172 0.1620
1 0.2166 0.1640
1 0.2160 0.1663
1 0.2156 0.1688
1 0.2153 0.1712
1 0.2152 0.1735
1 0.2152 0.1735
1 0.2153 0.1750
1 0.2154 0.1767
1 0.2157 0.1785
1 0.2161 0.1802
1 0.2165 0.1819
1 0.2169 0.1832
1 0.2169 0.1832
1 0.2175 0.1846
1 0.2183 0.1860
1 0.2192 0.1875
1 0.2201 0.1889
1 0.2211 0.1902
1 0.2221 0.1912
1 0.2221 0.1912
1 0.2231 0.1922
1 0.2244 0.1933
1 0.2259 0.1943
1 0.2274 0.1953
1 0.2289 0.1961
1 0.2303 0.1967
1 0.2303 0.1967
1 0.2318 0.1973
1 0.2336 0.1978
1 0.2356 0.1982
1 0.2377 0.1986
1 0.2397 0.1988
1 0.2415 0.1989
1 0.2415 0.1989
1 0.2429 0.1988
1 0.2445 0.1987
1 0.2461 0.1985
1 0.2478 0.1982
1 0.2492 0.1979
1 0.2504 0.1976
1 0.2504 0.1976
1 0.2516 0.1973
1 0.2529 0.1968
1 0.2543 0.1963
1 0.2555 0.1958
1 0.2567 0.1953
1 0.2576 0.1949
1 0.2576 0.1949
1 0.2587 0.1943
1 0.2598 0.1936
1 0.2610 0.1928
1 0.2621 0.1920
1 0.2632 0.1913
1 0.2640 0.1906
1 0.2581 0.1791
1 0.2581 0.1791
1 0.2574 0.1796
1 0.2567 0.1800
1 0.2558 0.1806
1 0.2550 0.1811
1 0.2542 0.1816
1 0.2535 0.1820
1 0.2535 0.1820
1 0.2528 0.1823
1 0.2520 0.1827
1 0.2511 0.1830
1 0.2501 0.1834
1 0.2491 0.1837
1 0.2483 0.1840
1 0.2483 0.1840
1 0.2474 0.1842
1 0.2464 0.1845
1 0.2453 0.1847
1 0.2441 0.1849
1 0.2430 0.1850
1 0.2421 0.1850
1 0.2421 0.1850
1 0.2404 0.1849
1 0.2386 0.1846
1 0.2369 0.1841
1 0.2353 0.1836
1 0.2340 0.1829
1 0.2331 0.1821
1 0.2331 0.1821
1 0.2324 0.1812
1 0.2317 0.1801
1 0.2311 0.1787
1 0.2307 0.1773
1 0.2304 0.1759
112 1251 31
0 -0.2476 0.1216
1 -0.2316 0.1216
1 -0.2316 0.1216
1 -0.2299 0.1217
1 -0.2282 0.1221
1 -0.2265 0.1226
1 -0.2249 0.1233
1 -0.2237 0.1241
1 -0.2229 0.1250
1 -0.2229 0.1250
1 -0.2222 0.1261
1 -0.2216 0.1276
1 -0.2211 0.1293
1 -0.2207 0.1311
1 -0.2205 0.1329
1 -0.2204 0.1346
1 -0.2204 0.1346
1 -0.2205 0.1360
1 -0.2208 0.1376
1 -0.2213 0.1391
1 -0.2219 0.1406
1 -0.2226 0.1419
1 -0.2234 0.1430
1 -0.2234 0.1430
1 -0.2244 0.1439
1 -0.2258 0.1447
1 -0.2274 0.1455
1 -0.2292 0.1460
1 -0.2310 0.1464
1 -0.2328 0.1465
1 -0.2476 0.1465
112 1251 31
0 -0.2476 0.1605
1 -0.2343 0.1605
1 -0.2343 0.1605
1 -0.2329 0.1606
1 -0.2314 0.1609
1 -0.2299 0.1614
1 -0.2286 0.1621
1 -0.2274 0.1629
1 -0.2266 0.1637
1 -0.2266 0.1637
1 -0.2259 0.1648
1 -0.2252 0.1661
1 -0.2247 0.1677
1 -0.2242 0.1693
1 -0.2240 0.1709
1 -0.2239 0.1724
1 -0.2239 0.1724
1 -0.2240 0.1738
1 -0.2242 0.1753
1 -0.2246 0.1767
1 -0.2251 0.1781
1 -0.2257 0.1793
1 -0.2263 0.1802
1 -0.2263 0.1802
1 -0.2271 0.1810
1 -0.2282 0.1817
1 -0.2294 0.1823
1 -0.2307 0.1827
1 -0.2321 0.1830
1 -0.2333 0.1831
1 -0.2476 0.1831
112 1251 537
0 0.0394 0.7100
1 0.0990 0.8148
1 0.1202 0.7776
1 0.1179 0.7760
1 0.1155 0.7745
1 0.1133 0.7727
1 0.1111 0.7710
1 0.1089 0.7693
1 0.1068 0.7674
1 0.1048 0.7653
1 0.1029 0.7634
1 0.1008 0.7614
1 0.0990 0.7593
1 0.0972 0.7571
1 0.0953 0.7549
1 0.0936 0.7527
1 0.0920 0.7505
1 0.0904 0.7482
1 0.0890 0.7458
1 0.0876 0.7433
1 0.0862 0.7409
1 0.0848 0.7384
1 0.0837 0.7359
1 0.0824 0.7333
1 0.0813 0.7307
1 0.0804 0.7281
1 0.0793 0.7255
1 0.0785 0.7229
1 0.0777 0.7201
1 0.0769 0.7174
1 0.0761 0.7146
1 0.0756 0.7119
1 0.0750 0.7092
1 0.0747 0.7064
1 0.0744 0.7036
1 0.0739 0.7007
1 0.0737 0.6981
1 0.0736 0.6952
1 0.0736 0.6925
1 0.0736 0.6897
1 0.0737 0.6869
1 0.0737 0.6840
1 0.0741 0.6812
1 0.0744 0.6784
1 0.0748 0.6757
1 0.0753 0.6728
1 0.0758 0.6702
1 0.0764 0.6673
1 0.0771 0.6647
1 0.0778 0.6620
1 0.0788 0.6593
1 0.0796 0.6566
1 0.0805 0.6539
1 0.0816 0.6514
1 0.0827 0.6489
1 0.0840 0.6462
1 0.0852 0.6439
1 0.0865 0.6412
1 0.0879 0.6390
1 0.0893 0.6365
1 0.0909 0.6341
1 0.0925 0.6319
1 0.0942 0.6295
1 0.0958 0.6273
1 0.0977 0.6251
1 0.0996 0.6231
1 0.1015 0.6209
1 0.1034 0.6190
1 0.1054 0.6169
1 0.1075 0.6150
1 0.1097 0.6131
1 0.1117 0.6114
1 0.1139 0.6097
1 0.1163 0.6079
1 0.1185 0.6064
1 0.1207 0.6048
1 0.1232 0.6032
1 0.1257 0.6019
1 0.1281 0.6005
1 0.1306 0.5993
1 0.1331 0.5980
1 0.1357 0.5969
1 0.1383 0.5958
1 0.1409 0.5949
1 0.1435 0.5938
1 0.1462 0.5930
1 0.1489 0.5920
1 0.1516 0.5916
1 0.1544 0.5908
1 0.1571 0.5903
1 0.1599 0.5898
1 0.1626 0.5893
1 0.1654 0.5889
1 0.1681 0.5887
1 0.1709 0.5886
1 0.1738 0.5884
1 0.1766 0.5882
1 0.1795 0.5884
1 0.1823 0.5886
1 0.1851 0.5887
1 0.1878 0.5889
1 0.1906 0.5893
1 0.1935 0.5898
1 0.1962 0.5903
1 0.1990 0.5908
1 0.2017 0.5916
1 0.2043 0.5920
1 0.2070 0.5930
1 0.2097 0.5938
1 0.2124 0.5949
1 0.2151 0.5958
1 0.2176 0.5969
1 0.2201 0.5980
1 0.2228 0.5993
1 0.2251 0.6005
1 0.2277 0.6019
1 0.2300 0.6032
1 0.2324 0.6048
1 0.2349 0.6064
1 0.2371 0.6079
1 0.2393 0.6097
1 0.2415 0.6114
1 0.2437 0.6131
1 0.2458 0.6150
1 0.2478 0.6169
1 0.2499 0.6190
1 0.2518 0.6209
1 0.2537 0.6231
1 0.2556 0.6251
1 0.2573 0.6273
1 0.2590 0.6295
1 0.2607 0.6319
1 0.2623 0.6341
1 0.2637 0.6365
1 0.2653 0.6388
1 0.2667 0.6412
1 0.2680 0.6437
1 0.2693 0.6462
1 0.2705 0.6489
1 0.2716 0.6514
1 0.2727 0.6539
1 0.2737 0.6566
1 0.2746 0.6593
1 0.2754 0.6620
1 0.2762 0.6647
1 0.2768 0.6673
1 0.2774 0.6700
1 0.2779 0.6728
1 0.2786 0.6757
1 0.2789 0.6784
1 0.2792 0.6812
1 0.2795 0.6840
1 0.2797 0.6869
1 0.2797 0.6897
1 0.2797 0.6925
1 0.2797 0.6952
1 0.2797 0.6981
1 0.2793 0.7007
1 0.2790 0.7036
1 0.2786 0.7064
1 0.2782 0.7091
1 0.2776 0.7119
1 0.2771 0.7146
1 0.2763 0.7174
1 0.2757 0.7201
1 0.2748 0.7229
1 0.2740 0.7255
1 0.2730 0.7281
1 0.2719 0.7307
1 0.2708 0.7333
1 0.2697 0.7359
1 0.2685 0.7384
1 0.2671 0.7409
1 0.2658 0.7433
1 0.2642 0.7456
1 0.2628 0.7482
1 0.2612 0.7505
1 0.2596 0.7527
1 0.2579 0.7549
1 0.2562 0.7571
1 0.2543 0.7593
1 0.2524 0.7614
1 0.2505 0.7634
1 0.2485 0.7653
1 0.2466 0.7674
1 0.2444 0.7693
1 0.2422 0.7710
1 0.2400 0.7727
1 0.2377 0.7745
1 0.2355 0.7760
1 0.2332 0.7776
1 0.2308 0.7792
1 0.2283 0.7806
1 0.2259 0.7819
1 0.2234 0.7833
1 0.2210 0.7845
1 0.2184 0.7858
1 0.2158 0.7869
1 0.2132 0.7879
1 0.2107 0.7888
1 0.2080 0.7896
1 0.2051 0.7905
1 0.2025 0.7913
1 0.1998 0.7918
1 0.1969 0.7924
1 0.1943 0.7931
1 0.1914 0.7935
1 0.1888 0.7938
1 0.1859 0.7940
1 0.1831 0.7943
1 0.1802 0.7945
1 0.1776 0.7946
1 0.1747 0.7946
1 0.1719 0.7945
1 0.1691 0.7943
1 0.1664 0.7940
1 0.1635 0.7937
1 0.1607 0.7934
1 0.1580 0.7929
1 0.1552 0.7924
1 0.1525 0.7916
1 0.1497 0.7910
1 0.1470 0.7902
1 0.1445 0.7894
1 0.1416 0.7885
1 0.1390 0.7874
1 0.1364 0.7863
1 0.1339 0.7852
1 0.1312 0.7841
1 0.1064 0.8279
1 0.1172 0.8468
1 0.1508 0.8468
1 0.1508 0.8726
1 0.0731 0.8597
1 0.0731 0.8468
1 0.1023 0.8468
1 0.0949 0.8339
1 -0.0523 0.8339
1 -0.0743 0.8726
1 -0.0116 0.8726
1 -0.0116 0.8857
1 -0.0893 0.8857
1 -0.0893 0.8726
1 -0.0638 0.8279
1 -0.0887 0.7841
1 -0.0912 0.7852
1 -0.0939 0.7863
1 -0.0964 0.7874
1 -0.0991 0.7885
1 -0.1016 0.7894
1 -0.1044 0.7902
1 -0.1071 0.7910
1 -0.1098 0.7916
1 -0.1126 0.7924
1 -0.1153 0.7929
1 -0.1181 0.7934
1 -0.1210 0.7937
1 -0.1237 0.7940
1 -0.1265 0.7943
1 -0.1293 0.7945
1 -0.1320 0.7946
1 -0.1348 0.7946
1 -0.1377 0.7945
1 -0.1405 0.7943
1 -0.1432 0.7940
1 -0.1460 0.7938
1 -0.1489 0.7935
1 -0.1517 0.7931
1 -0.1544 0.7924
1 -0.1572 0.7918
1 -0.1599 0.7913
1 -0.1626 0.7905
1 -0.1652 0.7896
1 -0.1679 0.7888
1 -0.1706 0.7879
1 -0.1731 0.7869
1 -0.1758 0.7858
1 -0.1783 0.7845
1 -0.1808 0.7833
1 -0.1834 0.7819
1 -0.1857 0.7806
1 -0.1883 0.7792
1 -0.1905 0.7776
1 -0.1928 0.7760
1 -0.1952 0.7745
1 -0.1974 0.7727
1 -0.1996 0.7710
1 -0.2016 0.7693
1 -0.2037 0.7674
1 -0.2059 0.7653
1 -0.2078 0.7634
1 -0.2098 0.7614
1 -0.2116 0.7593
1 -0.2135 0.7571
1 -0.2153 0.7549
1 -0.2169 0.7527
1 -0.2187 0.7505
1 -0.2202 0.7482
1 -0.2216 0.7456
1 -0.2231 0.7433
1 -0.2245 0.7409
1 -0.2257 0.7384
1 -0.2270 0.7359
1 -0.2283 0.7333
1 -0.2294 0.7307
1 -0.2303 0.7281
1 -0.2314 0.7255
1 -0.2322 0.7229
1 -0.2330 0.7201
1 -0.2338 0.7174
1 -0.2344 0.7146
1 -0.2350 0.7119
1 -0.2355 0.7091
1 -0.2360 0.7064
1 -0.2363 0.7036
1 -0.2366 0.7007
1 -0.2369 0.6981
1 -0.2369 0.6952
1 -0.2371 0.6925
1 -0.2371 0.6897
1 -0.2369 0.6869
1 -0.2369 0.6840
1 -0.2366 0.6812
1 -0.2363 0.6784
1 -0.2358 0.6757
1 -0.2354 0.6728
1 -0.2349 0.6700
1 -0.2343 0.6673
1 -0.2336 0.6647
1 -0.2328 0.6620
1 -0.2319 0.6593
1 -0.2309 0.6566
1 -0.2300 0.6539
1 -0.2291 0.6514
1 -0.2280 0.6489
1 -0.2267 0.6462
1 -0.2253 0.6437
1 -0.2242 0.6412
1 -0.2226 0.6388
1 -0.2212 0.6365
1 -0.2198 0.6341
1 -0.2180 0.6319
1 -0.2165 0.6295
1 -0.2147 0.6273
1 -0.2130 0.6251
1 -0.2111 0.6231
1 -0.2092 0.6209
1 -0.2072 0.6190
1 -0.2053 0.6169
1 -0.2032 0.6150
1 -0.2010 0.6131
1 -0.1988 0.6114
1 -0.1966 0.6097
1 -0.1944 0.6079
1 -0.1922 0.6064
1 -0.1898 0.6048
1 -0.1875 0.6032
1 -0.1849 0.6019
1 -0.1826 0.6005
1 -0.1801 0.5993
1 -0.1775 0.5980
1 -0.1750 0.5969
1 -0.1723 0.5958
1 -0.1697 0.5949
1 -0.1671 0.5938
1 -0.1645 0.5930
1 -0.1618 0.5920
1 -0.1591 0.5916
1 -0.1563 0.5908
1 -0.1536 0.5903
1 -0.1508 0.5898
1 -0.1481 0.5893
1 -0.1452 0.5889
1 -0.1424 0.5887
1 -0.1396 0.5886
1 -0.1369 0.5884
1 -0.1341 0.5882
1 -0.1312 0.5884
1 -0.1284 0.5886
1 -0.1255 0.5887
1 -0.1227 0.5889
1 -0.1199 0.5893
1 -0.1172 0.5898
1 -0.1144 0.5903
1 -0.1117 0.5908
1 -0.1088 0.5916
1 -0.1062 0.5920
1 -0.1035 0.5930
1 -0.1008 0.5938
1 -0.0983 0.5949
1 -0.0956 0.5958
1 -0.0929 0.5969
1 -0.0904 0.5980
1 -0.0879 0.5993
1 -0.0854 0.6005
1 -0.0829 0.6019
1 -0.0806 0.6032
1 -0.0781 0.6048
1 -0.0758 0.6064
1 -0.0736 0.6079
1 -0.0714 0.6097
1 -0.0691 0.6114
1 -0.0669 0.6131
1 -0.0647 0.6150
1 -0.0627 0.6169
1 -0.0608 0.6190
1 -0.0587 0.6209
1 -0.0570 0.6231
1 -0.0551 0.6251
1 -0.0532 0.6273
1 -0.0515 0.6295
1 -0.0499 0.6319
1 -0.0484 0.6341
1 -0.0468 0.6365
1 -0.0454 0.6390
1 -0.0439 0.6412
1 -0.0427 0.6439
1 -0.0414 0.6462
1 -0.0402 0.6489
1 -0.0391 0.6514
1 -0.0380 0.6539
1 -0.0370 0.6566
1 -0.0361 0.6593
1 -0.0353 0.6620
1 -0.0343 0.6647
1 -0.0339 0.6673
1 -0.0332 0.6702
1 -0.0326 0.6728
1 -0.0321 0.6757
1 -0.0317 0.6784
1 -0.0315 0.6812
1 -0.0312 0.6840
1 -0.0310 0.6869
1 -0.0310 0.6897
1 -0.0310 0.6925
1 -0.0310 0.6952
1 -0.0310 0.6981
1 -0.0313 0.7007
1 -0.0317 0.7036
1 -0.0320 0.7064
1 -0.0324 0.7092
1 -0.0329 0.7119
1 -0.0335 0.7146
1 -0.0343 0.7174
1 -0.0350 0.7201
1 -0.0357 0.7229
1 -0.0367 0.7255
1 -0.0376 0.7281
1 -0.0387 0.7307
1 -0.0398 0.7333
1 -0.0409 0.7359
1 -0.0422 0.7384
1 -0.0435 0.7409
1 -0.0449 0.7433
1 -0.0465 0.7458
1 -0.0479 0.7482
1 -0.0495 0.7505
1 -0.0510 0.7527
1 -0.0528 0.7549
1 -0.0545 0.7571
1 -0.0564 0.7593
1 -0.0581 0.7614
1 -0.0602 0.7634
1 -0.0621 0.7653
1 -0.0641 0.7674
1 -0.0663 0.7693
1 -0.0685 0.7710
1 -0.0707 0.7727
1 -0.0729 0.7745
1 -0.0751 0.7760
1 -0.0773 0.7776
1 -0.0564 0.8148
1 0.0033 0.7100
1 0.0021 0.7086
1 0.0008 0.7072
1 -0.0003 0.7056
1 -0.0012 0.7040
1 -0.0022 0.7023
1 -0.0028 0.7004
1 -0.0035 0.6985
1 -0.0039 0.6968
1 -0.0044 0.6949
1 -0.0046 0.6930
1 -0.0046 0.6911
1 -0.0046 0.6892
1 -0.0042 0.6872
1 -0.0039 0.6853
1 -0.0033 0.6836
1 -0.0027 0.6817
1 -0.0019 0.6799
1 -0.0009 0.6782
1 0.0000 0.6766
1 0.0013 0.6752
1 0.0025 0.6738
1 0.0038 0.6724
1 0.0054 0.6711
1 0.0069 0.6699
1 0.0085 0.6689
1 0.0103 0.6681
1 0.0120 0.6673
1 0.0137 0.6667
1 0.0156 0.6662
1 0.0175 0.6659
1 0.0194 0.6656
1 0.0214 0.6654
1 0.0232 0.6656
1 0.0252 0.6659
1 0.0270 0.6662
1 0.0288 0.6667
1 0.0307 0.6673
1 0.0325 0.6681
1 0.0340 0.6689
1 0.0358 0.6699
1 0.0374 0.6711
1 0.0388 0.6724
1 0.0402 0.6738
1 0.0414 0.6752
1 0.0426 0.6766
1 0.0437 0.6782
1 0.0446 0.6799
1 0.0452 0.6817
1 0.0460 0.6836
1 0.0465 0.6853
1 0.0468 0.6872
1 0.0471 0.6892
1 0.0473 0.6911
1 0.0471 0.6930
1 0.0470 0.6949
1 0.0466 0.6968
1 0.0462 0.6985
1 0.0457 0.7004
1 0.0449 0.7023
1 0.0440 0.7040
1 0.0430 0.7056
1 0.0418 0.7072
1 0.0407 0.7086
1 0.0394 0.7100
112 1466 204
0 0.1768 0.7044
1 0.1780 0.7044
1 0.1795 0.7040
1 0.1809 0.7036
1 0.1821 0.7031
1 0.1834 0.7025
1 0.1847 0.7017
1 0.1856 0.7007
1 0.1865 0.6996
1 0.1875 0.6985
1 0.1881 0.6974
1 0.1888 0.6960
1 0.1891 0.6947
1 0.1894 0.6933
1 0.1897 0.6919
1 0.1895 0.6905
1 0.1894 0.6892
1 0.1891 0.6878
1 0.1886 0.6864
1 0.1880 0.6851
1 0.1872 0.6840
1 0.1864 0.6829
1 0.1853 0.6818
1 0.1842 0.6809
1 0.1831 0.6802
1 0.1818 0.6796
1 0.1804 0.6791
1 0.1791 0.6787
1 0.1777 0.6785
1 0.1763 0.6785
1 0.1749 0.6787
1 0.1735 0.6788
1 0.1721 0.6793
1 0.1709 0.6798
1 0.1697 0.6806
1 0.1684 0.6815
1 0.1675 0.6823
1 0.1665 0.6834
1 0.1658 0.6845
1 0.1650 0.6859
1 0.1645 0.6870
1 0.1640 0.6884
1 0.1637 0.6899
1 0.1637 0.6913
1 0.1637 0.6927
1 0.1640 0.6941
1 0.1643 0.6954
1 0.1648 0.6968
1 0.1654 0.6981
1 0.1262 0.7667
1 0.1234 0.7648
1 0.1205 0.7626
1 0.1177 0.7603
1 0.1150 0.7578
1 0.1125 0.7554
1 0.1098 0.7527
1 0.1075 0.7499
1 0.1053 0.7472
1 0.1030 0.7444
1 0.1010 0.7414
1 0.0991 0.7384
1 0.0972 0.7351
1 0.0956 0.7319
1 0.0941 0.7286
1 0.0925 0.7253
1 0.0914 0.7220
1 0.0903 0.7185
1 0.0892 0.7151
1 0.0882 0.7116
1 0.0876 0.7080
1 0.0870 0.7045
1 0.0865 0.7009
1 0.0862 0.6973
1 0.0860 0.6936
1 0.0860 0.6900
1 0.0862 0.6864
1 0.0865 0.6828
1 0.0868 0.6793
1 0.0875 0.6757
1 0.0881 0.6721
1 0.0890 0.6686
1 0.0900 0.6651
1 0.0911 0.6617
1 0.0923 0.6584
1 0.0936 0.6550
1 0.0953 0.6517
1 0.0969 0.6484
1 0.0986 0.6453
1 0.1005 0.6423
1 0.1026 0.6393
1 0.1048 0.6363
1 0.1070 0.6335
1 0.1093 0.6308
1 0.1119 0.6281
1 0.1144 0.6257
1 0.1171 0.6232
1 0.1197 0.6209
1 0.1227 0.6186
1 0.1257 0.6166
1 0.1286 0.6147
1 0.1317 0.6128
1 0.1350 0.6109
1 0.1382 0.6094
1 0.1415 0.6079
1 0.1448 0.6065
1 0.1483 0.6054
1 0.1516 0.6043
1 0.1552 0.6034
1 0.1588 0.6026
1 0.1623 0.6019
1 0.1659 0.6015
1 0.1694 0.6012
1 0.1732 0.6008
1 0.1766 0.6008
1 0.1766 0.6008
1 0.1802 0.6008
1 0.1842 0.6012
1 0.1876 0.6015
1 0.1913 0.6019
1 0.1951 0.6027
1 0.1985 0.6035
1 0.2021 0.6045
1 0.2056 0.6056
1 0.2091 0.6070
1 0.2125 0.6083
1 0.2160 0.6098
1 0.2193 0.6114
1 0.2225 0.6133
1 0.2256 0.6153
1 0.2288 0.6174
1 0.2316 0.6194
1 0.2346 0.6218
1 0.2373 0.6242
1 0.2400 0.6267
1 0.2426 0.6294
1 0.2452 0.6320
1 0.2475 0.6350
1 0.2497 0.6379
1 0.2518 0.6409
1 0.2538 0.6440
1 0.2557 0.6472
1 0.2574 0.6505
1 0.2590 0.6538
1 0.2604 0.6572
1 0.2619 0.6606
1 0.2631 0.6640
1 0.2641 0.6676
1 0.2650 0.6713
1 0.2658 0.6749
1 0.2664 0.6785
1 0.2667 0.6821
1 0.2671 0.6859
1 0.2672 0.6895
1 0.2672 0.6932
1 0.2671 0.6969
1 0.2669 0.7006
1 0.2664 0.7042
1 0.2658 0.7080
1 0.2650 0.7114
1 0.2642 0.7151
1 0.2631 0.7187
1 0.2620 0.7222
1 0.2606 0.7256
1 0.2592 0.7289
1 0.2576 0.7322
1 0.2559 0.7355
1 0.2540 0.7389
1 0.2519 0.7418
1 0.2499 0.7450
1 0.2477 0.7478
1 0.2452 0.7507
1 0.2426 0.7533
1 0.2401 0.7560
1 0.2374 0.7587
1 0.2348 0.7609
1 0.2318 0.7633
1 0.2289 0.7655
1 0.2258 0.7675
1 0.2226 0.7696
1 0.2195 0.7713
1 0.2162 0.7730
1 0.2129 0.7746
1 0.2094 0.7759
1 0.2058 0.7771
1 0.2023 0.7784
1 0.1988 0.7793
1 0.1952 0.7801
1 0.1916 0.7808
1 0.1880 0.7814
1 0.1842 0.7817
1 0.1806 0.7819
1 0.1769 0.7820
1 0.1732 0.7819
1 0.1695 0.7819
1 0.1659 0.7814
1 0.1621 0.7808
1 0.1585 0.7803
1 0.1549 0.7793
1 0.1514 0.7786
1 0.1478 0.7775
1 0.1443 0.7760
1 0.1410 0.7748
1 0.1376 0.7732
1 0.1768 0.7044
112 1466 12
0 0.0281 0.7165
1 0.0876 0.8209
1 -0.0449 0.8209
1 0.0145 0.7165
1 0.0162 0.7168
1 0.0180 0.7171
1 0.0197 0.7173
1 0.0214 0.7174
1 0.0230 0.7173
1 0.0247 0.7171
1 0.0263 0.7168
1 0.0281 0.7165
112 1466 204
0 -0.1229 0.6981
1 -0.0836 0.7667
1 -0.0806 0.7648
1 -0.0778 0.7626
1 -0.0751 0.7603
1 -0.0725 0.7578
1 -0.0696 0.7554
1 -0.0673 0.7527
1 -0.0649 0.7499
1 -0.0625 0.7472
1 -0.0603 0.7444
1 -0.0584 0.7414
1 -0.0564 0.7384
1 -0.0547 0.7351
1 -0.0529 0.7319
1 -0.0515 0.7286
1 -0.0499 0.7253
1 -0.0487 0.7220
1 -0.0476 0.7185
1 -0.0465 0.7151
1 -0.0457 0.7116
1 -0.0449 0.7080
1 -0.0443 0.7045
1 -0.0438 0.7009
1 -0.0436 0.6973
1 -0.0435 0.6936
1 -0.0435 0.6900
1 -0.0436 0.6864
1 -0.0438 0.6828
1 -0.0443 0.6793
1 -0.0449 0.6757
1 -0.0454 0.6721
1 -0.0463 0.6686
1 -0.0472 0.6651
1 -0.0484 0.6617
1 -0.0498 0.6584
1 -0.0510 0.6550
1 -0.0526 0.6517
1 -0.0542 0.6484
1 -0.0559 0.6453
1 -0.0580 0.6423
1 -0.0599 0.6393
1 -0.0621 0.6363
1 -0.0643 0.6335
1 -0.0666 0.6308
1 -0.0691 0.6281
1 -0.0718 0.6257
1 -0.0743 0.6232
1 -0.0772 0.6209
1 -0.0800 0.6186
1 -0.0829 0.6166
1 -0.0860 0.6147
1 -0.0890 0.6128
1 -0.0923 0.6109
1 -0.0956 0.6094
1 -0.0989 0.6079
1 -0.1022 0.6065
1 -0.1055 0.6054
1 -0.1090 0.6043
1 -0.1125 0.6034
1 -0.1159 0.6026
1 -0.1196 0.6019
1 -0.1232 0.6015
1 -0.1268 0.6012
1 -0.1304 0.6008
1 -0.1341 0.6008
1 -0.1341 0.6008
1 -0.1377 0.6008
1 -0.1415 0.6012
1 -0.1451 0.6015
1 -0.1487 0.6019
1 -0.1525 0.6027
1 -0.1560 0.6035
1 -0.1596 0.6045
1 -0.1630 0.6056
1 -0.1665 0.6070
1 -0.1700 0.6083
1 -0.1734 0.6098
1 -0.1766 0.6114
1 -0.1799 0.6133
1 -0.1829 0.6153
1 -0.1860 0.6174
1 -0.1890 0.6194
1 -0.1919 0.6218
1 -0.1947 0.6242
1 -0.1974 0.6267
1 -0.1999 0.6294
1 -0.2024 0.6320
1 -0.2048 0.6350
1 -0.2070 0.6379
1 -0.2092 0.6409
1 -0.2113 0.6440
1 -0.2131 0.6472
1 -0.2147 0.6505
1 -0.2165 0.6538
1 -0.2179 0.6572
1 -0.2191 0.6606
1 -0.2204 0.6640
1 -0.2213 0.6676
1 -0.2223 0.6713
1 -0.2231 0.6749
1 -0.2235 0.6785
1 -0.2242 0.6821
1 -0.2245 0.6859
1 -0.2246 0.6895
1 -0.2246 0.6932
1 -0.2245 0.6969
1 -0.2242 0.7006
1 -0.2237 0.7042
1 -0.2231 0.7080
1 -0.2224 0.7114
1 -0.2213 0.7151
1 -0.2204 0.7187
1 -0.2191 0.7222
1 -0.2180 0.7256
1 -0.2165 0.7289
1 -0.2149 0.7322
1 -0.2131 0.7355
1 -0.2113 0.7389
1 -0.2092 0.7418
1 -0.2072 0.7450
1 -0.2048 0.7478
1 -0.2026 0.7507
1 -0.2001 0.7533
1 -0.1975 0.7560
1 -0.1949 0.7587
1 -0.1920 0.7609
1 -0.1892 0.7633
1 -0.1862 0.7655
1 -0.1832 0.7675
1 -0.1801 0.7696
1 -0.1767 0.7713
1 -0.1734 0.7730
1 -0.1701 0.7746
1 -0.1668 0.7759
1 -0.1632 0.7771
1 -0.1596 0.7784
1 -0.1561 0.7793
1 -0.1525 0.7801
1 -0.1489 0.7808
1 -0.1452 0.7814
1 -0.1416 0.7817
1 -0.1380 0.7819
1 -0.1342 0.7820
1 -0.1304 0.7819
1 -0.1268 0.7819
1 -0.1232 0.7814
1 -0.1194 0.7808
1 -0.1159 0.7803
1 -0.1122 0.7793
1 -0.1087 0.7786
1 -0.1052 0.7775
1 -0.1016 0.7760
1 -0.0983 0.7748
1 -0.0950 0.7732
1 -0.1341 0.7044
1 -0.1355 0.7044
1 -0.1369 0.7040
1 -0.1382 0.7036
1 -0.1396 0.7031
1 -0.1408 0.7025
1 -0.1419 0.7017
1 -0.1430 0.7007
1 -0.1440 0.6996
1 -0.1448 0.6985
1 -0.1456 0.6974
1 -0.1460 0.6960
1 -0.1465 0.6947
1 -0.1468 0.6933
1 -0.1470 0.6919
1 -0.1470 0.6905
1 -0.1468 0.6892
1 -0.1463 0.6878
1 -0.1459 0.6864
1 -0.1452 0.6851
1 -0.1446 0.6840
1 -0.1437 0.6829
1 -0.1427 0.6818
1 -0.1416 0.6809
1 -0.1404 0.6802
1 -0.1393 0.6796
1 -0.1378 0.6791
1 -0.1364 0.6787
1 -0.1350 0.6785
1 -0.1337 0.6785
1 -0.1322 0.6787
1 -0.1309 0.6788
1 -0.1295 0.6793
1 -0.1282 0.6798
1 -0.1270 0.6806
1 -0.1259 0.6815
1 -0.1249 0.6823
1 -0.1238 0.6834
1 -0.1230 0.6845
1 -0.1224 0.6859
1 -0.1218 0.6870
1 -0.1215 0.6884
1 -0.1211 0.6899
1 -0.1210 0.6913
1 -0.1211 0.6927
1 -0.1213 0.6941
1 -0.1216 0.6954
1 -0.1221 0.6968
1 -0.1229 0.6981
31 0 2
 0 0.2771 1.1000
 1 -0.2771 1.1000
31 0 2
 0 0.2771 0.0000
 1 -0.2771 0.0000
