ID-1b5
3409 4 1 1 0 0 0 0 0 0 1 1
1.000
112 1252 236
0 -2.5576 0.8646
1 -2.1281 1.6086
1 -2.1281 1.6086
1 -2.1269 1.6105
1 -2.1257 1.6124
1 -2.1245 1.6142
1 -2.1232 1.6160
1 -2.1219 1.6178
1 -2.1205 1.6195
1 -2.1191 1.6212
1 -2.1176 1.6229
1 -2.1161 1.6245
1 -2.1145 1.6261
1 -2.1129 1.6276
1 -2.1113 1.6291
1 -2.1096 1.6305
1 -2.1078 1.6319
1 -2.1061 1.6332
1 -2.1043 1.6345
1 -2.1024 1.6357
1 -2.1006 1.6369
1 -2.0987 1.6380
1 -2.0967 1.6391
1 -2.0948 1.6402
1 -2.0928 1.6411
1 -2.0908 1.6420
1 -2.0887 1.6429
1 -2.0867 1.6437
1 -2.0846 1.6445
1 -2.0825 1.6451
1 -2.0803 1.6458
1 -2.0782 1.6464
1 -2.0760 1.6469
1 -2.0739 1.6473
1 -2.0717 1.6477
1 -2.0695 1.6480
1 -2.0673 1.6483
1 -2.0651 1.6485
1 -2.0629 1.6487
1 -2.0607 1.6488
1 -2.0585 1.6488
1 1.8042 1.6488
1 1.8042 1.6488
1 1.8064 1.6488
1 1.8087 1.6487
1 1.8109 1.6485
1 1.8132 1.6483
1 1.8154 1.6480
1 1.8176 1.6477
1 1.8198 1.6473
1 1.8220 1.6468
1 1.8242 1.6463
1 1.8264 1.6457
1 1.8286 1.6450
1 1.8307 1.6443
1 1.8328 1.6435
1 1.8349 1.6427
1 1.8370 1.6418
1 1.8390 1.6409
1 1.8410 1.6398
1 1.8430 1.6388
1 1.8450 1.6377
1 1.8469 1.6365
1 1.8488 1.6353
1 1.8507 1.6340
1 1.8525 1.6327
1 1.8543 1.6313
1 1.8560 1.6298
1 1.8577 1.6284
1 1.8594 1.6268
1 1.8610 1.6253
1 1.8626 1.6237
1 1.8641 1.6220
1 1.8656 1.6203
1 1.8670 1.6186
1 1.8684 1.6168
1 1.8697 1.6150
1 1.8710 1.6131
1 1.8722 1.6112
1 1.8734 1.6093
1 1.8745 1.6073
1 1.8756 1.6053
1 1.8766 1.6033
1 1.8775 1.6013
1 1.8784 1.5992
1 1.8792 1.5971
1 1.8800 1.5950
1 1.8807 1.5929
1 1.8814 1.5907
1 1.8820 1.5885
1 1.8825 1.5863
1 1.8830 1.5841
1 1.8834 1.5819
1 1.8837 1.5797
1 1.8840 1.5774
1 1.8842 1.5752
1 1.8844 1.5730
1 1.8845 1.5707
1 1.8845 1.5685
1 1.8845 0.0804
1 1.8845 0.0804
1 1.8845 0.0781
1 1.8844 0.0759
1 1.8842 0.0736
1 1.8840 0.0714
1 1.8837 0.0691
1 1.8834 0.0669
1 1.8830 0.0647
1 1.8825 0.0625
1 1.8820 0.0603
1 1.8814 0.0581
1 1.8807 0.0560
1 1.8800 0.0538
1 1.8792 0.0517
1 1.8784 0.0496
1 1.8775 0.0475
1 1.8766 0.0455
1 1.8756 0.0435
1 1.8745 0.0415
1 1.8734 0.0395
1 1.8722 0.0376
1 1.8710 0.0357
1 1.8697 0.0339
1 1.8684 0.0320
1 1.8670 0.0303
1 1.8656 0.0285
1 1.8641 0.0268
1 1.8626 0.0252
1 1.8610 0.0235
1 1.8594 0.0220
1 1.8577 0.0204
1 1.8560 0.0190
1 1.8543 0.0175
1 1.8525 0.0162
1 1.8507 0.0148
1 1.8488 0.0135
1 1.8469 0.0123
1 1.8450 0.0111
1 1.8430 0.0100
1 1.8410 0.0090
1 1.8390 0.0080
1 1.8370 0.0070
1 1.8349 0.0061
1 1.8328 0.0053
1 1.8307 0.0045
1 1.8286 0.0038
1 1.8264 0.0031
1 1.8242 0.0025
1 1.8220 0.0020
1 1.8198 0.0015
1 1.8176 0.0011
1 1.8154 0.0008
1 1.8132 0.0005
1 1.8109 0.0003
1 1.8087 0.0001
1 1.8064 0.0000
1 1.8042 0.0000
1 -2.0585 0.0000
1 -2.0585 0.0000
1 -2.0607 0.0000
1 -2.0629 0.0001
1 -2.0651 0.0003
1 -2.0673 0.0005
1 -2.0695 0.0008
1 -2.0717 0.0011
1 -2.0739 0.0015
1 -2.0760 0.0019
1 -2.0782 0.0025
1 -2.0803 0.0030
1 -2.0825 0.0037
1 -2.0846 0.0044
1 -2.0867 0.0051
1 -2.0887 0.0059
1 -2.0908 0.0068
1 -2.0928 0.0077
1 -2.0948 0.0087
1 -2.0967 0.0097
1 -2.0987 0.0108
1 -2.1006 0.0119
1 -2.1024 0.0131
1 -2.1043 0.0143
1 -2.1061 0.0156
1 -2.1078 0.0169
1 -2.1096 0.0183
1 -2.1113 0.0198
1 -2.1129 0.0212
1 -2.1145 0.0228
1 -2.1161 0.0243
1 -2.1176 0.0259
1 -2.1191 0.0276
1 -2.1205 0.0293
1 -2.1219 0.0310
1 -2.1232 0.0328
1 -2.1245 0.0346
1 -2.1257 0.0364
1 -2.1269 0.0383
1 -2.1281 0.0402
1 -2.5576 0.7842
1 -2.5576 0.7842
1 -2.5587 0.7862
1 -2.5598 0.7881
1 -2.5607 0.7901
1 -2.5616 0.7921
1 -2.5625 0.7942
1 -2.5633 0.7962
1 -2.5641 0.7983
1 -2.5647 0.8004
1 -2.5654 0.8025
1 -2.5660 0.8047
1 -2.5665 0.8068
1 -2.5669 0.8090
1 -2.5673 0.8112
1 -2.5676 0.8134
1 -2.5679 0.8156
1 -2.5681 0.8178
1 -2.5683 0.8200
1 -2.5684 0.8222
1 -2.5684 0.8244
1 -2.5684 0.8266
1 -2.5683 0.8288
1 -2.5681 0.8310
1 -2.5679 0.8332
1 -2.5676 0.8354
1 -2.5673 0.8376
1 -2.5669 0.8398
1 -2.5665 0.8420
1 -2.5660 0.8441
1 -2.5654 0.8463
1 -2.5647 0.8484
1 -2.5641 0.8505
1 -2.5633 0.8526
1 -2.5625 0.8546
1 -2.5616 0.8567
1 -2.5607 0.8587
1 -2.5598 0.8607
1 -2.5587 0.8627
112 1251 217
0 -2.1229 0.0432
1 -2.1218 0.0412
1 -2.1206 0.0394
1 -2.1193 0.0375
1 -2.1180 0.0357
1 -2.1166 0.0340
1 -2.1152 0.0322
1 -2.1138 0.0306
1 -2.1123 0.0289
1 -2.1107 0.0274
1 -2.1091 0.0258
1 -2.1074 0.0243
1 -2.1057 0.0229
1 -2.1040 0.0215
1 -2.1022 0.0202
1 -2.1004 0.0189
1 -2.0985 0.0177
1 -2.0966 0.0165
1 -2.0947 0.0154
1 -2.0928 0.0143
1 -2.0908 0.0133
1 -2.0887 0.0124
1 -2.0867 0.0115
1 -2.0846 0.0107
1 -2.0825 0.0099
1 -2.0804 0.0093
1 -2.0783 0.0086
1 -2.0761 0.0081
1 -2.0739 0.0076
1 -2.0718 0.0071
1 -2.0696 0.0068
1 -2.0674 0.0065
1 -2.0651 0.0063
1 -2.0629 0.0061
1 -2.0607 0.0060
1 -2.0585 0.0060
1 1.8042 0.0060
1 1.8064 0.0060
1 1.8086 0.0061
1 1.8108 0.0062
1 1.8130 0.0065
1 1.8152 0.0068
1 1.8173 0.0071
1 1.8195 0.0075
1 1.8216 0.0080
1 1.8238 0.0086
1 1.8259 0.0092
1 1.8280 0.0099
1 1.8301 0.0106
1 1.8321 0.0114
1 1.8342 0.0123
1 1.8362 0.0132
1 1.8381 0.0142
1 1.8401 0.0152
1 1.8420 0.0163
1 1.8439 0.0174
1 1.8457 0.0186
1 1.8475 0.0199
1 1.8493 0.0212
1 1.8510 0.0226
1 1.8527 0.0240
1 1.8544 0.0255
1 1.8560 0.0270
1 1.8576 0.0285
1 1.8591 0.0301
1 1.8605 0.0318
1 1.8619 0.0335
1 1.8633 0.0352
1 1.8646 0.0370
1 1.8659 0.0388
1 1.8671 0.0406
1 1.8682 0.0425
1 1.8693 0.0444
1 1.8704 0.0464
1 1.8713 0.0484
1 1.8723 0.0504
1 1.8731 0.0524
1 1.8739 0.0544
1 1.8747 0.0565
1 1.8753 0.0586
1 1.8759 0.0607
1 1.8765 0.0629
1 1.8770 0.0650
1 1.8774 0.0672
1 1.8778 0.0694
1 1.8780 0.0716
1 1.8783 0.0738
1 1.8784 0.0759
1 1.8785 0.0782
1 1.8786 0.0804
1 1.8786 1.5685
1 1.8785 1.5707
1 1.8784 1.5729
1 1.8783 1.5751
1 1.8780 1.5773
1 1.8778 1.5794
1 1.8774 1.5816
1 1.8770 1.5838
1 1.8765 1.5859
1 1.8759 1.5881
1 1.8753 1.5902
1 1.8747 1.5923
1 1.8739 1.5944
1 1.8731 1.5964
1 1.8723 1.5984
1 1.8713 1.6005
1 1.8704 1.6024
1 1.8693 1.6044
1 1.8682 1.6063
1 1.8671 1.6082
1 1.8659 1.6100
1 1.8646 1.6118
1 1.8633 1.6136
1 1.8619 1.6153
1 1.8605 1.6170
1 1.8591 1.6187
1 1.8576 1.6203
1 1.8560 1.6218
1 1.8544 1.6234
1 1.8527 1.6248
1 1.8510 1.6262
1 1.8493 1.6276
1 1.8475 1.6289
1 1.8457 1.6302
1 1.8439 1.6314
1 1.8420 1.6325
1 1.8401 1.6336
1 1.8381 1.6346
1 1.8362 1.6356
1 1.8342 1.6365
1 1.8321 1.6374
1 1.8301 1.6382
1 1.8280 1.6389
1 1.8259 1.6396
1 1.8238 1.6402
1 1.8216 1.6408
1 1.8195 1.6413
1 1.8173 1.6417
1 1.8152 1.6420
1 1.8130 1.6423
1 1.8108 1.6426
1 1.8086 1.6427
1 1.8064 1.6428
1 1.8042 1.6429
1 -2.0585 1.6429
1 -2.0607 1.6428
1 -2.0629 1.6427
1 -2.0651 1.6426
1 -2.0674 1.6423
1 -2.0696 1.6420
1 -2.0718 1.6417
1 -2.0739 1.6412
1 -2.0761 1.6407
1 -2.0783 1.6402
1 -2.0804 1.6396
1 -2.0825 1.6389
1 -2.0846 1.6381
1 -2.0867 1.6373
1 -2.0887 1.6364
1 -2.0908 1.6355
1 -2.0928 1.6345
1 -2.0947 1.6334
1 -2.0966 1.6323
1 -2.0985 1.6312
1 -2.1004 1.6299
1 -2.1022 1.6286
1 -2.1040 1.6273
1 -2.1057 1.6259
1 -2.1074 1.6245
1 -2.1091 1.6230
1 -2.1107 1.6215
1 -2.1123 1.6199
1 -2.1138 1.6182
1 -2.1152 1.6166
1 -2.1166 1.6148
1 -2.1180 1.6131
1 -2.1193 1.6113
1 -2.1206 1.6094
1 -2.1218 1.6076
1 -2.1229 1.6057
1 -2.5525 0.8616
1 -2.5536 0.8597
1 -2.5546 0.8577
1 -2.5556 0.8557
1 -2.5565 0.8536
1 -2.5573 0.8516
1 -2.5581 0.8495
1 -2.5588 0.8474
1 -2.5595 0.8453
1 -2.5601 0.8431
1 -2.5606 0.8410
1 -2.5611 0.8388
1 -2.5615 0.8366
1 -2.5618 0.8344
1 -2.5620 0.8322
1 -2.5622 0.8300
1 -2.5624 0.8277
1 -2.5624 0.8255
1 -2.5624 0.8233
1 -2.5624 0.8211
1 -2.5622 0.8188
1 -2.5620 0.8166
1 -2.5618 0.8144
1 -2.5615 0.8122
1 -2.5611 0.8100
1 -2.5606 0.8078
1 -2.5601 0.8057
1 -2.5595 0.8035
1 -2.5588 0.8014
1 -2.5581 0.7993
1 -2.5573 0.7972
1 -2.5565 0.7952
1 -2.5556 0.7931
1 -2.5546 0.7911
1 -2.5536 0.7891
1 -2.5525 0.7872
1 -2.1229 0.0432
112 1252 217
0 -2.1054 0.0528
1 -2.1047 0.0516
1 -2.1040 0.0506
1 -2.1029 0.0490
1 -2.1022 0.0479
1 -2.1010 0.0465
1 -2.0998 0.0449
1 -2.0988 0.0438
1 -2.0979 0.0428
1 -2.0968 0.0418
1 -2.0954 0.0404
1 -2.0944 0.0395
1 -2.0930 0.0383
1 -2.0918 0.0373
1 -2.0905 0.0364
1 -2.0892 0.0355
1 -2.0878 0.0346
1 -2.0862 0.0336
1 -2.0847 0.0327
1 -2.0833 0.0319
1 -2.0824 0.0315
1 -2.0807 0.0307
1 -2.0790 0.0300
1 -2.0775 0.0294
1 -2.0762 0.0289
1 -2.0745 0.0284
1 -2.0729 0.0279
1 -2.0717 0.0276
1 -2.0694 0.0271
1 -2.0681 0.0268
1 -2.0669 0.0266
1 -2.0652 0.0264
1 -2.0633 0.0262
1 -2.0615 0.0261
1 -2.0602 0.0260
1 -2.0585 0.0260
1 1.8042 0.0260
1 1.8059 0.0260
1 1.8077 0.0261
1 1.8090 0.0261
1 1.8103 0.0263
1 1.8124 0.0266
1 1.8141 0.0268
1 1.8154 0.0271
1 1.8167 0.0274
1 1.8184 0.0279
1 1.8200 0.0283
1 1.8217 0.0289
1 1.8232 0.0294
1 1.8244 0.0299
1 1.8262 0.0306
1 1.8274 0.0312
1 1.8290 0.0320
1 1.8306 0.0328
1 1.8320 0.0336
1 1.8333 0.0344
1 1.8343 0.0350
1 1.8358 0.0361
1 1.8371 0.0370
1 1.8383 0.0380
1 1.8397 0.0392
1 1.8409 0.0403
1 1.8423 0.0416
1 1.8435 0.0426
1 1.8441 0.0433
1 1.8451 0.0445
1 1.8465 0.0462
1 1.8475 0.0474
1 1.8484 0.0487
1 1.8495 0.0502
1 1.8501 0.0512
1 1.8509 0.0525
1 1.8519 0.0542
1 1.8525 0.0553
1 1.8532 0.0570
1 1.8540 0.0586
1 1.8545 0.0598
1 1.8553 0.0617
1 1.8557 0.0628
1 1.8561 0.0641
1 1.8566 0.0661
1 1.8571 0.0678
1 1.8574 0.0691
1 1.8577 0.0708
1 1.8580 0.0721
1 1.8581 0.0739
1 1.8584 0.0756
1 1.8584 0.0768
1 1.8585 0.0791
1 1.8586 0.0809
1 1.8586 1.5680
1 1.8585 1.5698
1 1.8584 1.5720
1 1.8584 1.5733
1 1.8581 1.5750
1 1.8580 1.5767
1 1.8577 1.5780
1 1.8574 1.5797
1 1.8571 1.5810
1 1.8566 1.5827
1 1.8561 1.5847
1 1.8557 1.5860
1 1.8553 1.5871
1 1.8545 1.5890
1 1.8540 1.5904
1 1.8532 1.5919
1 1.8526 1.5933
1 1.8519 1.5946
1 1.8509 1.5963
1 1.8501 1.5976
1 1.8495 1.5986
1 1.8484 1.6001
1 1.8475 1.6014
1 1.8465 1.6026
1 1.8451 1.6043
1 1.8441 1.6055
1 1.8435 1.6062
1 1.8421 1.6074
1 1.8409 1.6086
1 1.8400 1.6094
1 1.8383 1.6108
1 1.8371 1.6118
1 1.8358 1.6127
1 1.8343 1.6138
1 1.8333 1.6144
1 1.8320 1.6152
1 1.8306 1.6160
1 1.8290 1.6168
1 1.8274 1.6176
1 1.8262 1.6182
1 1.8244 1.6189
1 1.8232 1.6194
1 1.8217 1.6199
1 1.8200 1.6205
1 1.8184 1.6209
1 1.8167 1.6214
1 1.8154 1.6217
1 1.8141 1.6220
1 1.8124 1.6222
1 1.8103 1.6225
1 1.8090 1.6227
1 1.8077 1.6227
1 1.8055 1.6228
1 1.8037 1.6229
1 -2.0580 1.6229
1 -2.0598 1.6228
1 -2.0620 1.6227
1 -2.0633 1.6227
1 -2.0648 1.6225
1 -2.0669 1.6222
1 -2.0681 1.6220
1 -2.0694 1.6217
1 -2.0717 1.6212
1 -2.0733 1.6208
1 -2.0745 1.6205
1 -2.0758 1.6201
1 -2.0775 1.6194
1 -2.0790 1.6188
1 -2.0807 1.6181
1 -2.0824 1.6173
1 -2.0833 1.6169
1 -2.0847 1.6161
1 -2.0866 1.6150
1 -2.0878 1.6143
1 -2.0889 1.6135
1 -2.0905 1.6124
1 -2.0918 1.6115
1 -2.0930 1.6105
1 -2.0944 1.6093
1 -2.0956 1.6082
1 -2.0968 1.6071
1 -2.0977 1.6062
1 -2.0988 1.6050
1 -2.0998 1.6039
1 -2.1010 1.6023
1 -2.1022 1.6009
1 -2.1029 1.5998
1 -2.1040 1.5982
1 -2.1048 1.5970
1 -2.1056 1.5957
1 -2.5352 0.8516
1 -2.5360 0.8502
1 -2.5367 0.8488
1 -2.5374 0.8473
1 -2.5380 0.8459
1 -2.5387 0.8443
1 -2.5393 0.8428
1 -2.5398 0.8411
1 -2.5404 0.8395
1 -2.5407 0.8382
1 -2.5411 0.8365
1 -2.5415 0.8348
1 -2.5417 0.8335
1 -2.5419 0.8321
1 -2.5421 0.8304
1 -2.5423 0.8282
1 -2.5424 0.8268
1 -2.5424 0.8255
1 -2.5424 0.8233
1 -2.5424 0.8220
1 -2.5423 0.8206
1 -2.5421 0.8184
1 -2.5419 0.8167
1 -2.5417 0.8153
1 -2.5415 0.8140
1 -2.5411 0.8123
1 -2.5407 0.8106
1 -2.5404 0.8093
1 -2.5398 0.8077
1 -2.5393 0.8060
1 -2.5387 0.8045
1 -2.5380 0.8029
1 -2.5374 0.8015
1 -2.5367 0.8000
1 -2.5360 0.7986
1 -2.5352 0.7972
1 -2.1054 0.0528
112 1251 7
0 -1.8042 1.4851
1 -2.1856 0.8244
1 -1.8042 0.1637
1 -2.0104 0.1637
1 -2.3918 0.8244
1 -2.0104 1.4851
1 -1.8042 1.4851
