ID-1b3
3407 4 1 1 0 0 0 0 0 0 1 1
1.000
112 1252 227
0 -0.7585 0.0000
1 -0.7585 0.0000
1 -0.7601 0.0000
1 -0.7617 0.0001
1 -0.7632 0.0002
1 -0.7648 0.0003
1 -0.7664 0.0006
1 -0.7680 0.0008
1 -0.7695 0.0011
1 -0.7711 0.0015
1 -0.7726 0.0018
1 -0.7741 0.0022
1 -0.7756 0.0027
1 -0.7771 0.0032
1 -0.7786 0.0037
1 -0.7800 0.0043
1 -0.7815 0.0049
1 -0.7830 0.0056
1 -0.7843 0.0063
1 -0.7857 0.0071
1 -0.7871 0.0078
1 -0.7884 0.0087
1 -0.7898 0.0096
1 -0.7911 0.0105
1 -0.7923 0.0114
1 -0.7936 0.0124
1 -0.7948 0.0134
1 -0.7960 0.0144
1 -0.7971 0.0155
1 -0.7982 0.0166
1 -0.7993 0.0178
1 -0.8004 0.0189
1 -0.8014 0.0201
1 -0.8024 0.0214
1 -0.8034 0.0226
1 -0.8043 0.0239
1 -0.8052 0.0252
1 -0.8060 0.0265
1 -0.8068 0.0279
1 -0.9976 0.3584
1 -0.9984 0.3598
1 -0.9992 0.3612
1 -0.9999 0.3626
1 -1.0005 0.3641
1 -1.0011 0.3655
1 -1.0017 0.3670
1 -1.0022 0.3685
1 -1.0027 0.3700
1 -1.0031 0.3715
1 -1.0035 0.3730
1 -1.0039 0.3745
1 -1.0042 0.3761
1 -1.0045 0.3777
1 -1.0047 0.3792
1 -1.0049 0.3808
1 -1.0050 0.3824
1 -1.0051 0.3839
1 -1.0051 0.3855
1 -1.0051 0.3871
1 -1.0051 0.3887
1 -1.0050 0.3902
1 -1.0049 0.3918
1 -1.0047 0.3934
1 -1.0045 0.3950
1 -1.0042 0.3965
1 -1.0039 0.3981
1 -1.0035 0.3996
1 -1.0031 0.4011
1 -1.0027 0.4027
1 -1.0022 0.4041
1 -1.0017 0.4056
1 -1.0011 0.4071
1 -1.0005 0.4086
1 -0.9999 0.4100
1 -0.9992 0.4114
1 -0.9984 0.4128
1 -0.9976 0.4142
1 -0.8068 0.7447
1 -0.8060 0.7461
1 -0.8052 0.7474
1 -0.8043 0.7488
1 -0.8034 0.7500
1 -0.8024 0.7512
1 -0.8014 0.7525
1 -0.8004 0.7537
1 -0.7993 0.7549
1 -0.7982 0.7560
1 -0.7971 0.7571
1 -0.7960 0.7582
1 -0.7948 0.7592
1 -0.7936 0.7603
1 -0.7923 0.7612
1 -0.7911 0.7621
1 -0.7898 0.7630
1 -0.7884 0.7640
1 -0.7871 0.7648
1 -0.7857 0.7655
1 -0.7843 0.7663
1 -0.7830 0.7670
1 -0.7815 0.7677
1 -0.7800 0.7683
1 -0.7786 0.7689
1 -0.7771 0.7694
1 -0.7756 0.7699
1 -0.7741 0.7704
1 -0.7726 0.7708
1 -0.7711 0.7712
1 -0.7695 0.7715
1 -0.7680 0.7718
1 -0.7664 0.7721
1 -0.7648 0.7723
1 -0.7632 0.7724
1 -0.7617 0.7726
1 -0.7601 0.7726
1 -0.7585 0.7726
1 0.9493 0.7726
1 0.9509 0.7726
1 0.9525 0.7726
1 0.9541 0.7724
1 0.9557 0.7723
1 0.9573 0.7721
1 0.9588 0.7718
1 0.9604 0.7715
1 0.9620 0.7712
1 0.9635 0.7708
1 0.9650 0.7703
1 0.9666 0.7699
1 0.9681 0.7694
1 0.9696 0.7688
1 0.9711 0.7683
1 0.9725 0.7676
1 0.9740 0.7669
1 0.9754 0.7662
1 0.9768 0.7654
1 0.9781 0.7646
1 0.9795 0.7637
1 0.9809 0.7629
1 0.9821 0.7619
1 0.9834 0.7610
1 0.9847 0.7600
1 0.9858 0.7590
1 0.9870 0.7579
1 0.9882 0.7569
1 0.9893 0.7557
1 0.9904 0.7546
1 0.9915 0.7534
1 0.9925 0.7522
1 0.9935 0.7509
1 0.9945 0.7497
1 0.9954 0.7483
1 0.9963 0.7470
1 0.9971 0.7456
1 0.9979 0.7443
1 0.9987 0.7429
1 0.9994 0.7415
1 1.0001 0.7400
1 1.0007 0.7385
1 1.0013 0.7371
1 1.0019 0.7356
1 1.0024 0.7341
1 1.0029 0.7326
1 1.0033 0.7311
1 1.0037 0.7295
1 1.0040 0.7279
1 1.0043 0.7263
1 1.0045 0.7248
1 1.0047 0.7232
1 1.0049 0.7216
1 1.0050 0.7200
1 1.0051 0.7184
1 1.0051 0.7168
1 1.0051 0.0558
1 1.0051 0.0542
1 1.0050 0.0526
1 1.0049 0.0510
1 1.0047 0.0494
1 1.0045 0.0478
1 1.0043 0.0463
1 1.0040 0.0447
1 1.0037 0.0432
1 1.0033 0.0416
1 1.0029 0.0401
1 1.0024 0.0385
1 1.0019 0.0371
1 1.0013 0.0355
1 1.0007 0.0341
1 1.0001 0.0326
1 0.9994 0.0312
1 0.9987 0.0298
1 0.9979 0.0283
1 0.9971 0.0270
1 0.9963 0.0256
1 0.9954 0.0243
1 0.9945 0.0230
1 0.9935 0.0217
1 0.9925 0.0205
1 0.9915 0.0192
1 0.9904 0.0180
1 0.9893 0.0169
1 0.9882 0.0158
1 0.9870 0.0147
1 0.9858 0.0136
1 0.9847 0.0126
1 0.9834 0.0116
1 0.9821 0.0106
1 0.9809 0.0097
1 0.9795 0.0089
1 0.9781 0.0080
1 0.9768 0.0072
1 0.9754 0.0065
1 0.9740 0.0057
1 0.9725 0.0051
1 0.9711 0.0044
1 0.9696 0.0038
1 0.9681 0.0033
1 0.9666 0.0027
1 0.9650 0.0023
1 0.9635 0.0018
1 0.9620 0.0015
1 0.9604 0.0011
1 0.9588 0.0008
1 0.9573 0.0006
1 0.9557 0.0003
1 0.9541 0.0002
1 0.9525 0.0001
1 0.9509 0.0000
1 0.9493 0.0000
112 1251 217
0 1.0010 0.0558
1 1.0010 0.0543
1 1.0009 0.0528
1 1.0008 0.0512
1 1.0006 0.0497
1 1.0004 0.0482
1 1.0001 0.0466
1 0.9999 0.0451
1 0.9995 0.0437
1 0.9992 0.0421
1 0.9988 0.0407
1 0.9983 0.0392
1 0.9978 0.0378
1 0.9972 0.0364
1 0.9966 0.0350
1 0.9960 0.0336
1 0.9953 0.0322
1 0.9946 0.0308
1 0.9938 0.0295
1 0.9930 0.0282
1 0.9922 0.0269
1 0.9913 0.0257
1 0.9904 0.0244
1 0.9895 0.0233
1 0.9885 0.0221
1 0.9874 0.0209
1 0.9864 0.0198
1 0.9853 0.0187
1 0.9842 0.0177
1 0.9831 0.0167
1 0.9819 0.0157
1 0.9807 0.0147
1 0.9795 0.0138
1 0.9782 0.0129
1 0.9769 0.0121
1 0.9756 0.0113
1 0.9743 0.0106
1 0.9729 0.0099
1 0.9715 0.0092
1 0.9702 0.0085
1 0.9688 0.0079
1 0.9673 0.0074
1 0.9659 0.0069
1 0.9644 0.0064
1 0.9629 0.0060
1 0.9615 0.0056
1 0.9600 0.0052
1 0.9585 0.0049
1 0.9570 0.0047
1 0.9554 0.0045
1 0.9539 0.0043
1 0.9524 0.0042
1 0.9509 0.0042
1 0.9493 0.0042
1 -0.7585 0.0042
1 -0.7585 0.0042
1 -0.7601 0.0042
1 -0.7616 0.0042
1 -0.7632 0.0044
1 -0.7647 0.0045
1 -0.7662 0.0047
1 -0.7678 0.0049
1 -0.7693 0.0053
1 -0.7708 0.0056
1 -0.7723 0.0060
1 -0.7738 0.0065
1 -0.7753 0.0069
1 -0.7767 0.0074
1 -0.7781 0.0080
1 -0.7796 0.0086
1 -0.7809 0.0092
1 -0.7823 0.0099
1 -0.7837 0.0107
1 -0.7850 0.0115
1 -0.7864 0.0123
1 -0.7876 0.0131
1 -0.7889 0.0140
1 -0.7901 0.0149
1 -0.7914 0.0159
1 -0.7925 0.0169
1 -0.7936 0.0179
1 -0.7948 0.0190
1 -0.7959 0.0201
1 -0.7969 0.0212
1 -0.7979 0.0224
1 -0.7989 0.0236
1 -0.7999 0.0248
1 -0.8008 0.0260
1 -0.8016 0.0273
1 -0.8025 0.0286
1 -0.8033 0.0300
1 -0.9941 0.3605
1 -0.9949 0.3618
1 -0.9956 0.3632
1 -0.9963 0.3646
1 -0.9969 0.3660
1 -0.9974 0.3675
1 -0.9980 0.3689
1 -0.9985 0.3704
1 -0.9990 0.3718
1 -0.9994 0.3733
1 -0.9997 0.3748
1 -1.0000 0.3764
1 -1.0003 0.3779
1 -1.0006 0.3794
1 -1.0007 0.3809
1 -1.0008 0.3825
1 -1.0010 0.3840
1 -1.0010 0.3855
1 -1.0010 0.3871
1 -1.0010 0.3886
1 -1.0008 0.3902
1 -1.0007 0.3917
1 -1.0006 0.3932
1 -1.0003 0.3947
1 -1.0000 0.3963
1 -0.9997 0.3978
1 -0.9994 0.3993
1 -0.9990 0.4008
1 -0.9985 0.4022
1 -0.9980 0.4037
1 -0.9974 0.4052
1 -0.9969 0.4066
1 -0.9963 0.4080
1 -0.9956 0.4094
1 -0.9949 0.4108
1 -0.9941 0.4122
1 -0.8033 0.7426
1 -0.8025 0.7440
1 -0.8016 0.7453
1 -0.8008 0.7466
1 -0.7999 0.7478
1 -0.7989 0.7490
1 -0.7979 0.7502
1 -0.7969 0.7514
1 -0.7959 0.7526
1 -0.7948 0.7536
1 -0.7936 0.7547
1 -0.7925 0.7558
1 -0.7914 0.7567
1 -0.7901 0.7577
1 -0.7889 0.7586
1 -0.7876 0.7595
1 -0.7864 0.7603
1 -0.7850 0.7612
1 -0.7837 0.7619
1 -0.7823 0.7627
1 -0.7809 0.7634
1 -0.7796 0.7640
1 -0.7781 0.7646
1 -0.7767 0.7652
1 -0.7753 0.7657
1 -0.7738 0.7662
1 -0.7723 0.7667
1 -0.7708 0.7670
1 -0.7693 0.7674
1 -0.7678 0.7676
1 -0.7662 0.7679
1 -0.7647 0.7681
1 -0.7632 0.7683
1 -0.7616 0.7684
1 -0.7601 0.7685
1 -0.7585 0.7685
1 0.9493 0.7685
1 0.9509 0.7685
1 0.9524 0.7684
1 0.9539 0.7683
1 0.9554 0.7681
1 0.9570 0.7679
1 0.9585 0.7677
1 0.9600 0.7674
1 0.9615 0.7671
1 0.9629 0.7667
1 0.9644 0.7662
1 0.9659 0.7658
1 0.9673 0.7653
1 0.9688 0.7647
1 0.9702 0.7641
1 0.9715 0.7635
1 0.9729 0.7628
1 0.9743 0.7621
1 0.9756 0.7613
1 0.9769 0.7606
1 0.9782 0.7597
1 0.9795 0.7588
1 0.9807 0.7579
1 0.9819 0.7569
1 0.9831 0.7560
1 0.9842 0.7549
1 0.9853 0.7539
1 0.9864 0.7528
1 0.9874 0.7517
1 0.9885 0.7506
1 0.9895 0.7494
1 0.9904 0.7482
1 0.9913 0.7469
1 0.9922 0.7457
1 0.9930 0.7444
1 0.9938 0.7431
1 0.9946 0.7418
1 0.9953 0.7404
1 0.9960 0.7390
1 0.9966 0.7376
1 0.9972 0.7363
1 0.9978 0.7348
1 0.9983 0.7334
1 0.9988 0.7320
1 0.9992 0.7305
1 0.9995 0.7290
1 0.9999 0.7275
1 1.0001 0.7260
1 1.0004 0.7245
1 1.0006 0.7229
1 1.0008 0.7214
1 1.0009 0.7199
1 1.0010 0.7183
1 1.0010 0.7168
112 1252 217
0 0.9810 0.0558
1 0.9810 0.7168
1 0.9810 0.7177
1 0.9809 0.7186
1 0.9809 0.7194
1 0.9808 0.7203
1 0.9806 0.7213
1 0.9804 0.7227
1 0.9802 0.7236
1 0.9800 0.7245
1 0.9797 0.7260
1 0.9797 0.7260
1 0.9795 0.7267
1 0.9791 0.7277
1 0.9788 0.7284
1 0.9783 0.7295
1 0.9778 0.7306
1 0.9774 0.7315
1 0.9771 0.7321
1 0.9768 0.7326
1 0.9760 0.7339
1 0.9756 0.7344
1 0.9751 0.7352
1 0.9742 0.7365
1 0.9738 0.7370
1 0.9737 0.7371
1 0.9729 0.7379
1 0.9719 0.7390
1 0.9715 0.7394
1 0.9704 0.7404
1 0.9700 0.7409
1 0.9695 0.7412
1 0.9683 0.7422
1 0.9678 0.7426
1 0.9668 0.7433
1 0.9664 0.7435
1 0.9656 0.7440
1 0.9646 0.7446
1 0.9640 0.7449
1 0.9628 0.7455
1 0.9621 0.7458
1 0.9611 0.7462
1 0.9602 0.7466
1 0.9599 0.7467
1 0.9587 0.7470
1 0.9570 0.7476
1 0.9568 0.7476
1 0.9561 0.7478
1 0.9552 0.7480
1 0.9544 0.7481
1 0.9528 0.7483
1 0.9519 0.7484
1 0.9511 0.7484
1 0.9502 0.7485
1 0.9493 0.7485
1 -0.7585 0.7485
1 -0.7594 0.7485
1 -0.7603 0.7484
1 -0.7613 0.7484
1 -0.7621 0.7483
1 -0.7630 0.7481
1 -0.7646 0.7478
1 -0.7654 0.7477
1 -0.7663 0.7475
1 -0.7672 0.7473
1 -0.7675 0.7472
1 -0.7688 0.7468
1 -0.7694 0.7466
1 -0.7704 0.7461
1 -0.7717 0.7456
1 -0.7722 0.7454
1 -0.7729 0.7451
1 -0.7740 0.7444
1 -0.7748 0.7440
1 -0.7754 0.7436
1 -0.7764 0.7430
1 -0.7772 0.7424
1 -0.7780 0.7418
1 -0.7790 0.7410
1 -0.7791 0.7410
1 -0.7798 0.7403
1 -0.7813 0.7388
1 -0.7814 0.7387
1 -0.7815 0.7386
1 -0.7825 0.7374
1 -0.7835 0.7362
1 -0.7842 0.7354
1 -0.7842 0.7353
1 -0.7848 0.7344
1 -0.7856 0.7333
1 -0.7860 0.7326
1 -0.9768 0.4022
1 -0.9773 0.4014
1 -0.9777 0.4005
1 -0.9781 0.3996
1 -0.9783 0.3993
1 -0.9787 0.3981
1 -0.9792 0.3968
1 -0.9796 0.3957
1 -0.9799 0.3949
1 -0.9799 0.3948
1 -0.9801 0.3939
1 -0.9804 0.3925
1 -0.9807 0.3909
1 -0.9807 0.3906
1 -0.9807 0.3904
1 -0.9809 0.3883
1 -0.9810 0.3874
1 -0.9810 0.3871
1 -0.9810 0.3855
1 -0.9810 0.3853
1 -0.9809 0.3844
1 -0.9807 0.3822
1 -0.9807 0.3820
1 -0.9807 0.3818
1 -0.9804 0.3802
1 -0.9801 0.3786
1 -0.9799 0.3778
1 -0.9799 0.3777
1 -0.9796 0.3769
1 -0.9793 0.3760
1 -0.9787 0.3746
1 -0.9782 0.3731
1 -0.9781 0.3730
1 -0.9777 0.3721
1 -0.9774 0.3715
1 -0.9769 0.3707
1 -0.7860 0.0400
1 -0.7856 0.0393
1 -0.7848 0.0382
1 -0.7842 0.0373
1 -0.7842 0.0372
1 -0.7835 0.0364
1 -0.7825 0.0352
1 -0.7818 0.0343
1 -0.7814 0.0339
1 -0.7810 0.0334
1 -0.7801 0.0327
1 -0.7790 0.0317
1 -0.7786 0.0313
1 -0.7780 0.0308
1 -0.7772 0.0302
1 -0.7764 0.0296
1 -0.7759 0.0293
1 -0.7748 0.0287
1 -0.7735 0.0279
1 -0.7729 0.0275
1 -0.7722 0.0272
1 -0.7717 0.0270
1 -0.7704 0.0265
1 -0.7694 0.0260
1 -0.7693 0.0260
1 -0.7681 0.0257
1 -0.7666 0.0252
1 -0.7663 0.0251
1 -0.7648 0.0248
1 -0.7640 0.0246
1 -0.7636 0.0245
1 -0.7627 0.0244
1 -0.7613 0.0243
1 -0.7604 0.0242
1 -0.7601 0.0242
1 -0.7585 0.0242
1 0.9493 0.0242
1 0.9509 0.0242
1 0.9517 0.0242
1 0.9519 0.0242
1 0.9528 0.0243
1 0.9544 0.0245
1 0.9552 0.0246
1 0.9555 0.0247
1 0.9562 0.0249
1 0.9576 0.0253
1 0.9587 0.0256
1 0.9594 0.0258
1 0.9608 0.0263
1 0.9617 0.0266
1 0.9615 0.0265
1 0.9623 0.0270
1 0.9640 0.0278
1 0.9651 0.0284
1 0.9656 0.0286
1 0.9664 0.0291
1 0.9673 0.0297
1 0.9678 0.0300
1 0.9683 0.0304
1 0.9691 0.0311
1 0.9700 0.0318
1 0.9707 0.0325
1 0.9715 0.0332
1 0.9719 0.0336
1 0.9726 0.0344
1 0.9734 0.0353
1 0.9741 0.0360
1 0.9744 0.0364
1 0.9751 0.0374
1 0.9756 0.0382
1 0.9760 0.0387
1 0.9768 0.0400
1 0.9771 0.0405
1 0.9774 0.0411
1 0.9778 0.0420
1 0.9782 0.0429
1 0.9788 0.0443
1 0.9792 0.0451
1 0.9794 0.0457
1 0.9797 0.0466
1 0.9797 0.0467
1 0.9800 0.0483
1 0.9803 0.0492
1 0.9803 0.0498
1 0.9806 0.0514
1 0.9808 0.0523
1 0.9809 0.0531
1 0.9809 0.0541
1 0.9810 0.0550
1 0.9810 0.0558
112 1251 7
0 -0.7251 0.1136
1 -0.8826 0.3863
1 -0.7251 0.6590
1 -0.5820 0.6590
1 -0.7394 0.3863
1 -0.5820 0.1136
1 -0.7251 0.1136
