SEcl_ID-1a1
3403 14 1 1 0 0 0 0 0 0 1 1
1.000
112 1466 288
0 0.6616 1.4881
1 0.6616 1.4881
1 0.6635 1.4881
1 0.6656 1.4880
1 0.6676 1.4879
1 0.6695 1.4877
1 0.6715 1.4876
1 0.6735 1.4873
1 0.6755 1.4870
1 0.6774 1.4867
1 0.6794 1.4863
1 0.6814 1.4858
1 0.6833 1.4854
1 0.6852 1.4849
1 0.6872 1.4844
1 0.6890 1.4838
1 0.6909 1.4831
1 0.6928 1.4824
1 0.6947 1.4817
1 0.6965 1.4810
1 0.6983 1.4801
1 0.7001 1.4793
1 0.7019 1.4784
1 0.7037 1.4775
1 0.7054 1.4765
1 0.7072 1.4755
1 0.7089 1.4744
1 0.7106 1.4734
1 0.7122 1.4723
1 0.7138 1.4711
1 0.7154 1.4699
1 0.7170 1.4687
1 0.7185 1.4674
1 0.7201 1.4662
1 0.7215 1.4648
1 0.7230 1.4635
1 0.7244 1.4621
1 0.7258 1.4606
1 0.7272 1.4592
1 0.7285 1.4577
1 0.7298 1.4562
1 0.7310 1.4547
1 0.7323 1.4531
1 0.7335 1.4515
1 0.7347 1.4499
1 0.7358 1.4482
1 0.7368 1.4465
1 0.7378 1.4448
1 0.7389 1.4431
1 0.7399 1.4413
1 0.7408 1.4396
1 0.7417 1.4378
1 0.7425 1.4360
1 0.7433 1.4342
1 0.7441 1.4323
1 0.7448 1.4304
1 0.7455 1.4285
1 0.7461 1.4267
1 0.7467 1.4248
1 0.7472 1.4228
1 0.7478 1.4210
1 0.7482 1.4190
1 0.7487 1.4171
1 0.7490 1.4151
1 0.7494 1.4131
1 0.7497 1.4112
1 0.7499 1.4092
1 0.7501 1.4072
1 0.7503 1.4052
1 0.7503 1.4032
1 0.7504 1.4013
1 0.7505 1.3992
1 0.7505 0.0889
1 0.7505 0.0889
1 0.7504 0.0869
1 0.7503 0.0849
1 0.7503 0.0829
1 0.7501 0.0809
1 0.7499 0.0789
1 0.7497 0.0769
1 0.7494 0.0750
1 0.7490 0.0730
1 0.7487 0.0710
1 0.7482 0.0691
1 0.7478 0.0672
1 0.7472 0.0652
1 0.7467 0.0633
1 0.7461 0.0614
1 0.7455 0.0595
1 0.7448 0.0576
1 0.7441 0.0558
1 0.7433 0.0540
1 0.7425 0.0522
1 0.7417 0.0503
1 0.7408 0.0485
1 0.7399 0.0467
1 0.7389 0.0450
1 0.7378 0.0433
1 0.7368 0.0416
1 0.7358 0.0399
1 0.7347 0.0383
1 0.7335 0.0367
1 0.7323 0.0350
1 0.7310 0.0335
1 0.7298 0.0319
1 0.7285 0.0304
1 0.7272 0.0289
1 0.7258 0.0274
1 0.7244 0.0260
1 0.7230 0.0247
1 0.7215 0.0233
1 0.7201 0.0219
1 0.7185 0.0206
1 0.7170 0.0194
1 0.7154 0.0182
1 0.7138 0.0169
1 0.7122 0.0158
1 0.7106 0.0147
1 0.7089 0.0136
1 0.7072 0.0126
1 0.7054 0.0116
1 0.7037 0.0106
1 0.7019 0.0097
1 0.7001 0.0088
1 0.6983 0.0080
1 0.6965 0.0072
1 0.6947 0.0064
1 0.6928 0.0057
1 0.6909 0.0050
1 0.6890 0.0044
1 0.6872 0.0038
1 0.6852 0.0032
1 0.6833 0.0027
1 0.6814 0.0022
1 0.6794 0.0018
1 0.6774 0.0015
1 0.6755 0.0011
1 0.6735 0.0008
1 0.6715 0.0006
1 0.6695 0.0003
1 0.6676 0.0002
1 0.6656 0.0001
1 0.6635 0.0000
1 0.6616 0.0000
1 -0.6616 0.0000
1 -0.6616 0.0000
1 -0.6636 0.0000
1 -0.6656 0.0001
1 -0.6676 0.0002
1 -0.6696 0.0003
1 -0.6715 0.0006
1 -0.6735 0.0008
1 -0.6755 0.0011
1 -0.6774 0.0015
1 -0.6794 0.0018
1 -0.6814 0.0022
1 -0.6833 0.0027
1 -0.6852 0.0032
1 -0.6872 0.0038
1 -0.6890 0.0044
1 -0.6909 0.0050
1 -0.6928 0.0057
1 -0.6947 0.0064
1 -0.6965 0.0072
1 -0.6983 0.0080
1 -0.7001 0.0088
1 -0.7019 0.0097
1 -0.7037 0.0106
1 -0.7054 0.0116
1 -0.7072 0.0126
1 -0.7089 0.0136
1 -0.7106 0.0147
1 -0.7122 0.0158
1 -0.7138 0.0169
1 -0.7154 0.0182
1 -0.7170 0.0194
1 -0.7185 0.0206
1 -0.7201 0.0219
1 -0.7215 0.0233
1 -0.7230 0.0247
1 -0.7244 0.0260
1 -0.7258 0.0274
1 -0.7272 0.0289
1 -0.7285 0.0304
1 -0.7298 0.0319
1 -0.7310 0.0335
1 -0.7323 0.0350
1 -0.7335 0.0367
1 -0.7347 0.0383
1 -0.7358 0.0399
1 -0.7368 0.0416
1 -0.7378 0.0433
1 -0.7389 0.0450
1 -0.7399 0.0467
1 -0.7408 0.0485
1 -0.7417 0.0503
1 -0.7425 0.0522
1 -0.7433 0.0540
1 -0.7441 0.0558
1 -0.7448 0.0576
1 -0.7455 0.0595
1 -0.7461 0.0614
1 -0.7467 0.0633
1 -0.7472 0.0652
1 -0.7478 0.0672
1 -0.7482 0.0691
1 -0.7487 0.0710
1 -0.7490 0.0730
1 -0.7494 0.0750
1 -0.7497 0.0769
1 -0.7499 0.0789
1 -0.7501 0.0809
1 -0.7503 0.0829
1 -0.7503 0.0849
1 -0.7504 0.0869
1 -0.7505 0.0889
1 -0.7505 1.3992
1 -0.7505 1.3992
1 -0.7504 1.4013
1 -0.7503 1.4032
1 -0.7503 1.4052
1 -0.7501 1.4072
1 -0.7499 1.4092
1 -0.7497 1.4112
1 -0.7494 1.4131
1 -0.7490 1.4151
1 -0.7487 1.4171
1 -0.7482 1.4190
1 -0.7478 1.4210
1 -0.7472 1.4228
1 -0.7467 1.4248
1 -0.7461 1.4267
1 -0.7455 1.4285
1 -0.7448 1.4304
1 -0.7441 1.4323
1 -0.7433 1.4342
1 -0.7425 1.4360
1 -0.7417 1.4378
1 -0.7408 1.4396
1 -0.7399 1.4413
1 -0.7389 1.4431
1 -0.7378 1.4448
1 -0.7368 1.4465
1 -0.7358 1.4482
1 -0.7347 1.4499
1 -0.7335 1.4515
1 -0.7323 1.4531
1 -0.7310 1.4547
1 -0.7298 1.4562
1 -0.7285 1.4577
1 -0.7272 1.4592
1 -0.7258 1.4606
1 -0.7244 1.4621
1 -0.7230 1.4635
1 -0.7215 1.4648
1 -0.7201 1.4662
1 -0.7185 1.4674
1 -0.7170 1.4687
1 -0.7154 1.4699
1 -0.7138 1.4711
1 -0.7122 1.4723
1 -0.7106 1.4734
1 -0.7089 1.4744
1 -0.7072 1.4755
1 -0.7054 1.4765
1 -0.7037 1.4775
1 -0.7019 1.4784
1 -0.7001 1.4793
1 -0.6983 1.4801
1 -0.6965 1.4810
1 -0.6947 1.4817
1 -0.6928 1.4824
1 -0.6909 1.4831
1 -0.6890 1.4838
1 -0.6872 1.4844
1 -0.6852 1.4849
1 -0.6833 1.4854
1 -0.6814 1.4858
1 -0.6794 1.4863
1 -0.6774 1.4867
1 -0.6755 1.4870
1 -0.6735 1.4873
1 -0.6715 1.4876
1 -0.6696 1.4877
1 -0.6676 1.4879
1 -0.6656 1.4880
1 -0.6636 1.4881
1 -0.6616 1.4881
112 1251 280
0 0.7463 0.0889
1 0.7463 0.0889
1 0.7463 0.0869
1 0.7462 0.0849
1 0.7461 0.0830
1 0.7460 0.0810
1 0.7458 0.0791
1 0.7455 0.0772
1 0.7452 0.0752
1 0.7449 0.0733
1 0.7445 0.0714
1 0.7441 0.0694
1 0.7436 0.0676
1 0.7431 0.0657
1 0.7425 0.0638
1 0.7419 0.0619
1 0.7412 0.0601
1 0.7406 0.0583
1 0.7399 0.0565
1 0.7391 0.0547
1 0.7383 0.0528
1 0.7374 0.0511
1 0.7365 0.0494
1 0.7356 0.0476
1 0.7347 0.0460
1 0.7336 0.0442
1 0.7326 0.0426
1 0.7315 0.0410
1 0.7303 0.0394
1 0.7292 0.0378
1 0.7280 0.0363
1 0.7268 0.0347
1 0.7255 0.0333
1 0.7242 0.0318
1 0.7228 0.0303
1 0.7215 0.0290
1 0.7201 0.0276
1 0.7187 0.0262
1 0.7172 0.0249
1 0.7157 0.0237
1 0.7142 0.0224
1 0.7126 0.0213
1 0.7110 0.0201
1 0.7094 0.0190
1 0.7078 0.0178
1 0.7062 0.0168
1 0.7045 0.0158
1 0.7028 0.0149
1 0.7011 0.0139
1 0.6994 0.0130
1 0.6976 0.0122
1 0.6958 0.0113
1 0.6940 0.0106
1 0.6922 0.0099
1 0.6903 0.0092
1 0.6885 0.0085
1 0.6867 0.0079
1 0.6848 0.0074
1 0.6829 0.0069
1 0.6810 0.0064
1 0.6791 0.0060
1 0.6772 0.0056
1 0.6752 0.0052
1 0.6733 0.0049
1 0.6713 0.0047
1 0.6694 0.0045
1 0.6674 0.0043
1 0.6655 0.0042
1 0.6635 0.0042
1 0.6616 0.0042
1 -0.6616 0.0042
1 -0.6616 0.0042
1 -0.6635 0.0042
1 -0.6655 0.0042
1 -0.6674 0.0043
1 -0.6694 0.0045
1 -0.6713 0.0047
1 -0.6733 0.0049
1 -0.6752 0.0052
1 -0.6772 0.0056
1 -0.6791 0.0060
1 -0.6810 0.0064
1 -0.6829 0.0069
1 -0.6848 0.0074
1 -0.6867 0.0079
1 -0.6885 0.0085
1 -0.6903 0.0092
1 -0.6922 0.0099
1 -0.6940 0.0106
1 -0.6958 0.0113
1 -0.6976 0.0122
1 -0.6994 0.0130
1 -0.7011 0.0139
1 -0.7028 0.0149
1 -0.7045 0.0158
1 -0.7062 0.0168
1 -0.7078 0.0178
1 -0.7094 0.0190
1 -0.7110 0.0201
1 -0.7126 0.0213
1 -0.7142 0.0224
1 -0.7157 0.0237
1 -0.7172 0.0249
1 -0.7187 0.0262
1 -0.7201 0.0276
1 -0.7215 0.0290
1 -0.7228 0.0303
1 -0.7242 0.0318
1 -0.7255 0.0333
1 -0.7268 0.0347
1 -0.7280 0.0363
1 -0.7292 0.0378
1 -0.7303 0.0394
1 -0.7315 0.0410
1 -0.7326 0.0426
1 -0.7336 0.0442
1 -0.7347 0.0460
1 -0.7356 0.0476
1 -0.7365 0.0494
1 -0.7374 0.0511
1 -0.7383 0.0528
1 -0.7391 0.0547
1 -0.7399 0.0565
1 -0.7406 0.0583
1 -0.7413 0.0601
1 -0.7419 0.0619
1 -0.7425 0.0638
1 -0.7431 0.0657
1 -0.7436 0.0676
1 -0.7441 0.0694
1 -0.7445 0.0714
1 -0.7449 0.0733
1 -0.7452 0.0752
1 -0.7455 0.0772
1 -0.7458 0.0791
1 -0.7460 0.0810
1 -0.7461 0.0830
1 -0.7462 0.0849
1 -0.7463 0.0869
1 -0.7463 0.0889
1 -0.7463 1.3992
1 -0.7463 1.3992
1 -0.7463 1.4012
1 -0.7462 1.4031
1 -0.7461 1.4051
1 -0.7460 1.4070
1 -0.7458 1.4090
1 -0.7455 1.4109
1 -0.7452 1.4128
1 -0.7449 1.4148
1 -0.7445 1.4167
1 -0.7441 1.4186
1 -0.7436 1.4206
1 -0.7431 1.4224
1 -0.7425 1.4243
1 -0.7419 1.4262
1 -0.7413 1.4280
1 -0.7406 1.4299
1 -0.7399 1.4317
1 -0.7391 1.4335
1 -0.7383 1.4352
1 -0.7374 1.4370
1 -0.7365 1.4387
1 -0.7356 1.4405
1 -0.7347 1.4422
1 -0.7336 1.4438
1 -0.7326 1.4455
1 -0.7315 1.4471
1 -0.7303 1.4487
1 -0.7292 1.4503
1 -0.7280 1.4518
1 -0.7268 1.4533
1 -0.7255 1.4549
1 -0.7242 1.4563
1 -0.7228 1.4577
1 -0.7215 1.4592
1 -0.7201 1.4605
1 -0.7187 1.4619
1 -0.7172 1.4631
1 -0.7157 1.4644
1 -0.7142 1.4656
1 -0.7126 1.4669
1 -0.7110 1.4680
1 -0.7094 1.4692
1 -0.7078 1.4702
1 -0.7062 1.4712
1 -0.7045 1.4723
1 -0.7028 1.4733
1 -0.7011 1.4742
1 -0.6994 1.4751
1 -0.6976 1.4759
1 -0.6958 1.4767
1 -0.6940 1.4775
1 -0.6922 1.4783
1 -0.6903 1.4790
1 -0.6885 1.4796
1 -0.6867 1.4801
1 -0.6848 1.4807
1 -0.6829 1.4812
1 -0.6810 1.4817
1 -0.6791 1.4822
1 -0.6772 1.4825
1 -0.6752 1.4828
1 -0.6733 1.4831
1 -0.6713 1.4834
1 -0.6694 1.4836
1 -0.6674 1.4838
1 -0.6655 1.4839
1 -0.6635 1.4840
1 -0.6616 1.4840
1 0.6616 1.4840
1 0.6616 1.4840
1 0.6635 1.4840
1 0.6655 1.4839
1 0.6674 1.4838
1 0.6694 1.4836
1 0.6713 1.4834
1 0.6733 1.4831
1 0.6752 1.4828
1 0.6772 1.4825
1 0.6791 1.4822
1 0.6810 1.4817
1 0.6829 1.4812
1 0.6848 1.4807
1 0.6867 1.4801
1 0.6885 1.4796
1 0.6903 1.4790
1 0.6922 1.4783
1 0.6940 1.4775
1 0.6958 1.4767
1 0.6976 1.4759
1 0.6994 1.4751
1 0.7011 1.4742
1 0.7028 1.4733
1 0.7045 1.4723
1 0.7062 1.4712
1 0.7078 1.4702
1 0.7094 1.4692
1 0.7110 1.4680
1 0.7126 1.4669
1 0.7142 1.4656
1 0.7157 1.4644
1 0.7172 1.4631
1 0.7187 1.4619
1 0.7201 1.4605
1 0.7215 1.4592
1 0.7228 1.4577
1 0.7242 1.4563
1 0.7255 1.4549
1 0.7268 1.4533
1 0.7280 1.4518
1 0.7292 1.4503
1 0.7303 1.4487
1 0.7315 1.4471
1 0.7326 1.4455
1 0.7336 1.4438
1 0.7347 1.4422
1 0.7356 1.4405
1 0.7365 1.4387
1 0.7374 1.4370
1 0.7383 1.4352
1 0.7391 1.4335
1 0.7399 1.4317
1 0.7406 1.4299
1 0.7412 1.4280
1 0.7419 1.4262
1 0.7425 1.4243
1 0.7431 1.4224
1 0.7436 1.4206
1 0.7441 1.4186
1 0.7445 1.4167
1 0.7449 1.4148
1 0.7452 1.4128
1 0.7455 1.4109
1 0.7458 1.4090
1 0.7460 1.4070
1 0.7461 1.4051
1 0.7462 1.4031
1 0.7463 1.4012
1 0.7463 1.3992
112 1466 276
0 0.7263 1.3992
1 0.7263 0.0873
1 0.7263 0.0860
1 0.7262 0.0844
1 0.7260 0.0828
1 0.7259 0.0816
1 0.7257 0.0800
1 0.7255 0.0784
1 0.7252 0.0769
1 0.7249 0.0752
1 0.7246 0.0741
1 0.7243 0.0729
1 0.7239 0.0714
1 0.7233 0.0695
1 0.7230 0.0683
1 0.7224 0.0668
1 0.7219 0.0654
1 0.7214 0.0643
1 0.7208 0.0627
1 0.7202 0.0614
1 0.7195 0.0601
1 0.7188 0.0586
1 0.7181 0.0573
1 0.7174 0.0562
1 0.7167 0.0548
1 0.7159 0.0536
1 0.7149 0.0522
1 0.7139 0.0508
1 0.7133 0.0498
1 0.7123 0.0487
1 0.7115 0.0476
1 0.7105 0.0465
1 0.7094 0.0452
1 0.7084 0.0441
1 0.7074 0.0431
1 0.7063 0.0421
1 0.7051 0.0409
1 0.7042 0.0401
1 0.7030 0.0392
1 0.7017 0.0381
1 0.7006 0.0372
1 0.6994 0.0363
1 0.6980 0.0354
1 0.6968 0.0345
1 0.6958 0.0339
1 0.6944 0.0331
1 0.6929 0.0322
1 0.6916 0.0315
1 0.6906 0.0309
1 0.6891 0.0302
1 0.6876 0.0296
1 0.6865 0.0291
1 0.6852 0.0286
1 0.6836 0.0280
1 0.6821 0.0275
1 0.6807 0.0270
1 0.6794 0.0266
1 0.6780 0.0263
1 0.6764 0.0259
1 0.6748 0.0255
1 0.6733 0.0252
1 0.6720 0.0250
1 0.6708 0.0248
1 0.6692 0.0246
1 0.6672 0.0244
1 0.6660 0.0243
1 0.6648 0.0242
1 0.6632 0.0242
1 0.6616 0.0242
1 -0.6616 0.0242
1 -0.6632 0.0242
1 -0.6648 0.0242
1 -0.6660 0.0243
1 -0.6672 0.0244
1 -0.6692 0.0246
1 -0.6708 0.0248
1 -0.6720 0.0250
1 -0.6733 0.0252
1 -0.6748 0.0255
1 -0.6764 0.0259
1 -0.6780 0.0263
1 -0.6794 0.0266
1 -0.6807 0.0270
1 -0.6821 0.0275
1 -0.6836 0.0280
1 -0.6852 0.0286
1 -0.6865 0.0291
1 -0.6876 0.0296
1 -0.6891 0.0302
1 -0.6906 0.0309
1 -0.6916 0.0315
1 -0.6929 0.0322
1 -0.6944 0.0331
1 -0.6958 0.0339
1 -0.6968 0.0345
1 -0.6980 0.0354
1 -0.6994 0.0363
1 -0.7006 0.0372
1 -0.7017 0.0381
1 -0.7030 0.0392
1 -0.7042 0.0401
1 -0.7051 0.0409
1 -0.7063 0.0421
1 -0.7074 0.0431
1 -0.7084 0.0441
1 -0.7094 0.0452
1 -0.7105 0.0465
1 -0.7115 0.0476
1 -0.7123 0.0487
1 -0.7133 0.0498
1 -0.7139 0.0508
1 -0.7149 0.0522
1 -0.7159 0.0536
1 -0.7167 0.0548
1 -0.7174 0.0562
1 -0.7181 0.0573
1 -0.7188 0.0586
1 -0.7195 0.0601
1 -0.7202 0.0614
1 -0.7208 0.0627
1 -0.7214 0.0643
1 -0.7221 0.0658
1 -0.7225 0.0668
1 -0.7229 0.0679
1 -0.7233 0.0695
1 -0.7239 0.0714
1 -0.7243 0.0729
1 -0.7246 0.0741
1 -0.7249 0.0752
1 -0.7252 0.0769
1 -0.7255 0.0784
1 -0.7257 0.0800
1 -0.7259 0.0816
1 -0.7260 0.0828
1 -0.7262 0.0844
1 -0.7263 0.0860
1 -0.7263 0.0873
1 -0.7263 0.0889
1 -0.7263 1.3992
1 -0.7263 1.4008
1 -0.7263 1.4021
1 -0.7262 1.4036
1 -0.7260 1.4052
1 -0.7259 1.4065
1 -0.7257 1.4081
1 -0.7255 1.4097
1 -0.7252 1.4113
1 -0.7249 1.4128
1 -0.7246 1.4140
1 -0.7243 1.4153
1 -0.7239 1.4167
1 -0.7233 1.4186
1 -0.7229 1.4201
1 -0.7225 1.4212
1 -0.7220 1.4225
1 -0.7214 1.4239
1 -0.7209 1.4252
1 -0.7202 1.4267
1 -0.7195 1.4282
1 -0.7188 1.4295
1 -0.7181 1.4308
1 -0.7175 1.4318
1 -0.7167 1.4332
1 -0.7159 1.4345
1 -0.7150 1.4357
1 -0.7139 1.4373
1 -0.7133 1.4382
1 -0.7123 1.4394
1 -0.7113 1.4407
1 -0.7103 1.4418
1 -0.7096 1.4427
1 -0.7084 1.4439
1 -0.7074 1.4450
1 -0.7063 1.4460
1 -0.7051 1.4472
1 -0.7042 1.4480
1 -0.7030 1.4490
1 -0.7017 1.4500
1 -0.7006 1.4509
1 -0.6994 1.4517
1 -0.6980 1.4527
1 -0.6971 1.4534
1 -0.6956 1.4543
1 -0.6942 1.4552
1 -0.6932 1.4557
1 -0.6919 1.4564
1 -0.6906 1.4571
1 -0.6891 1.4578
1 -0.6876 1.4585
1 -0.6862 1.4591
1 -0.6848 1.4597
1 -0.6836 1.4601
1 -0.6824 1.4605
1 -0.6810 1.4610
1 -0.6791 1.4615
1 -0.6776 1.4620
1 -0.6764 1.4623
1 -0.6752 1.4625
1 -0.6736 1.4628
1 -0.6720 1.4631
1 -0.6704 1.4633
1 -0.6688 1.4636
1 -0.6676 1.4637
1 -0.6660 1.4638
1 -0.6644 1.4639
1 -0.6632 1.4640
1 -0.6616 1.4640
1 0.6616 1.4640
1 0.6632 1.4640
1 0.6644 1.4639
1 0.6660 1.4638
1 0.6676 1.4637
1 0.6688 1.4636
1 0.6704 1.4633
1 0.6720 1.4631
1 0.6736 1.4628
1 0.6752 1.4625
1 0.6764 1.4623
1 0.6776 1.4620
1 0.6791 1.4615
1 0.6810 1.4610
1 0.6824 1.4605
1 0.6836 1.4601
1 0.6848 1.4597
1 0.6862 1.4591
1 0.6876 1.4585
1 0.6891 1.4578
1 0.6906 1.4571
1 0.6919 1.4564
1 0.6932 1.4557
1 0.6942 1.4552
1 0.6956 1.4543
1 0.6971 1.4534
1 0.6980 1.4527
1 0.6994 1.4517
1 0.7006 1.4509
1 0.7017 1.4500
1 0.7030 1.4490
1 0.7042 1.4480
1 0.7051 1.4472
1 0.7063 1.4460
1 0.7074 1.4450
1 0.7084 1.4439
1 0.7096 1.4427
1 0.7103 1.4418
1 0.7113 1.4407
1 0.7123 1.4394
1 0.7133 1.4382
1 0.7139 1.4373
1 0.7150 1.4357
1 0.7159 1.4345
1 0.7167 1.4332
1 0.7175 1.4318
1 0.7181 1.4308
1 0.7188 1.4295
1 0.7195 1.4282
1 0.7202 1.4267
1 0.7209 1.4252
1 0.7214 1.4239
1 0.7219 1.4228
1 0.7224 1.4212
1 0.7230 1.4197
1 0.7233 1.4186
1 0.7239 1.4167
1 0.7243 1.4153
1 0.7246 1.4140
1 0.7249 1.4128
1 0.7252 1.4113
1 0.7255 1.4097
1 0.7257 1.4081
1 0.7259 1.4065
1 0.7260 1.4052
1 0.7262 1.4036
1 0.7263 1.4021
1 0.7263 1.4008
1 0.7263 1.3992
112 1251 5
0 0.0535 0.9921
1 0.0535 1.1712
1 0.0995 1.1712
1 0.0995 0.9921
1 0.0535 0.9921
112 1251 105
0 0.1010 1.2061
1 0.1010 1.2076
1 0.1008 1.2091
1 0.1006 1.2106
1 0.1003 1.2120
1 0.0999 1.2134
1 0.0994 1.2148
1 0.0989 1.2162
1 0.0982 1.2175
1 0.0975 1.2188
1 0.0967 1.2201
1 0.0958 1.2212
1 0.0949 1.2224
1 0.0938 1.2235
1 0.0928 1.2244
1 0.0916 1.2254
1 0.0904 1.2263
1 0.0892 1.2271
1 0.0879 1.2278
1 0.0866 1.2285
1 0.0852 1.2290
1 0.0838 1.2295
1 0.0824 1.2299
1 0.0809 1.2302
1 0.0794 1.2304
1 0.0780 1.2306
1 0.0765 1.2306
1 0.0751 1.2306
1 0.0735 1.2304
1 0.0721 1.2302
1 0.0706 1.2299
1 0.0692 1.2295
1 0.0678 1.2290
1 0.0665 1.2285
1 0.0651 1.2278
1 0.0638 1.2271
1 0.0626 1.2263
1 0.0614 1.2254
1 0.0603 1.2244
1 0.0592 1.2235
1 0.0582 1.2224
1 0.0572 1.2212
1 0.0563 1.2201
1 0.0556 1.2188
1 0.0548 1.2175
1 0.0542 1.2162
1 0.0536 1.2148
1 0.0531 1.2134
1 0.0527 1.2120
1 0.0524 1.2106
1 0.0522 1.2091
1 0.0521 1.2076
1 0.0520 1.2061
1 0.0521 1.2047
1 0.0522 1.2032
1 0.0524 1.2017
1 0.0527 1.2003
1 0.0531 1.1988
1 0.0536 1.1974
1 0.0542 1.1960
1 0.0548 1.1947
1 0.0556 1.1935
1 0.0563 1.1922
1 0.0572 1.1910
1 0.0582 1.1899
1 0.0592 1.1888
1 0.0603 1.1878
1 0.0614 1.1868
1 0.0626 1.1860
1 0.0638 1.1851
1 0.0651 1.1844
1 0.0665 1.1837
1 0.0678 1.1832
1 0.0692 1.1827
1 0.0706 1.1823
1 0.0721 1.1820
1 0.0735 1.1818
1 0.0751 1.1817
1 0.0765 1.1816
1 0.0780 1.1817
1 0.0794 1.1818
1 0.0809 1.1820
1 0.0824 1.1823
1 0.0838 1.1827
1 0.0852 1.1832
1 0.0866 1.1837
1 0.0879 1.1844
1 0.0892 1.1851
1 0.0904 1.1860
1 0.0916 1.1868
1 0.0928 1.1878
1 0.0938 1.1888
1 0.0949 1.1899
1 0.0958 1.1910
1 0.0967 1.1922
1 0.0975 1.1935
1 0.0982 1.1947
1 0.0989 1.1960
1 0.0994 1.1974
1 0.0999 1.1988
1 0.1003 1.2003
1 0.1006 1.2017
1 0.1008 1.2032
1 0.1010 1.2047
1 0.1010 1.2061
112 1251 134
0 0.2796 1.0032
1 0.2796 0.9921
1 0.3256 0.9921
1 0.3256 1.2324
1 0.2796 1.2139
1 0.2796 1.1615
1 0.2776 1.1628
1 0.2756 1.1640
1 0.2736 1.1651
1 0.2715 1.1662
1 0.2694 1.1672
1 0.2673 1.1681
1 0.2651 1.1689
1 0.2629 1.1697
1 0.2607 1.1703
1 0.2585 1.1709
1 0.2562 1.1714
1 0.2539 1.1718
1 0.2516 1.1721
1 0.2493 1.1724
1 0.2470 1.1725
1 0.2447 1.1726
1 0.2424 1.1726
1 0.2400 1.1724
1 0.2377 1.1722
1 0.2354 1.1719
1 0.2331 1.1716
1 0.2308 1.1712
1 0.2285 1.1706
1 0.2263 1.1700
1 0.2241 1.1693
1 0.2219 1.1685
1 0.2198 1.1676
1 0.2176 1.1667
1 0.2156 1.1657
1 0.2135 1.1646
1 0.2115 1.1635
1 0.2095 1.1622
1 0.2076 1.1609
1 0.2058 1.1595
1 0.2040 1.1581
1 0.2022 1.1565
1 0.2005 1.1549
1 0.1988 1.1533
1 0.1973 1.1516
1 0.1958 1.1499
1 0.1943 1.1480
1 0.1929 1.1462
1 0.1916 1.1442
1 0.1904 1.1423
1 0.1892 1.1403
1 0.1881 1.1382
1 0.1872 1.1361
1 0.1862 1.1340
1 0.1849 1.1308
1 0.1837 1.1275
1 0.1826 1.1242
1 0.1815 1.1209
1 0.1806 1.1176
1 0.1797 1.1142
1 0.1790 1.1108
1 0.1783 1.1074
1 0.1776 1.1040
1 0.1772 1.1006
1 0.1767 1.0972
1 0.1764 1.0937
1 0.1761 1.0902
1 0.1760 1.0867
1 0.1759 1.0833
1 0.1759 1.0798
1 0.1760 1.0763
1 0.1762 1.0728
1 0.1765 1.0694
1 0.1768 1.0660
1 0.1773 1.0625
1 0.1778 1.0591
1 0.1785 1.0557
1 0.1792 1.0523
1 0.1800 1.0489
1 0.1809 1.0456
1 0.1819 1.0422
1 0.1830 1.0389
1 0.1841 1.0356
1 0.1853 1.0324
1 0.1867 1.0292
1 0.1881 1.0260
1 0.1890 1.0240
1 0.1901 1.0219
1 0.1913 1.0200
1 0.1924 1.0181
1 0.1937 1.0163
1 0.1951 1.0144
1 0.1965 1.0126
1 0.1979 1.0110
1 0.1994 1.0093
1 0.2010 1.0077
1 0.2027 1.0062
1 0.2044 1.0047
1 0.2062 1.0033
1 0.2080 1.0019
1 0.2099 1.0007
1 0.2117 0.9994
1 0.2137 0.9983
1 0.2157 0.9973
1 0.2177 0.9963
1 0.2198 0.9954
1 0.2219 0.9946
1 0.2240 0.9938
1 0.2262 0.9931
1 0.2283 0.9926
1 0.2306 0.9921
1 0.2328 0.9917
1 0.2350 0.9913
1 0.2372 0.9910
1 0.2394 0.9909
1 0.2417 0.9908
1 0.2440 0.9908
1 0.2463 0.9908
1 0.2485 0.9910
1 0.2507 0.9912
1 0.2530 0.9916
1 0.2551 0.9920
1 0.2574 0.9925
1 0.2595 0.9931
1 0.2617 0.9937
1 0.2638 0.9945
1 0.2659 0.9953
1 0.2680 0.9962
1 0.2700 0.9972
1 0.2720 0.9983
1 0.2740 0.9994
1 0.2759 1.0006
1 0.2778 1.0019
1 0.2796 1.0032
112 1251 237
0 0.5157 1.0002
1 0.5157 0.9921
1 0.5627 0.9921
1 0.5627 1.1046
1 0.5626 1.1071
1 0.5626 1.1096
1 0.5624 1.1121
1 0.5620 1.1146
1 0.5617 1.1171
1 0.5612 1.1195
1 0.5606 1.1219
1 0.5600 1.1244
1 0.5593 1.1268
1 0.5585 1.1292
1 0.5576 1.1315
1 0.5567 1.1338
1 0.5556 1.1361
1 0.5545 1.1383
1 0.5533 1.1406
1 0.5521 1.1427
1 0.5508 1.1449
1 0.5493 1.1469
1 0.5478 1.1490
1 0.5463 1.1509
1 0.5447 1.1528
1 0.5431 1.1547
1 0.5413 1.1565
1 0.5395 1.1583
1 0.5376 1.1599
1 0.5358 1.1615
1 0.5337 1.1631
1 0.5317 1.1646
1 0.5297 1.1660
1 0.5276 1.1674
1 0.5254 1.1686
1 0.5232 1.1699
1 0.5210 1.1710
1 0.5187 1.1720
1 0.5164 1.1730
1 0.5140 1.1739
1 0.5117 1.1747
1 0.5093 1.1754
1 0.5069 1.1760
1 0.5044 1.1766
1 0.5019 1.1771
1 0.4995 1.1775
1 0.4970 1.1778
1 0.4945 1.1780
1 0.4920 1.1782
1 0.4895 1.1782
1 0.4870 1.1782
1 0.4845 1.1781
1 0.4810 1.1778
1 0.4776 1.1774
1 0.4742 1.1770
1 0.4708 1.1765
1 0.4674 1.1758
1 0.4641 1.1751
1 0.4607 1.1743
1 0.4574 1.1734
1 0.4541 1.1724
1 0.4508 1.1713
1 0.4476 1.1701
1 0.4444 1.1689
1 0.4412 1.1675
1 0.4381 1.1661
1 0.4350 1.1646
1 0.4319 1.1630
1 0.4289 1.1612
1 0.4260 1.1595
1 0.4231 1.1576
1 0.4202 1.1557
1 0.4385 1.1228
1 0.4411 1.1240
1 0.4438 1.1253
1 0.4466 1.1265
1 0.4494 1.1275
1 0.4522 1.1285
1 0.4550 1.1294
1 0.4578 1.1303
1 0.4607 1.1310
1 0.4636 1.1318
1 0.4665 1.1324
1 0.4694 1.1329
1 0.4724 1.1334
1 0.4753 1.1338
1 0.4783 1.1341
1 0.4812 1.1343
1 0.4842 1.1344
1 0.4872 1.1345
1 0.4901 1.1345
1 0.4931 1.1344
1 0.4960 1.1343
1 0.4975 1.1341
1 0.4990 1.1339
1 0.5003 1.1335
1 0.5017 1.1331
1 0.5031 1.1326
1 0.5044 1.1319
1 0.5056 1.1312
1 0.5068 1.1305
1 0.5080 1.1296
1 0.5091 1.1287
1 0.5101 1.1276
1 0.5110 1.1266
1 0.5119 1.1254
1 0.5127 1.1242
1 0.5135 1.1230
1 0.5141 1.1217
1 0.5147 1.1203
1 0.5151 1.1190
1 0.5154 1.1176
1 0.5157 1.1162
1 0.5158 1.1147
1 0.5159 1.1133
1 0.5159 1.1118
1 0.5158 1.1104
1 0.5156 1.1090
1 0.5153 1.1076
1 0.5149 1.1062
1 0.5143 1.1049
1 0.5119 1.1059
1 0.5094 1.1069
1 0.5070 1.1079
1 0.5045 1.1088
1 0.5020 1.1096
1 0.4994 1.1103
1 0.4969 1.1110
1 0.4943 1.1116
1 0.4917 1.1122
1 0.4891 1.1126
1 0.4865 1.1130
1 0.4839 1.1133
1 0.4813 1.1135
1 0.4786 1.1137
1 0.4760 1.1138
1 0.4733 1.1138
1 0.4707 1.1138
1 0.4681 1.1136
1 0.4654 1.1134
1 0.4628 1.1131
1 0.4604 1.1128
1 0.4581 1.1124
1 0.4558 1.1119
1 0.4535 1.1113
1 0.4512 1.1106
1 0.4490 1.1098
1 0.4467 1.1090
1 0.4446 1.1081
1 0.4424 1.1070
1 0.4403 1.1059
1 0.4383 1.1047
1 0.4363 1.1035
1 0.4343 1.1022
1 0.4324 1.1008
1 0.4306 1.0993
1 0.4287 1.0977
1 0.4270 1.0961
1 0.4253 1.0944
1 0.4237 1.0927
1 0.4222 1.0909
1 0.4208 1.0890
1 0.4194 1.0872
1 0.4181 1.0852
1 0.4168 1.0832
1 0.4156 1.0811
1 0.4145 1.0790
1 0.4135 1.0769
1 0.4126 1.0747
1 0.4117 1.0725
1 0.4110 1.0703
1 0.4103 1.0680
1 0.4097 1.0657
1 0.4092 1.0634
1 0.4088 1.0610
1 0.4085 1.0587
1 0.4083 1.0563
1 0.4081 1.0540
1 0.4081 1.0516
1 0.4081 1.0492
1 0.4082 1.0469
1 0.4084 1.0445
1 0.4087 1.0422
1 0.4091 1.0399
1 0.4096 1.0375
1 0.4101 1.0352
1 0.4108 1.0329
1 0.4116 1.0307
1 0.4124 1.0285
1 0.4133 1.0263
1 0.4143 1.0242
1 0.4153 1.0220
1 0.4165 1.0200
1 0.4178 1.0180
1 0.4191 1.0160
1 0.4205 1.0141
1 0.4219 1.0122
1 0.4235 1.0104
1 0.4250 1.0086
1 0.4267 1.0069
1 0.4284 1.0053
1 0.4302 1.0037
1 0.4320 1.0023
1 0.4340 1.0008
1 0.4359 0.9995
1 0.4378 0.9983
1 0.4399 0.9971
1 0.4420 0.9960
1 0.4442 0.9949
1 0.4463 0.9940
1 0.4485 0.9931
1 0.4508 0.9923
1 0.4530 0.9916
1 0.4553 0.9910
1 0.4576 0.9905
1 0.4599 0.9900
1 0.4623 0.9897
1 0.4647 0.9894
1 0.4670 0.9892
1 0.4694 0.9892
1 0.4717 0.9892
1 0.4746 0.9893
1 0.4774 0.9895
1 0.4803 0.9897
1 0.4831 0.9901
1 0.4859 0.9906
1 0.4888 0.9910
1 0.4915 0.9916
1 0.4943 0.9922
1 0.4971 0.9930
1 0.4999 0.9938
1 0.5026 0.9947
1 0.5052 0.9956
1 0.5079 0.9967
1 0.5106 0.9978
1 0.5131 0.9990
1 0.5157 1.0002
112 1251 237
0 -0.2317 1.0002
1 -0.2317 0.9921
1 -0.1847 0.9921
1 -0.1847 1.1046
1 -0.1847 1.1071
1 -0.1848 1.1096
1 -0.1850 1.1121
1 -0.1853 1.1146
1 -0.1857 1.1171
1 -0.1862 1.1195
1 -0.1867 1.1219
1 -0.1874 1.1244
1 -0.1881 1.1268
1 -0.1889 1.1292
1 -0.1897 1.1315
1 -0.1907 1.1338
1 -0.1917 1.1361
1 -0.1928 1.1383
1 -0.1940 1.1406
1 -0.1953 1.1427
1 -0.1966 1.1449
1 -0.1980 1.1469
1 -0.1995 1.1490
1 -0.2010 1.1509
1 -0.2026 1.1528
1 -0.2043 1.1547
1 -0.2060 1.1565
1 -0.2078 1.1583
1 -0.2097 1.1599
1 -0.2116 1.1615
1 -0.2136 1.1631
1 -0.2156 1.1646
1 -0.2176 1.1660
1 -0.2198 1.1674
1 -0.2219 1.1686
1 -0.2241 1.1699
1 -0.2264 1.1710
1 -0.2286 1.1720
1 -0.2310 1.1730
1 -0.2333 1.1739
1 -0.2357 1.1747
1 -0.2381 1.1754
1 -0.2405 1.1760
1 -0.2429 1.1766
1 -0.2453 1.1771
1 -0.2478 1.1775
1 -0.2503 1.1778
1 -0.2528 1.1781
1 -0.2553 1.1782
1 -0.2578 1.1782
1 -0.2603 1.1782
1 -0.2628 1.1781
1 -0.2662 1.1778
1 -0.2697 1.1774
1 -0.2731 1.1770
1 -0.2765 1.1765
1 -0.2799 1.1758
1 -0.2833 1.1751
1 -0.2867 1.1743
1 -0.2899 1.1734
1 -0.2933 1.1724
1 -0.2965 1.1713
1 -0.2998 1.1701
1 -0.3030 1.1689
1 -0.3062 1.1675
1 -0.3093 1.1661
1 -0.3124 1.1646
1 -0.3154 1.1630
1 -0.3184 1.1612
1 -0.3214 1.1595
1 -0.3243 1.1576
1 -0.3272 1.1558
1 -0.3089 1.1228
1 -0.3063 1.1240
1 -0.3035 1.1253
1 -0.3008 1.1265
1 -0.2980 1.1275
1 -0.2952 1.1285
1 -0.2924 1.1294
1 -0.2895 1.1303
1 -0.2867 1.1311
1 -0.2838 1.1318
1 -0.2808 1.1324
1 -0.2779 1.1329
1 -0.2750 1.1334
1 -0.2721 1.1338
1 -0.2691 1.1341
1 -0.2661 1.1343
1 -0.2632 1.1344
1 -0.2602 1.1345
1 -0.2572 1.1345
1 -0.2542 1.1344
1 -0.2513 1.1343
1 -0.2499 1.1341
1 -0.2484 1.1339
1 -0.2470 1.1335
1 -0.2456 1.1331
1 -0.2443 1.1326
1 -0.2430 1.1319
1 -0.2417 1.1312
1 -0.2406 1.1305
1 -0.2394 1.1296
1 -0.2383 1.1287
1 -0.2373 1.1276
1 -0.2363 1.1266
1 -0.2354 1.1254
1 -0.2347 1.1242
1 -0.2339 1.1230
1 -0.2333 1.1217
1 -0.2327 1.1203
1 -0.2323 1.1190
1 -0.2319 1.1176
1 -0.2317 1.1162
1 -0.2315 1.1147
1 -0.2314 1.1133
1 -0.2315 1.1119
1 -0.2316 1.1104
1 -0.2318 1.1090
1 -0.2321 1.1076
1 -0.2325 1.1062
1 -0.2331 1.1049
1 -0.2354 1.1059
1 -0.2378 1.1069
1 -0.2403 1.1079
1 -0.2428 1.1088
1 -0.2453 1.1096
1 -0.2479 1.1103
1 -0.2505 1.1110
1 -0.2531 1.1116
1 -0.2556 1.1122
1 -0.2582 1.1126
1 -0.2608 1.1130
1 -0.2635 1.1133
1 -0.2661 1.1135
1 -0.2687 1.1137
1 -0.2714 1.1138
1 -0.2740 1.1138
1 -0.2767 1.1138
1 -0.2793 1.1136
1 -0.2819 1.1134
1 -0.2846 1.1131
1 -0.2869 1.1128
1 -0.2892 1.1124
1 -0.2916 1.1119
1 -0.2939 1.1113
1 -0.2961 1.1106
1 -0.2984 1.1098
1 -0.3006 1.1090
1 -0.3028 1.1081
1 -0.3049 1.1070
1 -0.3070 1.1059
1 -0.3090 1.1047
1 -0.3110 1.1035
1 -0.3131 1.1022
1 -0.3149 1.1008
1 -0.3168 1.0993
1 -0.3185 1.0977
1 -0.3203 1.0961
1 -0.3220 1.0944
1 -0.3236 1.0927
1 -0.3251 1.0909
1 -0.3266 1.0890
1 -0.3280 1.0872
1 -0.3293 1.0852
1 -0.3306 1.0832
1 -0.3317 1.0811
1 -0.3328 1.0790
1 -0.3338 1.0769
1 -0.3348 1.0747
1 -0.3356 1.0725
1 -0.3364 1.0703
1 -0.3371 1.0680
1 -0.3376 1.0657
1 -0.3381 1.0634
1 -0.3385 1.0610
1 -0.3389 1.0587
1 -0.3391 1.0563
1 -0.3392 1.0540
1 -0.3393 1.0516
1 -0.3393 1.0492
1 -0.3392 1.0469
1 -0.3390 1.0445
1 -0.3386 1.0422
1 -0.3383 1.0399
1 -0.3378 1.0375
1 -0.3372 1.0352
1 -0.3365 1.0330
1 -0.3358 1.0307
1 -0.3349 1.0285
1 -0.3340 1.0263
1 -0.3331 1.0242
1 -0.3319 1.0220
1 -0.3308 1.0200
1 -0.3296 1.0180
1 -0.3283 1.0160
1 -0.3269 1.0141
1 -0.3254 1.0122
1 -0.3239 1.0104
1 -0.3223 1.0086
1 -0.3207 1.0069
1 -0.3190 1.0053
1 -0.3172 1.0037
1 -0.3153 1.0023
1 -0.3134 1.0008
1 -0.3115 0.9995
1 -0.3094 0.9983
1 -0.3074 0.9971
1 -0.3053 0.9960
1 -0.3032 0.9949
1 -0.3010 0.9940
1 -0.2988 0.9931
1 -0.2966 0.9923
1 -0.2944 0.9916
1 -0.2921 0.9910
1 -0.2897 0.9905
1 -0.2874 0.9900
1 -0.2851 0.9897
1 -0.2827 0.9894
1 -0.2803 0.9892
1 -0.2780 0.9892
1 -0.2756 0.9892
1 -0.2728 0.9893
1 -0.2699 0.9895
1 -0.2671 0.9898
1 -0.2642 0.9901
1 -0.2614 0.9906
1 -0.2586 0.9910
1 -0.2558 0.9916
1 -0.2531 0.9923
1 -0.2503 0.9930
1 -0.2475 0.9938
1 -0.2448 0.9947
1 -0.2421 0.9956
1 -0.2394 0.9967
1 -0.2368 0.9978
1 -0.2342 0.9990
1 -0.2317 1.0002
112 1251 423
0 -0.4121 1.1915
1 -0.4131 1.1938
1 -0.4140 1.1962
1 -0.4151 1.1985
1 -0.4163 1.2008
1 -0.4176 1.2031
1 -0.4189 1.2053
1 -0.4203 1.2075
1 -0.4217 1.2096
1 -0.4233 1.2117
1 -0.4249 1.2137
1 -0.4266 1.2156
1 -0.4283 1.2175
1 -0.4302 1.2193
1 -0.4321 1.2211
1 -0.4340 1.2228
1 -0.4360 1.2244
1 -0.4381 1.2260
1 -0.4402 1.2274
1 -0.4424 1.2288
1 -0.4446 1.2301
1 -0.4468 1.2314
1 -0.4491 1.2326
1 -0.4515 1.2337
1 -0.4538 1.2347
1 -0.4563 1.2356
1 -0.4587 1.2365
1 -0.4611 1.2372
1 -0.4636 1.2378
1 -0.4661 1.2385
1 -0.4687 1.2390
1 -0.4712 1.2394
1 -0.4738 1.2397
1 -0.4763 1.2399
1 -0.4789 1.2400
1 -0.4815 1.2401
1 -0.4840 1.2401
1 -0.4867 1.2399
1 -0.4892 1.2397
1 -0.4917 1.2394
1 -0.4943 1.2390
1 -0.4968 1.2385
1 -0.4994 1.2379
1 -0.5019 1.2372
1 -0.5043 1.2365
1 -0.5067 1.2356
1 -0.5092 1.2347
1 -0.5115 1.2337
1 -0.5139 1.2326
1 -0.5162 1.2315
1 -0.5184 1.2302
1 -0.5206 1.2289
1 -0.5228 1.2275
1 -0.5249 1.2260
1 -0.5269 1.2244
1 -0.5290 1.2228
1 -0.5309 1.2211
1 -0.5328 1.2194
1 -0.5347 1.2176
1 -0.5364 1.2156
1 -0.5381 1.2137
1 -0.5397 1.2117
1 -0.5412 1.2097
1 -0.5427 1.2076
1 -0.5441 1.2053
1 -0.5455 1.2032
1 -0.5467 1.2009
1 -0.5478 1.1986
1 -0.5490 1.1962
1 -0.5500 1.1939
1 -0.5509 1.1915
1 -0.5517 1.1890
1 -0.5525 1.1866
1 -0.5532 1.1841
1 -0.5537 1.1816
1 -0.5542 1.1791
1 -0.5547 1.1765
1 -0.5549 1.1740
1 -0.5552 1.1714
1 -0.5553 1.1688
1 -0.5553 1.1662
1 -0.5553 1.1638
1 -0.5551 1.1615
1 -0.5549 1.1591
1 -0.5546 1.1567
1 -0.5542 1.1544
1 -0.5537 1.1520
1 -0.5531 1.1497
1 -0.5524 1.1474
1 -0.5515 1.1451
1 -0.5507 1.1429
1 -0.5497 1.1408
1 -0.5487 1.1386
1 -0.5475 1.1365
1 -0.5463 1.1344
1 -0.5450 1.1324
1 -0.5436 1.1305
1 -0.5422 1.1285
1 -0.5406 1.1267
1 -0.5390 1.1249
1 -0.5374 1.1233
1 -0.5356 1.1216
1 -0.5338 1.1200
1 -0.5319 1.1185
1 -0.5301 1.1171
1 -0.5281 1.1157
1 -0.5260 1.1144
1 -0.5240 1.1133
1 -0.5219 1.1122
1 -0.5197 1.1111
1 -0.5175 1.1102
1 -0.5153 1.1094
1 -0.5130 1.1086
1 -0.5107 1.1079
1 -0.5083 1.1074
1 -0.5060 1.1069
1 -0.5037 1.1065
1 -0.4708 1.1017
1 -0.4691 1.1013
1 -0.4674 1.1009
1 -0.4656 1.1004
1 -0.4639 1.0998
1 -0.4622 1.0991
1 -0.4606 1.0983
1 -0.4590 1.0975
1 -0.4574 1.0966
1 -0.4559 1.0956
1 -0.4544 1.0945
1 -0.4531 1.0933
1 -0.4517 1.0922
1 -0.4504 1.0909
1 -0.4492 1.0895
1 -0.4481 1.0881
1 -0.4470 1.0867
1 -0.4460 1.0851
1 -0.4451 1.0836
1 -0.4442 1.0820
1 -0.4435 1.0803
1 -0.4428 1.0787
1 -0.4422 1.0770
1 -0.4417 1.0753
1 -0.4412 1.0735
1 -0.4409 1.0717
1 -0.4407 1.0699
1 -0.4405 1.0681
1 -0.4404 1.0663
1 -0.4405 1.0645
1 -0.4406 1.0627
1 -0.4408 1.0609
1 -0.4410 1.0591
1 -0.4415 1.0574
1 -0.4419 1.0556
1 -0.4424 1.0539
1 -0.4431 1.0522
1 -0.4438 1.0505
1 -0.4446 1.0489
1 -0.4455 1.0473
1 -0.4465 1.0458
1 -0.4475 1.0443
1 -0.4486 1.0428
1 -0.4498 1.0415
1 -0.4510 1.0402
1 -0.4524 1.0390
1 -0.4537 1.0378
1 -0.4551 1.0367
1 -0.4566 1.0356
1 -0.4581 1.0347
1 -0.4597 1.0338
1 -0.4613 1.0329
1 -0.4630 1.0322
1 -0.4647 1.0315
1 -0.4664 1.0310
1 -0.4681 1.0306
1 -0.4699 1.0301
1 -0.4717 1.0299
1 -0.4735 1.0297
1 -0.4753 1.0295
1 -0.4771 1.0295
1 -0.4792 1.0295
1 -0.4813 1.0297
1 -0.4835 1.0299
1 -0.4856 1.0302
1 -0.4876 1.0306
1 -0.4897 1.0310
1 -0.4917 1.0315
1 -0.4938 1.0322
1 -0.4958 1.0328
1 -0.4978 1.0335
1 -0.4997 1.0344
1 -0.5016 1.0353
1 -0.5035 1.0363
1 -0.5053 1.0373
1 -0.5072 1.0384
1 -0.5089 1.0396
1 -0.5106 1.0408
1 -0.5123 1.0422
1 -0.5139 1.0435
1 -0.5155 1.0449
1 -0.5170 1.0464
1 -0.5185 1.0479
1 -0.5199 1.0495
1 -0.5212 1.0512
1 -0.5224 1.0528
1 -0.5237 1.0546
1 -0.5248 1.0564
1 -0.5259 1.0582
1 -0.5269 1.0601
1 -0.5278 1.0619
1 -0.5287 1.0639
1 -0.5295 1.0658
1 -0.5644 1.0524
1 -0.5295 1.0658
1 -0.5644 1.0524
1 -0.5634 1.0499
1 -0.5623 1.0473
1 -0.5610 1.0447
1 -0.5598 1.0422
1 -0.5585 1.0398
1 -0.5570 1.0374
1 -0.5556 1.0349
1 -0.5540 1.0326
1 -0.5524 1.0303
1 -0.5506 1.0281
1 -0.5489 1.0259
1 -0.5470 1.0238
1 -0.5451 1.0217
1 -0.5432 1.0197
1 -0.5412 1.0177
1 -0.5391 1.0158
1 -0.5369 1.0140
1 -0.5348 1.0122
1 -0.5325 1.0105
1 -0.5303 1.0089
1 -0.5279 1.0073
1 -0.5256 1.0058
1 -0.5231 1.0044
1 -0.5206 1.0030
1 -0.5181 1.0017
1 -0.5156 1.0006
1 -0.5131 0.9994
1 -0.5104 0.9983
1 -0.5078 0.9974
1 -0.5051 0.9965
1 -0.5024 0.9957
1 -0.4997 0.9949
1 -0.4969 0.9943
1 -0.4942 0.9937
1 -0.4915 0.9933
1 -0.4887 0.9928
1 -0.4858 0.9925
1 -0.4831 0.9923
1 -0.4803 0.9922
1 -0.4774 0.9921
1 -0.4749 0.9921
1 -0.4724 0.9922
1 -0.4699 0.9924
1 -0.4674 0.9926
1 -0.4649 0.9931
1 -0.4624 0.9935
1 -0.4599 0.9940
1 -0.4574 0.9947
1 -0.4550 0.9953
1 -0.4526 0.9961
1 -0.4502 0.9970
1 -0.4478 0.9980
1 -0.4456 0.9990
1 -0.4433 1.0001
1 -0.4410 1.0013
1 -0.4389 1.0026
1 -0.4367 1.0039
1 -0.4346 1.0053
1 -0.4326 1.0068
1 -0.4306 1.0083
1 -0.4286 1.0099
1 -0.4267 1.0117
1 -0.4249 1.0134
1 -0.4231 1.0152
1 -0.4214 1.0171
1 -0.4198 1.0190
1 -0.4182 1.0210
1 -0.4167 1.0231
1 -0.4153 1.0251
1 -0.4139 1.0272
1 -0.4126 1.0294
1 -0.4114 1.0317
1 -0.4103 1.0339
1 -0.4092 1.0362
1 -0.4083 1.0385
1 -0.4074 1.0409
1 -0.4065 1.0433
1 -0.4058 1.0457
1 -0.4051 1.0482
1 -0.4046 1.0506
1 -0.4041 1.0531
1 -0.4037 1.0556
1 -0.4034 1.0581
1 -0.4032 1.0606
1 -0.4031 1.0632
1 -0.4030 1.0657
1 -0.4031 1.0683
1 -0.4032 1.0708
1 -0.4034 1.0733
1 -0.4037 1.0758
1 -0.4041 1.0783
1 -0.4046 1.0808
1 -0.4051 1.0833
1 -0.4058 1.0857
1 -0.4065 1.0881
1 -0.4073 1.0906
1 -0.4082 1.0929
1 -0.4092 1.0952
1 -0.4102 1.0976
1 -0.4113 1.0998
1 -0.4125 1.1020
1 -0.4138 1.1042
1 -0.4151 1.1064
1 -0.4166 1.1085
1 -0.4181 1.1105
1 -0.4197 1.1125
1 -0.4212 1.1144
1 -0.4230 1.1162
1 -0.4247 1.1181
1 -0.4265 1.1199
1 -0.4285 1.1215
1 -0.4303 1.1232
1 -0.4324 1.1247
1 -0.4344 1.1262
1 -0.4365 1.1276
1 -0.4387 1.1290
1 -0.4408 1.1303
1 -0.4431 1.1315
1 -0.4453 1.1326
1 -0.4476 1.1336
1 -0.4500 1.1346
1 -0.4524 1.1354
1 -0.4548 1.1362
1 -0.4572 1.1369
1 -0.4597 1.1376
1 -0.4622 1.1381
1 -0.4646 1.1386
1 -0.4671 1.1390
1 -0.4983 1.1435
1 -0.4996 1.1437
1 -0.5010 1.1440
1 -0.5022 1.1444
1 -0.5035 1.1449
1 -0.5048 1.1455
1 -0.5060 1.1461
1 -0.5072 1.1468
1 -0.5083 1.1475
1 -0.5094 1.1483
1 -0.5104 1.1492
1 -0.5114 1.1502
1 -0.5124 1.1512
1 -0.5132 1.1523
1 -0.5140 1.1534
1 -0.5147 1.1545
1 -0.5154 1.1557
1 -0.5160 1.1569
1 -0.5165 1.1582
1 -0.5169 1.1595
1 -0.5173 1.1608
1 -0.5176 1.1622
1 -0.5178 1.1635
1 -0.5179 1.1649
1 -0.5179 1.1662
1 -0.5179 1.1681
1 -0.5178 1.1699
1 -0.5175 1.1717
1 -0.5172 1.1735
1 -0.5168 1.1752
1 -0.5163 1.1769
1 -0.5158 1.1787
1 -0.5151 1.1804
1 -0.5143 1.1820
1 -0.5135 1.1837
1 -0.5126 1.1852
1 -0.5116 1.1867
1 -0.5106 1.1883
1 -0.5094 1.1897
1 -0.5082 1.1910
1 -0.5069 1.1923
1 -0.5056 1.1935
1 -0.5042 1.1947
1 -0.5028 1.1958
1 -0.5013 1.1969
1 -0.4997 1.1978
1 -0.4981 1.1987
1 -0.4965 1.1994
1 -0.4948 1.2001
1 -0.4931 1.2008
1 -0.4914 1.2013
1 -0.4896 1.2017
1 -0.4878 1.2021
1 -0.4860 1.2024
1 -0.4842 1.2026
1 -0.4824 1.2026
1 -0.4806 1.2026
1 -0.4788 1.2026
1 -0.4769 1.2024
1 -0.4751 1.2021
1 -0.4734 1.2017
1 -0.4716 1.2013
1 -0.4699 1.2008
1 -0.4682 1.2001
1 -0.4665 1.1994
1 -0.4649 1.1986
1 -0.4633 1.1978
1 -0.4617 1.1968
1 -0.4602 1.1958
1 -0.4588 1.1947
1 -0.4574 1.1935
1 -0.4560 1.1923
1 -0.4548 1.1910
1 -0.4536 1.1897
1 -0.4524 1.1882
1 -0.4514 1.1867
1 -0.4504 1.1852
1 -0.4495 1.1836
1 -0.4487 1.1820
1 -0.4479 1.1803
1 -0.4473 1.1787
1 -0.4121 1.1915
112 1251 5
0 -0.0419 0.9921
1 -0.0878 0.9921
1 -0.0878 1.2179
1 -0.0419 1.2365
1 -0.0419 0.9921
112 1466 94
0 0.4729 1.0298
1 0.4748 1.0294
1 0.4767 1.0291
1 0.4785 1.0289
1 0.4805 1.0288
1 0.4824 1.0287
1 0.4842 1.0287
1 0.4862 1.0288
1 0.4881 1.0289
1 0.4899 1.0291
1 0.4918 1.0294
1 0.4937 1.0297
1 0.4956 1.0301
1 0.4974 1.0306
1 0.4992 1.0312
1 0.5010 1.0318
1 0.5028 1.0325
1 0.5045 1.0333
1 0.5062 1.0341
1 0.5079 1.0350
1 0.5095 1.0360
1 0.5112 1.0370
1 0.5127 1.0381
1 0.5142 1.0392
1 0.5157 1.0404
1 0.5157 1.0672
1 0.5142 1.0684
1 0.5127 1.0695
1 0.5111 1.0706
1 0.5094 1.0716
1 0.5078 1.0725
1 0.5061 1.0734
1 0.5044 1.0742
1 0.5026 1.0750
1 0.5008 1.0756
1 0.4990 1.0763
1 0.4972 1.0768
1 0.4953 1.0773
1 0.4935 1.0777
1 0.4916 1.0780
1 0.4897 1.0783
1 0.4878 1.0785
1 0.4859 1.0786
1 0.4840 1.0786
1 0.4821 1.0786
1 0.4802 1.0785
1 0.4783 1.0783
1 0.4764 1.0781
1 0.4745 1.0778
1 0.4726 1.0774
1 0.4712 1.0770
1 0.4698 1.0765
1 0.4684 1.0760
1 0.4670 1.0753
1 0.4657 1.0746
1 0.4644 1.0738
1 0.4633 1.0729
1 0.4621 1.0720
1 0.4610 1.0710
1 0.4599 1.0699
1 0.4590 1.0688
1 0.4581 1.0676
1 0.4573 1.0663
1 0.4565 1.0650
1 0.4559 1.0637
1 0.4553 1.0623
1 0.4548 1.0608
1 0.4544 1.0594
1 0.4541 1.0579
1 0.4539 1.0565
1 0.4538 1.0550
1 0.4537 1.0535
1 0.4538 1.0519
1 0.4539 1.0505
1 0.4542 1.0490
1 0.4544 1.0476
1 0.4549 1.0461
1 0.4554 1.0447
1 0.4560 1.0433
1 0.4567 1.0419
1 0.4574 1.0407
1 0.4583 1.0394
1 0.4592 1.0383
1 0.4601 1.0371
1 0.4612 1.0360
1 0.4623 1.0351
1 0.4635 1.0341
1 0.4647 1.0333
1 0.4660 1.0324
1 0.4673 1.0317
1 0.4686 1.0311
1 0.4701 1.0306
1 0.4715 1.0301
1 0.4729 1.0298
112 1466 94
0 -0.2317 1.0404
1 -0.2317 1.0672
1 -0.2331 1.0684
1 -0.2347 1.0695
1 -0.2363 1.0706
1 -0.2379 1.0716
1 -0.2395 1.0725
1 -0.2413 1.0734
1 -0.2430 1.0742
1 -0.2447 1.0750
1 -0.2465 1.0756
1 -0.2483 1.0763
1 -0.2501 1.0768
1 -0.2520 1.0773
1 -0.2538 1.0777
1 -0.2558 1.0780
1 -0.2576 1.0783
1 -0.2595 1.0785
1 -0.2615 1.0786
1 -0.2633 1.0786
1 -0.2653 1.0786
1 -0.2672 1.0785
1 -0.2690 1.0783
1 -0.2710 1.0781
1 -0.2728 1.0778
1 -0.2747 1.0774
1 -0.2761 1.0770
1 -0.2776 1.0765
1 -0.2790 1.0760
1 -0.2803 1.0753
1 -0.2816 1.0746
1 -0.2829 1.0738
1 -0.2841 1.0729
1 -0.2853 1.0720
1 -0.2864 1.0710
1 -0.2874 1.0699
1 -0.2884 1.0688
1 -0.2892 1.0676
1 -0.2901 1.0663
1 -0.2908 1.0650
1 -0.2915 1.0637
1 -0.2921 1.0623
1 -0.2926 1.0608
1 -0.2929 1.0594
1 -0.2933 1.0579
1 -0.2935 1.0565
1 -0.2936 1.0550
1 -0.2937 1.0535
1 -0.2936 1.0519
1 -0.2935 1.0505
1 -0.2932 1.0490
1 -0.2928 1.0476
1 -0.2924 1.0461
1 -0.2919 1.0447
1 -0.2914 1.0433
1 -0.2907 1.0420
1 -0.2899 1.0407
1 -0.2891 1.0394
1 -0.2882 1.0383
1 -0.2872 1.0371
1 -0.2862 1.0360
1 -0.2851 1.0351
1 -0.2839 1.0341
1 -0.2826 1.0333
1 -0.2814 1.0324
1 -0.2801 1.0317
1 -0.2787 1.0311
1 -0.2773 1.0306
1 -0.2759 1.0301
1 -0.2744 1.0298
1 -0.2726 1.0294
1 -0.2707 1.0291
1 -0.2688 1.0289
1 -0.2669 1.0288
1 -0.2650 1.0287
1 -0.2631 1.0287
1 -0.2612 1.0288
1 -0.2593 1.0289
1 -0.2574 1.0291
1 -0.2555 1.0294
1 -0.2537 1.0297
1 -0.2518 1.0301
1 -0.2499 1.0306
1 -0.2481 1.0312
1 -0.2463 1.0318
1 -0.2446 1.0325
1 -0.2428 1.0333
1 -0.2411 1.0342
1 -0.2394 1.0350
1 -0.2378 1.0360
1 -0.2362 1.0370
1 -0.2347 1.0381
1 -0.2331 1.0392
1 -0.2317 1.0404
112 1466 106
0 0.2796 1.0477
1 0.2796 1.1154
1 0.2787 1.1166
1 0.2778 1.1178
1 0.2769 1.1189
1 0.2759 1.1199
1 0.2748 1.1209
1 0.2737 1.1219
1 0.2725 1.1228
1 0.2713 1.1235
1 0.2700 1.1243
1 0.2687 1.1250
1 0.2674 1.1256
1 0.2660 1.1261
1 0.2647 1.1266
1 0.2633 1.1269
1 0.2618 1.1273
1 0.2603 1.1275
1 0.2589 1.1276
1 0.2574 1.1277
1 0.2560 1.1277
1 0.2545 1.1276
1 0.2531 1.1275
1 0.2517 1.1272
1 0.2502 1.1269
1 0.2488 1.1265
1 0.2474 1.1260
1 0.2460 1.1255
1 0.2447 1.1249
1 0.2434 1.1242
1 0.2422 1.1235
1 0.2410 1.1226
1 0.2398 1.1217
1 0.2387 1.1208
1 0.2372 1.1194
1 0.2358 1.1180
1 0.2344 1.1165
1 0.2331 1.1149
1 0.2317 1.1133
1 0.2306 1.1117
1 0.2294 1.1099
1 0.2283 1.1082
1 0.2274 1.1064
1 0.2265 1.1046
1 0.2256 1.1027
1 0.2248 1.1008
1 0.2241 1.0989
1 0.2235 1.0969
1 0.2229 1.0950
1 0.2224 1.0930
1 0.2221 1.0910
1 0.2217 1.0890
1 0.2215 1.0869
1 0.2214 1.0849
1 0.2212 1.0828
1 0.2213 1.0808
1 0.2214 1.0788
1 0.2215 1.0767
1 0.2218 1.0747
1 0.2221 1.0726
1 0.2225 1.0706
1 0.2230 1.0687
1 0.2235 1.0667
1 0.2242 1.0647
1 0.2249 1.0628
1 0.2257 1.0609
1 0.2265 1.0591
1 0.2275 1.0572
1 0.2285 1.0555
1 0.2296 1.0538
1 0.2307 1.0520
1 0.2319 1.0503
1 0.2332 1.0488
1 0.2345 1.0472
1 0.2359 1.0457
1 0.2374 1.0442
1 0.2389 1.0429
1 0.2404 1.0415
1 0.2417 1.0406
1 0.2431 1.0397
1 0.2444 1.0389
1 0.2458 1.0381
1 0.2473 1.0375
1 0.2488 1.0369
1 0.2503 1.0365
1 0.2519 1.0361
1 0.2534 1.0358
1 0.2550 1.0357
1 0.2566 1.0356
1 0.2582 1.0356
1 0.2598 1.0357
1 0.2614 1.0359
1 0.2630 1.0362
1 0.2645 1.0366
1 0.2660 1.0371
1 0.2675 1.0376
1 0.2690 1.0383
1 0.2703 1.0390
1 0.2717 1.0399
1 0.2731 1.0408
1 0.2743 1.0417
1 0.2755 1.0428
1 0.2766 1.0440
1 0.2777 1.0451
1 0.2787 1.0464
1 0.2796 1.0477
112 1251 84
0 0.1597 0.2480
1 -0.1148 0.5225
1 -0.1287 0.4857
1 -0.1294 0.4851
1 -0.1301 0.4845
1 -0.1308 0.4840
1 -0.1315 0.4835
1 -0.1322 0.4831
1 -0.1329 0.4826
1 -0.1337 0.4823
1 -0.1345 0.4819
1 -0.1353 0.4817
1 -0.1362 0.4815
1 -0.1370 0.4813
1 -0.1378 0.4811
1 -0.1387 0.4810
1 -0.1396 0.4810
1 -0.1404 0.4810
1 -0.1413 0.4810
1 -0.1422 0.4811
1 -0.1430 0.4812
1 -0.1439 0.4814
1 -0.1447 0.4816
1 -0.1455 0.4819
1 -0.1463 0.4822
1 -0.1471 0.4825
1 -0.1478 0.4829
1 -0.1486 0.4833
1 -0.1494 0.4838
1 -0.1501 0.4844
1 -0.1507 0.4849
1 -0.1513 0.4855
1 -0.1519 0.4861
1 -0.1525 0.4867
1 -0.1531 0.4874
1 -0.1535 0.4881
1 -0.1540 0.4888
1 -0.1544 0.4896
1 -0.1548 0.4903
1 -0.1551 0.4912
1 -0.1555 0.4919
1 -0.2349 0.7303
1 0.0034 0.6508
1 0.0042 0.6506
1 0.0050 0.6502
1 0.0058 0.6499
1 0.0065 0.6494
1 0.0073 0.6490
1 0.0080 0.6485
1 0.0087 0.6479
1 0.0093 0.6474
1 0.0099 0.6467
1 0.0105 0.6461
1 0.0110 0.6454
1 0.0116 0.6447
1 0.0120 0.6440
1 0.0125 0.6433
1 0.0128 0.6425
1 0.0132 0.6417
1 0.0135 0.6409
1 0.0138 0.6401
1 0.0140 0.6392
1 0.0142 0.6384
1 0.0143 0.6376
1 0.0144 0.6367
1 0.0144 0.6358
1 0.0144 0.6350
1 0.0144 0.6341
1 0.0143 0.6333
1 0.0142 0.6324
1 0.0140 0.6316
1 0.0137 0.6308
1 0.0134 0.6299
1 0.0131 0.6291
1 0.0127 0.6283
1 0.0124 0.6276
1 0.0119 0.6269
1 0.0114 0.6261
1 0.0109 0.6254
1 0.0103 0.6248
1 0.0097 0.6242
1 -0.0271 0.6101
1 0.2474 0.3357
1 0.1597 0.2480
