ID-1b
3404 14 1 1 0 0 0 0 0 0 1 1
1.000
112 1252 227
0 -0.9203 0.0000
1 -0.9219 0.0000
1 -0.9235 0.0001
1 -0.9251 0.0002
1 -0.9267 0.0003
1 -0.9283 0.0006
1 -0.9298 0.0008
1 -0.9314 0.0011
1 -0.9330 0.0015
1 -0.9345 0.0018
1 -0.9360 0.0023
1 -0.9376 0.0027
1 -0.9391 0.0033
1 -0.9406 0.0038
1 -0.9421 0.0044
1 -0.9435 0.0051
1 -0.9450 0.0057
1 -0.9464 0.0065
1 -0.9478 0.0072
1 -0.9491 0.0080
1 -0.9505 0.0089
1 -0.9519 0.0097
1 -0.9531 0.0106
1 -0.9544 0.0116
1 -0.9557 0.0126
1 -0.9568 0.0136
1 -0.9580 0.0147
1 -0.9592 0.0158
1 -0.9603 0.0169
1 -0.9614 0.0180
1 -0.9625 0.0192
1 -0.9635 0.0205
1 -0.9645 0.0217
1 -0.9655 0.0230
1 -0.9664 0.0243
1 -0.9673 0.0256
1 -0.9681 0.0270
1 -0.9689 0.0283
1 -0.9697 0.0298
1 -0.9704 0.0312
1 -0.9711 0.0326
1 -0.9717 0.0341
1 -0.9723 0.0355
1 -0.9729 0.0371
1 -0.9734 0.0385
1 -0.9739 0.0401
1 -0.9743 0.0416
1 -0.9747 0.0432
1 -0.9750 0.0447
1 -0.9753 0.0463
1 -0.9755 0.0478
1 -0.9757 0.0494
1 -0.9759 0.0510
1 -0.9760 0.0526
1 -0.9761 0.0542
1 -0.9761 0.0558
1 -0.9761 0.7168
1 -0.9761 0.7184
1 -0.9760 0.7200
1 -0.9759 0.7216
1 -0.9757 0.7232
1 -0.9755 0.7248
1 -0.9753 0.7263
1 -0.9750 0.7279
1 -0.9747 0.7295
1 -0.9743 0.7311
1 -0.9739 0.7326
1 -0.9734 0.7341
1 -0.9729 0.7356
1 -0.9723 0.7371
1 -0.9717 0.7385
1 -0.9711 0.7400
1 -0.9704 0.7415
1 -0.9697 0.7429
1 -0.9689 0.7443
1 -0.9681 0.7456
1 -0.9673 0.7470
1 -0.9664 0.7483
1 -0.9655 0.7497
1 -0.9645 0.7509
1 -0.9635 0.7522
1 -0.9625 0.7534
1 -0.9614 0.7546
1 -0.9603 0.7557
1 -0.9592 0.7569
1 -0.9580 0.7579
1 -0.9568 0.7590
1 -0.9557 0.7600
1 -0.9544 0.7610
1 -0.9531 0.7619
1 -0.9519 0.7629
1 -0.9505 0.7637
1 -0.9491 0.7646
1 -0.9478 0.7654
1 -0.9464 0.7662
1 -0.9450 0.7669
1 -0.9435 0.7676
1 -0.9421 0.7683
1 -0.9406 0.7688
1 -0.9391 0.7694
1 -0.9376 0.7699
1 -0.9360 0.7703
1 -0.9345 0.7708
1 -0.9330 0.7712
1 -0.9314 0.7715
1 -0.9298 0.7718
1 -0.9283 0.7721
1 -0.9267 0.7723
1 -0.9251 0.7724
1 -0.9235 0.7726
1 -0.9219 0.7726
1 -0.9203 0.7726
1 0.7295 0.7726
1 0.7311 0.7726
1 0.7327 0.7726
1 0.7342 0.7724
1 0.7358 0.7723
1 0.7374 0.7721
1 0.7390 0.7718
1 0.7405 0.7715
1 0.7421 0.7712
1 0.7436 0.7708
1 0.7451 0.7704
1 0.7466 0.7699
1 0.7481 0.7694
1 0.7496 0.7689
1 0.7510 0.7683
1 0.7525 0.7677
1 0.7540 0.7670
1 0.7553 0.7663
1 0.7567 0.7655
1 0.7581 0.7648
1 0.7594 0.7640
1 0.7608 0.7630
1 0.7621 0.7621
1 0.7633 0.7612
1 0.7646 0.7603
1 0.7658 0.7592
1 0.7670 0.7582
1 0.7681 0.7571
1 0.7692 0.7560
1 0.7703 0.7549
1 0.7714 0.7537
1 0.7724 0.7525
1 0.7734 0.7512
1 0.7744 0.7500
1 0.7753 0.7488
1 0.7762 0.7474
1 0.7770 0.7461
1 0.7778 0.7447
1 0.9686 0.4142
1 0.9694 0.4128
1 0.9702 0.4114
1 0.9709 0.4100
1 0.9715 0.4086
1 0.9721 0.4071
1 0.9727 0.4056
1 0.9732 0.4041
1 0.9737 0.4027
1 0.9741 0.4011
1 0.9745 0.3996
1 0.9749 0.3981
1 0.9752 0.3965
1 0.9755 0.3950
1 0.9757 0.3934
1 0.9759 0.3918
1 0.9760 0.3902
1 0.9761 0.3887
1 0.9761 0.3871
1 0.9761 0.3855
1 0.9761 0.3839
1 0.9760 0.3824
1 0.9759 0.3808
1 0.9757 0.3792
1 0.9755 0.3777
1 0.9752 0.3761
1 0.9749 0.3745
1 0.9745 0.3730
1 0.9741 0.3715
1 0.9737 0.3700
1 0.9732 0.3685
1 0.9727 0.3670
1 0.9721 0.3655
1 0.9715 0.3641
1 0.9709 0.3626
1 0.9702 0.3612
1 0.9694 0.3598
1 0.9686 0.3584
1 0.7778 0.0279
1 0.7770 0.0265
1 0.7762 0.0252
1 0.7753 0.0239
1 0.7744 0.0226
1 0.7734 0.0214
1 0.7724 0.0201
1 0.7714 0.0189
1 0.7703 0.0178
1 0.7692 0.0166
1 0.7681 0.0155
1 0.7670 0.0144
1 0.7658 0.0134
1 0.7646 0.0124
1 0.7633 0.0114
1 0.7621 0.0105
1 0.7608 0.0096
1 0.7594 0.0087
1 0.7581 0.0078
1 0.7567 0.0071
1 0.7553 0.0063
1 0.7540 0.0056
1 0.7525 0.0049
1 0.7510 0.0043
1 0.7496 0.0037
1 0.7481 0.0032
1 0.7466 0.0027
1 0.7451 0.0022
1 0.7436 0.0018
1 0.7421 0.0015
1 0.7405 0.0011
1 0.7390 0.0008
1 0.7374 0.0006
1 0.7358 0.0003
1 0.7342 0.0002
1 0.7327 0.0001
1 0.7311 0.0000
1 0.7295 0.0000
1 0.7295 0.0000
112 1251 217
0 -0.9720 0.0558
1 -0.9720 0.0543
1 -0.9719 0.0528
1 -0.9718 0.0512
1 -0.9716 0.0497
1 -0.9714 0.0482
1 -0.9711 0.0466
1 -0.9709 0.0451
1 -0.9705 0.0437
1 -0.9702 0.0421
1 -0.9698 0.0407
1 -0.9693 0.0392
1 -0.9688 0.0378
1 -0.9682 0.0364
1 -0.9676 0.0350
1 -0.9670 0.0336
1 -0.9663 0.0322
1 -0.9656 0.0308
1 -0.9648 0.0295
1 -0.9640 0.0282
1 -0.9632 0.0269
1 -0.9623 0.0257
1 -0.9614 0.0244
1 -0.9605 0.0233
1 -0.9595 0.0221
1 -0.9584 0.0209
1 -0.9574 0.0198
1 -0.9563 0.0187
1 -0.9552 0.0177
1 -0.9541 0.0167
1 -0.9529 0.0157
1 -0.9517 0.0147
1 -0.9505 0.0138
1 -0.9492 0.0129
1 -0.9479 0.0121
1 -0.9466 0.0113
1 -0.9453 0.0106
1 -0.9439 0.0099
1 -0.9425 0.0092
1 -0.9412 0.0085
1 -0.9398 0.0079
1 -0.9383 0.0074
1 -0.9369 0.0069
1 -0.9354 0.0064
1 -0.9339 0.0060
1 -0.9325 0.0056
1 -0.9310 0.0052
1 -0.9295 0.0049
1 -0.9280 0.0047
1 -0.9264 0.0045
1 -0.9249 0.0043
1 -0.9234 0.0042
1 -0.9219 0.0042
1 -0.9203 0.0042
1 0.7295 0.0042
1 0.7295 0.0042
1 0.7311 0.0042
1 0.7326 0.0042
1 0.7342 0.0044
1 0.7357 0.0045
1 0.7372 0.0047
1 0.7388 0.0049
1 0.7403 0.0053
1 0.7418 0.0056
1 0.7433 0.0060
1 0.7448 0.0065
1 0.7463 0.0069
1 0.7477 0.0074
1 0.7491 0.0080
1 0.7506 0.0086
1 0.7519 0.0092
1 0.7533 0.0099
1 0.7547 0.0107
1 0.7560 0.0115
1 0.7574 0.0123
1 0.7586 0.0131
1 0.7599 0.0140
1 0.7611 0.0149
1 0.7624 0.0159
1 0.7635 0.0169
1 0.7646 0.0179
1 0.7658 0.0190
1 0.7669 0.0201
1 0.7679 0.0212
1 0.7689 0.0224
1 0.7699 0.0236
1 0.7709 0.0248
1 0.7718 0.0260
1 0.7726 0.0273
1 0.7735 0.0286
1 0.7743 0.0300
1 0.9651 0.3605
1 0.9659 0.3618
1 0.9666 0.3632
1 0.9673 0.3646
1 0.9679 0.3660
1 0.9684 0.3675
1 0.9690 0.3689
1 0.9695 0.3704
1 0.9700 0.3718
1 0.9704 0.3733
1 0.9707 0.3748
1 0.9710 0.3764
1 0.9713 0.3779
1 0.9716 0.3794
1 0.9717 0.3809
1 0.9718 0.3825
1 0.9720 0.3840
1 0.9720 0.3855
1 0.9720 0.3871
1 0.9720 0.3886
1 0.9718 0.3902
1 0.9717 0.3917
1 0.9716 0.3932
1 0.9713 0.3947
1 0.9710 0.3963
1 0.9707 0.3978
1 0.9704 0.3993
1 0.9700 0.4008
1 0.9695 0.4022
1 0.9690 0.4037
1 0.9684 0.4052
1 0.9679 0.4066
1 0.9673 0.4080
1 0.9666 0.4094
1 0.9659 0.4108
1 0.9651 0.4122
1 0.7743 0.7426
1 0.7735 0.7440
1 0.7726 0.7453
1 0.7718 0.7466
1 0.7709 0.7478
1 0.7699 0.7490
1 0.7689 0.7502
1 0.7679 0.7514
1 0.7669 0.7526
1 0.7658 0.7536
1 0.7646 0.7547
1 0.7635 0.7558
1 0.7624 0.7567
1 0.7611 0.7577
1 0.7599 0.7586
1 0.7586 0.7595
1 0.7574 0.7603
1 0.7560 0.7612
1 0.7547 0.7619
1 0.7533 0.7627
1 0.7519 0.7634
1 0.7506 0.7640
1 0.7491 0.7646
1 0.7477 0.7652
1 0.7463 0.7657
1 0.7448 0.7662
1 0.7433 0.7667
1 0.7418 0.7670
1 0.7403 0.7674
1 0.7388 0.7676
1 0.7372 0.7679
1 0.7357 0.7681
1 0.7342 0.7683
1 0.7326 0.7684
1 0.7311 0.7685
1 0.7295 0.7685
1 -0.9203 0.7685
1 -0.9219 0.7685
1 -0.9234 0.7684
1 -0.9249 0.7683
1 -0.9264 0.7681
1 -0.9280 0.7679
1 -0.9295 0.7677
1 -0.9310 0.7674
1 -0.9325 0.7671
1 -0.9339 0.7667
1 -0.9354 0.7662
1 -0.9369 0.7658
1 -0.9383 0.7653
1 -0.9398 0.7647
1 -0.9412 0.7641
1 -0.9425 0.7635
1 -0.9439 0.7628
1 -0.9453 0.7621
1 -0.9466 0.7613
1 -0.9479 0.7606
1 -0.9492 0.7597
1 -0.9505 0.7588
1 -0.9517 0.7579
1 -0.9529 0.7569
1 -0.9541 0.7560
1 -0.9552 0.7549
1 -0.9563 0.7539
1 -0.9574 0.7528
1 -0.9584 0.7517
1 -0.9595 0.7506
1 -0.9605 0.7494
1 -0.9614 0.7482
1 -0.9623 0.7469
1 -0.9632 0.7457
1 -0.9640 0.7444
1 -0.9648 0.7431
1 -0.9656 0.7418
1 -0.9663 0.7404
1 -0.9670 0.7390
1 -0.9676 0.7376
1 -0.9682 0.7363
1 -0.9688 0.7348
1 -0.9693 0.7334
1 -0.9698 0.7320
1 -0.9702 0.7305
1 -0.9705 0.7290
1 -0.9709 0.7275
1 -0.9711 0.7260
1 -0.9714 0.7245
1 -0.9716 0.7229
1 -0.9718 0.7214
1 -0.9719 0.7199
1 -0.9720 0.7183
1 -0.9720 0.7168
112 1252 217
0 -0.9520 0.0558
1 -0.9520 0.0550
1 -0.9519 0.0541
1 -0.9519 0.0531
1 -0.9518 0.0523
1 -0.9516 0.0514
1 -0.9513 0.0498
1 -0.9513 0.0492
1 -0.9510 0.0483
1 -0.9507 0.0467
1 -0.9507 0.0466
1 -0.9504 0.0457
1 -0.9502 0.0451
1 -0.9498 0.0443
1 -0.9492 0.0429
1 -0.9488 0.0420
1 -0.9484 0.0411
1 -0.9481 0.0405
1 -0.9478 0.0400
1 -0.9470 0.0387
1 -0.9466 0.0382
1 -0.9461 0.0374
1 -0.9454 0.0364
1 -0.9451 0.0360
1 -0.9444 0.0353
1 -0.9436 0.0344
1 -0.9429 0.0336
1 -0.9425 0.0332
1 -0.9417 0.0325
1 -0.9410 0.0318
1 -0.9401 0.0311
1 -0.9393 0.0304
1 -0.9388 0.0300
1 -0.9383 0.0297
1 -0.9374 0.0291
1 -0.9366 0.0286
1 -0.9361 0.0284
1 -0.9350 0.0278
1 -0.9333 0.0270
1 -0.9325 0.0265
1 -0.9327 0.0266
1 -0.9318 0.0263
1 -0.9304 0.0258
1 -0.9297 0.0256
1 -0.9286 0.0253
1 -0.9272 0.0249
1 -0.9265 0.0247
1 -0.9262 0.0246
1 -0.9254 0.0245
1 -0.9238 0.0243
1 -0.9229 0.0242
1 -0.9227 0.0242
1 -0.9219 0.0242
1 -0.9203 0.0242
1 0.7295 0.0242
1 0.7311 0.0242
1 0.7314 0.0242
1 0.7323 0.0243
1 0.7337 0.0244
1 0.7346 0.0245
1 0.7350 0.0246
1 0.7358 0.0248
1 0.7373 0.0251
1 0.7376 0.0252
1 0.7391 0.0257
1 0.7403 0.0260
1 0.7404 0.0260
1 0.7414 0.0265
1 0.7427 0.0270
1 0.7432 0.0272
1 0.7439 0.0275
1 0.7445 0.0279
1 0.7458 0.0287
1 0.7469 0.0293
1 0.7474 0.0296
1 0.7482 0.0302
1 0.7490 0.0308
1 0.7496 0.0313
1 0.7500 0.0317
1 0.7511 0.0327
1 0.7520 0.0334
1 0.7524 0.0339
1 0.7528 0.0343
1 0.7535 0.0352
1 0.7545 0.0364
1 0.7552 0.0372
1 0.7552 0.0373
1 0.7558 0.0382
1 0.7566 0.0393
1 0.7570 0.0400
1 0.9479 0.3707
1 0.9484 0.3715
1 0.9487 0.3721
1 0.9491 0.3730
1 0.9492 0.3731
1 0.9497 0.3746
1 0.9503 0.3760
1 0.9506 0.3769
1 0.9509 0.3777
1 0.9509 0.3778
1 0.9511 0.3786
1 0.9514 0.3802
1 0.9517 0.3818
1 0.9517 0.3820
1 0.9517 0.3822
1 0.9519 0.3844
1 0.9520 0.3853
1 0.9520 0.3855
1 0.9520 0.3871
1 0.9520 0.3874
1 0.9519 0.3883
1 0.9517 0.3904
1 0.9517 0.3906
1 0.9517 0.3909
1 0.9514 0.3925
1 0.9511 0.3939
1 0.9509 0.3948
1 0.9509 0.3949
1 0.9506 0.3957
1 0.9502 0.3968
1 0.9497 0.3981
1 0.9493 0.3993
1 0.9491 0.3996
1 0.9487 0.4005
1 0.9483 0.4014
1 0.9478 0.4022
1 0.7570 0.7326
1 0.7566 0.7333
1 0.7558 0.7344
1 0.7552 0.7353
1 0.7552 0.7354
1 0.7545 0.7362
1 0.7535 0.7374
1 0.7525 0.7386
1 0.7524 0.7387
1 0.7523 0.7388
1 0.7508 0.7403
1 0.7501 0.7410
1 0.7500 0.7410
1 0.7490 0.7418
1 0.7482 0.7424
1 0.7474 0.7430
1 0.7464 0.7436
1 0.7458 0.7440
1 0.7450 0.7444
1 0.7439 0.7451
1 0.7432 0.7454
1 0.7427 0.7456
1 0.7414 0.7461
1 0.7404 0.7466
1 0.7398 0.7468
1 0.7385 0.7472
1 0.7382 0.7473
1 0.7373 0.7475
1 0.7364 0.7477
1 0.7356 0.7478
1 0.7340 0.7481
1 0.7331 0.7483
1 0.7323 0.7484
1 0.7313 0.7484
1 0.7304 0.7485
1 0.7295 0.7485
1 -0.9203 0.7485
1 -0.9212 0.7485
1 -0.9221 0.7484
1 -0.9229 0.7484
1 -0.9238 0.7483
1 -0.9254 0.7481
1 -0.9262 0.7480
1 -0.9271 0.7478
1 -0.9278 0.7476
1 -0.9280 0.7476
1 -0.9297 0.7470
1 -0.9309 0.7467
1 -0.9312 0.7466
1 -0.9321 0.7462
1 -0.9331 0.7458
1 -0.9338 0.7455
1 -0.9350 0.7449
1 -0.9356 0.7446
1 -0.9366 0.7440
1 -0.9374 0.7435
1 -0.9378 0.7433
1 -0.9388 0.7426
1 -0.9393 0.7422
1 -0.9405 0.7412
1 -0.9410 0.7409
1 -0.9414 0.7404
1 -0.9425 0.7394
1 -0.9429 0.7390
1 -0.9439 0.7379
1 -0.9447 0.7371
1 -0.9448 0.7370
1 -0.9452 0.7365
1 -0.9461 0.7352
1 -0.9466 0.7344
1 -0.9470 0.7339
1 -0.9478 0.7326
1 -0.9481 0.7321
1 -0.9484 0.7315
1 -0.9488 0.7306
1 -0.9493 0.7295
1 -0.9498 0.7284
1 -0.9501 0.7277
1 -0.9505 0.7267
1 -0.9507 0.7260
1 -0.9507 0.7260
1 -0.9510 0.7245
1 -0.9512 0.7236
1 -0.9514 0.7227
1 -0.9516 0.7213
1 -0.9518 0.7203
1 -0.9519 0.7194
1 -0.9519 0.7186
1 -0.9520 0.7177
1 -0.9520 0.7168
1 -0.9520 0.0558
112 1251 7
0 0.6961 0.1136
1 0.8536 0.3863
1 0.6961 0.6590
1 0.5530 0.6590
1 0.7104 0.3863
1 0.5530 0.1136
1 0.6961 0.1136
112 1251 5
0 -0.0961 0.2624
1 -0.0961 0.4415
1 -0.0501 0.4415
1 -0.0501 0.2624
1 -0.0961 0.2624
112 1251 105
0 -0.0486 0.4763
1 -0.0487 0.4778
1 -0.0488 0.4793
1 -0.0490 0.4807
1 -0.0493 0.4822
1 -0.0497 0.4836
1 -0.0502 0.4850
1 -0.0507 0.4864
1 -0.0514 0.4877
1 -0.0521 0.4890
1 -0.0530 0.4903
1 -0.0538 0.4914
1 -0.0548 0.4925
1 -0.0558 0.4937
1 -0.0568 0.4946
1 -0.0580 0.4956
1 -0.0592 0.4965
1 -0.0605 0.4973
1 -0.0617 0.4980
1 -0.0630 0.4987
1 -0.0644 0.4992
1 -0.0658 0.4997
1 -0.0673 0.5001
1 -0.0686 0.5004
1 -0.0702 0.5006
1 -0.0716 0.5007
1 -0.0731 0.5008
1 -0.0745 0.5007
1 -0.0761 0.5006
1 -0.0775 0.5004
1 -0.0790 0.5001
1 -0.0804 0.4997
1 -0.0818 0.4992
1 -0.0832 0.4987
1 -0.0845 0.4980
1 -0.0858 0.4973
1 -0.0870 0.4965
1 -0.0882 0.4956
1 -0.0893 0.4946
1 -0.0904 0.4937
1 -0.0914 0.4925
1 -0.0924 0.4914
1 -0.0933 0.4903
1 -0.0941 0.4890
1 -0.0948 0.4877
1 -0.0954 0.4864
1 -0.0960 0.4850
1 -0.0965 0.4836
1 -0.0969 0.4822
1 -0.0972 0.4807
1 -0.0974 0.4793
1 -0.0975 0.4778
1 -0.0976 0.4763
1 -0.0975 0.4748
1 -0.0974 0.4734
1 -0.0972 0.4719
1 -0.0969 0.4705
1 -0.0965 0.4690
1 -0.0960 0.4676
1 -0.0954 0.4662
1 -0.0948 0.4649
1 -0.0941 0.4637
1 -0.0933 0.4624
1 -0.0924 0.4612
1 -0.0914 0.4601
1 -0.0904 0.4590
1 -0.0893 0.4580
1 -0.0882 0.4570
1 -0.0870 0.4562
1 -0.0858 0.4553
1 -0.0845 0.4547
1 -0.0832 0.4540
1 -0.0818 0.4534
1 -0.0804 0.4529
1 -0.0790 0.4525
1 -0.0775 0.4522
1 -0.0761 0.4520
1 -0.0745 0.4519
1 -0.0731 0.4518
1 -0.0716 0.4519
1 -0.0702 0.4520
1 -0.0686 0.4522
1 -0.0673 0.4525
1 -0.0658 0.4529
1 -0.0644 0.4534
1 -0.0630 0.4540
1 -0.0617 0.4547
1 -0.0605 0.4553
1 -0.0592 0.4562
1 -0.0580 0.4570
1 -0.0568 0.4580
1 -0.0558 0.4590
1 -0.0548 0.4601
1 -0.0538 0.4612
1 -0.0530 0.4624
1 -0.0521 0.4637
1 -0.0514 0.4649
1 -0.0507 0.4662
1 -0.0502 0.4676
1 -0.0497 0.4690
1 -0.0493 0.4705
1 -0.0490 0.4719
1 -0.0488 0.4734
1 -0.0487 0.4748
1 -0.0486 0.4763
112 1251 134
0 0.1299 0.2735
1 0.1299 0.2624
1 0.1758 0.2624
1 0.1758 0.5026
1 0.1299 0.4841
1 0.1299 0.4317
1 0.1279 0.4330
1 0.1260 0.4342
1 0.1239 0.4354
1 0.1219 0.4364
1 0.1197 0.4374
1 0.1176 0.4383
1 0.1154 0.4391
1 0.1133 0.4399
1 0.1110 0.4405
1 0.1088 0.4411
1 0.1065 0.4416
1 0.1042 0.4420
1 0.1019 0.4423
1 0.0996 0.4426
1 0.0973 0.4427
1 0.0950 0.4428
1 0.0927 0.4428
1 0.0903 0.4426
1 0.0880 0.4424
1 0.0857 0.4422
1 0.0834 0.4418
1 0.0811 0.4414
1 0.0789 0.4408
1 0.0766 0.4402
1 0.0744 0.4395
1 0.0723 0.4388
1 0.0701 0.4379
1 0.0680 0.4370
1 0.0659 0.4359
1 0.0639 0.4349
1 0.0618 0.4337
1 0.0598 0.4324
1 0.0580 0.4311
1 0.0561 0.4297
1 0.0543 0.4283
1 0.0525 0.4267
1 0.0508 0.4252
1 0.0492 0.4236
1 0.0476 0.4218
1 0.0461 0.4201
1 0.0446 0.4182
1 0.0432 0.4164
1 0.0420 0.4145
1 0.0407 0.4125
1 0.0396 0.4105
1 0.0385 0.4084
1 0.0375 0.4063
1 0.0365 0.4042
1 0.0353 0.4010
1 0.0340 0.3977
1 0.0329 0.3945
1 0.0319 0.3911
1 0.0310 0.3878
1 0.0301 0.3845
1 0.0293 0.3811
1 0.0286 0.3777
1 0.0280 0.3743
1 0.0275 0.3708
1 0.0271 0.3674
1 0.0267 0.3639
1 0.0264 0.3605
1 0.0263 0.3570
1 0.0262 0.3535
1 0.0262 0.3500
1 0.0263 0.3466
1 0.0265 0.3431
1 0.0268 0.3396
1 0.0272 0.3362
1 0.0276 0.3328
1 0.0282 0.3294
1 0.0288 0.3260
1 0.0296 0.3226
1 0.0303 0.3192
1 0.0312 0.3158
1 0.0322 0.3125
1 0.0333 0.3092
1 0.0344 0.3059
1 0.0357 0.3027
1 0.0370 0.2994
1 0.0384 0.2963
1 0.0394 0.2942
1 0.0405 0.2923
1 0.0416 0.2903
1 0.0428 0.2884
1 0.0440 0.2865
1 0.0454 0.2847
1 0.0468 0.2829
1 0.0482 0.2813
1 0.0498 0.2796
1 0.0514 0.2780
1 0.0530 0.2765
1 0.0547 0.2750
1 0.0565 0.2736
1 0.0583 0.2722
1 0.0602 0.2710
1 0.0621 0.2697
1 0.0640 0.2686
1 0.0660 0.2676
1 0.0680 0.2666
1 0.0701 0.2657
1 0.0722 0.2649
1 0.0743 0.2641
1 0.0765 0.2634
1 0.0786 0.2629
1 0.0809 0.2624
1 0.0831 0.2620
1 0.0853 0.2616
1 0.0875 0.2613
1 0.0898 0.2612
1 0.0920 0.2611
1 0.0943 0.2611
1 0.0966 0.2612
1 0.0988 0.2613
1 0.1010 0.2616
1 0.1033 0.2619
1 0.1054 0.2623
1 0.1077 0.2629
1 0.1099 0.2634
1 0.1120 0.2640
1 0.1141 0.2648
1 0.1162 0.2656
1 0.1183 0.2665
1 0.1204 0.2675
1 0.1223 0.2686
1 0.1242 0.2697
1 0.1262 0.2709
1 0.1281 0.2722
1 0.1299 0.2735
112 1251 237
0 0.3659 0.2705
1 0.3659 0.2624
1 0.4129 0.2624
1 0.4129 0.3748
1 0.4129 0.3773
1 0.4127 0.3798
1 0.4125 0.3823
1 0.4122 0.3848
1 0.4118 0.3873
1 0.4113 0.3898
1 0.4108 0.3922
1 0.4102 0.3946
1 0.4095 0.3970
1 0.4086 0.3994
1 0.4078 0.4018
1 0.4068 0.4040
1 0.4058 0.4063
1 0.4047 0.4086
1 0.4035 0.4108
1 0.4022 0.4129
1 0.4009 0.4151
1 0.3995 0.4172
1 0.3980 0.4192
1 0.3965 0.4211
1 0.3949 0.4231
1 0.3932 0.4249
1 0.3915 0.4267
1 0.3897 0.4285
1 0.3878 0.4301
1 0.3859 0.4318
1 0.3839 0.4333
1 0.3819 0.4348
1 0.3799 0.4363
1 0.3777 0.4376
1 0.3756 0.4388
1 0.3734 0.4401
1 0.3711 0.4412
1 0.3689 0.4422
1 0.3666 0.4432
1 0.3643 0.4441
1 0.3618 0.4449
1 0.3595 0.4456
1 0.3571 0.4463
1 0.3546 0.4468
1 0.3522 0.4473
1 0.3497 0.4477
1 0.3472 0.4480
1 0.3447 0.4483
1 0.3422 0.4484
1 0.3397 0.4484
1 0.3372 0.4484
1 0.3347 0.4483
1 0.3313 0.4481
1 0.3278 0.4476
1 0.3244 0.4472
1 0.3210 0.4467
1 0.3176 0.4460
1 0.3143 0.4453
1 0.3109 0.4445
1 0.3076 0.4436
1 0.3043 0.4426
1 0.3010 0.4415
1 0.2978 0.4404
1 0.2946 0.4391
1 0.2914 0.4377
1 0.2883 0.4363
1 0.2852 0.4348
1 0.2822 0.4332
1 0.2792 0.4315
1 0.2762 0.4297
1 0.2733 0.4279
1 0.2704 0.4260
1 0.2887 0.3930
1 0.2913 0.3943
1 0.2940 0.3955
1 0.2968 0.3967
1 0.2996 0.3977
1 0.3024 0.3988
1 0.3052 0.3997
1 0.3081 0.4005
1 0.3109 0.4013
1 0.3138 0.4020
1 0.3167 0.4027
1 0.3196 0.4031
1 0.3226 0.4036
1 0.3255 0.4040
1 0.3285 0.4043
1 0.3314 0.4045
1 0.3344 0.4047
1 0.3373 0.4048
1 0.3403 0.4047
1 0.3433 0.4047
1 0.3462 0.4045
1 0.3477 0.4043
1 0.3491 0.4041
1 0.3505 0.4038
1 0.3519 0.4034
1 0.3532 0.4028
1 0.3546 0.4022
1 0.3558 0.4015
1 0.3570 0.4007
1 0.3582 0.3998
1 0.3593 0.3989
1 0.3602 0.3979
1 0.3612 0.3968
1 0.3621 0.3957
1 0.3629 0.3945
1 0.3637 0.3932
1 0.3643 0.3919
1 0.3648 0.3906
1 0.3652 0.3892
1 0.3656 0.3878
1 0.3659 0.3864
1 0.3661 0.3850
1 0.3661 0.3835
1 0.3661 0.3821
1 0.3659 0.3807
1 0.3657 0.3792
1 0.3655 0.3778
1 0.3650 0.3764
1 0.3645 0.3751
1 0.3621 0.3761
1 0.3597 0.3772
1 0.3572 0.3782
1 0.3547 0.3790
1 0.3522 0.3798
1 0.3496 0.3806
1 0.3471 0.3813
1 0.3445 0.3818
1 0.3419 0.3824
1 0.3393 0.3828
1 0.3367 0.3832
1 0.3341 0.3835
1 0.3314 0.3838
1 0.3288 0.3839
1 0.3262 0.3840
1 0.3235 0.3840
1 0.3209 0.3840
1 0.3183 0.3839
1 0.3156 0.3836
1 0.3130 0.3834
1 0.3106 0.3830
1 0.3083 0.3826
1 0.3060 0.3821
1 0.3037 0.3815
1 0.3015 0.3808
1 0.2992 0.3800
1 0.2969 0.3792
1 0.2948 0.3783
1 0.2926 0.3773
1 0.2906 0.3761
1 0.2885 0.3750
1 0.2865 0.3737
1 0.2845 0.3724
1 0.2826 0.3710
1 0.2808 0.3696
1 0.2790 0.3680
1 0.2773 0.3664
1 0.2756 0.3647
1 0.2740 0.3630
1 0.2724 0.3612
1 0.2710 0.3593
1 0.2696 0.3574
1 0.2683 0.3555
1 0.2670 0.3534
1 0.2658 0.3514
1 0.2647 0.3493
1 0.2638 0.3471
1 0.2628 0.3450
1 0.2620 0.3428
1 0.2612 0.3405
1 0.2605 0.3382
1 0.2599 0.3360
1 0.2595 0.3337
1 0.2590 0.3313
1 0.2587 0.3289
1 0.2585 0.3266
1 0.2584 0.3242
1 0.2583 0.3219
1 0.2583 0.3195
1 0.2584 0.3171
1 0.2586 0.3148
1 0.2590 0.3124
1 0.2593 0.3101
1 0.2598 0.3078
1 0.2604 0.3055
1 0.2611 0.3033
1 0.2618 0.3010
1 0.2627 0.2988
1 0.2636 0.2966
1 0.2645 0.2944
1 0.2656 0.2923
1 0.2668 0.2903
1 0.2680 0.2883
1 0.2693 0.2863
1 0.2707 0.2844
1 0.2722 0.2825
1 0.2737 0.2807
1 0.2753 0.2789
1 0.2769 0.2772
1 0.2786 0.2756
1 0.2804 0.2740
1 0.2822 0.2726
1 0.2842 0.2711
1 0.2861 0.2698
1 0.2881 0.2686
1 0.2901 0.2674
1 0.2922 0.2663
1 0.2944 0.2652
1 0.2965 0.2643
1 0.2988 0.2634
1 0.3010 0.2626
1 0.3032 0.2619
1 0.3055 0.2613
1 0.3078 0.2608
1 0.3101 0.2604
1 0.3125 0.2599
1 0.3149 0.2597
1 0.3172 0.2595
1 0.3196 0.2595
1 0.3219 0.2595
1 0.3248 0.2596
1 0.3276 0.2598
1 0.3305 0.2601
1 0.3333 0.2604
1 0.3362 0.2609
1 0.3389 0.2613
1 0.3417 0.2619
1 0.3445 0.2626
1 0.3473 0.2633
1 0.3500 0.2641
1 0.3528 0.2649
1 0.3555 0.2659
1 0.3581 0.2670
1 0.3607 0.2681
1 0.3633 0.2693
1 0.3659 0.2705
112 1251 237
0 -0.3825 0.3751
1 -0.3820 0.3764
1 -0.3816 0.3778
1 -0.3813 0.3792
1 -0.3811 0.3807
1 -0.3809 0.3821
1 -0.3809 0.3835
1 -0.3809 0.3850
1 -0.3811 0.3864
1 -0.3814 0.3878
1 -0.3818 0.3892
1 -0.3822 0.3906
1 -0.3827 0.3919
1 -0.3834 0.3932
1 -0.3841 0.3945
1 -0.3849 0.3957
1 -0.3858 0.3968
1 -0.3868 0.3979
1 -0.3877 0.3989
1 -0.3888 0.3998
1 -0.3900 0.4007
1 -0.3912 0.4015
1 -0.3925 0.4022
1 -0.3938 0.4028
1 -0.3951 0.4034
1 -0.3965 0.4038
1 -0.3979 0.4041
1 -0.3993 0.4044
1 -0.4007 0.4045
1 -0.4037 0.4047
1 -0.4067 0.4047
1 -0.4097 0.4048
1 -0.4127 0.4047
1 -0.4156 0.4045
1 -0.4186 0.4043
1 -0.4215 0.4040
1 -0.4245 0.4036
1 -0.4274 0.4031
1 -0.4303 0.4027
1 -0.4332 0.4020
1 -0.4361 0.4013
1 -0.4390 0.4005
1 -0.4418 0.3997
1 -0.4447 0.3988
1 -0.4474 0.3977
1 -0.4502 0.3967
1 -0.4530 0.3955
1 -0.4557 0.3943
1 -0.4583 0.3930
1 -0.4766 0.4260
1 -0.4737 0.4279
1 -0.4708 0.4297
1 -0.4678 0.4315
1 -0.4649 0.4332
1 -0.4618 0.4348
1 -0.4587 0.4363
1 -0.4556 0.4377
1 -0.4524 0.4391
1 -0.4492 0.4404
1 -0.4460 0.4415
1 -0.4427 0.4426
1 -0.4394 0.4436
1 -0.4360 0.4445
1 -0.4327 0.4453
1 -0.4294 0.4460
1 -0.4260 0.4467
1 -0.4226 0.4472
1 -0.4192 0.4477
1 -0.4157 0.4481
1 -0.4123 0.4483
1 -0.4098 0.4484
1 -0.4073 0.4484
1 -0.4048 0.4484
1 -0.4023 0.4483
1 -0.3998 0.4480
1 -0.3973 0.4477
1 -0.3948 0.4473
1 -0.3924 0.4468
1 -0.3900 0.4463
1 -0.3875 0.4456
1 -0.3851 0.4449
1 -0.3827 0.4441
1 -0.3804 0.4432
1 -0.3781 0.4422
1 -0.3759 0.4412
1 -0.3736 0.4401
1 -0.3714 0.4388
1 -0.3693 0.4376
1 -0.3671 0.4363
1 -0.3650 0.4348
1 -0.3630 0.4333
1 -0.3611 0.4318
1 -0.3592 0.4301
1 -0.3573 0.4285
1 -0.3555 0.4267
1 -0.3538 0.4249
1 -0.3521 0.4231
1 -0.3505 0.4211
1 -0.3490 0.4192
1 -0.3475 0.4172
1 -0.3461 0.4151
1 -0.3448 0.4129
1 -0.3435 0.4108
1 -0.3423 0.4086
1 -0.3412 0.4063
1 -0.3402 0.4040
1 -0.3392 0.4018
1 -0.3383 0.3994
1 -0.3376 0.3970
1 -0.3369 0.3946
1 -0.3362 0.3922
1 -0.3357 0.3898
1 -0.3352 0.3873
1 -0.3348 0.3848
1 -0.3345 0.3823
1 -0.3343 0.3798
1 -0.3342 0.3773
1 -0.3342 0.3748
1 -0.3342 0.2624
1 -0.3811 0.2624
1 -0.3811 0.2705
1 -0.3837 0.2693
1 -0.3863 0.2681
1 -0.3889 0.2670
1 -0.3916 0.2659
1 -0.3943 0.2649
1 -0.3970 0.2641
1 -0.3997 0.2633
1 -0.4025 0.2626
1 -0.4053 0.2619
1 -0.4081 0.2613
1 -0.4109 0.2609
1 -0.4137 0.2604
1 -0.4165 0.2601
1 -0.4194 0.2598
1 -0.4222 0.2596
1 -0.4251 0.2595
1 -0.4274 0.2595
1 -0.4298 0.2595
1 -0.4322 0.2597
1 -0.4345 0.2600
1 -0.4369 0.2604
1 -0.4392 0.2608
1 -0.4415 0.2613
1 -0.4438 0.2619
1 -0.4460 0.2626
1 -0.4483 0.2634
1 -0.4505 0.2643
1 -0.4526 0.2652
1 -0.4548 0.2663
1 -0.4569 0.2674
1 -0.4589 0.2686
1 -0.4609 0.2698
1 -0.4628 0.2711
1 -0.4648 0.2726
1 -0.4666 0.2740
1 -0.4684 0.2756
1 -0.4701 0.2772
1 -0.4717 0.2789
1 -0.4733 0.2807
1 -0.4748 0.2825
1 -0.4763 0.2844
1 -0.4777 0.2863
1 -0.4790 0.2883
1 -0.4803 0.2903
1 -0.4814 0.2924
1 -0.4825 0.2944
1 -0.4835 0.2966
1 -0.4844 0.2988
1 -0.4852 0.3010
1 -0.4860 0.3033
1 -0.4866 0.3055
1 -0.4872 0.3078
1 -0.4877 0.3101
1 -0.4880 0.3124
1 -0.4884 0.3148
1 -0.4886 0.3171
1 -0.4887 0.3195
1 -0.4887 0.3219
1 -0.4887 0.3242
1 -0.4885 0.3266
1 -0.4883 0.3289
1 -0.4880 0.3313
1 -0.4876 0.3337
1 -0.4871 0.3360
1 -0.4865 0.3382
1 -0.4858 0.3405
1 -0.4851 0.3428
1 -0.4842 0.3450
1 -0.4832 0.3471
1 -0.4823 0.3493
1 -0.4812 0.3514
1 -0.4800 0.3534
1 -0.4787 0.3555
1 -0.4774 0.3574
1 -0.4760 0.3593
1 -0.4746 0.3612
1 -0.4730 0.3630
1 -0.4714 0.3647
1 -0.4697 0.3664
1 -0.4680 0.3680
1 -0.4662 0.3696
1 -0.4644 0.3710
1 -0.4624 0.3724
1 -0.4605 0.3737
1 -0.4585 0.3750
1 -0.4565 0.3761
1 -0.4544 0.3773
1 -0.4522 0.3783
1 -0.4500 0.3792
1 -0.4478 0.3800
1 -0.4456 0.3808
1 -0.4433 0.3815
1 -0.4410 0.3821
1 -0.4387 0.3826
1 -0.4364 0.3830
1 -0.4340 0.3834
1 -0.4314 0.3836
1 -0.4288 0.3839
1 -0.4261 0.3840
1 -0.4235 0.3841
1 -0.4208 0.3840
1 -0.4182 0.3839
1 -0.4156 0.3838
1 -0.4129 0.3835
1 -0.4103 0.3832
1 -0.4077 0.3828
1 -0.4051 0.3824
1 -0.4025 0.3818
1 -0.3999 0.3813
1 -0.3974 0.3806
1 -0.3948 0.3798
1 -0.3923 0.3791
1 -0.3898 0.3782
1 -0.3873 0.3772
1 -0.3849 0.3761
1 -0.3825 0.3751
112 1251 423
0 -0.7138 0.3228
1 -0.7127 0.3201
1 -0.7116 0.3176
1 -0.7104 0.3150
1 -0.7091 0.3125
1 -0.7078 0.3101
1 -0.7063 0.3076
1 -0.7049 0.3052
1 -0.7033 0.3029
1 -0.7016 0.3006
1 -0.7000 0.2983
1 -0.6982 0.2962
1 -0.6963 0.2940
1 -0.6945 0.2919
1 -0.6925 0.2899
1 -0.6905 0.2880
1 -0.6884 0.2861
1 -0.6863 0.2842
1 -0.6841 0.2825
1 -0.6818 0.2808
1 -0.6795 0.2792
1 -0.6773 0.2776
1 -0.6749 0.2761
1 -0.6725 0.2747
1 -0.6700 0.2733
1 -0.6675 0.2720
1 -0.6650 0.2708
1 -0.6623 0.2697
1 -0.6598 0.2686
1 -0.6571 0.2677
1 -0.6544 0.2668
1 -0.6518 0.2660
1 -0.6491 0.2652
1 -0.6463 0.2646
1 -0.6436 0.2640
1 -0.6408 0.2636
1 -0.6380 0.2631
1 -0.6352 0.2628
1 -0.6324 0.2626
1 -0.6296 0.2624
1 -0.6268 0.2624
1 -0.6243 0.2624
1 -0.6217 0.2625
1 -0.6192 0.2627
1 -0.6167 0.2629
1 -0.6142 0.2634
1 -0.6117 0.2638
1 -0.6092 0.2643
1 -0.6068 0.2649
1 -0.6044 0.2656
1 -0.6019 0.2665
1 -0.5996 0.2673
1 -0.5972 0.2683
1 -0.5949 0.2693
1 -0.5926 0.2704
1 -0.5904 0.2716
1 -0.5882 0.2729
1 -0.5861 0.2742
1 -0.5840 0.2756
1 -0.5820 0.2771
1 -0.5799 0.2786
1 -0.5780 0.2803
1 -0.5761 0.2820
1 -0.5742 0.2837
1 -0.5725 0.2855
1 -0.5708 0.2874
1 -0.5692 0.2893
1 -0.5676 0.2913
1 -0.5661 0.2933
1 -0.5647 0.2954
1 -0.5633 0.2975
1 -0.5620 0.2997
1 -0.5608 0.3019
1 -0.5597 0.3042
1 -0.5586 0.3065
1 -0.5577 0.3088
1 -0.5568 0.3112
1 -0.5559 0.3136
1 -0.5552 0.3160
1 -0.5545 0.3185
1 -0.5540 0.3209
1 -0.5535 0.3234
1 -0.5531 0.3259
1 -0.5528 0.3284
1 -0.5526 0.3310
1 -0.5525 0.3335
1 -0.5524 0.3360
1 -0.5525 0.3385
1 -0.5526 0.3410
1 -0.5528 0.3435
1 -0.5531 0.3461
1 -0.5535 0.3486
1 -0.5539 0.3510
1 -0.5545 0.3535
1 -0.5552 0.3559
1 -0.5559 0.3584
1 -0.5567 0.3608
1 -0.5576 0.3632
1 -0.5585 0.3655
1 -0.5596 0.3678
1 -0.5607 0.3700
1 -0.5619 0.3723
1 -0.5632 0.3745
1 -0.5645 0.3766
1 -0.5660 0.3787
1 -0.5674 0.3807
1 -0.5690 0.3827
1 -0.5706 0.3847
1 -0.5724 0.3866
1 -0.5741 0.3884
1 -0.5759 0.3901
1 -0.5778 0.3918
1 -0.5797 0.3934
1 -0.5817 0.3950
1 -0.5838 0.3965
1 -0.5859 0.3979
1 -0.5881 0.3992
1 -0.5902 0.4005
1 -0.5924 0.4017
1 -0.5947 0.4028
1 -0.5970 0.4038
1 -0.5994 0.4048
1 -0.6017 0.4056
1 -0.6042 0.4065
1 -0.6066 0.4072
1 -0.6090 0.4078
1 -0.6115 0.4084
1 -0.6140 0.4088
1 -0.6165 0.4092
1 -0.6476 0.4137
1 -0.6489 0.4140
1 -0.6503 0.4143
1 -0.6516 0.4147
1 -0.6529 0.4152
1 -0.6541 0.4157
1 -0.6553 0.4163
1 -0.6565 0.4170
1 -0.6577 0.4177
1 -0.6587 0.4186
1 -0.6598 0.4195
1 -0.6607 0.4204
1 -0.6617 0.4214
1 -0.6625 0.4225
1 -0.6634 0.4236
1 -0.6641 0.4247
1 -0.6648 0.4259
1 -0.6653 0.4272
1 -0.6658 0.4284
1 -0.6663 0.4297
1 -0.6666 0.4311
1 -0.6669 0.4324
1 -0.6671 0.4338
1 -0.6673 0.4351
1 -0.6673 0.4365
1 -0.6673 0.4383
1 -0.6671 0.4401
1 -0.6668 0.4419
1 -0.6666 0.4437
1 -0.6661 0.4454
1 -0.6657 0.4472
1 -0.6651 0.4489
1 -0.6644 0.4506
1 -0.6637 0.4523
1 -0.6628 0.4539
1 -0.6619 0.4554
1 -0.6609 0.4569
1 -0.6599 0.4585
1 -0.6587 0.4599
1 -0.6575 0.4612
1 -0.6563 0.4625
1 -0.6550 0.4637
1 -0.6536 0.4649
1 -0.6521 0.4660
1 -0.6506 0.4671
1 -0.6491 0.4680
1 -0.6475 0.4689
1 -0.6458 0.4696
1 -0.6441 0.4703
1 -0.6425 0.4710
1 -0.6407 0.4715
1 -0.6389 0.4719
1 -0.6372 0.4723
1 -0.6354 0.4726
1 -0.6336 0.4728
1 -0.6318 0.4728
1 -0.6299 0.4728
1 -0.6281 0.4728
1 -0.6263 0.4726
1 -0.6245 0.4723
1 -0.6228 0.4719
1 -0.6210 0.4715
1 -0.6192 0.4710
1 -0.6176 0.4703
1 -0.6159 0.4696
1 -0.6142 0.4688
1 -0.6126 0.4680
1 -0.6111 0.4670
1 -0.6096 0.4660
1 -0.6081 0.4649
1 -0.6067 0.4637
1 -0.6054 0.4625
1 -0.6042 0.4612
1 -0.6030 0.4599
1 -0.6018 0.4584
1 -0.6008 0.4569
1 -0.5998 0.4554
1 -0.5989 0.4538
1 -0.5981 0.4522
1 -0.5973 0.4506
1 -0.5967 0.4489
1 -0.5615 0.4617
1 -0.5624 0.4640
1 -0.5634 0.4665
1 -0.5645 0.4687
1 -0.5656 0.4710
1 -0.5669 0.4733
1 -0.5683 0.4755
1 -0.5697 0.4777
1 -0.5711 0.4798
1 -0.5727 0.4819
1 -0.5743 0.4839
1 -0.5760 0.4858
1 -0.5777 0.4877
1 -0.5796 0.4895
1 -0.5815 0.4913
1 -0.5834 0.4930
1 -0.5854 0.4946
1 -0.5874 0.4962
1 -0.5896 0.4976
1 -0.5917 0.4990
1 -0.5940 0.5003
1 -0.5962 0.5016
1 -0.5985 0.5028
1 -0.6008 0.5039
1 -0.6032 0.5049
1 -0.6056 0.5058
1 -0.6081 0.5066
1 -0.6105 0.5074
1 -0.6130 0.5080
1 -0.6155 0.5087
1 -0.6180 0.5091
1 -0.6205 0.5096
1 -0.6231 0.5098
1 -0.6257 0.5101
1 -0.6283 0.5102
1 -0.6308 0.5102
1 -0.6334 0.5102
1 -0.6360 0.5101
1 -0.6385 0.5098
1 -0.6411 0.5096
1 -0.6437 0.5091
1 -0.6462 0.5087
1 -0.6487 0.5081
1 -0.6512 0.5074
1 -0.6537 0.5066
1 -0.6561 0.5058
1 -0.6585 0.5049
1 -0.6609 0.5039
1 -0.6632 0.5028
1 -0.6655 0.5016
1 -0.6677 0.5004
1 -0.6700 0.4991
1 -0.6721 0.4977
1 -0.6743 0.4962
1 -0.6763 0.4946
1 -0.6783 0.4930
1 -0.6802 0.4913
1 -0.6821 0.4896
1 -0.6839 0.4878
1 -0.6857 0.4859
1 -0.6874 0.4839
1 -0.6891 0.4819
1 -0.6906 0.4798
1 -0.6920 0.4778
1 -0.6934 0.4755
1 -0.6948 0.4734
1 -0.6961 0.4711
1 -0.6972 0.4688
1 -0.6983 0.4665
1 -0.6993 0.4641
1 -0.7002 0.4617
1 -0.7011 0.4593
1 -0.7018 0.4568
1 -0.7025 0.4543
1 -0.7031 0.4518
1 -0.7036 0.4493
1 -0.7040 0.4467
1 -0.7043 0.4442
1 -0.7045 0.4416
1 -0.7046 0.4390
1 -0.7047 0.4365
1 -0.7046 0.4340
1 -0.7045 0.4317
1 -0.7043 0.4293
1 -0.7039 0.4270
1 -0.7035 0.4246
1 -0.7030 0.4222
1 -0.7024 0.4199
1 -0.7017 0.4177
1 -0.7009 0.4154
1 -0.7000 0.4131
1 -0.6991 0.4110
1 -0.6980 0.4088
1 -0.6968 0.4067
1 -0.6957 0.4047
1 -0.6943 0.4027
1 -0.6929 0.4007
1 -0.6915 0.3988
1 -0.6900 0.3970
1 -0.6884 0.3952
1 -0.6867 0.3935
1 -0.6850 0.3918
1 -0.6832 0.3902
1 -0.6813 0.3888
1 -0.6794 0.3873
1 -0.6774 0.3860
1 -0.6754 0.3847
1 -0.6733 0.3835
1 -0.6712 0.3824
1 -0.6690 0.3814
1 -0.6668 0.3804
1 -0.6646 0.3796
1 -0.6623 0.3789
1 -0.6600 0.3782
1 -0.6577 0.3776
1 -0.6554 0.3771
1 -0.6530 0.3767
1 -0.6202 0.3719
1 -0.6185 0.3716
1 -0.6167 0.3711
1 -0.6149 0.3707
1 -0.6133 0.3700
1 -0.6116 0.3693
1 -0.6099 0.3686
1 -0.6083 0.3677
1 -0.6068 0.3668
1 -0.6053 0.3658
1 -0.6038 0.3648
1 -0.6024 0.3636
1 -0.6011 0.3624
1 -0.5998 0.3612
1 -0.5986 0.3598
1 -0.5974 0.3584
1 -0.5964 0.3569
1 -0.5953 0.3554
1 -0.5944 0.3539
1 -0.5936 0.3523
1 -0.5929 0.3506
1 -0.5922 0.3489
1 -0.5915 0.3473
1 -0.5910 0.3455
1 -0.5906 0.3437
1 -0.5903 0.3420
1 -0.5901 0.3402
1 -0.5899 0.3384
1 -0.5898 0.3366
1 -0.5899 0.3348
1 -0.5899 0.3330
1 -0.5901 0.3312
1 -0.5904 0.3294
1 -0.5908 0.3276
1 -0.5913 0.3259
1 -0.5918 0.3242
1 -0.5924 0.3224
1 -0.5932 0.3208
1 -0.5940 0.3192
1 -0.5949 0.3176
1 -0.5958 0.3160
1 -0.5969 0.3146
1 -0.5980 0.3131
1 -0.5992 0.3118
1 -0.6004 0.3105
1 -0.6017 0.3092
1 -0.6031 0.3081
1 -0.6045 0.3069
1 -0.6060 0.3059
1 -0.6075 0.3049
1 -0.6091 0.3040
1 -0.6107 0.3032
1 -0.6124 0.3025
1 -0.6140 0.3018
1 -0.6158 0.3012
1 -0.6175 0.3008
1 -0.6193 0.3004
1 -0.6210 0.3001
1 -0.6228 0.2999
1 -0.6246 0.2998
1 -0.6264 0.2998
1 -0.6286 0.2998
1 -0.6307 0.2999
1 -0.6328 0.3002
1 -0.6349 0.3005
1 -0.6370 0.3008
1 -0.6390 0.3013
1 -0.6411 0.3018
1 -0.6431 0.3024
1 -0.6451 0.3031
1 -0.6471 0.3039
1 -0.6491 0.3047
1 -0.6509 0.3056
1 -0.6528 0.3065
1 -0.6547 0.3076
1 -0.6565 0.3087
1 -0.6582 0.3099
1 -0.6600 0.3111
1 -0.6616 0.3124
1 -0.6632 0.3137
1 -0.6648 0.3152
1 -0.6664 0.3167
1 -0.6678 0.3182
1 -0.6692 0.3198
1 -0.6705 0.3214
1 -0.6718 0.3231
1 -0.6730 0.3248
1 -0.6741 0.3267
1 -0.6752 0.3285
1 -0.6762 0.3303
1 -0.6772 0.3322
1 -0.6780 0.3342
1 -0.6789 0.3361
1 -0.7138 0.3228
1 -0.6789 0.3361
1 -0.7138 0.3228
112 1251 5
0 -0.1914 0.2624
1 -0.2374 0.2624
1 -0.2374 0.4881
1 -0.1914 0.5066
1 -0.1914 0.2624
112 1252 94
0 -0.3811 0.3107
1 -0.3811 0.3375
1 -0.3826 0.3387
1 -0.3841 0.3398
1 -0.3857 0.3408
1 -0.3873 0.3419
1 -0.3890 0.3428
1 -0.3907 0.3437
1 -0.3925 0.3445
1 -0.3942 0.3453
1 -0.3960 0.3459
1 -0.3978 0.3465
1 -0.3996 0.3471
1 -0.4015 0.3475
1 -0.4033 0.3480
1 -0.4052 0.3482
1 -0.4071 0.3485
1 -0.4090 0.3487
1 -0.4109 0.3489
1 -0.4128 0.3489
1 -0.4147 0.3489
1 -0.4166 0.3487
1 -0.4185 0.3486
1 -0.4204 0.3483
1 -0.4223 0.3480
1 -0.4241 0.3476
1 -0.4256 0.3473
1 -0.4270 0.3468
1 -0.4284 0.3462
1 -0.4297 0.3456
1 -0.4311 0.3449
1 -0.4324 0.3441
1 -0.4335 0.3432
1 -0.4347 0.3423
1 -0.4358 0.3412
1 -0.4369 0.3402
1 -0.4378 0.3390
1 -0.4387 0.3378
1 -0.4395 0.3366
1 -0.4403 0.3353
1 -0.4409 0.3339
1 -0.4415 0.3326
1 -0.4420 0.3311
1 -0.4424 0.3297
1 -0.4427 0.3282
1 -0.4429 0.3267
1 -0.4431 0.3253
1 -0.4431 0.3237
1 -0.4431 0.3222
1 -0.4429 0.3208
1 -0.4426 0.3193
1 -0.4423 0.3178
1 -0.4419 0.3164
1 -0.4414 0.3150
1 -0.4408 0.3136
1 -0.4401 0.3123
1 -0.4394 0.3110
1 -0.4385 0.3097
1 -0.4376 0.3085
1 -0.4367 0.3074
1 -0.4356 0.3063
1 -0.4345 0.3053
1 -0.4333 0.3044
1 -0.4321 0.3035
1 -0.4308 0.3027
1 -0.4295 0.3020
1 -0.4281 0.3014
1 -0.4267 0.3009
1 -0.4254 0.3004
1 -0.4239 0.3001
1 -0.4220 0.2997
1 -0.4202 0.2994
1 -0.4183 0.2992
1 -0.4163 0.2990
1 -0.4145 0.2990
1 -0.4125 0.2990
1 -0.4106 0.2990
1 -0.4088 0.2992
1 -0.4069 0.2994
1 -0.4050 0.2997
1 -0.4031 0.3000
1 -0.4013 0.3004
1 -0.3994 0.3009
1 -0.3976 0.3015
1 -0.3958 0.3021
1 -0.3941 0.3028
1 -0.3923 0.3036
1 -0.3906 0.3044
1 -0.3889 0.3053
1 -0.3873 0.3062
1 -0.3857 0.3073
1 -0.3841 0.3084
1 -0.3826 0.3095
1 -0.3811 0.3107
112 1252 94
0 0.3659 0.3107
1 0.3659 0.3375
1 0.3644 0.3387
1 0.3629 0.3398
1 0.3613 0.3408
1 0.3596 0.3419
1 0.3580 0.3428
1 0.3563 0.3437
1 0.3546 0.3445
1 0.3528 0.3453
1 0.3510 0.3459
1 0.3492 0.3465
1 0.3474 0.3471
1 0.3455 0.3475
1 0.3437 0.3480
1 0.3418 0.3482
1 0.3399 0.3485
1 0.3380 0.3487
1 0.3361 0.3489
1 0.3342 0.3489
1 0.3323 0.3489
1 0.3304 0.3487
1 0.3285 0.3486
1 0.3266 0.3483
1 0.3247 0.3480
1 0.3228 0.3476
1 0.3214 0.3473
1 0.3200 0.3468
1 0.3186 0.3462
1 0.3172 0.3456
1 0.3160 0.3448
1 0.3146 0.3441
1 0.3135 0.3432
1 0.3123 0.3423
1 0.3112 0.3412
1 0.3101 0.3402
1 0.3092 0.3390
1 0.3083 0.3378
1 0.3075 0.3366
1 0.3067 0.3353
1 0.3061 0.3339
1 0.3055 0.3326
1 0.3050 0.3311
1 0.3047 0.3296
1 0.3043 0.3282
1 0.3041 0.3267
1 0.3040 0.3253
1 0.3039 0.3237
1 0.3040 0.3222
1 0.3041 0.3208
1 0.3044 0.3193
1 0.3047 0.3178
1 0.3051 0.3164
1 0.3056 0.3150
1 0.3062 0.3136
1 0.3069 0.3123
1 0.3076 0.3110
1 0.3085 0.3097
1 0.3094 0.3085
1 0.3103 0.3074
1 0.3114 0.3063
1 0.3125 0.3053
1 0.3137 0.3044
1 0.3149 0.3035
1 0.3162 0.3027
1 0.3175 0.3020
1 0.3189 0.3014
1 0.3203 0.3009
1 0.3217 0.3004
1 0.3231 0.3001
1 0.3250 0.2997
1 0.3269 0.2994
1 0.3287 0.2992
1 0.3307 0.2990
1 0.3326 0.2990
1 0.3344 0.2990
1 0.3364 0.2990
1 0.3382 0.2992
1 0.3401 0.2994
1 0.3420 0.2997
1 0.3439 0.3000
1 0.3457 0.3004
1 0.3476 0.3009
1 0.3494 0.3015
1 0.3512 0.3021
1 0.3530 0.3028
1 0.3547 0.3036
1 0.3564 0.3044
1 0.3581 0.3053
1 0.3598 0.3062
1 0.3614 0.3073
1 0.3629 0.3084
1 0.3644 0.3095
1 0.3659 0.3107
112 1252 106
0 0.1299 0.3180
1 0.1299 0.3857
1 0.1290 0.3868
1 0.1281 0.3880
1 0.1272 0.3891
1 0.1262 0.3902
1 0.1251 0.3911
1 0.1240 0.3921
1 0.1228 0.3930
1 0.1216 0.3938
1 0.1204 0.3945
1 0.1190 0.3952
1 0.1177 0.3958
1 0.1163 0.3963
1 0.1149 0.3968
1 0.1136 0.3972
1 0.1121 0.3975
1 0.1106 0.3977
1 0.1092 0.3979
1 0.1077 0.3979
1 0.1063 0.3979
1 0.1048 0.3979
1 0.1034 0.3977
1 0.1020 0.3975
1 0.1005 0.3972
1 0.0991 0.3968
1 0.0977 0.3963
1 0.0963 0.3957
1 0.0950 0.3952
1 0.0938 0.3945
1 0.0925 0.3937
1 0.0913 0.3929
1 0.0901 0.3920
1 0.0890 0.3911
1 0.0875 0.3897
1 0.0861 0.3882
1 0.0847 0.3867
1 0.0834 0.3852
1 0.0820 0.3836
1 0.0809 0.3819
1 0.0798 0.3802
1 0.0787 0.3784
1 0.0777 0.3766
1 0.0768 0.3748
1 0.0759 0.3730
1 0.0751 0.3711
1 0.0744 0.3691
1 0.0738 0.3672
1 0.0732 0.3652
1 0.0727 0.3632
1 0.0724 0.3612
1 0.0720 0.3592
1 0.0718 0.3572
1 0.0717 0.3551
1 0.0716 0.3531
1 0.0716 0.3510
1 0.0717 0.3490
1 0.0718 0.3469
1 0.0721 0.3449
1 0.0724 0.3429
1 0.0728 0.3409
1 0.0733 0.3389
1 0.0739 0.3369
1 0.0745 0.3350
1 0.0752 0.3331
1 0.0760 0.3312
1 0.0769 0.3294
1 0.0778 0.3275
1 0.0789 0.3258
1 0.0799 0.3240
1 0.0810 0.3223
1 0.0823 0.3206
1 0.0835 0.3190
1 0.0848 0.3175
1 0.0862 0.3160
1 0.0877 0.3146
1 0.0892 0.3132
1 0.0907 0.3118
1 0.0920 0.3109
1 0.0934 0.3100
1 0.0947 0.3092
1 0.0961 0.3084
1 0.0976 0.3078
1 0.0991 0.3072
1 0.1006 0.3068
1 0.1022 0.3064
1 0.1038 0.3061
1 0.1053 0.3060
1 0.1069 0.3058
1 0.1085 0.3059
1 0.1101 0.3060
1 0.1117 0.3062
1 0.1133 0.3065
1 0.1148 0.3069
1 0.1163 0.3074
1 0.1178 0.3079
1 0.1193 0.3085
1 0.1207 0.3093
1 0.1220 0.3101
1 0.1233 0.3110
1 0.1246 0.3120
1 0.1258 0.3131
1 0.1269 0.3142
1 0.1280 0.3154
1 0.1290 0.3167
1 0.1299 0.3180
