SEcl_IP-2
3400 36 1 1 0 0 0 0 0 0 1 1
1.000
112 1252 354
0 -1.6650 3.5500
1 1.6650 3.5500
1 1.6678 3.5500
1 1.6706 3.5499
1 1.6732 3.5497
1 1.6757 3.5496
1 1.6786 3.5494
1 1.6814 3.5490
1 1.6839 3.5487
1 1.6866 3.5484
1 1.6895 3.5480
1 1.6920 3.5475
1 1.6945 3.5471
1 1.6973 3.5465
1 1.7000 3.5459
1 1.7025 3.5452
1 1.7052 3.5445
1 1.7077 3.5438
1 1.7105 3.5430
1 1.7130 3.5420
1 1.7153 3.5413
1 1.7180 3.5404
1 1.7206 3.5393
1 1.7230 3.5383
1 1.7256 3.5372
1 1.7279 3.5362
1 1.7305 3.5349
1 1.7329 3.5337
1 1.7353 3.5324
1 1.7375 3.5312
1 1.7399 3.5300
1 1.7424 3.5285
1 1.7447 3.5270
1 1.7469 3.5257
1 1.7492 3.5241
1 1.7514 3.5226
1 1.7535 3.5211
1 1.7558 3.5194
1 1.7580 3.5177
1 1.7601 3.5160
1 1.7621 3.5143
1 1.7642 3.5126
1 1.7661 3.5108
1 1.7682 3.5089
1 1.7702 3.5070
1 1.7720 3.5051
1 1.7740 3.5030
1 1.7758 3.5010
1 1.7775 3.4991
1 1.7793 3.4971
1 1.7810 3.4951
1 1.7827 3.4929
1 1.7844 3.4907
1 1.7859 3.4887
1 1.7877 3.4864
1 1.7892 3.4841
1 1.7907 3.4819
1 1.7921 3.4796
1 1.7935 3.4773
1 1.7949 3.4750
1 1.7963 3.4726
1 1.7975 3.4702
1 1.7988 3.4679
1 1.8000 3.4654
1 1.8011 3.4631
1 1.8023 3.4605
1 1.8033 3.4579
1 1.8043 3.4557
1 1.8054 3.4529
1 1.8062 3.4504
1 1.8071 3.4481
1 1.8080 3.4452
1 1.8088 3.4427
1 1.8095 3.4402
1 1.8102 3.4377
1 1.8110 3.4348
1 1.8115 3.4321
1 1.8120 3.4296
1 1.8126 3.4268
1 1.8130 3.4242
1 1.8134 3.4217
1 1.8138 3.4190
1 1.8142 3.4161
1 1.8144 3.4134
1 1.8146 3.4108
1 1.8148 3.4082
1 1.8149 3.4054
1 1.8150 3.4028
1 1.8150 3.4000
1 1.8150 0.1500
1 1.8150 0.1472
1 1.8149 0.1446
1 1.8148 0.1418
1 1.8146 0.1392
1 1.8144 0.1366
1 1.8142 0.1339
1 1.8138 0.1311
1 1.8134 0.1283
1 1.8130 0.1258
1 1.8126 0.1230
1 1.8120 0.1204
1 1.8115 0.1180
1 1.8110 0.1150
1 1.8102 0.1123
1 1.8095 0.1099
1 1.8088 0.1073
1 1.8080 0.1047
1 1.8071 0.1021
1 1.8062 0.0995
1 1.8054 0.0970
1 1.8043 0.0944
1 1.8033 0.0921
1 1.8023 0.0895
1 1.8011 0.0869
1 1.8000 0.0846
1 1.7988 0.0822
1 1.7975 0.0797
1 1.7962 0.0773
1 1.7949 0.0750
1 1.7935 0.0727
1 1.7921 0.0703
1 1.7907 0.0682
1 1.7893 0.0660
1 1.7877 0.0636
1 1.7859 0.0613
1 1.7844 0.0593
1 1.7827 0.0570
1 1.7810 0.0550
1 1.7794 0.0530
1 1.7775 0.0508
1 1.7757 0.0489
1 1.7740 0.0470
1 1.7720 0.0449
1 1.7701 0.0429
1 1.7682 0.0412
1 1.7662 0.0393
1 1.7642 0.0374
1 1.7621 0.0357
1 1.7601 0.0340
1 1.7580 0.0323
1 1.7558 0.0306
1 1.7535 0.0289
1 1.7513 0.0274
1 1.7491 0.0259
1 1.7470 0.0245
1 1.7448 0.0230
1 1.7424 0.0215
1 1.7401 0.0201
1 1.7375 0.0187
1 1.7352 0.0175
1 1.7329 0.0163
1 1.7305 0.0151
1 1.7279 0.0138
1 1.7255 0.0128
1 1.7231 0.0118
1 1.7206 0.0107
1 1.7180 0.0097
1 1.7154 0.0088
1 1.7128 0.0079
1 1.7105 0.0071
1 1.7078 0.0063
1 1.7052 0.0055
1 1.7023 0.0047
1 1.7000 0.0042
1 1.6974 0.0035
1 1.6946 0.0030
1 1.6920 0.0024
1 1.6893 0.0020
1 1.6866 0.0016
1 1.6839 0.0013
1 1.6814 0.0010
1 1.6786 0.0006
1 1.6758 0.0004
1 1.6732 0.0002
1 1.6704 0.0001
1 1.6678 0.0000
1 1.6650 0.0000
1 -1.6650 0.0000
1 -1.6678 0.0000
1 -1.6704 0.0001
1 -1.6732 0.0002
1 -1.6758 0.0004
1 -1.6786 0.0006
1 -1.6814 0.0010
1 -1.6839 0.0013
1 -1.6866 0.0016
1 -1.6893 0.0020
1 -1.6920 0.0024
1 -1.6946 0.0030
1 -1.6974 0.0035
1 -1.7000 0.0042
1 -1.7023 0.0047
1 -1.7052 0.0055
1 -1.7078 0.0063
1 -1.7105 0.0071
1 -1.7128 0.0079
1 -1.7154 0.0088
1 -1.7180 0.0097
1 -1.7206 0.0107
1 -1.7231 0.0118
1 -1.7255 0.0128
1 -1.7279 0.0138
1 -1.7305 0.0151
1 -1.7329 0.0163
1 -1.7352 0.0175
1 -1.7375 0.0187
1 -1.7401 0.0201
1 -1.7424 0.0215
1 -1.7448 0.0230
1 -1.7470 0.0245
1 -1.7491 0.0259
1 -1.7513 0.0274
1 -1.7535 0.0289
1 -1.7558 0.0306
1 -1.7580 0.0323
1 -1.7601 0.0340
1 -1.7621 0.0357
1 -1.7642 0.0374
1 -1.7662 0.0393
1 -1.7682 0.0412
1 -1.7701 0.0429
1 -1.7720 0.0449
1 -1.7740 0.0470
1 -1.7757 0.0489
1 -1.7775 0.0508
1 -1.7794 0.0530
1 -1.7810 0.0550
1 -1.7827 0.0570
1 -1.7844 0.0593
1 -1.7859 0.0613
1 -1.7877 0.0636
1 -1.7893 0.0660
1 -1.7907 0.0682
1 -1.7921 0.0703
1 -1.7935 0.0727
1 -1.7949 0.0750
1 -1.7962 0.0773
1 -1.7975 0.0797
1 -1.7988 0.0822
1 -1.8000 0.0846
1 -1.8011 0.0869
1 -1.8023 0.0894
1 -1.8034 0.0921
1 -1.8043 0.0945
1 -1.8054 0.0970
1 -1.8062 0.0995
1 -1.8071 0.1021
1 -1.8080 0.1047
1 -1.8088 0.1073
1 -1.8095 0.1099
1 -1.8102 0.1123
1 -1.8110 0.1150
1 -1.8115 0.1180
1 -1.8120 0.1204
1 -1.8126 0.1230
1 -1.8130 0.1258
1 -1.8134 0.1283
1 -1.8138 0.1311
1 -1.8142 0.1339
1 -1.8144 0.1366
1 -1.8146 0.1392
1 -1.8148 0.1418
1 -1.8149 0.1446
1 -1.8150 0.1472
1 -1.8150 0.1500
1 -1.8150 3.4000
1 -1.8150 3.4028
1 -1.8149 3.4054
1 -1.8148 3.4081
1 -1.8146 3.4108
1 -1.8144 3.4132
1 -1.8142 3.4160
1 -1.8138 3.4189
1 -1.8134 3.4213
1 -1.8131 3.4238
1 -1.8127 3.4267
1 -1.8121 3.4293
1 -1.8116 3.4319
1 -1.8110 3.4346
1 -1.8104 3.4370
1 -1.8097 3.4396
1 -1.8090 3.4422
1 -1.8082 3.4447
1 -1.8073 3.4476
1 -1.8064 3.4501
1 -1.8055 3.4523
1 -1.8047 3.4548
1 -1.8035 3.4575
1 -1.8025 3.4598
1 -1.8015 3.4622
1 -1.8003 3.4647
1 -1.7992 3.4670
1 -1.7980 3.4694
1 -1.7967 3.4718
1 -1.7954 3.4742
1 -1.7940 3.4765
1 -1.7926 3.4789
1 -1.7911 3.4812
1 -1.7897 3.4833
1 -1.7883 3.4854
1 -1.7867 3.4878
1 -1.7850 3.4900
1 -1.7835 3.4920
1 -1.7817 3.4942
1 -1.7801 3.4961
1 -1.7784 3.4982
1 -1.7765 3.5003
1 -1.7748 3.5021
1 -1.7730 3.5042
1 -1.7711 3.5060
1 -1.7692 3.5080
1 -1.7671 3.5098
1 -1.7653 3.5115
1 -1.7632 3.5134
1 -1.7612 3.5151
1 -1.7592 3.5167
1 -1.7571 3.5185
1 -1.7548 3.5201
1 -1.7528 3.5216
1 -1.7506 3.5232
1 -1.7484 3.5247
1 -1.7460 3.5262
1 -1.7438 3.5276
1 -1.7416 3.5289
1 -1.7394 3.5302
1 -1.7368 3.5317
1 -1.7345 3.5329
1 -1.7322 3.5341
1 -1.7297 3.5353
1 -1.7273 3.5364
1 -1.7250 3.5375
1 -1.7224 3.5386
1 -1.7200 3.5395
1 -1.7176 3.5406
1 -1.7148 3.5415
1 -1.7124 3.5423
1 -1.7098 3.5431
1 -1.7072 3.5439
1 -1.7047 3.5446
1 -1.7022 3.5452
1 -1.6995 3.5460
1 -1.6968 3.5465
1 -1.6944 3.5470
1 -1.6917 3.5476
1 -1.6890 3.5480
1 -1.6864 3.5484
1 -1.6839 3.5487
1 -1.6812 3.5491
1 -1.6784 3.5494
1 -1.6757 3.5496
1 -1.6731 3.5497
1 -1.6706 3.5499
1 -1.6677 3.5500
1 -1.6650 3.5500
112 1251 354
0 -1.6650 3.5417
1 1.6650 3.5417
1 1.6676 3.5417
1 1.6701 3.5416
1 1.6727 3.5414
1 1.6752 3.5413
1 1.6778 3.5411
1 1.6804 3.5408
1 1.6829 3.5405
1 1.6855 3.5402
1 1.6880 3.5398
1 1.6905 3.5393
1 1.6930 3.5389
1 1.6955 3.5384
1 1.6980 3.5378
1 1.7004 3.5372
1 1.7030 3.5365
1 1.7054 3.5358
1 1.7079 3.5351
1 1.7102 3.5342
1 1.7127 3.5334
1 1.7151 3.5326
1 1.7175 3.5316
1 1.7198 3.5307
1 1.7222 3.5296
1 1.7245 3.5286
1 1.7268 3.5275
1 1.7291 3.5263
1 1.7314 3.5251
1 1.7336 3.5239
1 1.7359 3.5227
1 1.7381 3.5214
1 1.7403 3.5200
1 1.7424 3.5187
1 1.7445 3.5173
1 1.7466 3.5158
1 1.7487 3.5143
1 1.7508 3.5128
1 1.7528 3.5112
1 1.7548 3.5096
1 1.7567 3.5080
1 1.7587 3.5063
1 1.7606 3.5046
1 1.7625 3.5029
1 1.7643 3.5011
1 1.7661 3.4993
1 1.7679 3.4974
1 1.7696 3.4955
1 1.7713 3.4936
1 1.7730 3.4917
1 1.7746 3.4898
1 1.7762 3.4878
1 1.7778 3.4857
1 1.7793 3.4837
1 1.7809 3.4816
1 1.7823 3.4795
1 1.7837 3.4774
1 1.7851 3.4752
1 1.7864 3.4731
1 1.7877 3.4708
1 1.7890 3.4686
1 1.7902 3.4663
1 1.7914 3.4641
1 1.7925 3.4618
1 1.7936 3.4595
1 1.7947 3.4572
1 1.7956 3.4548
1 1.7966 3.4525
1 1.7976 3.4500
1 1.7984 3.4476
1 1.7993 3.4453
1 1.8001 3.4428
1 1.8008 3.4404
1 1.8015 3.4379
1 1.8022 3.4355
1 1.8029 3.4329
1 1.8034 3.4304
1 1.8039 3.4280
1 1.8044 3.4254
1 1.8048 3.4229
1 1.8052 3.4204
1 1.8056 3.4179
1 1.8059 3.4153
1 1.8061 3.4128
1 1.8063 3.4102
1 1.8065 3.4077
1 1.8066 3.4051
1 1.8067 3.4026
1 1.8067 3.4000
1 1.8067 0.1500
1 1.8067 0.1474
1 1.8066 0.1449
1 1.8065 0.1423
1 1.8063 0.1398
1 1.8061 0.1372
1 1.8059 0.1347
1 1.8056 0.1322
1 1.8052 0.1296
1 1.8048 0.1271
1 1.8044 0.1245
1 1.8039 0.1221
1 1.8034 0.1196
1 1.8029 0.1170
1 1.8022 0.1146
1 1.8015 0.1121
1 1.8008 0.1096
1 1.8001 0.1072
1 1.7993 0.1048
1 1.7984 0.1023
1 1.7976 0.1000
1 1.7966 0.0976
1 1.7956 0.0952
1 1.7947 0.0928
1 1.7936 0.0905
1 1.7925 0.0882
1 1.7914 0.0859
1 1.7902 0.0836
1 1.7890 0.0814
1 1.7877 0.0792
1 1.7864 0.0769
1 1.7851 0.0748
1 1.7837 0.0727
1 1.7823 0.0705
1 1.7809 0.0684
1 1.7793 0.0663
1 1.7778 0.0643
1 1.7762 0.0622
1 1.7746 0.0603
1 1.7730 0.0583
1 1.7713 0.0563
1 1.7696 0.0545
1 1.7679 0.0526
1 1.7661 0.0507
1 1.7643 0.0489
1 1.7625 0.0472
1 1.7606 0.0454
1 1.7587 0.0437
1 1.7567 0.0420
1 1.7548 0.0404
1 1.7528 0.0388
1 1.7508 0.0372
1 1.7487 0.0357
1 1.7466 0.0342
1 1.7445 0.0328
1 1.7424 0.0314
1 1.7403 0.0300
1 1.7381 0.0286
1 1.7359 0.0273
1 1.7336 0.0260
1 1.7314 0.0249
1 1.7291 0.0237
1 1.7268 0.0225
1 1.7245 0.0214
1 1.7222 0.0204
1 1.7198 0.0194
1 1.7175 0.0184
1 1.7151 0.0175
1 1.7127 0.0166
1 1.7102 0.0158
1 1.7079 0.0150
1 1.7054 0.0142
1 1.7030 0.0135
1 1.7004 0.0128
1 1.6980 0.0123
1 1.6955 0.0116
1 1.6930 0.0111
1 1.6905 0.0106
1 1.6880 0.0102
1 1.6855 0.0098
1 1.6829 0.0095
1 1.6804 0.0092
1 1.6778 0.0089
1 1.6752 0.0087
1 1.6727 0.0085
1 1.6701 0.0084
1 1.6676 0.0083
1 1.6650 0.0083
1 -1.6650 0.0083
1 -1.6676 0.0083
1 -1.6701 0.0084
1 -1.6727 0.0085
1 -1.6752 0.0087
1 -1.6778 0.0089
1 -1.6804 0.0092
1 -1.6829 0.0095
1 -1.6855 0.0098
1 -1.6880 0.0102
1 -1.6905 0.0106
1 -1.6930 0.0111
1 -1.6955 0.0116
1 -1.6980 0.0123
1 -1.7004 0.0128
1 -1.7030 0.0135
1 -1.7054 0.0142
1 -1.7079 0.0150
1 -1.7102 0.0158
1 -1.7127 0.0166
1 -1.7151 0.0175
1 -1.7175 0.0184
1 -1.7198 0.0194
1 -1.7222 0.0204
1 -1.7245 0.0214
1 -1.7268 0.0225
1 -1.7291 0.0237
1 -1.7314 0.0249
1 -1.7336 0.0260
1 -1.7359 0.0273
1 -1.7381 0.0286
1 -1.7403 0.0300
1 -1.7424 0.0314
1 -1.7445 0.0328
1 -1.7466 0.0342
1 -1.7487 0.0357
1 -1.7508 0.0372
1 -1.7528 0.0388
1 -1.7548 0.0404
1 -1.7567 0.0420
1 -1.7587 0.0437
1 -1.7606 0.0454
1 -1.7625 0.0472
1 -1.7643 0.0489
1 -1.7661 0.0507
1 -1.7679 0.0526
1 -1.7696 0.0545
1 -1.7713 0.0563
1 -1.7730 0.0583
1 -1.7746 0.0603
1 -1.7762 0.0622
1 -1.7778 0.0643
1 -1.7793 0.0663
1 -1.7809 0.0684
1 -1.7823 0.0705
1 -1.7837 0.0727
1 -1.7851 0.0748
1 -1.7864 0.0769
1 -1.7877 0.0792
1 -1.7890 0.0814
1 -1.7902 0.0836
1 -1.7914 0.0859
1 -1.7925 0.0882
1 -1.7936 0.0905
1 -1.7947 0.0928
1 -1.7957 0.0952
1 -1.7966 0.0976
1 -1.7976 0.1000
1 -1.7984 0.1023
1 -1.7993 0.1048
1 -1.8001 0.1072
1 -1.8008 0.1096
1 -1.8015 0.1121
1 -1.8022 0.1146
1 -1.8029 0.1170
1 -1.8034 0.1196
1 -1.8039 0.1221
1 -1.8044 0.1245
1 -1.8048 0.1271
1 -1.8052 0.1296
1 -1.8056 0.1322
1 -1.8059 0.1347
1 -1.8061 0.1372
1 -1.8063 0.1398
1 -1.8065 0.1423
1 -1.8066 0.1449
1 -1.8067 0.1474
1 -1.8067 0.1500
1 -1.8067 3.4000
1 -1.8067 3.4026
1 -1.8066 3.4051
1 -1.8065 3.4076
1 -1.8063 3.4101
1 -1.8061 3.4126
1 -1.8059 3.4152
1 -1.8056 3.4177
1 -1.8052 3.4201
1 -1.8049 3.4227
1 -1.8045 3.4252
1 -1.8040 3.4276
1 -1.8035 3.4301
1 -1.8029 3.4326
1 -1.8023 3.4350
1 -1.8017 3.4375
1 -1.8010 3.4399
1 -1.8003 3.4423
1 -1.7995 3.4448
1 -1.7986 3.4471
1 -1.7977 3.4495
1 -1.7969 3.4518
1 -1.7959 3.4542
1 -1.7949 3.4565
1 -1.7939 3.4588
1 -1.7928 3.4611
1 -1.7917 3.4634
1 -1.7906 3.4656
1 -1.7894 3.4679
1 -1.7882 3.4701
1 -1.7869 3.4723
1 -1.7856 3.4745
1 -1.7842 3.4766
1 -1.7828 3.4787
1 -1.7814 3.4808
1 -1.7800 3.4829
1 -1.7784 3.4849
1 -1.7769 3.4869
1 -1.7753 3.4889
1 -1.7737 3.4908
1 -1.7721 3.4928
1 -1.7704 3.4947
1 -1.7687 3.4965
1 -1.7670 3.4984
1 -1.7652 3.5001
1 -1.7634 3.5020
1 -1.7615 3.5037
1 -1.7597 3.5054
1 -1.7578 3.5071
1 -1.7559 3.5087
1 -1.7539 3.5103
1 -1.7520 3.5119
1 -1.7499 3.5134
1 -1.7479 3.5149
1 -1.7458 3.5164
1 -1.7438 3.5178
1 -1.7416 3.5192
1 -1.7395 3.5205
1 -1.7373 3.5218
1 -1.7352 3.5231
1 -1.7329 3.5244
1 -1.7307 3.5255
1 -1.7284 3.5267
1 -1.7262 3.5278
1 -1.7239 3.5288
1 -1.7216 3.5299
1 -1.7193 3.5309
1 -1.7169 3.5318
1 -1.7146 3.5328
1 -1.7122 3.5336
1 -1.7098 3.5344
1 -1.7074 3.5352
1 -1.7049 3.5359
1 -1.7025 3.5366
1 -1.7001 3.5372
1 -1.6976 3.5379
1 -1.6951 3.5384
1 -1.6927 3.5389
1 -1.6902 3.5394
1 -1.6877 3.5398
1 -1.6852 3.5402
1 -1.6827 3.5405
1 -1.6802 3.5409
1 -1.6777 3.5411
1 -1.6752 3.5413
1 -1.6726 3.5414
1 -1.6701 3.5416
1 -1.6675 3.5417
1 -1.6650 3.5417
112 1252 354
0 -1.6650 3.5217
1 1.6650 3.5217
1 1.6672 3.5217
1 1.6689 3.5216
1 1.6715 3.5214
1 1.6740 3.5213
1 1.6759 3.5212
1 1.6781 3.5209
1 1.6806 3.5206
1 1.6828 3.5204
1 1.6845 3.5201
1 1.6870 3.5196
1 1.6895 3.5192
1 1.6912 3.5189
1 1.6932 3.5184
1 1.6954 3.5178
1 1.6976 3.5172
1 1.6999 3.5166
1 1.7015 3.5161
1 1.7035 3.5153
1 1.7065 3.5144
1 1.7081 3.5139
1 1.7100 3.5131
1 1.7120 3.5123
1 1.7140 3.5113
1 1.7162 3.5104
1 1.7179 3.5096
1 1.7198 3.5086
1 1.7220 3.5075
1 1.7242 3.5063
1 1.7262 3.5052
1 1.7276 3.5043
1 1.7297 3.5031
1 1.7316 3.5019
1 1.7331 3.5008
1 1.7350 3.4995
1 1.7371 3.4980
1 1.7387 3.4968
1 1.7403 3.4956
1 1.7421 3.4941
1 1.7438 3.4927
1 1.7456 3.4912
1 1.7473 3.4897
1 1.7488 3.4884
1 1.7502 3.4870
1 1.7518 3.4853
1 1.7532 3.4839
1 1.7547 3.4822
1 1.7564 3.4803
1 1.7579 3.4786
1 1.7591 3.4771
1 1.7604 3.4755
1 1.7618 3.4736
1 1.7633 3.4716
1 1.7646 3.4700
1 1.7657 3.4684
1 1.7669 3.4665
1 1.7682 3.4646
1 1.7692 3.4629
1 1.7704 3.4608
1 1.7715 3.4589
1 1.7726 3.4569
1 1.7736 3.4550
1 1.7745 3.4532
1 1.7756 3.4509
1 1.7763 3.4494
1 1.7771 3.4473
1 1.7781 3.4448
1 1.7788 3.4431
1 1.7796 3.4408
1 1.7804 3.4386
1 1.7810 3.4370
1 1.7816 3.4349
1 1.7823 3.4324
1 1.7829 3.4301
1 1.7834 3.4283
1 1.7838 3.4264
1 1.7843 3.4241
1 1.7847 3.4219
1 1.7851 3.4197
1 1.7855 3.4172
1 1.7858 3.4152
1 1.7860 3.4134
1 1.7862 3.4112
1 1.7864 3.4086
1 1.7865 3.4065
1 1.7866 3.4043
1 1.7867 3.4022
1 1.7867 3.4000
1 1.7867 0.1500
1 1.7867 0.1478
1 1.7866 0.1457
1 1.7865 0.1435
1 1.7864 0.1414
1 1.7862 0.1388
1 1.7860 0.1367
1 1.7858 0.1349
1 1.7854 0.1327
1 1.7850 0.1302
1 1.7847 0.1281
1 1.7843 0.1261
1 1.7838 0.1234
1 1.7834 0.1217
1 1.7830 0.1201
1 1.7822 0.1175
1 1.7816 0.1151
1 1.7810 0.1132
1 1.7804 0.1114
1 1.7795 0.1090
1 1.7789 0.1071
1 1.7781 0.1053
1 1.7770 0.1026
1 1.7763 0.1006
1 1.7756 0.0991
1 1.7745 0.0968
1 1.7735 0.0948
1 1.7726 0.0930
1 1.7716 0.0913
1 1.7704 0.0892
1 1.7692 0.0871
1 1.7683 0.0856
1 1.7669 0.0836
1 1.7655 0.0814
1 1.7646 0.0800
1 1.7633 0.0784
1 1.7618 0.0764
1 1.7606 0.0747
1 1.7591 0.0730
1 1.7576 0.0710
1 1.7564 0.0697
1 1.7549 0.0680
1 1.7532 0.0661
1 1.7518 0.0647
1 1.7504 0.0632
1 1.7488 0.0617
1 1.7471 0.0601
1 1.7456 0.0588
1 1.7438 0.0573
1 1.7421 0.0559
1 1.7403 0.0544
1 1.7387 0.0532
1 1.7371 0.0520
1 1.7352 0.0507
1 1.7334 0.0494
1 1.7313 0.0480
1 1.7294 0.0468
1 1.7276 0.0457
1 1.7259 0.0446
1 1.7242 0.0437
1 1.7223 0.0427
1 1.7198 0.0414
1 1.7179 0.0404
1 1.7162 0.0396
1 1.7144 0.0388
1 1.7120 0.0378
1 1.7100 0.0369
1 1.7081 0.0362
1 1.7061 0.0355
1 1.7039 0.0348
1 1.7016 0.0340
1 1.6996 0.0333
1 1.6976 0.0328
1 1.6958 0.0323
1 1.6933 0.0317
1 1.6908 0.0311
1 1.6891 0.0307
1 1.6870 0.0303
1 1.6848 0.0299
1 1.6828 0.0296
1 1.6806 0.0294
1 1.6781 0.0291
1 1.6759 0.0288
1 1.6736 0.0286
1 1.6715 0.0285
1 1.6693 0.0284
1 1.6672 0.0283
1 1.6650 0.0283
1 -1.6650 0.0283
1 -1.6672 0.0283
1 -1.6693 0.0284
1 -1.6715 0.0285
1 -1.6736 0.0286
1 -1.6759 0.0288
1 -1.6781 0.0291
1 -1.6806 0.0294
1 -1.6828 0.0296
1 -1.6848 0.0299
1 -1.6870 0.0303
1 -1.6891 0.0307
1 -1.6908 0.0311
1 -1.6933 0.0317
1 -1.6958 0.0323
1 -1.6976 0.0328
1 -1.6996 0.0333
1 -1.7016 0.0340
1 -1.7039 0.0348
1 -1.7061 0.0355
1 -1.7081 0.0362
1 -1.7100 0.0369
1 -1.7120 0.0378
1 -1.7144 0.0388
1 -1.7162 0.0396
1 -1.7179 0.0404
1 -1.7198 0.0414
1 -1.7223 0.0427
1 -1.7242 0.0437
1 -1.7259 0.0446
1 -1.7276 0.0457
1 -1.7294 0.0468
1 -1.7313 0.0480
1 -1.7334 0.0494
1 -1.7352 0.0507
1 -1.7371 0.0520
1 -1.7387 0.0532
1 -1.7403 0.0544
1 -1.7421 0.0559
1 -1.7438 0.0573
1 -1.7456 0.0588
1 -1.7471 0.0601
1 -1.7488 0.0617
1 -1.7504 0.0632
1 -1.7518 0.0647
1 -1.7532 0.0661
1 -1.7549 0.0680
1 -1.7564 0.0697
1 -1.7576 0.0710
1 -1.7591 0.0730
1 -1.7606 0.0747
1 -1.7618 0.0764
1 -1.7633 0.0784
1 -1.7646 0.0800
1 -1.7655 0.0814
1 -1.7669 0.0836
1 -1.7683 0.0856
1 -1.7692 0.0871
1 -1.7704 0.0892
1 -1.7716 0.0913
1 -1.7726 0.0930
1 -1.7735 0.0948
1 -1.7745 0.0968
1 -1.7756 0.0991
1 -1.7764 0.1010
1 -1.7771 0.1026
1 -1.7780 0.1050
1 -1.7789 0.1071
1 -1.7795 0.1090
1 -1.7804 0.1114
1 -1.7810 0.1132
1 -1.7816 0.1151
1 -1.7822 0.1175
1 -1.7830 0.1201
1 -1.7834 0.1217
1 -1.7838 0.1234
1 -1.7843 0.1261
1 -1.7847 0.1281
1 -1.7850 0.1302
1 -1.7854 0.1327
1 -1.7858 0.1349
1 -1.7860 0.1367
1 -1.7862 0.1388
1 -1.7864 0.1414
1 -1.7865 0.1435
1 -1.7866 0.1457
1 -1.7867 0.1478
1 -1.7867 0.1500
1 -1.7867 3.4000
1 -1.7867 3.4022
1 -1.7866 3.4043
1 -1.7865 3.4064
1 -1.7864 3.4085
1 -1.7862 3.4110
1 -1.7860 3.4132
1 -1.7858 3.4149
1 -1.7854 3.4173
1 -1.7851 3.4200
1 -1.7848 3.4216
1 -1.7844 3.4236
1 -1.7840 3.4258
1 -1.7835 3.4278
1 -1.7829 3.4302
1 -1.7824 3.4324
1 -1.7818 3.4343
1 -1.7812 3.4365
1 -1.7806 3.4381
1 -1.7799 3.4399
1 -1.7789 3.4427
1 -1.7782 3.4447
1 -1.7775 3.4464
1 -1.7766 3.4485
1 -1.7757 3.4505
1 -1.7748 3.4525
1 -1.7737 3.4546
1 -1.7728 3.4565
1 -1.7718 3.4585
1 -1.7708 3.4602
1 -1.7697 3.4621
1 -1.7687 3.4639
1 -1.7676 3.4655
1 -1.7662 3.4676
1 -1.7648 3.4697
1 -1.7638 3.4711
1 -1.7626 3.4727
1 -1.7611 3.4747
1 -1.7598 3.4762
1 -1.7582 3.4781
1 -1.7568 3.4799
1 -1.7557 3.4812
1 -1.7540 3.4830
1 -1.7527 3.4844
1 -1.7511 3.4859
1 -1.7494 3.4876
1 -1.7480 3.4890
1 -1.7462 3.4907
1 -1.7447 3.4920
1 -1.7432 3.4932
1 -1.7412 3.4948
1 -1.7397 3.4961
1 -1.7381 3.4973
1 -1.7361 3.4988
1 -1.7343 3.5001
1 -1.7327 3.5012
1 -1.7310 3.5023
1 -1.7291 3.5034
1 -1.7269 3.5047
1 -1.7250 3.5059
1 -1.7235 3.5067
1 -1.7216 3.5077
1 -1.7193 3.5089
1 -1.7177 3.5097
1 -1.7156 3.5106
1 -1.7133 3.5117
1 -1.7118 3.5124
1 -1.7094 3.5133
1 -1.7074 3.5141
1 -1.7059 3.5146
1 -1.7035 3.5154
1 -1.7015 3.5161
1 -1.6994 3.5167
1 -1.6973 3.5173
1 -1.6950 3.5179
1 -1.6929 3.5184
1 -1.6911 3.5188
1 -1.6887 3.5193
1 -1.6867 3.5197
1 -1.6845 3.5201
1 -1.6824 3.5204
1 -1.6799 3.5207
1 -1.6778 3.5210
1 -1.6761 3.5212
1 -1.6740 3.5213
1 -1.6714 3.5214
1 -1.6689 3.5216
1 -1.6671 3.5217
1 -1.6650 3.5217
112 1251 165
0 -0.9713 1.5865
1 -0.9713 1.5853
1 -0.9713 1.5840
1 -0.9711 1.5828
1 -0.9710 1.5817
1 -0.9707 1.5804
1 -0.9705 1.5792
1 -0.9701 1.5780
1 -0.9698 1.5769
1 -0.9694 1.5757
1 -0.9689 1.5746
1 -0.9684 1.5735
1 -0.9680 1.5723
1 -0.9673 1.5713
1 -0.9668 1.5702
1 -0.9661 1.5692
1 -0.9654 1.5682
1 -0.9647 1.5672
1 -0.9639 1.5663
1 -0.9631 1.5653
1 -0.9622 1.5645
1 -0.9613 1.5637
1 -0.9604 1.5628
1 -0.9595 1.5620
1 -0.9585 1.5613
1 -0.9575 1.5607
1 -0.9565 1.5599
1 -0.9554 1.5593
1 -0.9543 1.5588
1 -0.9533 1.5583
1 -0.9521 1.5578
1 -0.9510 1.5573
1 -0.9498 1.5569
1 -0.9486 1.5565
1 -0.9475 1.5562
1 -0.9463 1.5560
1 -0.9451 1.5558
1 -0.9439 1.5556
1 -0.9427 1.5555
1 -0.9414 1.5554
1 -0.9402 1.5554
1 1.5652 1.5554
1 1.5665 1.5554
1 1.5677 1.5555
1 1.5689 1.5556
1 1.5701 1.5558
1 1.5713 1.5560
1 1.5725 1.5562
1 1.5737 1.5565
1 1.5749 1.5569
1 1.5760 1.5573
1 1.5771 1.5578
1 1.5782 1.5583
1 1.5793 1.5588
1 1.5804 1.5593
1 1.5814 1.5599
1 1.5825 1.5607
1 1.5835 1.5613
1 1.5844 1.5620
1 1.5854 1.5628
1 1.5863 1.5637
1 1.5872 1.5645
1 1.5881 1.5653
1 1.5889 1.5663
1 1.5896 1.5672
1 1.5904 1.5682
1 1.5911 1.5692
1 1.5917 1.5702
1 1.5924 1.5713
1 1.5929 1.5723
1 1.5935 1.5735
1 1.5940 1.5746
1 1.5944 1.5757
1 1.5948 1.5769
1 1.5952 1.5780
1 1.5954 1.5792
1 1.5957 1.5804
1 1.5959 1.5817
1 1.5961 1.5828
1 1.5962 1.5840
1 1.5963 1.5853
1 1.5963 1.5865
1 1.5963 2.5380
1 1.5963 2.5392
1 1.5962 2.5404
1 1.5961 2.5416
1 1.5959 2.5428
1 1.5957 2.5440
1 1.5954 2.5452
1 1.5952 2.5464
1 1.5948 2.5476
1 1.5944 2.5487
1 1.5940 2.5499
1 1.5935 2.5510
1 1.5929 2.5521
1 1.5924 2.5532
1 1.5917 2.5542
1 1.5911 2.5553
1 1.5904 2.5563
1 1.5896 2.5572
1 1.5889 2.5582
1 1.5881 2.5591
1 1.5872 2.5600
1 1.5863 2.5608
1 1.5854 2.5616
1 1.5844 2.5624
1 1.5835 2.5631
1 1.5825 2.5638
1 1.5814 2.5645
1 1.5804 2.5651
1 1.5793 2.5657
1 1.5782 2.5662
1 1.5771 2.5667
1 1.5760 2.5671
1 1.5749 2.5675
1 1.5737 2.5679
1 1.5725 2.5682
1 1.5713 2.5684
1 1.5701 2.5687
1 1.5689 2.5689
1 1.5677 2.5690
1 1.5665 2.5691
1 1.5652 2.5691
1 -0.9402 2.5691
1 -0.9414 2.5691
1 -0.9427 2.5690
1 -0.9439 2.5689
1 -0.9451 2.5687
1 -0.9463 2.5684
1 -0.9475 2.5682
1 -0.9486 2.5679
1 -0.9498 2.5675
1 -0.9510 2.5671
1 -0.9521 2.5667
1 -0.9533 2.5662
1 -0.9543 2.5657
1 -0.9554 2.5651
1 -0.9565 2.5645
1 -0.9575 2.5638
1 -0.9585 2.5631
1 -0.9595 2.5624
1 -0.9604 2.5616
1 -0.9613 2.5608
1 -0.9622 2.5600
1 -0.9631 2.5591
1 -0.9639 2.5582
1 -0.9647 2.5572
1 -0.9654 2.5563
1 -0.9661 2.5553
1 -0.9668 2.5542
1 -0.9673 2.5532
1 -0.9680 2.5521
1 -0.9684 2.5510
1 -0.9689 2.5499
1 -0.9694 2.5487
1 -0.9698 2.5476
1 -0.9701 2.5464
1 -0.9705 2.5452
1 -0.9707 2.5440
1 -0.9710 2.5428
1 -0.9711 2.5416
1 -0.9713 2.5404
1 -0.9713 2.5392
1 -0.9713 2.5380
1 -0.9713 1.5865
112 1252 149
0 -0.9620 2.5380
1 -0.9619 2.5389
1 -0.9619 2.5399
1 -0.9618 2.5408
1 -0.9617 2.5418
1 -0.9614 2.5427
1 -0.9612 2.5436
1 -0.9610 2.5445
1 -0.9607 2.5454
1 -0.9603 2.5463
1 -0.9600 2.5472
1 -0.9596 2.5480
1 -0.9591 2.5488
1 -0.9586 2.5497
1 -0.9580 2.5505
1 -0.9575 2.5512
1 -0.9569 2.5520
1 -0.9563 2.5527
1 -0.9556 2.5534
1 -0.9549 2.5540
1 -0.9542 2.5546
1 -0.9535 2.5552
1 -0.9527 2.5558
1 -0.9519 2.5563
1 -0.9511 2.5568
1 -0.9502 2.5573
1 -0.9494 2.5577
1 -0.9486 2.5581
1 -0.9477 2.5584
1 -0.9467 2.5587
1 -0.9458 2.5590
1 -0.9449 2.5592
1 -0.9440 2.5594
1 -0.9430 2.5596
1 -0.9421 2.5597
1 -0.9411 2.5597
1 -0.9402 2.5598
1 1.5652 2.5598
1 1.5662 2.5597
1 1.5671 2.5597
1 1.5681 2.5596
1 1.5690 2.5594
1 1.5700 2.5592
1 1.5709 2.5590
1 1.5718 2.5587
1 1.5727 2.5584
1 1.5735 2.5581
1 1.5744 2.5577
1 1.5753 2.5573
1 1.5761 2.5568
1 1.5769 2.5563
1 1.5777 2.5558
1 1.5785 2.5552
1 1.5792 2.5546
1 1.5799 2.5540
1 1.5806 2.5534
1 1.5813 2.5527
1 1.5819 2.5520
1 1.5825 2.5512
1 1.5830 2.5505
1 1.5836 2.5497
1 1.5841 2.5488
1 1.5845 2.5480
1 1.5849 2.5472
1 1.5854 2.5463
1 1.5857 2.5454
1 1.5860 2.5445
1 1.5863 2.5436
1 1.5865 2.5427
1 1.5867 2.5418
1 1.5868 2.5408
1 1.5869 2.5399
1 1.5870 2.5389
1 1.5870 2.5380
1 1.5870 1.5865
1 1.5870 1.5855
1 1.5869 1.5846
1 1.5868 1.5836
1 1.5867 1.5827
1 1.5865 1.5818
1 1.5863 1.5809
1 1.5860 1.5800
1 1.5857 1.5791
1 1.5854 1.5781
1 1.5849 1.5773
1 1.5845 1.5764
1 1.5841 1.5756
1 1.5836 1.5748
1 1.5830 1.5740
1 1.5825 1.5732
1 1.5819 1.5725
1 1.5813 1.5718
1 1.5806 1.5711
1 1.5799 1.5704
1 1.5792 1.5698
1 1.5785 1.5692
1 1.5777 1.5686
1 1.5769 1.5681
1 1.5761 1.5677
1 1.5753 1.5672
1 1.5744 1.5667
1 1.5735 1.5664
1 1.5727 1.5660
1 1.5718 1.5657
1 1.5709 1.5655
1 1.5700 1.5652
1 1.5690 1.5651
1 1.5681 1.5649
1 1.5671 1.5648
1 1.5662 1.5647
1 1.5652 1.5647
1 -0.9402 1.5647
1 -0.9411 1.5647
1 -0.9421 1.5648
1 -0.9430 1.5649
1 -0.9440 1.5651
1 -0.9449 1.5652
1 -0.9458 1.5655
1 -0.9467 1.5657
1 -0.9477 1.5660
1 -0.9486 1.5664
1 -0.9494 1.5667
1 -0.9502 1.5672
1 -0.9511 1.5677
1 -0.9519 1.5681
1 -0.9527 1.5686
1 -0.9535 1.5692
1 -0.9542 1.5698
1 -0.9549 1.5704
1 -0.9556 1.5711
1 -0.9563 1.5718
1 -0.9569 1.5725
1 -0.9575 1.5732
1 -0.9580 1.5740
1 -0.9586 1.5748
1 -0.9591 1.5756
1 -0.9596 1.5764
1 -0.9600 1.5773
1 -0.9603 1.5781
1 -0.9607 1.5791
1 -0.9610 1.5800
1 -0.9612 1.5809
1 -0.9614 1.5818
1 -0.9617 1.5827
1 -0.9618 1.5836
1 -0.9619 1.5846
1 -0.9619 1.5855
1 -0.9620 1.5865
1 -0.9620 2.5380
112 1251 237
0 1.3528 1.7595
1 1.3528 1.7513
1 1.4004 1.7513
1 1.4004 1.8654
1 1.4003 1.8679
1 1.4003 1.8704
1 1.4001 1.8729
1 1.3997 1.8754
1 1.3994 1.8780
1 1.3989 1.8805
1 1.3983 1.8829
1 1.3977 1.8854
1 1.3969 1.8878
1 1.3962 1.8902
1 1.3952 1.8926
1 1.3943 1.8950
1 1.3932 1.8973
1 1.3921 1.8996
1 1.3909 1.9018
1 1.3896 1.9040
1 1.3883 1.9061
1 1.3868 1.9083
1 1.3854 1.9103
1 1.3838 1.9123
1 1.3821 1.9142
1 1.3805 1.9161
1 1.3787 1.9179
1 1.3769 1.9198
1 1.3750 1.9214
1 1.3731 1.9230
1 1.3711 1.9247
1 1.3691 1.9261
1 1.3670 1.9276
1 1.3648 1.9289
1 1.3626 1.9302
1 1.3604 1.9314
1 1.3581 1.9326
1 1.3558 1.9337
1 1.3535 1.9347
1 1.3511 1.9355
1 1.3487 1.9363
1 1.3463 1.9371
1 1.3439 1.9377
1 1.3413 1.9383
1 1.3389 1.9388
1 1.3364 1.9392
1 1.3339 1.9395
1 1.3313 1.9398
1 1.3288 1.9399
1 1.3262 1.9400
1 1.3237 1.9399
1 1.3212 1.9398
1 1.3177 1.9396
1 1.3142 1.9392
1 1.3107 1.9387
1 1.3073 1.9382
1 1.3039 1.9375
1 1.3005 1.9368
1 1.2970 1.9360
1 1.2937 1.9351
1 1.2903 1.9340
1 1.2870 1.9330
1 1.2837 1.9317
1 1.2805 1.9305
1 1.2773 1.9291
1 1.2741 1.9277
1 1.2710 1.9261
1 1.2678 1.9245
1 1.2648 1.9228
1 1.2618 1.9210
1 1.2589 1.9191
1 1.2559 1.9172
1 1.2745 1.8838
1 1.2772 1.8850
1 1.2800 1.8863
1 1.2827 1.8875
1 1.2856 1.8885
1 1.2883 1.8896
1 1.2912 1.8905
1 1.2941 1.8914
1 1.2970 1.8922
1 1.3000 1.8929
1 1.3029 1.8935
1 1.3058 1.8941
1 1.3089 1.8946
1 1.3118 1.8949
1 1.3148 1.8952
1 1.3178 1.8955
1 1.3208 1.8956
1 1.3238 1.8957
1 1.3268 1.8957
1 1.3299 1.8956
1 1.3329 1.8954
1 1.3343 1.8952
1 1.3357 1.8950
1 1.3372 1.8947
1 1.3386 1.8942
1 1.3399 1.8937
1 1.3413 1.8931
1 1.3425 1.8924
1 1.3438 1.8915
1 1.3449 1.8907
1 1.3460 1.8897
1 1.3471 1.8887
1 1.3481 1.8876
1 1.3490 1.8864
1 1.3497 1.8852
1 1.3505 1.8840
1 1.3511 1.8827
1 1.3517 1.8813
1 1.3521 1.8799
1 1.3525 1.8785
1 1.3528 1.8770
1 1.3530 1.8756
1 1.3530 1.8741
1 1.3530 1.8727
1 1.3529 1.8712
1 1.3526 1.8698
1 1.3523 1.8684
1 1.3519 1.8670
1 1.3514 1.8656
1 1.3490 1.8667
1 1.3464 1.8677
1 1.3440 1.8687
1 1.3414 1.8696
1 1.3389 1.8704
1 1.3363 1.8712
1 1.3337 1.8718
1 1.3311 1.8724
1 1.3285 1.8730
1 1.3259 1.8734
1 1.3232 1.8738
1 1.3206 1.8741
1 1.3178 1.8744
1 1.3152 1.8745
1 1.3125 1.8746
1 1.3098 1.8747
1 1.3071 1.8746
1 1.3044 1.8745
1 1.3018 1.8743
1 1.2991 1.8740
1 1.2967 1.8736
1 1.2944 1.8732
1 1.2921 1.8727
1 1.2897 1.8721
1 1.2874 1.8714
1 1.2851 1.8706
1 1.2829 1.8698
1 1.2807 1.8688
1 1.2786 1.8678
1 1.2764 1.8667
1 1.2744 1.8655
1 1.2723 1.8642
1 1.2703 1.8628
1 1.2684 1.8614
1 1.2665 1.8600
1 1.2647 1.8584
1 1.2629 1.8567
1 1.2612 1.8551
1 1.2596 1.8533
1 1.2580 1.8514
1 1.2566 1.8496
1 1.2551 1.8476
1 1.2538 1.8457
1 1.2525 1.8436
1 1.2513 1.8416
1 1.2502 1.8394
1 1.2492 1.8372
1 1.2482 1.8351
1 1.2474 1.8328
1 1.2466 1.8305
1 1.2459 1.8282
1 1.2454 1.8259
1 1.2448 1.8236
1 1.2444 1.8212
1 1.2441 1.8188
1 1.2438 1.8164
1 1.2437 1.8141
1 1.2436 1.8116
1 1.2437 1.8092
1 1.2438 1.8068
1 1.2440 1.8045
1 1.2443 1.8021
1 1.2447 1.7997
1 1.2452 1.7973
1 1.2458 1.7950
1 1.2465 1.7927
1 1.2473 1.7905
1 1.2481 1.7882
1 1.2490 1.7860
1 1.2500 1.7838
1 1.2511 1.7816
1 1.2522 1.7795
1 1.2535 1.7775
1 1.2548 1.7755
1 1.2562 1.7736
1 1.2577 1.7717
1 1.2592 1.7699
1 1.2609 1.7681
1 1.2626 1.7664
1 1.2643 1.7647
1 1.2661 1.7632
1 1.2680 1.7616
1 1.2699 1.7602
1 1.2719 1.7588
1 1.2739 1.7576
1 1.2760 1.7564
1 1.2781 1.7552
1 1.2802 1.7541
1 1.2825 1.7532
1 1.2847 1.7523
1 1.2870 1.7515
1 1.2893 1.7508
1 1.2916 1.7502
1 1.2939 1.7497
1 1.2963 1.7492
1 1.2986 1.7489
1 1.3010 1.7486
1 1.3034 1.7485
1 1.3058 1.7484
1 1.3082 1.7484
1 1.3111 1.7485
1 1.3140 1.7487
1 1.3168 1.7490
1 1.3197 1.7493
1 1.3226 1.7497
1 1.3254 1.7502
1 1.3283 1.7508
1 1.3311 1.7515
1 1.3339 1.7522
1 1.3367 1.7530
1 1.3394 1.7539
1 1.3422 1.7549
1 1.3448 1.7560
1 1.3476 1.7571
1 1.3502 1.7583
1 1.3528 1.7595
112 1251 5
0 1.1687 1.7513
1 1.1687 1.9375
1 1.1209 1.9375
1 1.1209 1.7513
1 1.1687 1.7513
112 1251 105
0 1.1703 1.9738
1 1.1703 1.9753
1 1.1701 1.9768
1 1.1698 1.9783
1 1.1696 1.9799
1 1.1691 1.9813
1 1.1686 1.9828
1 1.1680 1.9842
1 1.1674 1.9856
1 1.1666 1.9870
1 1.1658 1.9882
1 1.1649 1.9895
1 1.1639 1.9907
1 1.1628 1.9918
1 1.1617 1.9928
1 1.1605 1.9938
1 1.1593 1.9947
1 1.1580 1.9956
1 1.1567 1.9963
1 1.1553 1.9970
1 1.1539 1.9976
1 1.1524 1.9981
1 1.1509 1.9985
1 1.1494 1.9988
1 1.1479 1.9991
1 1.1463 1.9992
1 1.1448 1.9992
1 1.1433 1.9992
1 1.1418 1.9991
1 1.1402 1.9988
1 1.1387 1.9985
1 1.1372 1.9981
1 1.1357 1.9976
1 1.1343 1.9970
1 1.1329 1.9963
1 1.1316 1.9956
1 1.1304 1.9947
1 1.1291 1.9938
1 1.1279 1.9928
1 1.1268 1.9918
1 1.1257 1.9907
1 1.1248 1.9895
1 1.1238 1.9882
1 1.1230 1.9870
1 1.1222 1.9856
1 1.1216 1.9842
1 1.1210 1.9828
1 1.1205 1.9813
1 1.1201 1.9799
1 1.1198 1.9783
1 1.1195 1.9768
1 1.1194 1.9753
1 1.1194 1.9738
1 1.1194 1.9723
1 1.1195 1.9707
1 1.1198 1.9692
1 1.1201 1.9676
1 1.1205 1.9662
1 1.1210 1.9648
1 1.1216 1.9633
1 1.1222 1.9619
1 1.1230 1.9606
1 1.1238 1.9593
1 1.1248 1.9580
1 1.1257 1.9569
1 1.1268 1.9557
1 1.1279 1.9547
1 1.1291 1.9537
1 1.1304 1.9528
1 1.1316 1.9520
1 1.1329 1.9512
1 1.1343 1.9505
1 1.1357 1.9499
1 1.1372 1.9494
1 1.1387 1.9490
1 1.1402 1.9487
1 1.1418 1.9484
1 1.1433 1.9483
1 1.1448 1.9483
1 1.1463 1.9483
1 1.1479 1.9484
1 1.1494 1.9487
1 1.1509 1.9490
1 1.1524 1.9494
1 1.1539 1.9499
1 1.1553 1.9505
1 1.1567 1.9512
1 1.1580 1.9520
1 1.1593 1.9528
1 1.1605 1.9537
1 1.1617 1.9547
1 1.1628 1.9557
1 1.1639 1.9569
1 1.1649 1.9580
1 1.1658 1.9593
1 1.1666 1.9606
1 1.1674 1.9619
1 1.1680 1.9633
1 1.1686 1.9648
1 1.1691 1.9662
1 1.1696 1.9676
1 1.1698 1.9692
1 1.1701 1.9707
1 1.1703 1.9723
1 1.1703 1.9738
112 1251 295
0 1.0425 1.9030
1 1.0091 1.8679
1 1.0086 1.8696
1 1.0081 1.8713
1 1.0076 1.8729
1 1.0069 1.8746
1 1.0061 1.8762
1 1.0053 1.8777
1 1.0044 1.8792
1 1.0033 1.8807
1 1.0023 1.8821
1 1.0011 1.8835
1 0.9999 1.8848
1 0.9986 1.8860
1 0.9973 1.8871
1 0.9959 1.8882
1 0.9944 1.8893
1 0.9929 1.8902
1 0.9914 1.8911
1 0.9898 1.8919
1 0.9882 1.8926
1 0.9865 1.8932
1 0.9848 1.8937
1 0.9832 1.8942
1 0.9814 1.8946
1 0.9797 1.8948
1 0.9779 1.8950
1 0.9761 1.8951
1 0.9743 1.8951
1 0.9726 1.8950
1 0.9708 1.8948
1 0.9691 1.8946
1 0.9673 1.8942
1 0.9656 1.8938
1 0.9639 1.8932
1 0.9622 1.8926
1 0.9606 1.8919
1 0.9590 1.8911
1 0.9575 1.8903
1 0.9560 1.8894
1 0.9545 1.8883
1 0.9531 1.8872
1 0.9514 1.8857
1 0.9497 1.8842
1 0.9481 1.8825
1 0.9465 1.8808
1 0.9450 1.8791
1 0.9436 1.8773
1 0.9423 1.8754
1 0.9410 1.8735
1 0.9398 1.8715
1 0.9387 1.8695
1 0.9376 1.8675
1 0.9367 1.8654
1 0.9359 1.8632
1 0.9351 1.8610
1 0.9344 1.8588
1 0.9338 1.8566
1 0.9333 1.8544
1 0.9329 1.8521
1 0.9326 1.8498
1 0.9323 1.8475
1 0.9322 1.8452
1 0.9322 1.8430
1 0.9322 1.8406
1 0.9323 1.8383
1 0.9326 1.8360
1 0.9329 1.8338
1 0.9333 1.8315
1 0.9338 1.8292
1 0.9344 1.8270
1 0.9351 1.8248
1 0.9359 1.8227
1 0.9367 1.8206
1 0.9376 1.8185
1 0.9387 1.8164
1 0.9398 1.8143
1 0.9410 1.8124
1 0.9423 1.8105
1 0.9436 1.8086
1 0.9450 1.8068
1 0.9465 1.8050
1 0.9481 1.8033
1 0.9497 1.8017
1 0.9514 1.8001
1 0.9531 1.7986
1 0.9544 1.7976
1 0.9558 1.7966
1 0.9573 1.7957
1 0.9588 1.7949
1 0.9603 1.7941
1 0.9619 1.7934
1 0.9635 1.7928
1 0.9651 1.7922
1 0.9667 1.7918
1 0.9684 1.7914
1 0.9701 1.7912
1 0.9717 1.7910
1 0.9735 1.7908
1 0.9752 1.7907
1 0.9768 1.7908
1 0.9786 1.7910
1 0.9803 1.7912
1 0.9820 1.7914
1 0.9836 1.7918
1 0.9853 1.7923
1 0.9869 1.7928
1 0.9885 1.7934
1 0.9900 1.7941
1 0.9915 1.7949
1 0.9930 1.7957
1 0.9945 1.7966
1 0.9959 1.7976
1 0.9972 1.7986
1 0.9985 1.7998
1 0.9997 1.8010
1 1.0009 1.8022
1 1.0020 1.8035
1 1.0031 1.8048
1 1.0041 1.8062
1 1.0050 1.8077
1 1.0058 1.8092
1 1.0066 1.8107
1 1.0073 1.8122
1 1.0079 1.8138
1 1.0084 1.8154
1 1.0088 1.8171
1 1.0093 1.8187
1 1.0095 1.8204
1 1.0097 1.8221
1 1.0425 1.7877
1 1.0412 1.7854
1 1.0398 1.7832
1 1.0382 1.7811
1 1.0366 1.7790
1 1.0350 1.7770
1 1.0333 1.7749
1 1.0315 1.7730
1 1.0297 1.7711
1 1.0278 1.7693
1 1.0258 1.7676
1 1.0238 1.7660
1 1.0217 1.7643
1 1.0196 1.7628
1 1.0174 1.7613
1 1.0152 1.7600
1 1.0129 1.7587
1 1.0106 1.7574
1 1.0083 1.7563
1 1.0058 1.7552
1 1.0035 1.7542
1 1.0010 1.7533
1 0.9985 1.7525
1 0.9960 1.7518
1 0.9934 1.7511
1 0.9909 1.7505
1 0.9883 1.7501
1 0.9857 1.7497
1 0.9831 1.7493
1 0.9805 1.7491
1 0.9779 1.7490
1 0.9752 1.7490
1 0.9727 1.7490
1 0.9700 1.7491
1 0.9674 1.7493
1 0.9648 1.7496
1 0.9622 1.7500
1 0.9596 1.7505
1 0.9571 1.7510
1 0.9545 1.7517
1 0.9520 1.7524
1 0.9496 1.7532
1 0.9471 1.7541
1 0.9446 1.7551
1 0.9423 1.7562
1 0.9399 1.7573
1 0.9376 1.7586
1 0.9353 1.7599
1 0.9331 1.7613
1 0.9306 1.7629
1 0.9282 1.7646
1 0.9259 1.7663
1 0.9236 1.7682
1 0.9213 1.7701
1 0.9192 1.7721
1 0.9170 1.7741
1 0.9150 1.7762
1 0.9129 1.7783
1 0.9110 1.7805
1 0.9091 1.7828
1 0.9073 1.7851
1 0.9056 1.7874
1 0.9039 1.7899
1 0.9023 1.7923
1 0.9008 1.7949
1 0.8994 1.7974
1 0.8980 1.8001
1 0.8967 1.8026
1 0.8954 1.8054
1 0.8943 1.8080
1 0.8933 1.8108
1 0.8923 1.8136
1 0.8914 1.8164
1 0.8906 1.8192
1 0.8898 1.8220
1 0.8892 1.8249
1 0.8887 1.8278
1 0.8882 1.8307
1 0.8878 1.8336
1 0.8875 1.8365
1 0.8873 1.8395
1 0.8871 1.8424
1 0.8871 1.8453
1 0.8871 1.8483
1 0.8873 1.8512
1 0.8875 1.8542
1 0.8878 1.8571
1 0.8882 1.8600
1 0.8887 1.8629
1 0.8892 1.8658
1 0.8898 1.8687
1 0.8906 1.8715
1 0.8914 1.8743
1 0.8923 1.8771
1 0.8933 1.8799
1 0.8943 1.8827
1 0.8954 1.8853
1 0.8967 1.8880
1 0.8980 1.8906
1 0.8994 1.8933
1 0.9008 1.8958
1 0.9023 1.8983
1 0.9039 1.9008
1 0.9056 1.9032
1 0.9073 1.9056
1 0.9091 1.9079
1 0.9110 1.9102
1 0.9129 1.9124
1 0.9150 1.9145
1 0.9170 1.9166
1 0.9192 1.9186
1 0.9213 1.9206
1 0.9236 1.9225
1 0.9259 1.9244
1 0.9282 1.9261
1 0.9306 1.9278
1 0.9331 1.9294
1 0.9353 1.9308
1 0.9376 1.9321
1 0.9399 1.9333
1 0.9423 1.9344
1 0.9446 1.9356
1 0.9471 1.9365
1 0.9496 1.9375
1 0.9520 1.9382
1 0.9545 1.9390
1 0.9571 1.9396
1 0.9596 1.9402
1 0.9622 1.9407
1 0.9648 1.9411
1 0.9674 1.9414
1 0.9700 1.9416
1 0.9727 1.9417
1 0.9752 1.9417
1 0.9779 1.9417
1 0.9805 1.9416
1 0.9831 1.9414
1 0.9857 1.9410
1 0.9883 1.9406
1 0.9909 1.9402
1 0.9934 1.9396
1 0.9960 1.9389
1 0.9985 1.9382
1 1.0010 1.9374
1 1.0035 1.9365
1 1.0058 1.9354
1 1.0083 1.9344
1 1.0106 1.9333
1 1.0129 1.9320
1 1.0152 1.9307
1 1.0174 1.9293
1 1.0196 1.9279
1 1.0217 1.9263
1 1.0238 1.9247
1 1.0258 1.9230
1 1.0278 1.9214
1 1.0297 1.9195
1 1.0315 1.9177
1 1.0333 1.9158
1 1.0350 1.9137
1 1.0366 1.9117
1 1.0382 1.9096
1 1.0398 1.9075
1 1.0412 1.9053
1 1.0425 1.9030
112 1251 121
0 0.7077 1.9353
1 0.7077 1.9409
1 0.6599 1.9409
1 0.6599 1.7513
1 0.7077 1.7513
1 0.7077 1.8642
1 0.7077 1.8658
1 0.7078 1.8675
1 0.7081 1.8691
1 0.7084 1.8707
1 0.7088 1.8722
1 0.7093 1.8738
1 0.7099 1.8753
1 0.7106 1.8768
1 0.7113 1.8782
1 0.7121 1.8796
1 0.7130 1.8810
1 0.7140 1.8823
1 0.7150 1.8835
1 0.7162 1.8847
1 0.7174 1.8858
1 0.7185 1.8868
1 0.7199 1.8878
1 0.7212 1.8887
1 0.7226 1.8896
1 0.7241 1.8903
1 0.7255 1.8910
1 0.7271 1.8915
1 0.7286 1.8920
1 0.7302 1.8925
1 0.7318 1.8928
1 0.7334 1.8930
1 0.7350 1.8931
1 0.7366 1.8931
1 0.7382 1.8931
1 0.7398 1.8930
1 0.7414 1.8928
1 0.7430 1.8925
1 0.7447 1.8920
1 0.7462 1.8915
1 0.7477 1.8910
1 0.7492 1.8903
1 0.7506 1.8896
1 0.7520 1.8887
1 0.7533 1.8878
1 0.7547 1.8868
1 0.7559 1.8858
1 0.7571 1.8847
1 0.7582 1.8835
1 0.7592 1.8823
1 0.7602 1.8810
1 0.7611 1.8796
1 0.7620 1.8782
1 0.7627 1.8768
1 0.7633 1.8753
1 0.7639 1.8738
1 0.7644 1.8722
1 0.7648 1.8707
1 0.7652 1.8691
1 0.7654 1.8675
1 0.7655 1.8658
1 0.7656 1.8642
1 0.7656 1.7513
1 0.8133 1.7513
1 0.8133 1.8642
1 0.8133 1.8669
1 0.8132 1.8696
1 0.8129 1.8723
1 0.8126 1.8749
1 0.8122 1.8775
1 0.8117 1.8802
1 0.8111 1.8828
1 0.8104 1.8854
1 0.8095 1.8880
1 0.8087 1.8905
1 0.8077 1.8930
1 0.8067 1.8955
1 0.8056 1.8979
1 0.8044 1.9003
1 0.8030 1.9027
1 0.8016 1.9049
1 0.8002 1.9072
1 0.7986 1.9094
1 0.7970 1.9115
1 0.7953 1.9136
1 0.7936 1.9156
1 0.7918 1.9176
1 0.7899 1.9195
1 0.7879 1.9213
1 0.7859 1.9230
1 0.7838 1.9247
1 0.7816 1.9263
1 0.7794 1.9279
1 0.7772 1.9293
1 0.7749 1.9307
1 0.7725 1.9320
1 0.7701 1.9333
1 0.7677 1.9344
1 0.7652 1.9354
1 0.7627 1.9363
1 0.7602 1.9372
1 0.7576 1.9380
1 0.7550 1.9387
1 0.7524 1.9393
1 0.7498 1.9398
1 0.7471 1.9403
1 0.7445 1.9405
1 0.7418 1.9408
1 0.7391 1.9409
1 0.7365 1.9410
1 0.7337 1.9409
1 0.7311 1.9408
1 0.7284 1.9405
1 0.7258 1.9402
1 0.7231 1.9398
1 0.7205 1.9392
1 0.7179 1.9387
1 0.7153 1.9380
1 0.7127 1.9371
1 0.7102 1.9363
1 0.7077 1.9353
112 1251 228
0 0.5828 1.8571
1 0.5828 1.8598
1 0.5827 1.8624
1 0.5824 1.8651
1 0.5821 1.8677
1 0.5817 1.8703
1 0.5812 1.8730
1 0.5807 1.8756
1 0.5800 1.8782
1 0.5792 1.8808
1 0.5784 1.8833
1 0.5775 1.8857
1 0.5765 1.8882
1 0.5755 1.8907
1 0.5743 1.8931
1 0.5730 1.8955
1 0.5718 1.8978
1 0.5704 1.9000
1 0.5689 1.9022
1 0.5674 1.9044
1 0.5657 1.9065
1 0.5641 1.9086
1 0.5623 1.9107
1 0.5605 1.9125
1 0.5586 1.9144
1 0.5566 1.9163
1 0.5547 1.9181
1 0.5526 1.9198
1 0.5505 1.9214
1 0.5483 1.9229
1 0.5461 1.9244
1 0.5438 1.9258
1 0.5415 1.9271
1 0.5392 1.9284
1 0.5368 1.9296
1 0.5344 1.9307
1 0.5319 1.9317
1 0.5294 1.9326
1 0.5269 1.9334
1 0.5243 1.9342
1 0.5218 1.9349
1 0.5191 1.9354
1 0.5165 1.9359
1 0.5139 1.9363
1 0.5113 1.9367
1 0.5086 1.9369
1 0.5060 1.9370
1 0.5033 1.9371
1 0.5006 1.9371
1 0.4980 1.9370
1 0.4953 1.9368
1 0.4927 1.9365
1 0.4900 1.9361
1 0.4874 1.9356
1 0.4847 1.9351
1 0.4822 1.9344
1 0.4796 1.9337
1 0.4771 1.9329
1 0.4746 1.9320
1 0.4721 1.9310
1 0.4697 1.9300
1 0.4673 1.9288
1 0.4649 1.9276
1 0.4626 1.9263
1 0.4603 1.9249
1 0.4581 1.9235
1 0.4558 1.9219
1 0.4537 1.9203
1 0.4516 1.9186
1 0.4496 1.9169
1 0.4477 1.9151
1 0.4458 1.9132
1 0.4439 1.9113
1 0.4422 1.9093
1 0.4404 1.9073
1 0.4388 1.9052
1 0.4373 1.9030
1 0.4358 1.9008
1 0.4344 1.8985
1 0.4330 1.8962
1 0.4318 1.8939
1 0.4306 1.8915
1 0.4294 1.8891
1 0.4284 1.8866
1 0.4275 1.8841
1 0.4265 1.8812
1 0.4256 1.8784
1 0.4248 1.8755
1 0.4240 1.8726
1 0.4233 1.8696
1 0.4227 1.8667
1 0.4221 1.8637
1 0.4216 1.8607
1 0.4212 1.8577
1 0.4208 1.8547
1 0.4206 1.8517
1 0.4204 1.8487
1 0.4203 1.8456
1 0.4203 1.8426
1 0.4203 1.8396
1 0.4204 1.8366
1 0.4206 1.8336
1 0.4208 1.8306
1 0.4212 1.8276
1 0.4216 1.8245
1 0.4221 1.8215
1 0.4227 1.8186
1 0.4233 1.8157
1 0.4240 1.8126
1 0.4248 1.8098
1 0.4256 1.8068
1 0.4265 1.8040
1 0.4275 1.8011
1 0.4284 1.7986
1 0.4294 1.7962
1 0.4306 1.7938
1 0.4318 1.7914
1 0.4330 1.7891
1 0.4344 1.7868
1 0.4358 1.7845
1 0.4372 1.7823
1 0.4388 1.7801
1 0.4404 1.7780
1 0.4421 1.7760
1 0.4439 1.7740
1 0.4457 1.7721
1 0.4477 1.7702
1 0.4495 1.7684
1 0.4516 1.7667
1 0.4537 1.7650
1 0.4558 1.7634
1 0.4579 1.7619
1 0.4602 1.7604
1 0.4625 1.7590
1 0.4648 1.7578
1 0.4671 1.7565
1 0.4696 1.7554
1 0.4719 1.7543
1 0.4745 1.7534
1 0.4769 1.7524
1 0.4795 1.7516
1 0.4820 1.7508
1 0.4846 1.7502
1 0.4872 1.7497
1 0.4898 1.7492
1 0.4924 1.7488
1 0.4951 1.7485
1 0.4978 1.7483
1 0.5004 1.7482
1 0.5030 1.7481
1 0.5057 1.7482
1 0.5083 1.7483
1 0.5110 1.7485
1 0.5137 1.7489
1 0.5163 1.7493
1 0.5189 1.7498
1 0.5215 1.7503
1 0.5241 1.7510
1 0.5266 1.7518
1 0.5291 1.7526
1 0.5317 1.7535
1 0.5341 1.7545
1 0.5365 1.7556
1 0.5389 1.7567
1 0.5412 1.7580
1 0.5435 1.7593
1 0.5459 1.7607
1 0.5480 1.7622
1 0.5502 1.7637
1 0.5524 1.7653
1 0.5544 1.7670
1 0.5564 1.7688
1 0.5583 1.7705
1 0.5303 1.7996
1 0.5289 1.7984
1 0.5274 1.7972
1 0.5259 1.7960
1 0.5244 1.7949
1 0.5228 1.7940
1 0.5211 1.7931
1 0.5194 1.7922
1 0.5176 1.7914
1 0.5158 1.7907
1 0.5140 1.7902
1 0.5122 1.7897
1 0.5104 1.7893
1 0.5085 1.7890
1 0.5066 1.7887
1 0.5047 1.7886
1 0.5028 1.7886
1 0.5011 1.7886
1 0.4995 1.7887
1 0.4978 1.7889
1 0.4962 1.7892
1 0.4945 1.7895
1 0.4929 1.7900
1 0.4913 1.7905
1 0.4897 1.7911
1 0.4882 1.7917
1 0.4867 1.7925
1 0.4852 1.7933
1 0.4838 1.7942
1 0.4824 1.7951
1 0.4810 1.7961
1 0.4798 1.7972
1 0.4785 1.7983
1 0.4773 1.7995
1 0.4762 1.8007
1 0.4752 1.8020
1 0.4742 1.8033
1 0.4732 1.8047
1 0.4724 1.8062
1 0.4715 1.8077
1 0.4708 1.8092
1 0.4701 1.8107
1 0.4696 1.8123
1 0.4691 1.8139
1 0.4686 1.8155
1 0.4683 1.8171
1 0.4680 1.8188
1 0.4678 1.8205
1 0.4677 1.8222
1 0.4677 1.8238
1 0.4677 1.8255
1 0.4678 1.8271
1 0.4680 1.8288
1 0.5828 1.8288
1 0.5828 1.8571
112 1251 217
0 0.3436 1.9394
1 0.2958 1.9394
1 0.2958 1.9277
1 0.2939 1.9293
1 0.2920 1.9307
1 0.2900 1.9320
1 0.2880 1.9333
1 0.2859 1.9344
1 0.2837 1.9355
1 0.2815 1.9365
1 0.2794 1.9375
1 0.2771 1.9382
1 0.2748 1.9390
1 0.2725 1.9396
1 0.2702 1.9402
1 0.2678 1.9407
1 0.2654 1.9410
1 0.2631 1.9413
1 0.2607 1.9415
1 0.2583 1.9416
1 0.2559 1.9416
1 0.2535 1.9415
1 0.2512 1.9413
1 0.2488 1.9410
1 0.2464 1.9406
1 0.2440 1.9402
1 0.2417 1.9396
1 0.2394 1.9389
1 0.2372 1.9382
1 0.2349 1.9374
1 0.2327 1.9364
1 0.2305 1.9354
1 0.2284 1.9343
1 0.2263 1.9331
1 0.2243 1.9319
1 0.2222 1.9305
1 0.2204 1.9291
1 0.2185 1.9276
1 0.2167 1.9260
1 0.2149 1.9244
1 0.2132 1.9227
1 0.2116 1.9209
1 0.2101 1.9191
1 0.2086 1.9172
1 0.2072 1.9153
1 0.2059 1.9132
1 0.2047 1.9112
1 0.2030 1.9082
1 0.2014 1.9052
1 0.1999 1.9022
1 0.1984 1.8990
1 0.1971 1.8959
1 0.1959 1.8927
1 0.1947 1.8896
1 0.1936 1.8864
1 0.1926 1.8831
1 0.1917 1.8798
1 0.1908 1.8765
1 0.1901 1.8731
1 0.1894 1.8698
1 0.1889 1.8665
1 0.1884 1.8630
1 0.1880 1.8597
1 0.1877 1.8563
1 0.1875 1.8529
1 0.1873 1.8495
1 0.1873 1.8461
1 0.1873 1.8427
1 0.1875 1.8393
1 0.1877 1.8359
1 0.1880 1.8325
1 0.1884 1.8291
1 0.1889 1.8257
1 0.1894 1.8224
1 0.1901 1.8190
1 0.1908 1.8157
1 0.1917 1.8124
1 0.1926 1.8091
1 0.1936 1.8059
1 0.1947 1.8026
1 0.1959 1.7994
1 0.1971 1.7963
1 0.1984 1.7931
1 0.1999 1.7900
1 0.2014 1.7870
1 0.2030 1.7840
1 0.2047 1.7809
1 0.2059 1.7789
1 0.2072 1.7769
1 0.2086 1.7749
1 0.2101 1.7730
1 0.2116 1.7712
1 0.2132 1.7695
1 0.2149 1.7678
1 0.2167 1.7661
1 0.2185 1.7646
1 0.2204 1.7630
1 0.2222 1.7616
1 0.2243 1.7603
1 0.2263 1.7590
1 0.2284 1.7578
1 0.2305 1.7567
1 0.2327 1.7557
1 0.2349 1.7548
1 0.2372 1.7540
1 0.2394 1.7532
1 0.2417 1.7526
1 0.2440 1.7520
1 0.2464 1.7515
1 0.2488 1.7511
1 0.2512 1.7508
1 0.2535 1.7506
1 0.2559 1.7506
1 0.2583 1.7506
1 0.2607 1.7506
1 0.2631 1.7508
1 0.2654 1.7511
1 0.2678 1.7515
1 0.2702 1.7520
1 0.2725 1.7525
1 0.2748 1.7531
1 0.2771 1.7539
1 0.2794 1.7548
1 0.2815 1.7557
1 0.2837 1.7567
1 0.2859 1.7578
1 0.2880 1.7589
1 0.2900 1.7601
1 0.2920 1.7615
1 0.2939 1.7630
1 0.2958 1.7644
1 0.2958 1.7619
1 0.2956 1.7594
1 0.2953 1.7569
1 0.2950 1.7545
1 0.2946 1.7520
1 0.2941 1.7496
1 0.2934 1.7472
1 0.2927 1.7448
1 0.2918 1.7424
1 0.2909 1.7401
1 0.2899 1.7379
1 0.2888 1.7357
1 0.2876 1.7335
1 0.2864 1.7313
1 0.2850 1.7292
1 0.2836 1.7272
1 0.2821 1.7252
1 0.2805 1.7233
1 0.2788 1.7214
1 0.2771 1.7196
1 0.2753 1.7179
1 0.2734 1.7163
1 0.2715 1.7147
1 0.2695 1.7132
1 0.2675 1.7118
1 0.2654 1.7105
1 0.2632 1.7093
1 0.2610 1.7081
1 0.2587 1.7070
1 0.2564 1.7060
1 0.2541 1.7052
1 0.2517 1.7044
1 0.2493 1.7037
1 0.2470 1.7031
1 0.2445 1.7026
1 0.2421 1.7022
1 0.2594 1.6570
1 0.2624 1.6577
1 0.2654 1.6586
1 0.2682 1.6595
1 0.2712 1.6605
1 0.2740 1.6617
1 0.2769 1.6628
1 0.2797 1.6640
1 0.2824 1.6654
1 0.2851 1.6668
1 0.2878 1.6683
1 0.2904 1.6698
1 0.2930 1.6715
1 0.2955 1.6732
1 0.2981 1.6750
1 0.3005 1.6768
1 0.3030 1.6787
1 0.3053 1.6806
1 0.3076 1.6827
1 0.3098 1.6848
1 0.3120 1.6869
1 0.3141 1.6892
1 0.3161 1.6915
1 0.3181 1.6938
1 0.3200 1.6962
1 0.3219 1.6986
1 0.3237 1.7011
1 0.3254 1.7037
1 0.3270 1.7062
1 0.3287 1.7088
1 0.3301 1.7115
1 0.3315 1.7142
1 0.3329 1.7170
1 0.3342 1.7198
1 0.3354 1.7226
1 0.3365 1.7254
1 0.3375 1.7283
1 0.3385 1.7312
1 0.3394 1.7342
1 0.3402 1.7371
1 0.3409 1.7401
1 0.3415 1.7431
1 0.3421 1.7461
1 0.3425 1.7492
1 0.3429 1.7522
1 0.3432 1.7552
1 0.3434 1.7583
1 0.3436 1.7613
1 0.3436 1.7644
1 0.3436 1.9394
112 1252 98
0 0.2958 1.8080
1 0.2958 1.8841
1 0.2946 1.8853
1 0.2932 1.8865
1 0.2918 1.8876
1 0.2904 1.8885
1 0.2889 1.8894
1 0.2873 1.8903
1 0.2858 1.8910
1 0.2841 1.8918
1 0.2825 1.8923
1 0.2808 1.8928
1 0.2791 1.8932
1 0.2774 1.8935
1 0.2757 1.8937
1 0.2739 1.8938
1 0.2722 1.8938
1 0.2704 1.8938
1 0.2687 1.8936
1 0.2669 1.8934
1 0.2652 1.8930
1 0.2635 1.8925
1 0.2619 1.8920
1 0.2602 1.8914
1 0.2586 1.8907
1 0.2570 1.8899
1 0.2555 1.8890
1 0.2541 1.8880
1 0.2526 1.8870
1 0.2513 1.8859
1 0.2500 1.8847
1 0.2488 1.8834
1 0.2477 1.8822
1 0.2465 1.8808
1 0.2452 1.8789
1 0.2440 1.8769
1 0.2427 1.8749
1 0.2416 1.8729
1 0.2406 1.8708
1 0.2396 1.8687
1 0.2388 1.8666
1 0.2380 1.8644
1 0.2373 1.8621
1 0.2367 1.8599
1 0.2362 1.8576
1 0.2358 1.8554
1 0.2355 1.8530
1 0.2352 1.8507
1 0.2351 1.8484
1 0.2351 1.8461
1 0.2351 1.8437
1 0.2352 1.8414
1 0.2355 1.8391
1 0.2358 1.8368
1 0.2362 1.8346
1 0.2367 1.8323
1 0.2373 1.8300
1 0.2380 1.8278
1 0.2388 1.8256
1 0.2396 1.8235
1 0.2406 1.8213
1 0.2416 1.8192
1 0.2427 1.8172
1 0.2440 1.8152
1 0.2452 1.8133
1 0.2465 1.8114
1 0.2477 1.8101
1 0.2488 1.8087
1 0.2500 1.8075
1 0.2513 1.8063
1 0.2526 1.8052
1 0.2541 1.8041
1 0.2555 1.8032
1 0.2570 1.8023
1 0.2586 1.8015
1 0.2602 1.8007
1 0.2619 1.8001
1 0.2635 1.7996
1 0.2652 1.7991
1 0.2669 1.7988
1 0.2687 1.7986
1 0.2704 1.7984
1 0.2722 1.7983
1 0.2739 1.7984
1 0.2757 1.7984
1 0.2774 1.7986
1 0.2791 1.7990
1 0.2808 1.7993
1 0.2825 1.7998
1 0.2841 1.8005
1 0.2858 1.8011
1 0.2873 1.8019
1 0.2889 1.8027
1 0.2904 1.8036
1 0.2918 1.8046
1 0.2932 1.8056
1 0.2946 1.8068
1 0.2958 1.8080
112 1251 83
0 0.1485 1.9312
1 0.1366 1.8836
1 0.1352 1.8846
1 0.1338 1.8855
1 0.1322 1.8864
1 0.1307 1.8871
1 0.1291 1.8878
1 0.1275 1.8885
1 0.1259 1.8889
1 0.1242 1.8894
1 0.1226 1.8898
1 0.1209 1.8901
1 0.1192 1.8903
1 0.1175 1.8904
1 0.1158 1.8904
1 0.1140 1.8904
1 0.1124 1.8902
1 0.1107 1.8899
1 0.1090 1.8897
1 0.1073 1.8892
1 0.1056 1.8887
1 0.1040 1.8882
1 0.1025 1.8876
1 0.1009 1.8868
1 0.0994 1.8860
1 0.0979 1.8851
1 0.0965 1.8842
1 0.0951 1.8831
1 0.0938 1.8820
1 0.0925 1.8809
1 0.0913 1.8796
1 0.0902 1.8784
1 0.0891 1.8770
1 0.0881 1.8757
1 0.0871 1.8743
1 0.0863 1.8728
1 0.0855 1.8712
1 0.0848 1.8697
1 0.0841 1.8681
1 0.0836 1.8665
1 0.0832 1.8648
1 0.0827 1.8631
1 0.0825 1.8614
1 0.0822 1.8598
1 0.0821 1.8580
1 0.0820 1.8563
1 0.0820 1.7513
1 0.0343 1.7513
1 0.0343 1.9409
1 0.0820 1.9409
1 0.0820 1.9300
1 0.0839 1.9312
1 0.0858 1.9323
1 0.0876 1.9335
1 0.0896 1.9344
1 0.0916 1.9354
1 0.0936 1.9363
1 0.0957 1.9371
1 0.0977 1.9378
1 0.0999 1.9385
1 0.1020 1.9391
1 0.1042 1.9396
1 0.1063 1.9400
1 0.1085 1.9403
1 0.1107 1.9405
1 0.1128 1.9407
1 0.1151 1.9408
1 0.1173 1.9408
1 0.1195 1.9407
1 0.1217 1.9405
1 0.1238 1.9403
1 0.1261 1.9400
1 0.1282 1.9396
1 0.1303 1.9391
1 0.1325 1.9385
1 0.1346 1.9378
1 0.1366 1.9371
1 0.1387 1.9363
1 0.1408 1.9354
1 0.1427 1.9344
1 0.1447 1.9335
1 0.1466 1.9323
1 0.1485 1.9312
112 1251 228
0 -0.1981 1.8011
1 -0.1992 1.8040
1 -0.2001 1.8068
1 -0.2009 1.8098
1 -0.2017 1.8126
1 -0.2024 1.8157
1 -0.2030 1.8186
1 -0.2036 1.8215
1 -0.2041 1.8245
1 -0.2044 1.8276
1 -0.2047 1.8306
1 -0.2050 1.8336
1 -0.2052 1.8366
1 -0.2053 1.8396
1 -0.2054 1.8426
1 -0.2053 1.8456
1 -0.2052 1.8487
1 -0.2050 1.8517
1 -0.2047 1.8547
1 -0.2044 1.8577
1 -0.2041 1.8607
1 -0.2036 1.8637
1 -0.2030 1.8667
1 -0.2024 1.8696
1 -0.2017 1.8726
1 -0.2009 1.8755
1 -0.2001 1.8784
1 -0.1992 1.8812
1 -0.1981 1.8841
1 -0.1972 1.8866
1 -0.1961 1.8891
1 -0.1951 1.8915
1 -0.1939 1.8939
1 -0.1926 1.8962
1 -0.1912 1.8985
1 -0.1898 1.9008
1 -0.1884 1.9030
1 -0.1868 1.9052
1 -0.1851 1.9073
1 -0.1835 1.9093
1 -0.1816 1.9113
1 -0.1798 1.9132
1 -0.1779 1.9151
1 -0.1760 1.9169
1 -0.1740 1.9186
1 -0.1718 1.9203
1 -0.1698 1.9219
1 -0.1676 1.9235
1 -0.1653 1.9249
1 -0.1630 1.9263
1 -0.1607 1.9276
1 -0.1583 1.9288
1 -0.1560 1.9300
1 -0.1535 1.9310
1 -0.1511 1.9320
1 -0.1485 1.9329
1 -0.1460 1.9337
1 -0.1434 1.9344
1 -0.1408 1.9351
1 -0.1383 1.9356
1 -0.1356 1.9361
1 -0.1330 1.9365
1 -0.1303 1.9368
1 -0.1277 1.9370
1 -0.1250 1.9371
1 -0.1224 1.9371
1 -0.1197 1.9370
1 -0.1170 1.9369
1 -0.1144 1.9367
1 -0.1117 1.9363
1 -0.1091 1.9359
1 -0.1065 1.9354
1 -0.1039 1.9349
1 -0.1013 1.9342
1 -0.0988 1.9334
1 -0.0963 1.9326
1 -0.0937 1.9317
1 -0.0913 1.9307
1 -0.0888 1.9296
1 -0.0864 1.9284
1 -0.0841 1.9271
1 -0.0818 1.9258
1 -0.0795 1.9244
1 -0.0773 1.9229
1 -0.0751 1.9214
1 -0.0730 1.9198
1 -0.0710 1.9181
1 -0.0689 1.9163
1 -0.0670 1.9144
1 -0.0651 1.9125
1 -0.0633 1.9107
1 -0.0616 1.9086
1 -0.0599 1.9065
1 -0.0583 1.9044
1 -0.0568 1.9022
1 -0.0553 1.9000
1 -0.0539 1.8978
1 -0.0526 1.8955
1 -0.0513 1.8931
1 -0.0502 1.8907
1 -0.0491 1.8882
1 -0.0481 1.8857
1 -0.0472 1.8833
1 -0.0463 1.8808
1 -0.0456 1.8782
1 -0.0449 1.8756
1 -0.0444 1.8730
1 -0.0439 1.8703
1 -0.0435 1.8677
1 -0.0432 1.8651
1 -0.0430 1.8624
1 -0.0428 1.8598
1 -0.0428 1.8571
1 -0.0428 1.8288
1 -0.1576 1.8288
1 -0.1578 1.8271
1 -0.1579 1.8255
1 -0.1579 1.8238
1 -0.1579 1.8222
1 -0.1578 1.8205
1 -0.1576 1.8188
1 -0.1574 1.8171
1 -0.1570 1.8155
1 -0.1565 1.8139
1 -0.1560 1.8123
1 -0.1555 1.8107
1 -0.1548 1.8092
1 -0.1541 1.8077
1 -0.1533 1.8062
1 -0.1524 1.8047
1 -0.1515 1.8033
1 -0.1505 1.8020
1 -0.1494 1.8007
1 -0.1483 1.7995
1 -0.1471 1.7983
1 -0.1459 1.7972
1 -0.1445 1.7961
1 -0.1432 1.7951
1 -0.1418 1.7942
1 -0.1404 1.7933
1 -0.1390 1.7925
1 -0.1374 1.7917
1 -0.1359 1.7911
1 -0.1343 1.7905
1 -0.1327 1.7900
1 -0.1311 1.7895
1 -0.1295 1.7892
1 -0.1278 1.7889
1 -0.1261 1.7887
1 -0.1245 1.7886
1 -0.1228 1.7886
1 -0.1209 1.7886
1 -0.1190 1.7887
1 -0.1171 1.7890
1 -0.1153 1.7893
1 -0.1134 1.7897
1 -0.1116 1.7902
1 -0.1098 1.7907
1 -0.1080 1.7914
1 -0.1063 1.7922
1 -0.1046 1.7931
1 -0.1029 1.7940
1 -0.1013 1.7949
1 -0.0997 1.7960
1 -0.0982 1.7972
1 -0.0967 1.7984
1 -0.0953 1.7996
1 -0.0673 1.7705
1 -0.0692 1.7688
1 -0.0712 1.7670
1 -0.0733 1.7653
1 -0.0754 1.7637
1 -0.0776 1.7622
1 -0.0798 1.7607
1 -0.0820 1.7593
1 -0.0843 1.7580
1 -0.0867 1.7567
1 -0.0891 1.7556
1 -0.0916 1.7545
1 -0.0940 1.7535
1 -0.0965 1.7526
1 -0.0990 1.7518
1 -0.1016 1.7510
1 -0.1042 1.7503
1 -0.1068 1.7498
1 -0.1093 1.7493
1 -0.1120 1.7489
1 -0.1146 1.7485
1 -0.1173 1.7483
1 -0.1199 1.7482
1 -0.1226 1.7481
1 -0.1252 1.7482
1 -0.1279 1.7483
1 -0.1305 1.7485
1 -0.1332 1.7488
1 -0.1358 1.7492
1 -0.1384 1.7497
1 -0.1410 1.7502
1 -0.1436 1.7508
1 -0.1462 1.7516
1 -0.1487 1.7524
1 -0.1512 1.7534
1 -0.1537 1.7543
1 -0.1561 1.7554
1 -0.1585 1.7565
1 -0.1609 1.7578
1 -0.1632 1.7590
1 -0.1654 1.7604
1 -0.1677 1.7619
1 -0.1698 1.7634
1 -0.1720 1.7650
1 -0.1740 1.7667
1 -0.1761 1.7684
1 -0.1780 1.7702
1 -0.1799 1.7721
1 -0.1817 1.7740
1 -0.1835 1.7760
1 -0.1852 1.7780
1 -0.1868 1.7801
1 -0.1884 1.7823
1 -0.1898 1.7845
1 -0.1913 1.7868
1 -0.1926 1.7891
1 -0.1939 1.7914
1 -0.1951 1.7938
1 -0.1961 1.7962
1 -0.1972 1.7986
1 -0.1981 1.8011
112 1251 224
0 -0.4892 1.8642
1 -0.4892 1.7513
1 -0.5370 1.7513
1 -0.5370 1.9409
1 -0.4892 1.9409
1 -0.4892 1.9353
1 -0.4867 1.9363
1 -0.4841 1.9372
1 -0.4815 1.9380
1 -0.4788 1.9387
1 -0.4761 1.9393
1 -0.4734 1.9398
1 -0.4707 1.9403
1 -0.4680 1.9405
1 -0.4652 1.9408
1 -0.4625 1.9409
1 -0.4598 1.9410
1 -0.4570 1.9409
1 -0.4542 1.9408
1 -0.4515 1.9405
1 -0.4488 1.9401
1 -0.4461 1.9396
1 -0.4434 1.9391
1 -0.4407 1.9384
1 -0.4381 1.9377
1 -0.4355 1.9368
1 -0.4329 1.9359
1 -0.4304 1.9349
1 -0.4278 1.9338
1 -0.4254 1.9326
1 -0.4229 1.9312
1 -0.4206 1.9298
1 -0.4183 1.9284
1 -0.4159 1.9268
1 -0.4138 1.9252
1 -0.4116 1.9235
1 -0.4095 1.9217
1 -0.4075 1.9199
1 -0.4055 1.9216
1 -0.4035 1.9233
1 -0.4015 1.9250
1 -0.3994 1.9265
1 -0.3972 1.9281
1 -0.3950 1.9295
1 -0.3928 1.9308
1 -0.3905 1.9321
1 -0.3881 1.9333
1 -0.3857 1.9344
1 -0.3833 1.9354
1 -0.3808 1.9363
1 -0.3783 1.9372
1 -0.3758 1.9380
1 -0.3733 1.9387
1 -0.3707 1.9393
1 -0.3681 1.9398
1 -0.3655 1.9402
1 -0.3629 1.9405
1 -0.3604 1.9408
1 -0.3577 1.9409
1 -0.3551 1.9410
1 -0.3524 1.9409
1 -0.3498 1.9408
1 -0.3472 1.9406
1 -0.3446 1.9403
1 -0.3420 1.9399
1 -0.3394 1.9394
1 -0.3368 1.9389
1 -0.3343 1.9382
1 -0.3318 1.9375
1 -0.3293 1.9366
1 -0.3268 1.9357
1 -0.3244 1.9347
1 -0.3220 1.9337
1 -0.3196 1.9325
1 -0.3173 1.9312
1 -0.3150 1.9299
1 -0.3128 1.9285
1 -0.3106 1.9270
1 -0.3085 1.9255
1 -0.3064 1.9239
1 -0.3044 1.9222
1 -0.3025 1.9204
1 -0.3005 1.9186
1 -0.2987 1.9167
1 -0.2969 1.9148
1 -0.2953 1.9128
1 -0.2936 1.9107
1 -0.2920 1.9086
1 -0.2906 1.9065
1 -0.2892 1.9042
1 -0.2878 1.9020
1 -0.2866 1.8997
1 -0.2854 1.8973
1 -0.2843 1.8949
1 -0.2833 1.8925
1 -0.2824 1.8900
1 -0.2815 1.8876
1 -0.2808 1.8850
1 -0.2801 1.8824
1 -0.2795 1.8799
1 -0.2790 1.8773
1 -0.2787 1.8747
1 -0.2783 1.8721
1 -0.2781 1.8695
1 -0.2780 1.8668
1 -0.2779 1.8642
1 -0.2779 1.7513
1 -0.3257 1.7513
1 -0.3257 1.8642
1 -0.3258 1.8658
1 -0.3258 1.8675
1 -0.3261 1.8691
1 -0.3264 1.8707
1 -0.3268 1.8722
1 -0.3273 1.8738
1 -0.3279 1.8753
1 -0.3286 1.8768
1 -0.3293 1.8782
1 -0.3301 1.8796
1 -0.3310 1.8810
1 -0.3320 1.8823
1 -0.3331 1.8835
1 -0.3342 1.8847
1 -0.3354 1.8858
1 -0.3366 1.8868
1 -0.3379 1.8878
1 -0.3392 1.8887
1 -0.3406 1.8896
1 -0.3421 1.8903
1 -0.3436 1.8910
1 -0.3451 1.8915
1 -0.3466 1.8920
1 -0.3482 1.8925
1 -0.3498 1.8928
1 -0.3514 1.8930
1 -0.3530 1.8931
1 -0.3546 1.8931
1 -0.3563 1.8931
1 -0.3579 1.8930
1 -0.3595 1.8928
1 -0.3611 1.8925
1 -0.3627 1.8920
1 -0.3642 1.8915
1 -0.3657 1.8910
1 -0.3672 1.8903
1 -0.3686 1.8896
1 -0.3700 1.8887
1 -0.3714 1.8878
1 -0.3727 1.8868
1 -0.3739 1.8858
1 -0.3751 1.8847
1 -0.3763 1.8835
1 -0.3773 1.8823
1 -0.3783 1.8810
1 -0.3791 1.8796
1 -0.3800 1.8782
1 -0.3807 1.8768
1 -0.3814 1.8753
1 -0.3820 1.8738
1 -0.3825 1.8722
1 -0.3828 1.8707
1 -0.3832 1.8691
1 -0.3834 1.8675
1 -0.3835 1.8658
1 -0.3836 1.8642
1 -0.3836 1.7513
1 -0.4313 1.7513
1 -0.4313 1.8642
1 -0.4314 1.8658
1 -0.4316 1.8675
1 -0.4318 1.8691
1 -0.4321 1.8707
1 -0.4325 1.8722
1 -0.4330 1.8738
1 -0.4336 1.8753
1 -0.4342 1.8768
1 -0.4350 1.8782
1 -0.4358 1.8796
1 -0.4367 1.8810
1 -0.4377 1.8823
1 -0.4388 1.8835
1 -0.4398 1.8847
1 -0.4410 1.8858
1 -0.4423 1.8868
1 -0.4436 1.8878
1 -0.4449 1.8887
1 -0.4463 1.8896
1 -0.4477 1.8903
1 -0.4493 1.8910
1 -0.4507 1.8915
1 -0.4523 1.8920
1 -0.4539 1.8925
1 -0.4555 1.8928
1 -0.4571 1.8930
1 -0.4587 1.8931
1 -0.4603 1.8931
1 -0.4619 1.8931
1 -0.4635 1.8930
1 -0.4651 1.8928
1 -0.4668 1.8925
1 -0.4683 1.8920
1 -0.4698 1.8915
1 -0.4714 1.8910
1 -0.4728 1.8903
1 -0.4743 1.8896
1 -0.4757 1.8887
1 -0.4771 1.8878
1 -0.4784 1.8868
1 -0.4796 1.8858
1 -0.4808 1.8847
1 -0.4819 1.8835
1 -0.4829 1.8823
1 -0.4839 1.8810
1 -0.4848 1.8796
1 -0.4857 1.8782
1 -0.4864 1.8768
1 -0.4871 1.8753
1 -0.4876 1.8738
1 -0.4881 1.8722
1 -0.4885 1.8707
1 -0.4888 1.8691
1 -0.4891 1.8675
1 -0.4892 1.8658
1 -0.4892 1.8642
112 1251 13
0 -0.6643 1.8607
1 -0.6643 1.8996
1 -0.7365 1.8996
1 -0.7365 1.9624
1 -0.6310 1.9624
1 -0.6310 2.0013
1 -0.7754 2.0013
1 -0.7754 1.7513
1 -0.6232 1.7513
1 -0.6232 1.7902
1 -0.7365 1.7902
1 -0.7365 1.8607
1 -0.6643 1.8607
112 1251 117
0 0.4964 2.3729
1 0.4486 2.3536
1 0.4486 2.3099
1 0.4186 2.3099
1 0.4186 2.2674
1 0.4486 2.2674
1 0.4486 2.1720
1 0.4486 2.1700
1 0.4488 2.1680
1 0.4490 2.1659
1 0.4493 2.1639
1 0.4497 2.1619
1 0.4501 2.1599
1 0.4507 2.1579
1 0.4513 2.1559
1 0.4520 2.1540
1 0.4528 2.1522
1 0.4536 2.1503
1 0.4545 2.1484
1 0.4556 2.1466
1 0.4566 2.1449
1 0.4578 2.1432
1 0.4590 2.1416
1 0.4603 2.1400
1 0.4616 2.1384
1 0.4630 2.1369
1 0.4645 2.1355
1 0.4660 2.1341
1 0.4676 2.1328
1 0.4692 2.1316
1 0.4709 2.1304
1 0.4726 2.1293
1 0.4744 2.1283
1 0.4762 2.1273
1 0.4781 2.1264
1 0.4800 2.1256
1 0.4819 2.1249
1 0.4838 2.1242
1 0.4858 2.1237
1 0.4878 2.1232
1 0.4898 2.1228
1 0.4918 2.1224
1 0.4939 2.1222
1 0.4959 2.1221
1 0.4980 2.1220
1 0.5000 2.1220
1 0.5020 2.1221
1 0.5041 2.1223
1 0.5061 2.1225
1 0.5081 2.1228
1 0.5102 2.1233
1 0.5121 2.1238
1 0.5141 2.1244
1 0.5160 2.1251
1 0.5179 2.1258
1 0.5198 2.1266
1 0.5216 2.1275
1 0.5235 2.1285
1 0.5252 2.1295
1 0.5270 2.1307
1 0.5286 2.1319
1 0.5302 2.1331
1 0.5318 2.1344
1 0.5415 2.1832
1 0.5412 2.1818
1 0.5407 2.1804
1 0.5403 2.1791
1 0.5397 2.1778
1 0.5391 2.1766
1 0.5384 2.1754
1 0.5376 2.1743
1 0.5368 2.1732
1 0.5359 2.1721
1 0.5349 2.1711
1 0.5338 2.1701
1 0.5327 2.1693
1 0.5316 2.1685
1 0.5304 2.1678
1 0.5291 2.1671
1 0.5279 2.1666
1 0.5265 2.1661
1 0.5252 2.1657
1 0.5239 2.1653
1 0.5225 2.1650
1 0.5211 2.1649
1 0.5197 2.1648
1 0.5183 2.1648
1 0.5169 2.1649
1 0.5156 2.1651
1 0.5141 2.1654
1 0.5128 2.1657
1 0.5115 2.1662
1 0.5102 2.1666
1 0.5089 2.1672
1 0.5077 2.1679
1 0.5065 2.1687
1 0.5054 2.1694
1 0.5043 2.1704
1 0.5032 2.1713
1 0.5023 2.1723
1 0.5014 2.1734
1 0.5006 2.1745
1 0.4998 2.1756
1 0.4991 2.1769
1 0.4985 2.1781
1 0.4979 2.1794
1 0.4975 2.1807
1 0.4971 2.1820
1 0.4968 2.1834
1 0.4966 2.1848
1 0.4964 2.1862
1 0.4964 2.1876
1 0.4964 2.2674
1 0.5414 2.2674
1 0.5414 2.3099
1 0.4964 2.3099
1 0.4964 2.3729
112 1251 237
0 0.6918 2.3129
1 0.6883 2.3127
1 0.6849 2.3123
1 0.6814 2.3119
1 0.6780 2.3113
1 0.6745 2.3107
1 0.6711 2.3099
1 0.6677 2.3091
1 0.6643 2.3082
1 0.6610 2.3072
1 0.6576 2.3061
1 0.6544 2.3049
1 0.6511 2.3036
1 0.6479 2.3022
1 0.6448 2.3008
1 0.6416 2.2992
1 0.6385 2.2976
1 0.6355 2.2959
1 0.6325 2.2941
1 0.6295 2.2922
1 0.6266 2.2903
1 0.6451 2.2569
1 0.6478 2.2582
1 0.6506 2.2595
1 0.6534 2.2606
1 0.6562 2.2617
1 0.6590 2.2627
1 0.6619 2.2637
1 0.6648 2.2645
1 0.6677 2.2653
1 0.6706 2.2660
1 0.6735 2.2667
1 0.6765 2.2672
1 0.6795 2.2677
1 0.6825 2.2681
1 0.6854 2.2683
1 0.6885 2.2686
1 0.6915 2.2688
1 0.6945 2.2688
1 0.6975 2.2688
1 0.7005 2.2687
1 0.7035 2.2686
1 0.7050 2.2684
1 0.7064 2.2681
1 0.7078 2.2678
1 0.7092 2.2674
1 0.7106 2.2668
1 0.7119 2.2662
1 0.7132 2.2655
1 0.7144 2.2647
1 0.7156 2.2638
1 0.7167 2.2629
1 0.7177 2.2618
1 0.7187 2.2607
1 0.7196 2.2596
1 0.7204 2.2583
1 0.7211 2.2571
1 0.7218 2.2558
1 0.7223 2.2544
1 0.7228 2.2530
1 0.7232 2.2516
1 0.7234 2.2502
1 0.7236 2.2488
1 0.7237 2.2473
1 0.7237 2.2458
1 0.7235 2.2443
1 0.7233 2.2429
1 0.7230 2.2415
1 0.7225 2.2401
1 0.7220 2.2387
1 0.7196 2.2398
1 0.7171 2.2408
1 0.7146 2.2418
1 0.7121 2.2427
1 0.7095 2.2435
1 0.7069 2.2443
1 0.7043 2.2450
1 0.7018 2.2456
1 0.6992 2.2461
1 0.6965 2.2466
1 0.6938 2.2469
1 0.6912 2.2473
1 0.6885 2.2475
1 0.6858 2.2477
1 0.6831 2.2478
1 0.6805 2.2478
1 0.6778 2.2477
1 0.6751 2.2476
1 0.6724 2.2474
1 0.6698 2.2471
1 0.6674 2.2467
1 0.6650 2.2463
1 0.6627 2.2458
1 0.6604 2.2452
1 0.6581 2.2446
1 0.6558 2.2438
1 0.6535 2.2429
1 0.6513 2.2420
1 0.6492 2.2409
1 0.6471 2.2398
1 0.6450 2.2386
1 0.6430 2.2373
1 0.6409 2.2360
1 0.6390 2.2345
1 0.6371 2.2331
1 0.6353 2.2315
1 0.6336 2.2298
1 0.6319 2.2282
1 0.6302 2.2264
1 0.6287 2.2246
1 0.6272 2.2227
1 0.6258 2.2207
1 0.6244 2.2188
1 0.6231 2.2168
1 0.6219 2.2147
1 0.6209 2.2126
1 0.6199 2.2104
1 0.6189 2.2082
1 0.6180 2.2059
1 0.6173 2.2037
1 0.6166 2.2014
1 0.6160 2.1990
1 0.6155 2.1967
1 0.6151 2.1943
1 0.6147 2.1920
1 0.6145 2.1895
1 0.6143 2.1872
1 0.6143 2.1848
1 0.6143 2.1824
1 0.6145 2.1799
1 0.6147 2.1776
1 0.6150 2.1752
1 0.6154 2.1729
1 0.6159 2.1705
1 0.6164 2.1682
1 0.6171 2.1659
1 0.6179 2.1636
1 0.6187 2.1613
1 0.6196 2.1591
1 0.6206 2.1569
1 0.6217 2.1548
1 0.6229 2.1527
1 0.6242 2.1507
1 0.6255 2.1486
1 0.6269 2.1467
1 0.6284 2.1448
1 0.6299 2.1430
1 0.6315 2.1412
1 0.6332 2.1395
1 0.6350 2.1379
1 0.6368 2.1363
1 0.6386 2.1348
1 0.6406 2.1333
1 0.6425 2.1320
1 0.6446 2.1307
1 0.6466 2.1295
1 0.6488 2.1283
1 0.6509 2.1273
1 0.6531 2.1263
1 0.6553 2.1255
1 0.6576 2.1246
1 0.6599 2.1239
1 0.6622 2.1233
1 0.6645 2.1228
1 0.6669 2.1223
1 0.6693 2.1220
1 0.6717 2.1218
1 0.6740 2.1216
1 0.6764 2.1215
1 0.6789 2.1215
1 0.6817 2.1216
1 0.6846 2.1218
1 0.6875 2.1221
1 0.6904 2.1224
1 0.6933 2.1228
1 0.6961 2.1234
1 0.6989 2.1239
1 0.7018 2.1246
1 0.7046 2.1253
1 0.7073 2.1262
1 0.7101 2.1271
1 0.7128 2.1281
1 0.7155 2.1291
1 0.7182 2.1302
1 0.7209 2.1314
1 0.7234 2.1327
1 0.7234 2.1244
1 0.7711 2.1244
1 0.7711 2.2385
1 0.7711 2.2410
1 0.7709 2.2436
1 0.7707 2.2461
1 0.7703 2.2486
1 0.7700 2.2511
1 0.7695 2.2536
1 0.7690 2.2561
1 0.7683 2.2586
1 0.7676 2.2610
1 0.7668 2.2634
1 0.7659 2.2658
1 0.7650 2.2681
1 0.7639 2.2704
1 0.7628 2.2727
1 0.7615 2.2749
1 0.7603 2.2771
1 0.7589 2.2793
1 0.7575 2.2814
1 0.7560 2.2834
1 0.7545 2.2854
1 0.7529 2.2874
1 0.7511 2.2893
1 0.7494 2.2911
1 0.7475 2.2929
1 0.7456 2.2945
1 0.7437 2.2962
1 0.7417 2.2978
1 0.7397 2.2993
1 0.7376 2.3007
1 0.7355 2.3021
1 0.7333 2.3033
1 0.7311 2.3046
1 0.7288 2.3057
1 0.7265 2.3068
1 0.7242 2.3078
1 0.7218 2.3087
1 0.7194 2.3095
1 0.7169 2.3102
1 0.7145 2.3109
1 0.7120 2.3115
1 0.7095 2.3120
1 0.7070 2.3123
1 0.7045 2.3127
1 0.7020 2.3129
1 0.6994 2.3130
1 0.6969 2.3131
1 0.6943 2.3131
1 0.6918 2.3129
112 1251 94
0 -0.1461 2.1244
1 -0.1461 2.3744
1 -0.0486 2.3744
1 -0.0461 2.3744
1 -0.0435 2.3743
1 -0.0411 2.3740
1 -0.0386 2.3737
1 -0.0361 2.3733
1 -0.0336 2.3728
1 -0.0312 2.3722
1 -0.0288 2.3716
1 -0.0264 2.3708
1 -0.0240 2.3700
1 -0.0217 2.3691
1 -0.0194 2.3680
1 -0.0171 2.3670
1 -0.0149 2.3658
1 -0.0127 2.3646
1 -0.0106 2.3633
1 -0.0085 2.3619
1 -0.0064 2.3604
1 -0.0045 2.3589
1 -0.0025 2.3573
1 -0.0007 2.3556
1 0.0011 2.3538
1 0.0029 2.3520
1 0.0046 2.3502
1 0.0062 2.3482
1 0.0077 2.3463
1 0.0092 2.3442
1 0.0106 2.3421
1 0.0119 2.3400
1 0.0131 2.3378
1 0.0143 2.3356
1 0.0153 2.3333
1 0.0164 2.3310
1 0.0173 2.3287
1 0.0181 2.3263
1 0.0188 2.3239
1 0.0195 2.3215
1 0.0201 2.3191
1 0.0206 2.3166
1 0.0210 2.3141
1 0.0213 2.3117
1 0.0216 2.3092
1 0.0216 2.3066
1 0.0217 2.3041
1 0.0216 2.3016
1 0.0216 2.2991
1 0.0213 2.2966
1 0.0210 2.2941
1 0.0206 2.2917
1 0.0201 2.2892
1 0.0195 2.2868
1 0.0188 2.2843
1 0.0181 2.2819
1 0.0173 2.2796
1 0.0164 2.2772
1 0.0153 2.2749
1 0.0143 2.2727
1 0.0131 2.2704
1 0.0119 2.2683
1 0.0106 2.2661
1 0.0092 2.2641
1 0.0077 2.2620
1 0.0062 2.2600
1 0.0046 2.2581
1 0.0029 2.2562
1 0.0011 2.2544
1 -0.0007 2.2527
1 -0.0025 2.2510
1 -0.0045 2.2495
1 -0.0064 2.2479
1 -0.0085 2.2464
1 -0.0106 2.2450
1 -0.0127 2.2437
1 -0.0149 2.2425
1 -0.0171 2.2413
1 -0.0194 2.2402
1 -0.0217 2.2392
1 -0.0240 2.2383
1 -0.0264 2.2375
1 -0.0288 2.2367
1 -0.0312 2.2360
1 -0.0336 2.2355
1 -0.0361 2.2350
1 -0.0386 2.2346
1 -0.0411 2.2343
1 -0.0435 2.2340
1 -0.0461 2.2339
1 -0.0486 2.2338
1 -0.1072 2.2338
1 -0.1072 2.1244
1 -0.1461 2.1244
112 1251 5
0 0.0882 2.1244
1 0.0882 2.3106
1 0.1359 2.3106
1 0.1359 2.1244
1 0.0882 2.1244
112 1251 105
0 0.1376 2.3469
1 0.1375 2.3484
1 0.1373 2.3500
1 0.1371 2.3515
1 0.1368 2.3530
1 0.1364 2.3545
1 0.1359 2.3559
1 0.1353 2.3573
1 0.1346 2.3587
1 0.1338 2.3601
1 0.1330 2.3614
1 0.1321 2.3626
1 0.1311 2.3638
1 0.1301 2.3649
1 0.1289 2.3659
1 0.1278 2.3669
1 0.1266 2.3679
1 0.1252 2.3687
1 0.1239 2.3694
1 0.1225 2.3701
1 0.1211 2.3707
1 0.1196 2.3712
1 0.1182 2.3716
1 0.1167 2.3719
1 0.1151 2.3722
1 0.1136 2.3723
1 0.1121 2.3724
1 0.1105 2.3723
1 0.1090 2.3722
1 0.1075 2.3719
1 0.1060 2.3716
1 0.1045 2.3712
1 0.1030 2.3707
1 0.1016 2.3701
1 0.1002 2.3694
1 0.0989 2.3687
1 0.0976 2.3679
1 0.0963 2.3669
1 0.0952 2.3659
1 0.0941 2.3649
1 0.0930 2.3638
1 0.0920 2.3626
1 0.0911 2.3614
1 0.0903 2.3601
1 0.0895 2.3587
1 0.0888 2.3573
1 0.0883 2.3559
1 0.0878 2.3545
1 0.0874 2.3530
1 0.0870 2.3515
1 0.0868 2.3500
1 0.0867 2.3484
1 0.0866 2.3469
1 0.0867 2.3454
1 0.0868 2.3438
1 0.0870 2.3423
1 0.0874 2.3408
1 0.0878 2.3393
1 0.0883 2.3379
1 0.0888 2.3365
1 0.0895 2.3351
1 0.0903 2.3337
1 0.0911 2.3324
1 0.0920 2.3312
1 0.0930 2.3300
1 0.0941 2.3289
1 0.0952 2.3279
1 0.0963 2.3269
1 0.0976 2.3260
1 0.0989 2.3251
1 0.1002 2.3243
1 0.1016 2.3236
1 0.1030 2.3231
1 0.1045 2.3226
1 0.1060 2.3222
1 0.1075 2.3218
1 0.1090 2.3216
1 0.1105 2.3215
1 0.1121 2.3214
1 0.1136 2.3215
1 0.1151 2.3216
1 0.1167 2.3218
1 0.1182 2.3222
1 0.1196 2.3226
1 0.1211 2.3231
1 0.1225 2.3236
1 0.1239 2.3243
1 0.1252 2.3251
1 0.1266 2.3260
1 0.1278 2.3269
1 0.1289 2.3279
1 0.1301 2.3289
1 0.1311 2.3300
1 0.1321 2.3312
1 0.1330 2.3324
1 0.1338 2.3337
1 0.1346 2.3351
1 0.1353 2.3365
1 0.1359 2.3379
1 0.1364 2.3393
1 0.1368 2.3408
1 0.1371 2.3423
1 0.1373 2.3438
1 0.1375 2.3454
1 0.1376 2.3469
112 1251 339
0 0.3577 2.2934
1 0.3546 2.2953
1 0.3515 2.2971
1 0.3484 2.2987
1 0.3452 2.3003
1 0.3420 2.3019
1 0.3387 2.3033
1 0.3354 2.3047
1 0.3321 2.3060
1 0.3287 2.3072
1 0.3254 2.3083
1 0.3219 2.3093
1 0.3185 2.3103
1 0.3151 2.3111
1 0.3116 2.3119
1 0.3081 2.3126
1 0.3045 2.3132
1 0.3010 2.3136
1 0.2974 2.3141
1 0.2939 2.3144
1 0.2904 2.3146
1 0.2868 2.3148
1 0.2832 2.3148
1 0.2797 2.3148
1 0.2761 2.3146
1 0.2725 2.3144
1 0.2689 2.3141
1 0.2654 2.3137
1 0.2619 2.3132
1 0.2584 2.3127
1 0.2549 2.3120
1 0.2514 2.3112
1 0.2479 2.3103
1 0.2458 2.3098
1 0.2438 2.3092
1 0.2418 2.3084
1 0.2399 2.3075
1 0.2379 2.3066
1 0.2360 2.3056
1 0.2342 2.3045
1 0.2324 2.3033
1 0.2307 2.3022
1 0.2290 2.3008
1 0.2274 2.2994
1 0.2258 2.2980
1 0.2243 2.2965
1 0.2229 2.2949
1 0.2216 2.2932
1 0.2203 2.2915
1 0.2190 2.2898
1 0.2179 2.2880
1 0.2169 2.2861
1 0.2159 2.2842
1 0.2150 2.2823
1 0.2142 2.2803
1 0.2135 2.2783
1 0.2129 2.2763
1 0.2123 2.2742
1 0.2118 2.2721
1 0.2115 2.2700
1 0.2112 2.2679
1 0.2110 2.2658
1 0.2110 2.2636
1 0.2110 2.2615
1 0.2110 2.2593
1 0.2113 2.2572
1 0.2115 2.2551
1 0.2120 2.2530
1 0.2124 2.2509
1 0.2129 2.2489
1 0.2136 2.2469
1 0.2143 2.2448
1 0.2152 2.2429
1 0.2161 2.2409
1 0.2171 2.2390
1 0.2181 2.2372
1 0.2192 2.2354
1 0.2205 2.2336
1 0.2218 2.2319
1 0.2232 2.2303
1 0.2246 2.2287
1 0.2261 2.2273
1 0.2277 2.2258
1 0.2293 2.2244
1 0.2310 2.2231
1 0.2328 2.2219
1 0.2346 2.2207
1 0.2364 2.2197
1 0.2383 2.2187
1 0.2422 2.2168
1 0.2461 2.2150
1 0.2500 2.2133
1 0.2539 2.2115
1 0.2579 2.2099
1 0.2619 2.2083
1 0.2659 2.2067
1 0.2699 2.2053
1 0.2739 2.2039
1 0.2780 2.2026
1 0.2821 2.2012
1 0.2862 2.2000
1 0.2904 2.1988
1 0.2945 2.1977
1 0.2986 2.1967
1 0.3028 2.1957
1 0.3041 2.1953
1 0.3053 2.1948
1 0.3065 2.1944
1 0.3076 2.1937
1 0.3087 2.1930
1 0.3097 2.1923
1 0.3107 2.1914
1 0.3116 2.1905
1 0.3125 2.1895
1 0.3132 2.1884
1 0.3139 2.1874
1 0.3145 2.1862
1 0.3150 2.1850
1 0.3154 2.1837
1 0.3157 2.1825
1 0.3159 2.1812
1 0.3160 2.1799
1 0.3161 2.1786
1 0.3160 2.1774
1 0.3158 2.1760
1 0.3156 2.1748
1 0.3152 2.1735
1 0.3147 2.1723
1 0.3142 2.1711
1 0.3136 2.1700
1 0.3128 2.1690
1 0.3121 2.1679
1 0.3111 2.1669
1 0.3102 2.1661
1 0.3092 2.1652
1 0.3081 2.1645
1 0.3070 2.1638
1 0.3058 2.1633
1 0.3046 2.1628
1 0.3034 2.1624
1 0.3021 2.1621
1 0.2992 2.1616
1 0.2962 2.1612
1 0.2931 2.1608
1 0.2901 2.1605
1 0.2871 2.1604
1 0.2840 2.1603
1 0.2810 2.1603
1 0.2779 2.1604
1 0.2749 2.1606
1 0.2719 2.1609
1 0.2689 2.1613
1 0.2659 2.1617
1 0.2628 2.1623
1 0.2598 2.1629
1 0.2569 2.1637
1 0.2540 2.1645
1 0.2511 2.1654
1 0.2482 2.1664
1 0.2453 2.1674
1 0.2426 2.1686
1 0.2398 2.1699
1 0.2370 2.1712
1 0.2343 2.1726
1 0.2316 2.1741
1 0.2290 2.1756
1 0.2265 2.1772
1 0.2239 2.1790
1 0.2215 2.1807
1 0.2055 2.1451
1 0.2085 2.1432
1 0.2116 2.1413
1 0.2148 2.1395
1 0.2179 2.1379
1 0.2211 2.1362
1 0.2243 2.1347
1 0.2276 2.1332
1 0.2310 2.1319
1 0.2344 2.1306
1 0.2377 2.1294
1 0.2412 2.1283
1 0.2447 2.1273
1 0.2481 2.1263
1 0.2516 2.1255
1 0.2551 2.1247
1 0.2587 2.1241
1 0.2622 2.1235
1 0.2657 2.1230
1 0.2693 2.1226
1 0.2729 2.1223
1 0.2765 2.1221
1 0.2801 2.1220
1 0.2837 2.1220
1 0.2873 2.1221
1 0.2908 2.1222
1 0.2945 2.1224
1 0.2981 2.1228
1 0.3016 2.1232
1 0.3052 2.1237
1 0.3087 2.1243
1 0.3123 2.1250
1 0.3158 2.1258
1 0.3193 2.1267
1 0.3227 2.1276
1 0.3261 2.1287
1 0.3296 2.1299
1 0.3315 2.1306
1 0.3335 2.1314
1 0.3354 2.1323
1 0.3373 2.1333
1 0.3391 2.1344
1 0.3409 2.1356
1 0.3426 2.1368
1 0.3443 2.1381
1 0.3459 2.1395
1 0.3475 2.1409
1 0.3489 2.1424
1 0.3504 2.1440
1 0.3517 2.1456
1 0.3531 2.1473
1 0.3543 2.1490
1 0.3554 2.1508
1 0.3564 2.1526
1 0.3574 2.1545
1 0.3583 2.1564
1 0.3592 2.1584
1 0.3599 2.1603
1 0.3606 2.1624
1 0.3611 2.1645
1 0.3615 2.1665
1 0.3620 2.1686
1 0.3622 2.1707
1 0.3625 2.1728
1 0.3625 2.1749
1 0.3626 2.1771
1 0.3625 2.1792
1 0.3623 2.1813
1 0.3621 2.1834
1 0.3618 2.1855
1 0.3613 2.1876
1 0.3608 2.1896
1 0.3602 2.1916
1 0.3594 2.1937
1 0.3587 2.1956
1 0.3578 2.1975
1 0.3569 2.1995
1 0.3558 2.2013
1 0.3547 2.2031
1 0.3535 2.2049
1 0.3522 2.2065
1 0.3509 2.2082
1 0.3495 2.2098
1 0.3480 2.2113
1 0.3465 2.2128
1 0.3449 2.2142
1 0.3433 2.2155
1 0.3415 2.2168
1 0.3398 2.2179
1 0.3366 2.2199
1 0.3333 2.2219
1 0.3301 2.2237
1 0.3268 2.2255
1 0.3234 2.2272
1 0.3200 2.2288
1 0.3165 2.2303
1 0.3131 2.2318
1 0.3096 2.2332
1 0.3060 2.2345
1 0.3025 2.2358
1 0.2989 2.2370
1 0.2953 2.2381
1 0.2917 2.2391
1 0.2881 2.2400
1 0.2843 2.2408
1 0.2807 2.2416
1 0.2770 2.2423
1 0.2733 2.2429
1 0.2695 2.2435
1 0.2683 2.2438
1 0.2671 2.2443
1 0.2660 2.2450
1 0.2650 2.2456
1 0.2639 2.2464
1 0.2629 2.2472
1 0.2620 2.2481
1 0.2612 2.2491
1 0.2604 2.2501
1 0.2598 2.2512
1 0.2591 2.2523
1 0.2587 2.2535
1 0.2582 2.2547
1 0.2579 2.2560
1 0.2577 2.2572
1 0.2576 2.2585
1 0.2575 2.2598
1 0.2576 2.2611
1 0.2577 2.2623
1 0.2580 2.2636
1 0.2584 2.2648
1 0.2589 2.2660
1 0.2594 2.2672
1 0.2600 2.2683
1 0.2608 2.2693
1 0.2615 2.2703
1 0.2624 2.2713
1 0.2633 2.2721
1 0.2643 2.2730
1 0.2654 2.2737
1 0.2665 2.2743
1 0.2676 2.2749
1 0.2688 2.2753
1 0.2701 2.2757
1 0.2713 2.2760
1 0.2726 2.2761
1 0.2756 2.2764
1 0.2787 2.2766
1 0.2817 2.2767
1 0.2848 2.2767
1 0.2878 2.2765
1 0.2908 2.2764
1 0.2939 2.2761
1 0.2969 2.2757
1 0.2999 2.2753
1 0.3029 2.2747
1 0.3058 2.2741
1 0.3088 2.2734
1 0.3118 2.2726
1 0.3146 2.2716
1 0.3176 2.2707
1 0.3204 2.2696
1 0.3233 2.2685
1 0.3260 2.2672
1 0.3288 2.2660
1 0.3315 2.2646
1 0.3341 2.2631
1 0.3368 2.2615
1 0.3394 2.2599
1 0.3419 2.2582
1 0.3577 2.2934
112 1252 64
0 -0.0486 2.2730
1 -0.0469 2.2730
1 -0.0453 2.2732
1 -0.0437 2.2734
1 -0.0421 2.2737
1 -0.0405 2.2741
1 -0.0389 2.2746
1 -0.0373 2.2751
1 -0.0358 2.2758
1 -0.0343 2.2765
1 -0.0329 2.2772
1 -0.0315 2.2781
1 -0.0301 2.2790
1 -0.0288 2.2800
1 -0.0276 2.2811
1 -0.0264 2.2822
1 -0.0253 2.2834
1 -0.0241 2.2847
1 -0.0232 2.2860
1 -0.0223 2.2873
1 -0.0214 2.2887
1 -0.0206 2.2902
1 -0.0199 2.2917
1 -0.0192 2.2932
1 -0.0187 2.2947
1 -0.0183 2.2963
1 -0.0178 2.2979
1 -0.0176 2.2995
1 -0.0174 2.3011
1 -0.0172 2.3028
1 -0.0171 2.3044
1 -0.0172 2.3061
1 -0.0174 2.3077
1 -0.0176 2.3093
1 -0.0178 2.3109
1 -0.0183 2.3125
1 -0.0187 2.3141
1 -0.0192 2.3157
1 -0.0199 2.3172
1 -0.0206 2.3187
1 -0.0214 2.3201
1 -0.0223 2.3215
1 -0.0232 2.3229
1 -0.0241 2.3241
1 -0.0253 2.3254
1 -0.0264 2.3266
1 -0.0276 2.3277
1 -0.0288 2.3288
1 -0.0301 2.3298
1 -0.0315 2.3307
1 -0.0329 2.3316
1 -0.0343 2.3324
1 -0.0358 2.3331
1 -0.0373 2.3337
1 -0.0389 2.3343
1 -0.0405 2.3347
1 -0.0421 2.3351
1 -0.0437 2.3354
1 -0.0453 2.3356
1 -0.0469 2.3358
1 -0.0486 2.3358
1 -0.1072 2.3358
1 -0.1072 2.2730
1 -0.0486 2.2730
112 1252 58
0 -0.0914 1.8669
1 -0.1567 1.8669
1 -0.1564 1.8687
1 -0.1562 1.8703
1 -0.1558 1.8720
1 -0.1553 1.8737
1 -0.1548 1.8754
1 -0.1541 1.8770
1 -0.1534 1.8785
1 -0.1526 1.8801
1 -0.1517 1.8815
1 -0.1507 1.8830
1 -0.1497 1.8844
1 -0.1485 1.8857
1 -0.1474 1.8870
1 -0.1462 1.8882
1 -0.1448 1.8893
1 -0.1434 1.8904
1 -0.1420 1.8913
1 -0.1406 1.8922
1 -0.1390 1.8931
1 -0.1375 1.8938
1 -0.1359 1.8946
1 -0.1343 1.8951
1 -0.1326 1.8956
1 -0.1309 1.8960
1 -0.1292 1.8964
1 -0.1275 1.8966
1 -0.1257 1.8967
1 -0.1240 1.8967
1 -0.1223 1.8967
1 -0.1205 1.8966
1 -0.1189 1.8964
1 -0.1171 1.8960
1 -0.1154 1.8956
1 -0.1137 1.8951
1 -0.1121 1.8946
1 -0.1105 1.8938
1 -0.1090 1.8931
1 -0.1075 1.8922
1 -0.1060 1.8913
1 -0.1046 1.8904
1 -0.1032 1.8893
1 -0.1019 1.8882
1 -0.1007 1.8870
1 -0.0995 1.8857
1 -0.0983 1.8844
1 -0.0973 1.8830
1 -0.0963 1.8815
1 -0.0955 1.8801
1 -0.0946 1.8785
1 -0.0939 1.8770
1 -0.0932 1.8754
1 -0.0927 1.8737
1 -0.0923 1.8720
1 -0.0918 1.8703
1 -0.0916 1.8687
1 -0.0914 1.8669
112 1252 58
0 0.5342 1.8669
1 0.5341 1.8687
1 0.5337 1.8703
1 0.5334 1.8720
1 0.5329 1.8737
1 0.5324 1.8754
1 0.5317 1.8770
1 0.5310 1.8785
1 0.5302 1.8801
1 0.5293 1.8815
1 0.5283 1.8830
1 0.5272 1.8844
1 0.5262 1.8857
1 0.5250 1.8870
1 0.5237 1.8882
1 0.5224 1.8893
1 0.5211 1.8904
1 0.5196 1.8913
1 0.5181 1.8922
1 0.5166 1.8931
1 0.5151 1.8938
1 0.5135 1.8946
1 0.5118 1.8951
1 0.5102 1.8956
1 0.5085 1.8960
1 0.5068 1.8964
1 0.5050 1.8966
1 0.5034 1.8967
1 0.5016 1.8967
1 0.4999 1.8967
1 0.4981 1.8966
1 0.4964 1.8964
1 0.4947 1.8960
1 0.4930 1.8956
1 0.4914 1.8951
1 0.4897 1.8946
1 0.4881 1.8938
1 0.4866 1.8931
1 0.4850 1.8922
1 0.4836 1.8913
1 0.4822 1.8904
1 0.4808 1.8893
1 0.4795 1.8882
1 0.4782 1.8870
1 0.4771 1.8857
1 0.4759 1.8844
1 0.4749 1.8830
1 0.4739 1.8815
1 0.4731 1.8801
1 0.4722 1.8785
1 0.4715 1.8770
1 0.4708 1.8754
1 0.4703 1.8737
1 0.4698 1.8720
1 0.4694 1.8703
1 0.4691 1.8687
1 0.4689 1.8669
1 0.5342 1.8669
112 1252 94
0 0.6798 2.2109
1 0.6817 2.2112
1 0.6836 2.2116
1 0.6855 2.2119
1 0.6875 2.2120
1 0.6894 2.2121
1 0.6913 2.2121
1 0.6932 2.2121
1 0.6952 2.2120
1 0.6971 2.2118
1 0.6990 2.2115
1 0.7009 2.2112
1 0.7028 2.2108
1 0.7047 2.2103
1 0.7065 2.2098
1 0.7084 2.2091
1 0.7102 2.2084
1 0.7120 2.2077
1 0.7137 2.2069
1 0.7154 2.2060
1 0.7171 2.2050
1 0.7188 2.2040
1 0.7204 2.2029
1 0.7219 2.2018
1 0.7234 2.2006
1 0.7234 2.1734
1 0.7219 2.1722
1 0.7204 2.1711
1 0.7188 2.1700
1 0.7172 2.1690
1 0.7155 2.1680
1 0.7138 2.1671
1 0.7121 2.1662
1 0.7103 2.1654
1 0.7085 2.1647
1 0.7067 2.1641
1 0.7049 2.1635
1 0.7030 2.1630
1 0.7011 2.1626
1 0.6992 2.1622
1 0.6973 2.1620
1 0.6954 2.1617
1 0.6935 2.1616
1 0.6915 2.1615
1 0.6896 2.1615
1 0.6877 2.1616
1 0.6858 2.1617
1 0.6838 2.1620
1 0.6819 2.1623
1 0.6800 2.1626
1 0.6786 2.1630
1 0.6772 2.1635
1 0.6757 2.1640
1 0.6744 2.1646
1 0.6730 2.1654
1 0.6717 2.1662
1 0.6705 2.1670
1 0.6693 2.1680
1 0.6682 2.1690
1 0.6671 2.1701
1 0.6661 2.1712
1 0.6652 2.1724
1 0.6644 2.1737
1 0.6636 2.1750
1 0.6629 2.1764
1 0.6623 2.1778
1 0.6618 2.1792
1 0.6614 2.1806
1 0.6610 2.1821
1 0.6608 2.1836
1 0.6607 2.1851
1 0.6606 2.1867
1 0.6607 2.1882
1 0.6607 2.1897
1 0.6610 2.1912
1 0.6613 2.1927
1 0.6617 2.1942
1 0.6622 2.1955
1 0.6628 2.1969
1 0.6635 2.1984
1 0.6642 2.1997
1 0.6650 2.2009
1 0.6659 2.2021
1 0.6669 2.2033
1 0.6679 2.2044
1 0.6691 2.2054
1 0.6702 2.2064
1 0.6715 2.2072
1 0.6728 2.2081
1 0.6741 2.2088
1 0.6755 2.2095
1 0.6769 2.2100
1 0.6783 2.2105
1 0.6798 2.2109
112 1252 96
0 1.3094 1.7895
1 1.3113 1.7891
1 1.3132 1.7889
1 1.3152 1.7886
1 1.3171 1.7884
1 1.3190 1.7884
1 1.3209 1.7884
1 1.3229 1.7884
1 1.3248 1.7886
1 1.3267 1.7888
1 1.3286 1.7891
1 1.3305 1.7894
1 1.3324 1.7899
1 1.3342 1.7904
1 1.3361 1.7910
1 1.3379 1.7916
1 1.3397 1.7923
1 1.3414 1.7931
1 1.3432 1.7939
1 1.3448 1.7948
1 1.3465 1.7958
1 1.3481 1.7968
1 1.3497 1.7980
1 1.3513 1.7991
1 1.3528 1.8003
1 1.3528 1.8274
1 1.3528 1.8003
1 1.3528 1.8274
1 1.3513 1.8286
1 1.3497 1.8298
1 1.3481 1.8308
1 1.3464 1.8319
1 1.3448 1.8328
1 1.3431 1.8337
1 1.3413 1.8346
1 1.3395 1.8353
1 1.3377 1.8360
1 1.3359 1.8366
1 1.3341 1.8372
1 1.3322 1.8376
1 1.3303 1.8381
1 1.3284 1.8384
1 1.3264 1.8387
1 1.3245 1.8388
1 1.3226 1.8390
1 1.3207 1.8390
1 1.3187 1.8390
1 1.3168 1.8389
1 1.3149 1.8387
1 1.3129 1.8385
1 1.3110 1.8381
1 1.3091 1.8377
1 1.3077 1.8374
1 1.3063 1.8369
1 1.3048 1.8363
1 1.3035 1.8357
1 1.3021 1.8350
1 1.3008 1.8341
1 1.2996 1.8332
1 1.2984 1.8323
1 1.2973 1.8313
1 1.2963 1.8302
1 1.2953 1.8290
1 1.2944 1.8278
1 1.2935 1.8265
1 1.2928 1.8252
1 1.2921 1.8238
1 1.2916 1.8224
1 1.2911 1.8210
1 1.2907 1.8195
1 1.2903 1.8180
1 1.2901 1.8166
1 1.2900 1.8150
1 1.2900 1.8135
1 1.2900 1.8120
1 1.2902 1.8105
1 1.2904 1.8090
1 1.2907 1.8075
1 1.2911 1.8061
1 1.2916 1.8046
1 1.2923 1.8032
1 1.2929 1.8019
1 1.2937 1.8005
1 1.2945 1.7993
1 1.2955 1.7981
1 1.2965 1.7970
1 1.2975 1.7959
1 1.2986 1.7949
1 1.2998 1.7939
1 1.3011 1.7931
1 1.3023 1.7922
1 1.3037 1.7915
1 1.3051 1.7909
1 1.3065 1.7903
1 1.3079 1.7899
1 1.3094 1.7895
112 1251 240
0 -1.1650 0.7930
1 -1.1670 0.7918
1 -1.1691 0.7907
1 -1.1710 0.7894
1 -1.1729 0.7881
1 -1.1749 0.7867
1 -1.1768 0.7853
1 -1.1787 0.7839
1 -1.1805 0.7825
1 -1.1823 0.7811
1 -1.1840 0.7795
1 -1.1858 0.7780
1 -1.1875 0.7764
1 -1.1892 0.7748
1 -1.1909 0.7732
1 -1.1926 0.7715
1 -1.1942 0.7698
1 -1.1957 0.7681
1 -1.1973 0.7664
1 -1.1988 0.7645
1 -1.2003 0.7627
1 -1.2017 0.7609
1 -1.2031 0.7590
1 -1.2045 0.7571
1 -1.2058 0.7552
1 -1.2071 0.7533
1 -1.2084 0.7513
1 -1.2096 0.7493
1 -1.2108 0.7473
1 -1.2119 0.7452
1 -1.2130 0.7432
1 -1.2142 0.7411
1 -1.2151 0.7390
1 -1.2162 0.7369
1 -1.2171 0.7348
1 -1.2180 0.7326
1 -1.2189 0.7304
1 -1.2197 0.7283
1 -1.2205 0.7260
1 -1.2213 0.7239
1 -1.2220 0.7216
1 -1.2226 0.7194
1 -1.2232 0.7172
1 -1.2239 0.7149
1 -1.2244 0.7126
1 -1.2249 0.7103
1 -1.2253 0.7081
1 -1.2258 0.7057
1 -1.2261 0.7034
1 -1.2265 0.7011
1 -1.2268 0.6988
1 -1.2270 0.6964
1 -1.2272 0.6941
1 -1.2273 0.6918
1 -1.2274 0.6894
1 -1.2275 0.6871
1 -1.2275 0.6848
1 -1.2275 0.2750
1 -1.4776 0.2750
1 -1.4776 2.9250
1 -1.5711 2.9009
1 -1.5721 2.9006
1 -1.5732 2.9004
1 -1.5743 2.9002
1 -1.5753 2.9001
1 -1.5765 2.9000
1 -1.5775 2.9000
1 -1.5786 2.9000
1 -1.5797 2.9001
1 -1.5808 2.9002
1 -1.5819 2.9004
1 -1.5830 2.9006
1 -1.5840 2.9009
1 -1.5851 2.9011
1 -1.5861 2.9015
1 -1.5871 2.9019
1 -1.5881 2.9023
1 -1.5891 2.9028
1 -1.5901 2.9033
1 -1.5910 2.9039
1 -1.5919 2.9045
1 -1.5928 2.9051
1 -1.5936 2.9058
1 -1.5945 2.9065
1 -1.5952 2.9073
1 -1.5960 2.9081
1 -1.5967 2.9089
1 -1.5974 2.9098
1 -1.5980 2.9107
1 -1.5986 2.9116
1 -1.5992 2.9125
1 -1.5997 2.9135
1 -1.6002 2.9144
1 -1.6006 2.9154
1 -1.6010 2.9165
1 -1.6014 2.9175
1 -1.6017 2.9185
1 -1.6020 2.9196
1 -1.6022 2.9207
1 -1.6023 2.9217
1 -1.6024 2.9228
1 -1.6025 2.9239
1 -1.6025 2.9250
1 -1.6025 2.9261
1 -1.6024 2.9272
1 -1.6023 2.9282
1 -1.6022 2.9294
1 -1.6020 2.9304
1 -1.6017 2.9315
1 -1.3525 3.2750
1 -1.1034 2.9315
1 -1.1031 2.9304
1 -1.1029 2.9294
1 -1.1028 2.9282
1 -1.1026 2.9272
1 -1.1026 2.9261
1 -1.1026 2.9250
1 -1.1026 2.9239
1 -1.1026 2.9228
1 -1.1028 2.9217
1 -1.1029 2.9207
1 -1.1031 2.9196
1 -1.1034 2.9185
1 -1.1037 2.9175
1 -1.1040 2.9165
1 -1.1045 2.9154
1 -1.1049 2.9144
1 -1.1054 2.9135
1 -1.1059 2.9125
1 -1.1064 2.9116
1 -1.1071 2.9107
1 -1.1077 2.9098
1 -1.1084 2.9089
1 -1.1091 2.9081
1 -1.1099 2.9073
1 -1.1106 2.9065
1 -1.1115 2.9058
1 -1.1123 2.9051
1 -1.1132 2.9045
1 -1.1141 2.9039
1 -1.1150 2.9033
1 -1.1160 2.9028
1 -1.1170 2.9023
1 -1.1180 2.9019
1 -1.1190 2.9015
1 -1.1200 2.9011
1 -1.1211 2.9009
1 -1.1221 2.9006
1 -1.1232 2.9004
1 -1.1243 2.9002
1 -1.1254 2.9001
1 -1.1264 2.9000
1 -1.1276 2.9000
1 -1.1286 2.9000
1 -1.1297 2.9001
1 -1.1308 2.9002
1 -1.1319 2.9004
1 -1.1329 2.9006
1 -1.1340 2.9009
1 -1.2275 2.9250
1 -1.2275 1.0457
1 -1.2275 1.0439
1 -1.2274 1.0422
1 -1.2273 1.0405
1 -1.2272 1.0387
1 -1.2270 1.0371
1 -1.2267 1.0354
1 -1.2264 1.0336
1 -1.2261 1.0319
1 -1.2256 1.0303
1 -1.2252 1.0286
1 -1.2247 1.0270
1 -1.2242 1.0254
1 -1.2236 1.0237
1 -1.2230 1.0221
1 -1.2223 1.0205
1 -1.2216 1.0190
1 -1.2208 1.0174
1 -1.2200 1.0159
1 -1.2192 1.0144
1 -1.2183 1.0129
1 -1.2174 1.0114
1 -1.2164 1.0100
1 -1.2154 1.0086
1 -1.2144 1.0072
1 -1.2133 1.0059
1 -1.2122 1.0046
1 -1.2110 1.0033
1 -1.2098 1.0020
1 -1.2086 1.0009
1 -1.2074 0.9997
1 -1.2061 0.9985
1 -1.2048 0.9974
1 -1.2034 0.9963
1 -1.2020 0.9953
1 -1.2006 0.9943
1 -1.1992 0.9933
1 -1.1978 0.9924
1 -1.1963 0.9915
1 -1.1948 0.9906
1 -1.1933 0.9899
1 -1.1917 0.9891
1 -1.1901 0.9884
1 -1.1885 0.9877
1 -1.1869 0.9871
1 -1.1853 0.9865
1 -1.1837 0.9859
1 -1.1820 0.9855
1 -1.1804 0.9850
1 -1.1787 0.9846
1 -1.1770 0.9843
1 -1.1753 0.9840
1 -1.1736 0.9837
1 -1.1719 0.9835
1 -1.1702 0.9834
1 -1.1685 0.9832
1 -1.1668 0.9832
1 -1.1650 0.9832
1 -1.1633 0.9832
1 -1.1616 0.9832
1 -1.1599 0.9834
1 -1.1582 0.9835
1 -1.1565 0.9837
1 -1.1547 0.9840
1 -1.1530 0.9843
1 -1.1514 0.9846
1 -1.1497 0.9850
1 -1.1480 0.9855
1 -1.1464 0.9859
1 -1.1447 0.9865
1 -1.1431 0.9871
1 -1.1415 0.9877
1 -1.1399 0.9884
1 -1.1383 0.9891
1 -1.1368 0.9899
1 -1.1353 0.9906
1 -1.1338 0.9915
1 -1.1311 0.9931
1 -1.0529 0.8578
1 -1.1650 0.7930
112 1251 5
0 -0.7455 1.0352
1 -0.8236 1.1706
1 -0.9319 1.1081
1 -0.8538 0.9728
1 -0.7455 1.0352
112 1251 5
0 -0.7001 1.0615
1 -0.5918 1.1240
1 -0.6699 1.2593
1 -0.7782 1.1968
1 -0.7782 1.1968
112 1251 90
0 -0.6245 1.2856
1 -0.5463 1.1502
1 -0.5008 1.1765
1 -0.4868 1.1846
1 -0.4715 1.1269
1 -0.4713 1.1260
1 -0.4710 1.1252
1 -0.4707 1.1244
1 -0.4703 1.1236
1 -0.4699 1.1229
1 -0.4695 1.1222
1 -0.4690 1.1215
1 -0.4684 1.1208
1 -0.4680 1.1202
1 -0.4673 1.1196
1 -0.4667 1.1190
1 -0.4661 1.1184
1 -0.4654 1.1179
1 -0.4647 1.1174
1 -0.4640 1.1170
1 -0.4632 1.1166
1 -0.4624 1.1162
1 -0.4617 1.1159
1 -0.4609 1.1156
1 -0.4600 1.1154
1 -0.4592 1.1152
1 -0.4584 1.1150
1 -0.4575 1.1149
1 -0.4567 1.1148
1 -0.4558 1.1148
1 -0.4550 1.1148
1 -0.4542 1.1149
1 -0.4533 1.1150
1 -0.4525 1.1152
1 -0.4516 1.1154
1 -0.4508 1.1156
1 -0.4500 1.1159
1 -0.4493 1.1162
1 -0.4485 1.1166
1 -0.4477 1.1170
1 -0.4470 1.1174
1 -0.4463 1.1179
1 -0.4456 1.1184
1 -0.4450 1.1190
1 -0.4444 1.1196
1 -0.3364 1.3616
1 -0.6000 1.3892
1 -0.6009 1.3890
1 -0.6016 1.3887
1 -0.6024 1.3884
1 -0.6032 1.3880
1 -0.6040 1.3876
1 -0.6047 1.3872
1 -0.6054 1.3867
1 -0.6061 1.3861
1 -0.6067 1.3856
1 -0.6073 1.3850
1 -0.6079 1.3844
1 -0.6084 1.3838
1 -0.6090 1.3831
1 -0.6095 1.3824
1 -0.6099 1.3817
1 -0.6103 1.3809
1 -0.6107 1.3801
1 -0.6110 1.3793
1 -0.6113 1.3786
1 -0.6115 1.3777
1 -0.6117 1.3769
1 -0.6119 1.3761
1 -0.6120 1.3752
1 -0.6121 1.3744
1 -0.6121 1.3735
1 -0.6121 1.3727
1 -0.6120 1.3719
1 -0.6119 1.3710
1 -0.6117 1.3702
1 -0.6115 1.3693
1 -0.6113 1.3685
1 -0.6110 1.3677
1 -0.6107 1.3670
1 -0.6103 1.3662
1 -0.6099 1.3654
1 -0.6095 1.3647
1 -0.6090 1.3640
1 -0.6084 1.3633
1 -0.6079 1.3627
1 -0.6073 1.3621
1 -0.5649 1.3199
1 -0.5790 1.3118
1 -0.6245 1.2856
112 1251 5
0 -0.9773 1.0819
1 -0.8992 0.9465
1 -1.0075 0.8840
1 -1.0856 1.0193
1 -0.9773 1.0819
112 1251 9
0 -0.8923 0.5250
1 -0.9775 0.2750
1 -0.9365 0.2750
1 -0.9365 0.2750
1 -0.9124 0.3456
1 -0.8333 0.3456
1 -0.8092 0.2750
1 -0.7681 0.2750
1 -0.8534 0.5250
112 1251 224
0 0.1943 0.3880
1 0.1943 0.2750
1 0.1464 0.2750
1 0.1464 0.4647
1 0.1943 0.4647
1 0.1943 0.4591
1 0.1968 0.4600
1 0.1994 0.4609
1 0.2020 0.4617
1 0.2047 0.4625
1 0.2073 0.4630
1 0.2101 0.4636
1 0.2128 0.4640
1 0.2155 0.4643
1 0.2183 0.4646
1 0.2210 0.4647
1 0.2237 0.4647
1 0.2265 0.4647
1 0.2293 0.4645
1 0.2320 0.4642
1 0.2347 0.4639
1 0.2374 0.4634
1 0.2401 0.4628
1 0.2428 0.4622
1 0.2454 0.4614
1 0.2480 0.4606
1 0.2506 0.4597
1 0.2531 0.4586
1 0.2556 0.4575
1 0.2581 0.4563
1 0.2605 0.4550
1 0.2629 0.4536
1 0.2652 0.4521
1 0.2675 0.4506
1 0.2697 0.4490
1 0.2719 0.4473
1 0.2740 0.4455
1 0.2760 0.4437
1 0.2780 0.4454
1 0.2799 0.4471
1 0.2820 0.4488
1 0.2841 0.4503
1 0.2862 0.4518
1 0.2885 0.4533
1 0.2907 0.4546
1 0.2930 0.4558
1 0.2954 0.4570
1 0.2978 0.4582
1 0.3002 0.4592
1 0.3027 0.4601
1 0.3051 0.4609
1 0.3077 0.4617
1 0.3102 0.4624
1 0.3128 0.4630
1 0.3153 0.4635
1 0.3179 0.4640
1 0.3205 0.4642
1 0.3231 0.4645
1 0.3258 0.4647
1 0.3284 0.4647
1 0.3310 0.4647
1 0.3337 0.4646
1 0.3363 0.4644
1 0.3389 0.4640
1 0.3415 0.4637
1 0.3440 0.4632
1 0.3466 0.4626
1 0.3492 0.4620
1 0.3517 0.4612
1 0.3542 0.4604
1 0.3566 0.4595
1 0.3591 0.4585
1 0.3615 0.4574
1 0.3639 0.4563
1 0.3662 0.4550
1 0.3685 0.4537
1 0.3707 0.4523
1 0.3729 0.4508
1 0.3750 0.4493
1 0.3771 0.4476
1 0.3791 0.4460
1 0.3810 0.4442
1 0.3830 0.4424
1 0.3848 0.4405
1 0.3865 0.4385
1 0.3882 0.4366
1 0.3898 0.4345
1 0.3914 0.4324
1 0.3929 0.4302
1 0.3943 0.4280
1 0.3956 0.4257
1 0.3969 0.4234
1 0.3981 0.4211
1 0.3991 0.4187
1 0.4002 0.4162
1 0.4011 0.4138
1 0.4019 0.4113
1 0.4027 0.4088
1 0.4033 0.4062
1 0.4040 0.4037
1 0.4045 0.4011
1 0.4048 0.3985
1 0.4052 0.3959
1 0.4054 0.3933
1 0.4055 0.3906
1 0.4056 0.3880
1 0.4056 0.2750
1 0.3578 0.2750
1 0.3578 0.3880
1 0.3577 0.3896
1 0.3576 0.3912
1 0.3573 0.3928
1 0.3571 0.3944
1 0.3566 0.3960
1 0.3562 0.3975
1 0.3556 0.3991
1 0.3549 0.4005
1 0.3542 0.4020
1 0.3534 0.4034
1 0.3524 0.4047
1 0.3515 0.4061
1 0.3504 0.4073
1 0.3493 0.4084
1 0.3481 0.4096
1 0.3468 0.4106
1 0.3456 0.4116
1 0.3443 0.4125
1 0.3429 0.4133
1 0.3414 0.4141
1 0.3399 0.4147
1 0.3384 0.4153
1 0.3368 0.4158
1 0.3353 0.4162
1 0.3337 0.4166
1 0.3321 0.4168
1 0.3305 0.4169
1 0.3289 0.4169
1 0.3272 0.4169
1 0.3256 0.4168
1 0.3240 0.4166
1 0.3224 0.4162
1 0.3208 0.4158
1 0.3193 0.4153
1 0.3177 0.4147
1 0.3163 0.4141
1 0.3149 0.4133
1 0.3135 0.4125
1 0.3121 0.4116
1 0.3108 0.4106
1 0.3095 0.4096
1 0.3083 0.4084
1 0.3072 0.4073
1 0.3062 0.4061
1 0.3052 0.4047
1 0.3044 0.4034
1 0.3035 0.4020
1 0.3027 0.4005
1 0.3021 0.3991
1 0.3015 0.3975
1 0.3010 0.3960
1 0.3007 0.3944
1 0.3003 0.3928
1 0.3001 0.3912
1 0.2999 0.3896
1 0.2999 0.3880
1 0.2999 0.2750
1 0.2521 0.2750
1 0.2521 0.3880
1 0.2521 0.3896
1 0.2519 0.3912
1 0.2517 0.3928
1 0.2514 0.3944
1 0.2509 0.3960
1 0.2505 0.3975
1 0.2499 0.3991
1 0.2493 0.4005
1 0.2485 0.4020
1 0.2477 0.4034
1 0.2467 0.4047
1 0.2458 0.4061
1 0.2447 0.4073
1 0.2437 0.4084
1 0.2425 0.4096
1 0.2412 0.4106
1 0.2399 0.4116
1 0.2386 0.4125
1 0.2372 0.4133
1 0.2358 0.4141
1 0.2342 0.4147
1 0.2328 0.4153
1 0.2312 0.4158
1 0.2296 0.4162
1 0.2280 0.4166
1 0.2264 0.4168
1 0.2248 0.4169
1 0.2232 0.4169
1 0.2215 0.4169
1 0.2199 0.4168
1 0.2183 0.4166
1 0.2167 0.4162
1 0.2152 0.4158
1 0.2136 0.4153
1 0.2121 0.4147
1 0.2106 0.4141
1 0.2092 0.4133
1 0.2078 0.4125
1 0.2064 0.4116
1 0.2051 0.4106
1 0.2039 0.4096
1 0.2027 0.4084
1 0.2016 0.4073
1 0.2006 0.4061
1 0.1996 0.4047
1 0.1987 0.4034
1 0.1978 0.4020
1 0.1971 0.4005
1 0.1964 0.3991
1 0.1959 0.3975
1 0.1954 0.3960
1 0.1949 0.3944
1 0.1947 0.3928
1 0.1944 0.3912
1 0.1943 0.3896
1 0.1943 0.3880
112 1252 4
0 -0.8465 0.3844
1 -0.8728 0.4616
1 -0.8728 0.4616
1 -0.8992 0.3844
