ID-1b1
3405 14 1 1 0 0 0 0 0 0 1 1
1.000
112 1252 227
0 0.9203 0.0000
1 0.9219 0.0000
1 0.9235 0.0001
1 0.9251 0.0002
1 0.9267 0.0003
1 0.9283 0.0006
1 0.9298 0.0008
1 0.9314 0.0011
1 0.9330 0.0015
1 0.9345 0.0018
1 0.9360 0.0023
1 0.9376 0.0027
1 0.9391 0.0033
1 0.9406 0.0038
1 0.9421 0.0044
1 0.9435 0.0051
1 0.9450 0.0057
1 0.9464 0.0065
1 0.9478 0.0072
1 0.9491 0.0080
1 0.9505 0.0089
1 0.9519 0.0097
1 0.9531 0.0106
1 0.9544 0.0116
1 0.9557 0.0126
1 0.9568 0.0136
1 0.9580 0.0147
1 0.9592 0.0158
1 0.9603 0.0169
1 0.9614 0.0180
1 0.9625 0.0192
1 0.9635 0.0205
1 0.9645 0.0217
1 0.9655 0.0230
1 0.9664 0.0243
1 0.9673 0.0256
1 0.9681 0.0270
1 0.9689 0.0283
1 0.9697 0.0298
1 0.9704 0.0312
1 0.9711 0.0326
1 0.9717 0.0341
1 0.9723 0.0355
1 0.9729 0.0371
1 0.9734 0.0385
1 0.9739 0.0401
1 0.9743 0.0416
1 0.9747 0.0432
1 0.9750 0.0447
1 0.9753 0.0463
1 0.9755 0.0478
1 0.9757 0.0494
1 0.9759 0.0510
1 0.9760 0.0526
1 0.9761 0.0542
1 0.9761 0.0558
1 0.9761 0.7168
1 0.9761 0.7184
1 0.9760 0.7200
1 0.9759 0.7216
1 0.9757 0.7232
1 0.9755 0.7248
1 0.9753 0.7263
1 0.9750 0.7279
1 0.9747 0.7295
1 0.9743 0.7311
1 0.9739 0.7326
1 0.9734 0.7341
1 0.9729 0.7356
1 0.9723 0.7371
1 0.9717 0.7385
1 0.9711 0.7400
1 0.9704 0.7415
1 0.9697 0.7429
1 0.9689 0.7443
1 0.9681 0.7456
1 0.9673 0.7470
1 0.9664 0.7483
1 0.9655 0.7497
1 0.9645 0.7509
1 0.9635 0.7522
1 0.9625 0.7534
1 0.9614 0.7546
1 0.9603 0.7557
1 0.9592 0.7569
1 0.9580 0.7579
1 0.9568 0.7590
1 0.9557 0.7600
1 0.9544 0.7610
1 0.9531 0.7619
1 0.9519 0.7629
1 0.9505 0.7637
1 0.9491 0.7646
1 0.9478 0.7654
1 0.9464 0.7662
1 0.9450 0.7669
1 0.9435 0.7676
1 0.9421 0.7683
1 0.9406 0.7688
1 0.9391 0.7694
1 0.9376 0.7699
1 0.9360 0.7703
1 0.9345 0.7708
1 0.9330 0.7712
1 0.9314 0.7715
1 0.9298 0.7718
1 0.9283 0.7721
1 0.9267 0.7723
1 0.9251 0.7724
1 0.9235 0.7726
1 0.9219 0.7726
1 0.9203 0.7726
1 -0.7295 0.7726
1 -0.7311 0.7726
1 -0.7327 0.7726
1 -0.7342 0.7724
1 -0.7358 0.7723
1 -0.7374 0.7721
1 -0.7390 0.7718
1 -0.7405 0.7715
1 -0.7421 0.7712
1 -0.7436 0.7708
1 -0.7451 0.7704
1 -0.7466 0.7699
1 -0.7481 0.7694
1 -0.7496 0.7689
1 -0.7510 0.7683
1 -0.7525 0.7677
1 -0.7540 0.7670
1 -0.7553 0.7663
1 -0.7567 0.7655
1 -0.7581 0.7648
1 -0.7594 0.7640
1 -0.7608 0.7630
1 -0.7621 0.7621
1 -0.7633 0.7612
1 -0.7646 0.7603
1 -0.7658 0.7592
1 -0.7670 0.7582
1 -0.7681 0.7571
1 -0.7692 0.7560
1 -0.7703 0.7549
1 -0.7714 0.7537
1 -0.7724 0.7525
1 -0.7734 0.7512
1 -0.7744 0.7500
1 -0.7753 0.7488
1 -0.7762 0.7474
1 -0.7770 0.7461
1 -0.7778 0.7447
1 -0.9686 0.4142
1 -0.9694 0.4128
1 -0.9702 0.4114
1 -0.9709 0.4100
1 -0.9715 0.4086
1 -0.9721 0.4071
1 -0.9727 0.4056
1 -0.9732 0.4041
1 -0.9737 0.4027
1 -0.9741 0.4011
1 -0.9745 0.3996
1 -0.9749 0.3981
1 -0.9752 0.3965
1 -0.9755 0.3950
1 -0.9757 0.3934
1 -0.9759 0.3918
1 -0.9760 0.3902
1 -0.9761 0.3887
1 -0.9761 0.3871
1 -0.9761 0.3855
1 -0.9761 0.3839
1 -0.9760 0.3824
1 -0.9759 0.3808
1 -0.9757 0.3792
1 -0.9755 0.3777
1 -0.9752 0.3761
1 -0.9749 0.3745
1 -0.9745 0.3730
1 -0.9741 0.3715
1 -0.9737 0.3700
1 -0.9732 0.3685
1 -0.9727 0.3670
1 -0.9721 0.3655
1 -0.9715 0.3641
1 -0.9709 0.3626
1 -0.9702 0.3612
1 -0.9694 0.3598
1 -0.9686 0.3584
1 -0.7778 0.0279
1 -0.7770 0.0265
1 -0.7762 0.0252
1 -0.7753 0.0239
1 -0.7744 0.0226
1 -0.7734 0.0214
1 -0.7724 0.0201
1 -0.7714 0.0189
1 -0.7703 0.0178
1 -0.7692 0.0166
1 -0.7681 0.0155
1 -0.7670 0.0144
1 -0.7658 0.0134
1 -0.7646 0.0124
1 -0.7633 0.0114
1 -0.7621 0.0105
1 -0.7608 0.0096
1 -0.7594 0.0087
1 -0.7581 0.0078
1 -0.7567 0.0071
1 -0.7553 0.0063
1 -0.7540 0.0056
1 -0.7525 0.0049
1 -0.7510 0.0043
1 -0.7496 0.0037
1 -0.7481 0.0032
1 -0.7466 0.0027
1 -0.7451 0.0022
1 -0.7436 0.0018
1 -0.7421 0.0015
1 -0.7405 0.0011
1 -0.7390 0.0008
1 -0.7374 0.0006
1 -0.7358 0.0003
1 -0.7342 0.0002
1 -0.7327 0.0001
1 -0.7311 0.0000
1 -0.7295 0.0000
1 -0.7295 0.0000
112 1251 217
0 0.9720 0.0558
1 0.9720 0.0543
1 0.9719 0.0528
1 0.9718 0.0512
1 0.9716 0.0497
1 0.9714 0.0482
1 0.9711 0.0466
1 0.9709 0.0451
1 0.9705 0.0437
1 0.9702 0.0421
1 0.9698 0.0407
1 0.9693 0.0392
1 0.9688 0.0378
1 0.9682 0.0364
1 0.9676 0.0350
1 0.9670 0.0336
1 0.9663 0.0322
1 0.9656 0.0308
1 0.9648 0.0295
1 0.9640 0.0282
1 0.9632 0.0269
1 0.9623 0.0257
1 0.9614 0.0244
1 0.9605 0.0233
1 0.9595 0.0221
1 0.9584 0.0209
1 0.9574 0.0198
1 0.9563 0.0187
1 0.9552 0.0177
1 0.9541 0.0167
1 0.9529 0.0157
1 0.9517 0.0147
1 0.9505 0.0138
1 0.9492 0.0129
1 0.9479 0.0121
1 0.9466 0.0113
1 0.9453 0.0106
1 0.9439 0.0099
1 0.9425 0.0092
1 0.9412 0.0085
1 0.9398 0.0079
1 0.9383 0.0074
1 0.9369 0.0069
1 0.9354 0.0064
1 0.9339 0.0060
1 0.9325 0.0056
1 0.9310 0.0052
1 0.9295 0.0049
1 0.9280 0.0047
1 0.9264 0.0045
1 0.9249 0.0043
1 0.9234 0.0042
1 0.9219 0.0042
1 0.9203 0.0042
1 -0.7295 0.0042
1 -0.7295 0.0042
1 -0.7311 0.0042
1 -0.7326 0.0042
1 -0.7342 0.0044
1 -0.7357 0.0045
1 -0.7372 0.0047
1 -0.7388 0.0049
1 -0.7403 0.0053
1 -0.7418 0.0056
1 -0.7433 0.0060
1 -0.7448 0.0065
1 -0.7463 0.0069
1 -0.7477 0.0074
1 -0.7491 0.0080
1 -0.7506 0.0086
1 -0.7519 0.0092
1 -0.7533 0.0099
1 -0.7547 0.0107
1 -0.7560 0.0115
1 -0.7574 0.0123
1 -0.7586 0.0131
1 -0.7599 0.0140
1 -0.7611 0.0149
1 -0.7624 0.0159
1 -0.7635 0.0169
1 -0.7646 0.0179
1 -0.7658 0.0190
1 -0.7669 0.0201
1 -0.7679 0.0212
1 -0.7689 0.0224
1 -0.7699 0.0236
1 -0.7709 0.0248
1 -0.7718 0.0260
1 -0.7726 0.0273
1 -0.7735 0.0286
1 -0.7743 0.0300
1 -0.9651 0.3605
1 -0.9659 0.3618
1 -0.9666 0.3632
1 -0.9673 0.3646
1 -0.9679 0.3660
1 -0.9684 0.3675
1 -0.9690 0.3689
1 -0.9695 0.3704
1 -0.9700 0.3718
1 -0.9704 0.3733
1 -0.9707 0.3748
1 -0.9710 0.3764
1 -0.9713 0.3779
1 -0.9716 0.3794
1 -0.9717 0.3809
1 -0.9718 0.3825
1 -0.9720 0.3840
1 -0.9720 0.3855
1 -0.9720 0.3871
1 -0.9720 0.3886
1 -0.9718 0.3902
1 -0.9717 0.3917
1 -0.9716 0.3932
1 -0.9713 0.3947
1 -0.9710 0.3963
1 -0.9707 0.3978
1 -0.9704 0.3993
1 -0.9700 0.4008
1 -0.9695 0.4022
1 -0.9690 0.4037
1 -0.9684 0.4052
1 -0.9679 0.4066
1 -0.9673 0.4080
1 -0.9666 0.4094
1 -0.9659 0.4108
1 -0.9651 0.4122
1 -0.7743 0.7426
1 -0.7735 0.7440
1 -0.7726 0.7453
1 -0.7718 0.7466
1 -0.7709 0.7478
1 -0.7699 0.7490
1 -0.7689 0.7502
1 -0.7679 0.7514
1 -0.7669 0.7526
1 -0.7658 0.7536
1 -0.7646 0.7547
1 -0.7635 0.7558
1 -0.7624 0.7567
1 -0.7611 0.7577
1 -0.7599 0.7586
1 -0.7586 0.7595
1 -0.7574 0.7603
1 -0.7560 0.7612
1 -0.7547 0.7619
1 -0.7533 0.7627
1 -0.7519 0.7634
1 -0.7506 0.7640
1 -0.7491 0.7646
1 -0.7477 0.7652
1 -0.7463 0.7657
1 -0.7448 0.7662
1 -0.7433 0.7667
1 -0.7418 0.7670
1 -0.7403 0.7674
1 -0.7388 0.7676
1 -0.7372 0.7679
1 -0.7357 0.7681
1 -0.7342 0.7683
1 -0.7326 0.7684
1 -0.7311 0.7685
1 -0.7295 0.7685
1 0.9203 0.7685
1 0.9219 0.7685
1 0.9234 0.7684
1 0.9249 0.7683
1 0.9264 0.7681
1 0.9280 0.7679
1 0.9295 0.7677
1 0.9310 0.7674
1 0.9325 0.7671
1 0.9339 0.7667
1 0.9354 0.7662
1 0.9369 0.7658
1 0.9383 0.7653
1 0.9398 0.7647
1 0.9412 0.7641
1 0.9425 0.7635
1 0.9439 0.7628
1 0.9453 0.7621
1 0.9466 0.7613
1 0.9479 0.7606
1 0.9492 0.7597
1 0.9505 0.7588
1 0.9517 0.7579
1 0.9529 0.7569
1 0.9541 0.7560
1 0.9552 0.7549
1 0.9563 0.7539
1 0.9574 0.7528
1 0.9584 0.7517
1 0.9595 0.7506
1 0.9605 0.7494
1 0.9614 0.7482
1 0.9623 0.7469
1 0.9632 0.7457
1 0.9640 0.7444
1 0.9648 0.7431
1 0.9656 0.7418
1 0.9663 0.7404
1 0.9670 0.7390
1 0.9676 0.7376
1 0.9682 0.7363
1 0.9688 0.7348
1 0.9693 0.7334
1 0.9698 0.7320
1 0.9702 0.7305
1 0.9705 0.7290
1 0.9709 0.7275
1 0.9711 0.7260
1 0.9714 0.7245
1 0.9716 0.7229
1 0.9718 0.7214
1 0.9719 0.7199
1 0.9720 0.7183
1 0.9720 0.7168
112 1252 217
0 0.9520 0.0558
1 0.9520 0.0550
1 0.9519 0.0541
1 0.9519 0.0531
1 0.9518 0.0523
1 0.9516 0.0514
1 0.9513 0.0498
1 0.9513 0.0492
1 0.9510 0.0483
1 0.9507 0.0467
1 0.9507 0.0466
1 0.9504 0.0457
1 0.9502 0.0451
1 0.9498 0.0443
1 0.9492 0.0429
1 0.9488 0.0420
1 0.9484 0.0411
1 0.9481 0.0405
1 0.9478 0.0400
1 0.9470 0.0387
1 0.9466 0.0382
1 0.9461 0.0374
1 0.9454 0.0364
1 0.9451 0.0360
1 0.9444 0.0353
1 0.9436 0.0344
1 0.9429 0.0336
1 0.9425 0.0332
1 0.9417 0.0325
1 0.9410 0.0318
1 0.9401 0.0311
1 0.9393 0.0304
1 0.9388 0.0300
1 0.9383 0.0297
1 0.9374 0.0291
1 0.9366 0.0286
1 0.9361 0.0284
1 0.9350 0.0278
1 0.9333 0.0270
1 0.9325 0.0265
1 0.9327 0.0266
1 0.9318 0.0263
1 0.9304 0.0258
1 0.9297 0.0256
1 0.9286 0.0253
1 0.9272 0.0249
1 0.9265 0.0247
1 0.9262 0.0246
1 0.9254 0.0245
1 0.9238 0.0243
1 0.9229 0.0242
1 0.9227 0.0242
1 0.9219 0.0242
1 0.9203 0.0242
1 -0.7295 0.0242
1 -0.7311 0.0242
1 -0.7314 0.0242
1 -0.7323 0.0243
1 -0.7337 0.0244
1 -0.7346 0.0245
1 -0.7350 0.0246
1 -0.7358 0.0248
1 -0.7373 0.0251
1 -0.7376 0.0252
1 -0.7391 0.0257
1 -0.7403 0.0260
1 -0.7404 0.0260
1 -0.7414 0.0265
1 -0.7427 0.0270
1 -0.7432 0.0272
1 -0.7439 0.0275
1 -0.7445 0.0279
1 -0.7458 0.0287
1 -0.7469 0.0293
1 -0.7474 0.0296
1 -0.7482 0.0302
1 -0.7490 0.0308
1 -0.7496 0.0313
1 -0.7500 0.0317
1 -0.7511 0.0327
1 -0.7520 0.0334
1 -0.7524 0.0339
1 -0.7528 0.0343
1 -0.7535 0.0352
1 -0.7545 0.0364
1 -0.7552 0.0372
1 -0.7552 0.0373
1 -0.7558 0.0382
1 -0.7566 0.0393
1 -0.7570 0.0400
1 -0.9479 0.3707
1 -0.9484 0.3715
1 -0.9487 0.3721
1 -0.9491 0.3730
1 -0.9492 0.3731
1 -0.9497 0.3746
1 -0.9503 0.3760
1 -0.9506 0.3769
1 -0.9509 0.3777
1 -0.9509 0.3778
1 -0.9511 0.3786
1 -0.9514 0.3802
1 -0.9517 0.3818
1 -0.9517 0.3820
1 -0.9517 0.3822
1 -0.9519 0.3844
1 -0.9520 0.3853
1 -0.9520 0.3855
1 -0.9520 0.3871
1 -0.9520 0.3874
1 -0.9519 0.3883
1 -0.9517 0.3904
1 -0.9517 0.3906
1 -0.9517 0.3909
1 -0.9514 0.3925
1 -0.9511 0.3939
1 -0.9509 0.3948
1 -0.9509 0.3949
1 -0.9506 0.3957
1 -0.9502 0.3968
1 -0.9497 0.3981
1 -0.9493 0.3993
1 -0.9491 0.3996
1 -0.9487 0.4005
1 -0.9483 0.4014
1 -0.9478 0.4022
1 -0.7570 0.7326
1 -0.7566 0.7333
1 -0.7558 0.7344
1 -0.7552 0.7353
1 -0.7552 0.7354
1 -0.7545 0.7362
1 -0.7535 0.7374
1 -0.7525 0.7386
1 -0.7524 0.7387
1 -0.7523 0.7388
1 -0.7508 0.7403
1 -0.7501 0.7410
1 -0.7500 0.7410
1 -0.7490 0.7418
1 -0.7482 0.7424
1 -0.7474 0.7430
1 -0.7464 0.7436
1 -0.7458 0.7440
1 -0.7450 0.7444
1 -0.7439 0.7451
1 -0.7432 0.7454
1 -0.7427 0.7456
1 -0.7414 0.7461
1 -0.7404 0.7466
1 -0.7398 0.7468
1 -0.7385 0.7472
1 -0.7382 0.7473
1 -0.7373 0.7475
1 -0.7364 0.7477
1 -0.7356 0.7478
1 -0.7340 0.7481
1 -0.7331 0.7483
1 -0.7323 0.7484
1 -0.7313 0.7484
1 -0.7304 0.7485
1 -0.7295 0.7485
1 0.9203 0.7485
1 0.9212 0.7485
1 0.9221 0.7484
1 0.9229 0.7484
1 0.9238 0.7483
1 0.9254 0.7481
1 0.9262 0.7480
1 0.9271 0.7478
1 0.9278 0.7476
1 0.9280 0.7476
1 0.9297 0.7470
1 0.9309 0.7467
1 0.9312 0.7466
1 0.9321 0.7462
1 0.9331 0.7458
1 0.9338 0.7455
1 0.9350 0.7449
1 0.9356 0.7446
1 0.9366 0.7440
1 0.9374 0.7435
1 0.9378 0.7433
1 0.9388 0.7426
1 0.9393 0.7422
1 0.9405 0.7412
1 0.9410 0.7409
1 0.9414 0.7404
1 0.9425 0.7394
1 0.9429 0.7390
1 0.9439 0.7379
1 0.9447 0.7371
1 0.9448 0.7370
1 0.9452 0.7365
1 0.9461 0.7352
1 0.9466 0.7344
1 0.9470 0.7339
1 0.9478 0.7326
1 0.9481 0.7321
1 0.9484 0.7315
1 0.9488 0.7306
1 0.9493 0.7295
1 0.9498 0.7284
1 0.9501 0.7277
1 0.9505 0.7267
1 0.9507 0.7260
1 0.9507 0.7260
1 0.9510 0.7245
1 0.9512 0.7236
1 0.9514 0.7227
1 0.9516 0.7213
1 0.9518 0.7203
1 0.9519 0.7194
1 0.9519 0.7186
1 0.9520 0.7177
1 0.9520 0.7168
1 0.9520 0.0558
112 1251 5
0 0.2313 0.2601
1 0.2313 0.4392
1 0.2773 0.4392
1 0.2773 0.2601
1 0.2313 0.2601
112 1251 105
0 0.2788 0.4740
1 0.2787 0.4755
1 0.2786 0.4770
1 0.2784 0.4784
1 0.2781 0.4799
1 0.2777 0.4813
1 0.2772 0.4827
1 0.2767 0.4841
1 0.2760 0.4854
1 0.2753 0.4867
1 0.2744 0.4880
1 0.2736 0.4891
1 0.2726 0.4902
1 0.2716 0.4914
1 0.2706 0.4923
1 0.2694 0.4933
1 0.2682 0.4942
1 0.2669 0.4950
1 0.2657 0.4957
1 0.2644 0.4964
1 0.2630 0.4969
1 0.2616 0.4974
1 0.2601 0.4978
1 0.2588 0.4981
1 0.2572 0.4983
1 0.2558 0.4984
1 0.2543 0.4985
1 0.2529 0.4984
1 0.2513 0.4983
1 0.2499 0.4981
1 0.2484 0.4978
1 0.2470 0.4974
1 0.2456 0.4969
1 0.2442 0.4964
1 0.2429 0.4957
1 0.2416 0.4950
1 0.2404 0.4942
1 0.2392 0.4933
1 0.2381 0.4923
1 0.2370 0.4914
1 0.2360 0.4902
1 0.2350 0.4891
1 0.2341 0.4880
1 0.2333 0.4867
1 0.2326 0.4854
1 0.2320 0.4841
1 0.2314 0.4827
1 0.2309 0.4813
1 0.2305 0.4799
1 0.2302 0.4784
1 0.2300 0.4770
1 0.2299 0.4755
1 0.2298 0.4740
1 0.2299 0.4725
1 0.2300 0.4711
1 0.2302 0.4696
1 0.2305 0.4682
1 0.2309 0.4667
1 0.2314 0.4653
1 0.2320 0.4639
1 0.2326 0.4626
1 0.2333 0.4614
1 0.2341 0.4601
1 0.2350 0.4589
1 0.2360 0.4578
1 0.2370 0.4567
1 0.2381 0.4557
1 0.2392 0.4547
1 0.2404 0.4539
1 0.2416 0.4530
1 0.2429 0.4524
1 0.2442 0.4517
1 0.2456 0.4511
1 0.2470 0.4506
1 0.2484 0.4502
1 0.2499 0.4499
1 0.2513 0.4497
1 0.2529 0.4496
1 0.2543 0.4495
1 0.2558 0.4496
1 0.2572 0.4497
1 0.2588 0.4499
1 0.2601 0.4502
1 0.2616 0.4506
1 0.2630 0.4511
1 0.2644 0.4517
1 0.2657 0.4524
1 0.2669 0.4530
1 0.2682 0.4539
1 0.2694 0.4547
1 0.2706 0.4557
1 0.2716 0.4567
1 0.2726 0.4578
1 0.2736 0.4589
1 0.2744 0.4601
1 0.2753 0.4614
1 0.2760 0.4626
1 0.2767 0.4639
1 0.2772 0.4653
1 0.2777 0.4667
1 0.2781 0.4682
1 0.2784 0.4696
1 0.2786 0.4711
1 0.2787 0.4725
1 0.2788 0.4740
112 1251 134
0 0.4573 0.2712
1 0.4573 0.2601
1 0.5032 0.2601
1 0.5032 0.5003
1 0.4573 0.4818
1 0.4573 0.4294
1 0.4553 0.4307
1 0.4534 0.4319
1 0.4513 0.4331
1 0.4493 0.4341
1 0.4471 0.4351
1 0.4450 0.4360
1 0.4428 0.4368
1 0.4407 0.4376
1 0.4384 0.4382
1 0.4362 0.4388
1 0.4339 0.4393
1 0.4316 0.4397
1 0.4293 0.4400
1 0.4270 0.4403
1 0.4247 0.4404
1 0.4224 0.4405
1 0.4201 0.4405
1 0.4177 0.4403
1 0.4154 0.4401
1 0.4131 0.4399
1 0.4108 0.4395
1 0.4085 0.4391
1 0.4063 0.4385
1 0.4040 0.4379
1 0.4018 0.4372
1 0.3997 0.4365
1 0.3975 0.4356
1 0.3954 0.4347
1 0.3933 0.4336
1 0.3913 0.4326
1 0.3892 0.4314
1 0.3872 0.4301
1 0.3854 0.4288
1 0.3835 0.4274
1 0.3817 0.4260
1 0.3799 0.4244
1 0.3782 0.4229
1 0.3766 0.4213
1 0.3750 0.4195
1 0.3735 0.4178
1 0.3720 0.4159
1 0.3706 0.4141
1 0.3694 0.4122
1 0.3681 0.4102
1 0.3670 0.4082
1 0.3659 0.4061
1 0.3649 0.4040
1 0.3639 0.4019
1 0.3627 0.3987
1 0.3614 0.3954
1 0.3603 0.3922
1 0.3593 0.3888
1 0.3584 0.3855
1 0.3575 0.3822
1 0.3567 0.3788
1 0.3560 0.3754
1 0.3554 0.3720
1 0.3549 0.3685
1 0.3545 0.3651
1 0.3541 0.3616
1 0.3538 0.3582
1 0.3537 0.3547
1 0.3536 0.3512
1 0.3536 0.3477
1 0.3537 0.3443
1 0.3539 0.3408
1 0.3542 0.3373
1 0.3546 0.3339
1 0.3550 0.3305
1 0.3556 0.3271
1 0.3562 0.3237
1 0.3570 0.3203
1 0.3577 0.3169
1 0.3586 0.3135
1 0.3596 0.3102
1 0.3607 0.3069
1 0.3618 0.3036
1 0.3631 0.3004
1 0.3644 0.2971
1 0.3658 0.2940
1 0.3668 0.2919
1 0.3679 0.2900
1 0.3690 0.2880
1 0.3702 0.2861
1 0.3714 0.2842
1 0.3728 0.2824
1 0.3742 0.2806
1 0.3756 0.2790
1 0.3772 0.2773
1 0.3788 0.2757
1 0.3804 0.2742
1 0.3821 0.2727
1 0.3839 0.2713
1 0.3857 0.2699
1 0.3876 0.2687
1 0.3895 0.2674
1 0.3914 0.2663
1 0.3934 0.2653
1 0.3954 0.2643
1 0.3975 0.2634
1 0.3996 0.2626
1 0.4017 0.2618
1 0.4039 0.2611
1 0.4060 0.2606
1 0.4083 0.2601
1 0.4105 0.2597
1 0.4127 0.2593
1 0.4149 0.2590
1 0.4172 0.2589
1 0.4194 0.2588
1 0.4217 0.2588
1 0.4240 0.2589
1 0.4262 0.2590
1 0.4284 0.2593
1 0.4307 0.2596
1 0.4328 0.2600
1 0.4351 0.2606
1 0.4373 0.2611
1 0.4394 0.2617
1 0.4415 0.2625
1 0.4436 0.2633
1 0.4457 0.2642
1 0.4478 0.2652
1 0.4497 0.2663
1 0.4516 0.2674
1 0.4536 0.2686
1 0.4555 0.2699
1 0.4573 0.2712
112 1251 237
0 0.6933 0.2682
1 0.6933 0.2601
1 0.7403 0.2601
1 0.7403 0.3725
1 0.7403 0.3750
1 0.7401 0.3775
1 0.7399 0.3800
1 0.7396 0.3825
1 0.7392 0.3850
1 0.7387 0.3875
1 0.7382 0.3899
1 0.7376 0.3923
1 0.7369 0.3947
1 0.7360 0.3971
1 0.7352 0.3995
1 0.7342 0.4017
1 0.7332 0.4040
1 0.7321 0.4063
1 0.7309 0.4085
1 0.7296 0.4106
1 0.7283 0.4128
1 0.7269 0.4149
1 0.7254 0.4169
1 0.7239 0.4188
1 0.7223 0.4208
1 0.7206 0.4226
1 0.7189 0.4244
1 0.7171 0.4262
1 0.7152 0.4278
1 0.7133 0.4295
1 0.7113 0.4310
1 0.7093 0.4325
1 0.7073 0.4340
1 0.7051 0.4353
1 0.7030 0.4365
1 0.7008 0.4378
1 0.6985 0.4389
1 0.6963 0.4399
1 0.6940 0.4409
1 0.6917 0.4418
1 0.6892 0.4426
1 0.6869 0.4433
1 0.6845 0.4440
1 0.6820 0.4445
1 0.6796 0.4450
1 0.6771 0.4454
1 0.6746 0.4457
1 0.6721 0.4460
1 0.6696 0.4461
1 0.6671 0.4461
1 0.6646 0.4461
1 0.6621 0.4460
1 0.6587 0.4458
1 0.6552 0.4453
1 0.6518 0.4449
1 0.6484 0.4444
1 0.6450 0.4437
1 0.6417 0.4430
1 0.6383 0.4422
1 0.6350 0.4413
1 0.6317 0.4403
1 0.6284 0.4392
1 0.6252 0.4381
1 0.6220 0.4368
1 0.6188 0.4354
1 0.6157 0.4340
1 0.6126 0.4325
1 0.6096 0.4309
1 0.6066 0.4292
1 0.6036 0.4274
1 0.6007 0.4256
1 0.5978 0.4237
1 0.6161 0.3907
1 0.6187 0.3920
1 0.6214 0.3932
1 0.6242 0.3944
1 0.6270 0.3954
1 0.6298 0.3965
1 0.6326 0.3974
1 0.6355 0.3982
1 0.6383 0.3990
1 0.6412 0.3997
1 0.6441 0.4004
1 0.6470 0.4008
1 0.6500 0.4013
1 0.6529 0.4017
1 0.6559 0.4020
1 0.6588 0.4022
1 0.6618 0.4024
1 0.6647 0.4025
1 0.6677 0.4024
1 0.6707 0.4024
1 0.6736 0.4022
1 0.6751 0.4020
1 0.6765 0.4018
1 0.6779 0.4015
1 0.6793 0.4011
1 0.6806 0.4005
1 0.6820 0.3999
1 0.6832 0.3992
1 0.6844 0.3984
1 0.6856 0.3975
1 0.6867 0.3966
1 0.6876 0.3956
1 0.6886 0.3945
1 0.6895 0.3934
1 0.6903 0.3922
1 0.6911 0.3909
1 0.6917 0.3896
1 0.6922 0.3883
1 0.6926 0.3869
1 0.6930 0.3855
1 0.6933 0.3841
1 0.6935 0.3827
1 0.6935 0.3812
1 0.6935 0.3798
1 0.6933 0.3784
1 0.6931 0.3769
1 0.6929 0.3755
1 0.6924 0.3741
1 0.6919 0.3728
1 0.6895 0.3738
1 0.6871 0.3749
1 0.6846 0.3759
1 0.6821 0.3767
1 0.6796 0.3775
1 0.6770 0.3783
1 0.6745 0.3790
1 0.6719 0.3795
1 0.6693 0.3801
1 0.6667 0.3805
1 0.6641 0.3809
1 0.6615 0.3812
1 0.6588 0.3815
1 0.6562 0.3816
1 0.6536 0.3817
1 0.6509 0.3817
1 0.6483 0.3817
1 0.6457 0.3816
1 0.6430 0.3813
1 0.6404 0.3811
1 0.6380 0.3807
1 0.6357 0.3803
1 0.6334 0.3798
1 0.6311 0.3792
1 0.6289 0.3785
1 0.6266 0.3777
1 0.6243 0.3769
1 0.6222 0.3760
1 0.6200 0.3750
1 0.6180 0.3738
1 0.6159 0.3727
1 0.6139 0.3714
1 0.6119 0.3701
1 0.6100 0.3687
1 0.6082 0.3673
1 0.6064 0.3657
1 0.6047 0.3641
1 0.6030 0.3624
1 0.6014 0.3607
1 0.5998 0.3589
1 0.5984 0.3570
1 0.5970 0.3551
1 0.5957 0.3532
1 0.5944 0.3511
1 0.5932 0.3491
1 0.5921 0.3470
1 0.5912 0.3448
1 0.5902 0.3427
1 0.5894 0.3405
1 0.5886 0.3382
1 0.5879 0.3359
1 0.5873 0.3337
1 0.5869 0.3314
1 0.5864 0.3290
1 0.5861 0.3266
1 0.5859 0.3243
1 0.5858 0.3219
1 0.5857 0.3196
1 0.5857 0.3172
1 0.5858 0.3148
1 0.5860 0.3125
1 0.5864 0.3101
1 0.5867 0.3078
1 0.5872 0.3055
1 0.5878 0.3032
1 0.5885 0.3010
1 0.5892 0.2987
1 0.5901 0.2965
1 0.5910 0.2943
1 0.5919 0.2921
1 0.5930 0.2900
1 0.5942 0.2880
1 0.5954 0.2860
1 0.5967 0.2840
1 0.5981 0.2821
1 0.5996 0.2802
1 0.6011 0.2784
1 0.6027 0.2766
1 0.6043 0.2749
1 0.6060 0.2733
1 0.6078 0.2717
1 0.6096 0.2703
1 0.6116 0.2688
1 0.6135 0.2675
1 0.6155 0.2663
1 0.6175 0.2651
1 0.6196 0.2640
1 0.6218 0.2629
1 0.6239 0.2620
1 0.6262 0.2611
1 0.6284 0.2603
1 0.6306 0.2596
1 0.6329 0.2590
1 0.6352 0.2585
1 0.6375 0.2581
1 0.6399 0.2576
1 0.6423 0.2574
1 0.6446 0.2572
1 0.6470 0.2572
1 0.6493 0.2572
1 0.6522 0.2573
1 0.6550 0.2575
1 0.6579 0.2578
1 0.6607 0.2581
1 0.6636 0.2586
1 0.6663 0.2590
1 0.6691 0.2596
1 0.6719 0.2603
1 0.6747 0.2610
1 0.6774 0.2618
1 0.6802 0.2626
1 0.6829 0.2636
1 0.6855 0.2647
1 0.6881 0.2658
1 0.6907 0.2670
1 0.6933 0.2682
112 1251 237
0 -0.0551 0.3728
1 -0.0546 0.3741
1 -0.0542 0.3755
1 -0.0539 0.3769
1 -0.0537 0.3784
1 -0.0535 0.3798
1 -0.0535 0.3812
1 -0.0535 0.3827
1 -0.0537 0.3841
1 -0.0540 0.3855
1 -0.0544 0.3869
1 -0.0548 0.3883
1 -0.0553 0.3896
1 -0.0560 0.3909
1 -0.0567 0.3922
1 -0.0575 0.3934
1 -0.0584 0.3945
1 -0.0594 0.3956
1 -0.0603 0.3966
1 -0.0614 0.3975
1 -0.0626 0.3984
1 -0.0638 0.3992
1 -0.0651 0.3999
1 -0.0664 0.4005
1 -0.0677 0.4011
1 -0.0691 0.4015
1 -0.0705 0.4018
1 -0.0719 0.4021
1 -0.0733 0.4022
1 -0.0763 0.4024
1 -0.0793 0.4024
1 -0.0823 0.4025
1 -0.0853 0.4024
1 -0.0882 0.4022
1 -0.0912 0.4020
1 -0.0941 0.4017
1 -0.0971 0.4013
1 -0.1000 0.4008
1 -0.1029 0.4004
1 -0.1058 0.3997
1 -0.1087 0.3990
1 -0.1116 0.3982
1 -0.1144 0.3974
1 -0.1173 0.3965
1 -0.1200 0.3954
1 -0.1228 0.3944
1 -0.1256 0.3932
1 -0.1283 0.3920
1 -0.1309 0.3907
1 -0.1492 0.4237
1 -0.1463 0.4256
1 -0.1434 0.4274
1 -0.1404 0.4292
1 -0.1375 0.4309
1 -0.1344 0.4325
1 -0.1313 0.4340
1 -0.1282 0.4354
1 -0.1250 0.4368
1 -0.1218 0.4381
1 -0.1186 0.4392
1 -0.1153 0.4403
1 -0.1120 0.4413
1 -0.1086 0.4422
1 -0.1053 0.4430
1 -0.1020 0.4437
1 -0.0986 0.4444
1 -0.0952 0.4449
1 -0.0918 0.4454
1 -0.0883 0.4458
1 -0.0849 0.4460
1 -0.0824 0.4461
1 -0.0799 0.4461
1 -0.0774 0.4461
1 -0.0749 0.4460
1 -0.0724 0.4457
1 -0.0699 0.4454
1 -0.0674 0.4450
1 -0.0650 0.4445
1 -0.0626 0.4440
1 -0.0601 0.4433
1 -0.0577 0.4426
1 -0.0553 0.4418
1 -0.0530 0.4409
1 -0.0507 0.4399
1 -0.0485 0.4389
1 -0.0462 0.4378
1 -0.0440 0.4365
1 -0.0419 0.4353
1 -0.0397 0.4340
1 -0.0376 0.4325
1 -0.0356 0.4310
1 -0.0337 0.4295
1 -0.0318 0.4278
1 -0.0299 0.4262
1 -0.0281 0.4244
1 -0.0264 0.4226
1 -0.0247 0.4208
1 -0.0231 0.4188
1 -0.0216 0.4169
1 -0.0201 0.4149
1 -0.0187 0.4128
1 -0.0174 0.4106
1 -0.0161 0.4085
1 -0.0149 0.4063
1 -0.0138 0.4040
1 -0.0128 0.4017
1 -0.0118 0.3995
1 -0.0109 0.3971
1 -0.0102 0.3947
1 -0.0095 0.3923
1 -0.0088 0.3899
1 -0.0083 0.3875
1 -0.0078 0.3850
1 -0.0074 0.3825
1 -0.0071 0.3800
1 -0.0069 0.3775
1 -0.0068 0.3750
1 -0.0068 0.3725
1 -0.0068 0.2601
1 -0.0537 0.2601
1 -0.0537 0.2682
1 -0.0563 0.2670
1 -0.0589 0.2658
1 -0.0615 0.2647
1 -0.0642 0.2636
1 -0.0669 0.2626
1 -0.0696 0.2618
1 -0.0723 0.2610
1 -0.0751 0.2603
1 -0.0779 0.2596
1 -0.0807 0.2590
1 -0.0835 0.2586
1 -0.0863 0.2581
1 -0.0891 0.2578
1 -0.0920 0.2575
1 -0.0948 0.2573
1 -0.0977 0.2572
1 -0.1000 0.2572
1 -0.1024 0.2572
1 -0.1048 0.2574
1 -0.1071 0.2577
1 -0.1095 0.2581
1 -0.1118 0.2585
1 -0.1141 0.2590
1 -0.1164 0.2596
1 -0.1186 0.2603
1 -0.1209 0.2611
1 -0.1231 0.2620
1 -0.1252 0.2629
1 -0.1274 0.2640
1 -0.1295 0.2651
1 -0.1315 0.2663
1 -0.1335 0.2675
1 -0.1354 0.2688
1 -0.1374 0.2703
1 -0.1392 0.2717
1 -0.1410 0.2733
1 -0.1427 0.2749
1 -0.1443 0.2766
1 -0.1459 0.2784
1 -0.1474 0.2802
1 -0.1489 0.2821
1 -0.1503 0.2840
1 -0.1516 0.2860
1 -0.1529 0.2880
1 -0.1540 0.2901
1 -0.1551 0.2921
1 -0.1561 0.2943
1 -0.1570 0.2965
1 -0.1578 0.2987
1 -0.1586 0.3010
1 -0.1592 0.3032
1 -0.1598 0.3055
1 -0.1603 0.3078
1 -0.1606 0.3101
1 -0.1610 0.3125
1 -0.1612 0.3148
1 -0.1613 0.3172
1 -0.1613 0.3196
1 -0.1613 0.3219
1 -0.1611 0.3243
1 -0.1609 0.3266
1 -0.1606 0.3290
1 -0.1602 0.3314
1 -0.1597 0.3337
1 -0.1591 0.3359
1 -0.1584 0.3382
1 -0.1577 0.3405
1 -0.1568 0.3427
1 -0.1558 0.3448
1 -0.1549 0.3470
1 -0.1538 0.3491
1 -0.1526 0.3511
1 -0.1513 0.3532
1 -0.1500 0.3551
1 -0.1486 0.3570
1 -0.1472 0.3589
1 -0.1456 0.3607
1 -0.1440 0.3624
1 -0.1423 0.3641
1 -0.1406 0.3657
1 -0.1388 0.3673
1 -0.1370 0.3687
1 -0.1350 0.3701
1 -0.1331 0.3714
1 -0.1311 0.3727
1 -0.1291 0.3738
1 -0.1270 0.3750
1 -0.1248 0.3760
1 -0.1226 0.3769
1 -0.1204 0.3777
1 -0.1182 0.3785
1 -0.1159 0.3792
1 -0.1136 0.3798
1 -0.1113 0.3803
1 -0.1090 0.3807
1 -0.1066 0.3811
1 -0.1040 0.3813
1 -0.1014 0.3816
1 -0.0987 0.3817
1 -0.0961 0.3818
1 -0.0934 0.3817
1 -0.0908 0.3816
1 -0.0882 0.3815
1 -0.0855 0.3812
1 -0.0829 0.3809
1 -0.0803 0.3805
1 -0.0777 0.3801
1 -0.0751 0.3795
1 -0.0725 0.3790
1 -0.0700 0.3783
1 -0.0674 0.3775
1 -0.0649 0.3768
1 -0.0624 0.3759
1 -0.0599 0.3749
1 -0.0575 0.3738
1 -0.0551 0.3728
112 1251 423
0 -0.3864 0.3205
1 -0.3853 0.3178
1 -0.3842 0.3153
1 -0.3830 0.3127
1 -0.3817 0.3102
1 -0.3804 0.3078
1 -0.3789 0.3053
1 -0.3775 0.3029
1 -0.3759 0.3006
1 -0.3742 0.2983
1 -0.3726 0.2960
1 -0.3708 0.2939
1 -0.3689 0.2917
1 -0.3671 0.2896
1 -0.3651 0.2876
1 -0.3631 0.2857
1 -0.3610 0.2838
1 -0.3589 0.2819
1 -0.3567 0.2802
1 -0.3544 0.2785
1 -0.3521 0.2769
1 -0.3499 0.2753
1 -0.3475 0.2738
1 -0.3451 0.2724
1 -0.3426 0.2710
1 -0.3401 0.2697
1 -0.3376 0.2685
1 -0.3349 0.2674
1 -0.3324 0.2663
1 -0.3297 0.2654
1 -0.3270 0.2645
1 -0.3244 0.2637
1 -0.3217 0.2629
1 -0.3189 0.2623
1 -0.3162 0.2617
1 -0.3134 0.2613
1 -0.3106 0.2608
1 -0.3078 0.2605
1 -0.3050 0.2603
1 -0.3022 0.2601
1 -0.2994 0.2601
1 -0.2969 0.2601
1 -0.2943 0.2602
1 -0.2918 0.2604
1 -0.2893 0.2606
1 -0.2868 0.2611
1 -0.2843 0.2615
1 -0.2818 0.2620
1 -0.2794 0.2626
1 -0.2770 0.2633
1 -0.2745 0.2642
1 -0.2722 0.2650
1 -0.2698 0.2660
1 -0.2675 0.2670
1 -0.2652 0.2681
1 -0.2630 0.2693
1 -0.2608 0.2706
1 -0.2587 0.2719
1 -0.2566 0.2733
1 -0.2546 0.2748
1 -0.2525 0.2763
1 -0.2506 0.2780
1 -0.2487 0.2797
1 -0.2468 0.2814
1 -0.2451 0.2832
1 -0.2434 0.2851
1 -0.2418 0.2870
1 -0.2402 0.2890
1 -0.2387 0.2910
1 -0.2373 0.2931
1 -0.2359 0.2952
1 -0.2346 0.2974
1 -0.2334 0.2996
1 -0.2323 0.3019
1 -0.2312 0.3042
1 -0.2303 0.3065
1 -0.2294 0.3089
1 -0.2285 0.3113
1 -0.2278 0.3137
1 -0.2271 0.3162
1 -0.2266 0.3186
1 -0.2261 0.3211
1 -0.2257 0.3236
1 -0.2254 0.3261
1 -0.2252 0.3287
1 -0.2251 0.3312
1 -0.2250 0.3337
1 -0.2251 0.3362
1 -0.2252 0.3387
1 -0.2254 0.3412
1 -0.2257 0.3438
1 -0.2261 0.3463
1 -0.2265 0.3487
1 -0.2271 0.3512
1 -0.2278 0.3536
1 -0.2285 0.3561
1 -0.2293 0.3585
1 -0.2302 0.3609
1 -0.2311 0.3632
1 -0.2322 0.3655
1 -0.2333 0.3677
1 -0.2345 0.3700
1 -0.2358 0.3722
1 -0.2371 0.3743
1 -0.2386 0.3764
1 -0.2400 0.3784
1 -0.2416 0.3804
1 -0.2432 0.3824
1 -0.2450 0.3843
1 -0.2467 0.3861
1 -0.2485 0.3878
1 -0.2504 0.3895
1 -0.2523 0.3911
1 -0.2543 0.3927
1 -0.2564 0.3942
1 -0.2585 0.3956
1 -0.2607 0.3969
1 -0.2628 0.3982
1 -0.2650 0.3994
1 -0.2673 0.4005
1 -0.2696 0.4015
1 -0.2720 0.4025
1 -0.2743 0.4033
1 -0.2768 0.4042
1 -0.2792 0.4049
1 -0.2816 0.4055
1 -0.2841 0.4061
1 -0.2866 0.4065
1 -0.2891 0.4069
1 -0.3202 0.4114
1 -0.3215 0.4117
1 -0.3229 0.4120
1 -0.3242 0.4124
1 -0.3255 0.4129
1 -0.3267 0.4134
1 -0.3279 0.4140
1 -0.3291 0.4147
1 -0.3303 0.4154
1 -0.3313 0.4163
1 -0.3324 0.4172
1 -0.3333 0.4181
1 -0.3343 0.4191
1 -0.3351 0.4202
1 -0.3360 0.4213
1 -0.3367 0.4224
1 -0.3374 0.4236
1 -0.3379 0.4249
1 -0.3384 0.4261
1 -0.3389 0.4274
1 -0.3392 0.4288
1 -0.3395 0.4301
1 -0.3397 0.4315
1 -0.3399 0.4328
1 -0.3399 0.4342
1 -0.3399 0.4360
1 -0.3397 0.4378
1 -0.3394 0.4396
1 -0.3392 0.4414
1 -0.3387 0.4431
1 -0.3383 0.4449
1 -0.3377 0.4466
1 -0.3370 0.4483
1 -0.3363 0.4500
1 -0.3354 0.4516
1 -0.3345 0.4531
1 -0.3335 0.4546
1 -0.3325 0.4562
1 -0.3313 0.4576
1 -0.3301 0.4589
1 -0.3289 0.4602
1 -0.3276 0.4614
1 -0.3262 0.4626
1 -0.3247 0.4637
1 -0.3232 0.4648
1 -0.3217 0.4657
1 -0.3201 0.4666
1 -0.3184 0.4673
1 -0.3167 0.4680
1 -0.3151 0.4687
1 -0.3133 0.4692
1 -0.3115 0.4696
1 -0.3098 0.4700
1 -0.3080 0.4703
1 -0.3062 0.4705
1 -0.3044 0.4705
1 -0.3025 0.4705
1 -0.3007 0.4705
1 -0.2989 0.4703
1 -0.2971 0.4700
1 -0.2954 0.4696
1 -0.2936 0.4692
1 -0.2918 0.4687
1 -0.2902 0.4680
1 -0.2885 0.4673
1 -0.2868 0.4665
1 -0.2852 0.4657
1 -0.2837 0.4647
1 -0.2822 0.4637
1 -0.2807 0.4626
1 -0.2793 0.4614
1 -0.2780 0.4602
1 -0.2768 0.4589
1 -0.2756 0.4576
1 -0.2744 0.4561
1 -0.2734 0.4546
1 -0.2724 0.4531
1 -0.2715 0.4515
1 -0.2707 0.4499
1 -0.2699 0.4483
1 -0.2693 0.4466
1 -0.2341 0.4594
1 -0.2350 0.4617
1 -0.2360 0.4642
1 -0.2371 0.4664
1 -0.2382 0.4687
1 -0.2395 0.4710
1 -0.2409 0.4732
1 -0.2423 0.4754
1 -0.2437 0.4775
1 -0.2453 0.4796
1 -0.2469 0.4816
1 -0.2486 0.4835
1 -0.2503 0.4854
1 -0.2522 0.4872
1 -0.2541 0.4890
1 -0.2560 0.4907
1 -0.2580 0.4923
1 -0.2600 0.4939
1 -0.2622 0.4953
1 -0.2643 0.4967
1 -0.2666 0.4980
1 -0.2688 0.4993
1 -0.2711 0.5005
1 -0.2734 0.5016
1 -0.2758 0.5026
1 -0.2782 0.5035
1 -0.2807 0.5043
1 -0.2831 0.5051
1 -0.2856 0.5057
1 -0.2881 0.5064
1 -0.2906 0.5068
1 -0.2931 0.5073
1 -0.2957 0.5075
1 -0.2983 0.5078
1 -0.3009 0.5079
1 -0.3034 0.5079
1 -0.3060 0.5079
1 -0.3086 0.5078
1 -0.3111 0.5075
1 -0.3137 0.5073
1 -0.3163 0.5068
1 -0.3188 0.5064
1 -0.3213 0.5058
1 -0.3238 0.5051
1 -0.3263 0.5043
1 -0.3287 0.5035
1 -0.3311 0.5026
1 -0.3335 0.5016
1 -0.3358 0.5005
1 -0.3381 0.4993
1 -0.3403 0.4981
1 -0.3426 0.4968
1 -0.3447 0.4954
1 -0.3469 0.4939
1 -0.3489 0.4923
1 -0.3509 0.4907
1 -0.3528 0.4890
1 -0.3547 0.4873
1 -0.3565 0.4855
1 -0.3583 0.4836
1 -0.3600 0.4816
1 -0.3617 0.4796
1 -0.3632 0.4775
1 -0.3646 0.4755
1 -0.3660 0.4732
1 -0.3674 0.4711
1 -0.3687 0.4688
1 -0.3698 0.4665
1 -0.3709 0.4642
1 -0.3719 0.4618
1 -0.3728 0.4594
1 -0.3737 0.4570
1 -0.3744 0.4545
1 -0.3751 0.4520
1 -0.3757 0.4495
1 -0.3762 0.4470
1 -0.3766 0.4444
1 -0.3769 0.4419
1 -0.3771 0.4393
1 -0.3772 0.4367
1 -0.3773 0.4342
1 -0.3772 0.4317
1 -0.3771 0.4294
1 -0.3769 0.4270
1 -0.3765 0.4247
1 -0.3761 0.4223
1 -0.3756 0.4199
1 -0.3750 0.4176
1 -0.3743 0.4154
1 -0.3735 0.4131
1 -0.3726 0.4108
1 -0.3717 0.4087
1 -0.3706 0.4065
1 -0.3694 0.4044
1 -0.3683 0.4024
1 -0.3669 0.4004
1 -0.3655 0.3984
1 -0.3641 0.3965
1 -0.3626 0.3947
1 -0.3610 0.3929
1 -0.3593 0.3912
1 -0.3576 0.3895
1 -0.3558 0.3879
1 -0.3539 0.3865
1 -0.3520 0.3850
1 -0.3500 0.3837
1 -0.3480 0.3824
1 -0.3459 0.3812
1 -0.3438 0.3801
1 -0.3416 0.3791
1 -0.3394 0.3781
1 -0.3372 0.3773
1 -0.3349 0.3766
1 -0.3326 0.3759
1 -0.3303 0.3753
1 -0.3280 0.3748
1 -0.3256 0.3744
1 -0.2928 0.3696
1 -0.2911 0.3693
1 -0.2893 0.3688
1 -0.2875 0.3684
1 -0.2859 0.3677
1 -0.2842 0.3670
1 -0.2825 0.3663
1 -0.2809 0.3654
1 -0.2794 0.3645
1 -0.2779 0.3635
1 -0.2764 0.3625
1 -0.2750 0.3613
1 -0.2737 0.3601
1 -0.2724 0.3589
1 -0.2712 0.3575
1 -0.2700 0.3561
1 -0.2690 0.3546
1 -0.2679 0.3531
1 -0.2670 0.3516
1 -0.2662 0.3500
1 -0.2655 0.3483
1 -0.2648 0.3466
1 -0.2641 0.3450
1 -0.2636 0.3432
1 -0.2632 0.3414
1 -0.2629 0.3397
1 -0.2627 0.3379
1 -0.2625 0.3361
1 -0.2624 0.3343
1 -0.2625 0.3325
1 -0.2625 0.3307
1 -0.2627 0.3289
1 -0.2630 0.3271
1 -0.2634 0.3253
1 -0.2639 0.3236
1 -0.2644 0.3219
1 -0.2650 0.3201
1 -0.2658 0.3185
1 -0.2666 0.3169
1 -0.2675 0.3153
1 -0.2684 0.3137
1 -0.2695 0.3123
1 -0.2706 0.3108
1 -0.2718 0.3095
1 -0.2730 0.3082
1 -0.2743 0.3069
1 -0.2757 0.3058
1 -0.2771 0.3046
1 -0.2786 0.3036
1 -0.2801 0.3026
1 -0.2817 0.3017
1 -0.2833 0.3009
1 -0.2850 0.3002
1 -0.2866 0.2995
1 -0.2884 0.2989
1 -0.2901 0.2985
1 -0.2919 0.2981
1 -0.2936 0.2978
1 -0.2954 0.2976
1 -0.2972 0.2975
1 -0.2990 0.2975
1 -0.3012 0.2975
1 -0.3033 0.2976
1 -0.3054 0.2979
1 -0.3075 0.2982
1 -0.3096 0.2985
1 -0.3116 0.2990
1 -0.3137 0.2995
1 -0.3157 0.3001
1 -0.3177 0.3008
1 -0.3197 0.3016
1 -0.3217 0.3024
1 -0.3235 0.3033
1 -0.3254 0.3042
1 -0.3273 0.3053
1 -0.3291 0.3064
1 -0.3308 0.3076
1 -0.3326 0.3088
1 -0.3342 0.3101
1 -0.3358 0.3114
1 -0.3374 0.3129
1 -0.3390 0.3144
1 -0.3404 0.3159
1 -0.3418 0.3175
1 -0.3431 0.3191
1 -0.3444 0.3208
1 -0.3456 0.3225
1 -0.3467 0.3244
1 -0.3478 0.3262
1 -0.3488 0.3280
1 -0.3498 0.3299
1 -0.3506 0.3319
1 -0.3515 0.3338
1 -0.3864 0.3205
1 -0.3515 0.3338
1 -0.3864 0.3205
112 1251 5
0 0.1360 0.2601
1 0.0900 0.2601
1 0.0900 0.4858
1 0.1360 0.5043
1 0.1360 0.2601
112 1252 94
0 -0.0537 0.3084
1 -0.0537 0.3352
1 -0.0552 0.3364
1 -0.0567 0.3375
1 -0.0583 0.3385
1 -0.0599 0.3396
1 -0.0616 0.3405
1 -0.0633 0.3414
1 -0.0651 0.3422
1 -0.0668 0.3430
1 -0.0686 0.3436
1 -0.0704 0.3442
1 -0.0722 0.3448
1 -0.0741 0.3452
1 -0.0759 0.3457
1 -0.0778 0.3459
1 -0.0797 0.3462
1 -0.0816 0.3464
1 -0.0835 0.3466
1 -0.0854 0.3466
1 -0.0873 0.3466
1 -0.0892 0.3464
1 -0.0911 0.3463
1 -0.0930 0.3460
1 -0.0949 0.3457
1 -0.0967 0.3453
1 -0.0982 0.3450
1 -0.0996 0.3445
1 -0.1010 0.3439
1 -0.1023 0.3433
1 -0.1037 0.3426
1 -0.1050 0.3418
1 -0.1061 0.3409
1 -0.1073 0.3400
1 -0.1084 0.3389
1 -0.1095 0.3379
1 -0.1104 0.3367
1 -0.1113 0.3355
1 -0.1121 0.3343
1 -0.1129 0.3330
1 -0.1135 0.3316
1 -0.1141 0.3303
1 -0.1146 0.3288
1 -0.1150 0.3274
1 -0.1153 0.3259
1 -0.1155 0.3244
1 -0.1157 0.3230
1 -0.1157 0.3214
1 -0.1157 0.3199
1 -0.1155 0.3185
1 -0.1152 0.3170
1 -0.1149 0.3155
1 -0.1145 0.3141
1 -0.1140 0.3127
1 -0.1134 0.3113
1 -0.1127 0.3100
1 -0.1120 0.3087
1 -0.1111 0.3074
1 -0.1102 0.3062
1 -0.1093 0.3051
1 -0.1082 0.3040
1 -0.1071 0.3030
1 -0.1059 0.3021
1 -0.1047 0.3012
1 -0.1034 0.3004
1 -0.1021 0.2997
1 -0.1007 0.2991
1 -0.0993 0.2986
1 -0.0980 0.2981
1 -0.0965 0.2978
1 -0.0946 0.2974
1 -0.0928 0.2971
1 -0.0909 0.2969
1 -0.0889 0.2967
1 -0.0871 0.2967
1 -0.0851 0.2967
1 -0.0832 0.2967
1 -0.0814 0.2969
1 -0.0795 0.2971
1 -0.0776 0.2974
1 -0.0757 0.2977
1 -0.0739 0.2981
1 -0.0720 0.2986
1 -0.0702 0.2992
1 -0.0684 0.2998
1 -0.0667 0.3005
1 -0.0649 0.3013
1 -0.0632 0.3021
1 -0.0615 0.3030
1 -0.0599 0.3039
1 -0.0583 0.3050
1 -0.0567 0.3061
1 -0.0552 0.3072
1 -0.0537 0.3084
112 1252 94
0 0.6933 0.3084
1 0.6933 0.3352
1 0.6918 0.3364
1 0.6903 0.3375
1 0.6887 0.3385
1 0.6870 0.3396
1 0.6854 0.3405
1 0.6837 0.3414
1 0.6820 0.3422
1 0.6802 0.3430
1 0.6784 0.3436
1 0.6766 0.3442
1 0.6748 0.3448
1 0.6729 0.3452
1 0.6711 0.3457
1 0.6692 0.3459
1 0.6673 0.3462
1 0.6654 0.3464
1 0.6635 0.3466
1 0.6616 0.3466
1 0.6597 0.3466
1 0.6578 0.3464
1 0.6559 0.3463
1 0.6540 0.3460
1 0.6521 0.3457
1 0.6502 0.3453
1 0.6488 0.3450
1 0.6474 0.3445
1 0.6460 0.3439
1 0.6446 0.3433
1 0.6434 0.3425
1 0.6420 0.3418
1 0.6409 0.3409
1 0.6397 0.3400
1 0.6386 0.3389
1 0.6375 0.3379
1 0.6366 0.3367
1 0.6357 0.3355
1 0.6349 0.3343
1 0.6341 0.3330
1 0.6335 0.3316
1 0.6329 0.3303
1 0.6324 0.3288
1 0.6321 0.3273
1 0.6317 0.3259
1 0.6315 0.3244
1 0.6314 0.3230
1 0.6313 0.3214
1 0.6314 0.3199
1 0.6315 0.3185
1 0.6318 0.3170
1 0.6321 0.3155
1 0.6325 0.3141
1 0.6330 0.3127
1 0.6336 0.3113
1 0.6343 0.3100
1 0.6350 0.3087
1 0.6359 0.3074
1 0.6368 0.3062
1 0.6377 0.3051
1 0.6388 0.3040
1 0.6399 0.3030
1 0.6411 0.3021
1 0.6423 0.3012
1 0.6436 0.3004
1 0.6449 0.2997
1 0.6463 0.2991
1 0.6477 0.2986
1 0.6491 0.2981
1 0.6505 0.2978
1 0.6524 0.2974
1 0.6543 0.2971
1 0.6561 0.2969
1 0.6581 0.2967
1 0.6600 0.2967
1 0.6618 0.2967
1 0.6638 0.2967
1 0.6656 0.2969
1 0.6675 0.2971
1 0.6694 0.2974
1 0.6713 0.2977
1 0.6731 0.2981
1 0.6750 0.2986
1 0.6768 0.2992
1 0.6786 0.2998
1 0.6804 0.3005
1 0.6821 0.3013
1 0.6838 0.3021
1 0.6855 0.3030
1 0.6872 0.3039
1 0.6888 0.3050
1 0.6903 0.3061
1 0.6918 0.3072
1 0.6933 0.3084
112 1252 106
0 0.4573 0.3157
1 0.4573 0.3834
1 0.4564 0.3845
1 0.4555 0.3857
1 0.4546 0.3868
1 0.4536 0.3879
1 0.4525 0.3888
1 0.4514 0.3898
1 0.4502 0.3907
1 0.4490 0.3915
1 0.4478 0.3922
1 0.4464 0.3929
1 0.4451 0.3935
1 0.4437 0.3940
1 0.4423 0.3945
1 0.4410 0.3949
1 0.4395 0.3952
1 0.4380 0.3954
1 0.4366 0.3956
1 0.4351 0.3956
1 0.4337 0.3956
1 0.4322 0.3956
1 0.4308 0.3954
1 0.4294 0.3952
1 0.4279 0.3949
1 0.4265 0.3945
1 0.4251 0.3940
1 0.4237 0.3934
1 0.4224 0.3929
1 0.4212 0.3922
1 0.4199 0.3914
1 0.4187 0.3906
1 0.4175 0.3897
1 0.4164 0.3888
1 0.4149 0.3874
1 0.4135 0.3859
1 0.4121 0.3844
1 0.4108 0.3829
1 0.4094 0.3813
1 0.4083 0.3796
1 0.4072 0.3779
1 0.4061 0.3761
1 0.4051 0.3743
1 0.4042 0.3725
1 0.4033 0.3707
1 0.4025 0.3688
1 0.4018 0.3668
1 0.4012 0.3649
1 0.4006 0.3629
1 0.4001 0.3609
1 0.3998 0.3589
1 0.3994 0.3569
1 0.3992 0.3549
1 0.3991 0.3528
1 0.3990 0.3508
1 0.3990 0.3487
1 0.3991 0.3467
1 0.3992 0.3446
1 0.3995 0.3426
1 0.3998 0.3406
1 0.4002 0.3386
1 0.4007 0.3366
1 0.4013 0.3346
1 0.4019 0.3327
1 0.4026 0.3308
1 0.4034 0.3289
1 0.4043 0.3271
1 0.4052 0.3252
1 0.4063 0.3235
1 0.4073 0.3217
1 0.4084 0.3200
1 0.4097 0.3183
1 0.4109 0.3167
1 0.4122 0.3152
1 0.4136 0.3137
1 0.4151 0.3123
1 0.4166 0.3109
1 0.4181 0.3095
1 0.4194 0.3086
1 0.4208 0.3077
1 0.4221 0.3069
1 0.4235 0.3061
1 0.4250 0.3055
1 0.4265 0.3049
1 0.4280 0.3045
1 0.4296 0.3041
1 0.4312 0.3038
1 0.4327 0.3037
1 0.4343 0.3035
1 0.4359 0.3036
1 0.4375 0.3037
1 0.4391 0.3039
1 0.4407 0.3042
1 0.4422 0.3046
1 0.4437 0.3051
1 0.4452 0.3056
1 0.4467 0.3062
1 0.4481 0.3070
1 0.4494 0.3078
1 0.4507 0.3087
1 0.4520 0.3097
1 0.4532 0.3108
1 0.4543 0.3119
1 0.4554 0.3131
1 0.4564 0.3144
1 0.4573 0.3157
112 1251 7
0 -0.6961 0.1136
1 -0.8536 0.3863
1 -0.6961 0.6590
1 -0.5530 0.6590
1 -0.7104 0.3863
1 -0.5530 0.1136
1 -0.6961 0.1136
