IE-1
3418 53 1 1 0 0 0 0 0 0 1 1
1.0000
112 1251 16
 0 0.3000 0.0300
 1 0.3000 0.5700
 1 0.3000 0.5700
 1 0.2912 0.5912
 1 0.2700 0.6000
 1 -0.2700 0.6000
 1 -0.2700 0.6000
 1 -0.2912 0.5912
 1 -0.3000 0.5700
 1 -0.3000 0.0300
 1 -0.3000 0.0300
 1 -0.2912 0.0088
 1 -0.2700 0.0000
 1 0.2700 0.0000
 1 0.2700 0.0000
 1 0.2912 0.0088
112 1566 16
 0 0.2900 0.0300
 1 0.2900 0.5700
 1 0.2900 0.5700
 1 0.2841 0.5841
 1 0.2700 0.5900
 1 -0.2700 0.5900
 1 -0.2700 0.5900
 1 -0.2841 0.5841
 1 -0.2900 0.5700
 1 -0.2900 0.0300
 1 -0.2900 0.0300
 1 -0.2841 0.0159
 1 -0.2700 0.0100
 1 0.2700 0.0100
 1 0.2700 0.0100
 1 0.2841 0.0159
112 1251 13
 0 -0.0935 0.1250
 1 -0.0935 0.4750
 1 0.1100 0.4750
 1 0.1100 0.4204
 1 -0.0389 0.4204
 1 -0.0389 0.3343
 1 0.0645 0.3343
 1 0.0645 0.2797
 1 -0.0389 0.2797
 1 -0.0389 0.1796
 1 0.1199 0.1796
 1 0.1199 0.1250
 1 -0.0935 0.1250
4 1 1
 0 0.3000 0.0300
 1 0.3000 0.5700
 1 0.3000 0.5700
 1 0.2912 0.5912
 1 0.2700 0.6000
 1 -0.2700 0.6000
 1 -0.2700 0.6000
 1 -0.2912 0.5912
 1 -0.3000 0.5700
 1 -0.3000 0.0300
 1 -0.3000 0.0300
 1 -0.2912 0.0088
 1 -0.2700 0.0000
 1 0.2700 0.0000
 1 0.2700 0.0000
 1 0.2912 0.0088
 1 0.3000 0.0300
4 1 1
 0 0.2900 0.0300
 1 0.2900 0.5700
 1 0.2900 0.5700
 1 0.2841 0.5841
 1 0.2700 0.5900
 1 -0.2700 0.5900
 1 -0.2700 0.5900
 1 -0.2841 0.5841
 1 -0.2900 0.5700
 1 -0.2900 0.0300
 1 -0.2900 0.0300
 1 -0.2841 0.0159
 1 -0.2700 0.0100
 1 0.2700 0.0100
 1 0.2700 0.0100
 1 0.2841 0.0159
 1 0.2900 0.0300
4 1 1
 0 -0.0935 0.1250
 1 -0.0935 0.4750
 1 0.1100 0.4750
 1 0.1100 0.4204
 1 -0.0389 0.4204
 1 -0.0389 0.3343
 1 0.0645 0.3343
 1 0.0645 0.2797
 1 -0.0389 0.2797
 1 -0.0389 0.1796
 1 0.1199 0.1796
 1 0.1199 0.1250
 1 -0.0935 0.1250
