SEcl_ID-2c
3415 12 1 1 0 0 0 0 0 0 1 1
1.0000
112 1251 13
 0 -0.3203 0.0000
 1 0.3203 0.0000
 1 0.3770 0.0235
 1 0.4004 0.0801
 1 0.4004 1.5720
 1 0.3770 1.6280
 1 0.3203 1.6500
 1 -0.3203 1.6500
 1 -0.3770 1.6280
 1 -0.4004 1.5720
 1 -0.4004 0.0801
 1 -0.3770 0.0235
 1 -0.3203 0.0000
112 1252 12
 0 0.3604 0.4963
 1 -0.3604 0.0801
 1 -0.3573 0.0648
 1 -0.3487 0.0518
 1 -0.3357 0.0431
 1 -0.3203 0.0401
 1 0.3203 0.0401
 1 0.3357 0.0431
 1 0.3487 0.0518
 1 0.3573 0.0648
 1 0.3604 0.0801
 1 0.3604 0.4963
112 1252 5
 0 0.3604 0.7737
 1 -0.3604 0.3575
 1 -0.3604 0.2188
 1 0.3604 0.6350
 1 0.3604 0.7737
112 1252 5
 0 0.3604 1.0511
 1 -0.3604 0.6350
 1 -0.3604 0.4963
 1 0.3604 0.9124
 1 0.3604 1.0511
112 1252 10
 0 -0.3604 0.7660
 1 -0.3604 1.5717
 1 -0.3604 1.5717
 1 -0.3487 1.6000
 1 -0.3203 1.6117
 1 0.3203 1.6117
 1 0.3203 1.6117
 1 0.3487 1.6000
 1 0.3604 1.5717
 1 0.3604 1.1821
112 1251 16
 0 0.2888 1.5046
 1 0.2888 1.5046
 1 0.2567 1.5477
 1 0.2055 1.5642
 1 0.1543 1.5477
 1 0.1222 1.5046
 1 0.1222 1.5046
 1 0.1139 1.4543
 1 0.1222 1.4040
 1 0.1222 1.4040
 1 0.1543 1.3608
 1 0.2055 1.3444
 1 0.2567 1.3608
 1 0.2888 1.4040
 1 0.2888 1.4040
 1 0.2971 1.4543
112 1251 16
 0 0.0731 1.5046
 1 0.0731 1.5046
 1 0.0410 1.5477
 1 -0.0102 1.5642
 1 -0.0614 1.5477
 1 -0.0935 1.5046
 1 -0.0935 1.5046
 1 -0.1019 1.4543
 1 -0.0935 1.4040
 1 -0.0935 1.4040
 1 -0.0614 1.3608
 1 -0.0102 1.3444
 1 0.0410 1.3608
 1 0.0731 1.4040
 1 0.0731 1.4040
 1 0.0814 1.4543
112 1251 75
 0 -0.2055 1.4815
 1 -0.2055 1.4815
 1 -0.2204 1.4792
 1 -0.2354 1.4809
 1 -0.2354 1.4321
 1 -0.2354 1.4321
 1 -0.2199 1.4324
 1 -0.2044 1.4306
 1 -0.2044 1.4306
 1 -0.1923 1.4183
 1 -0.1997 1.4027
 1 -0.1997 1.4027
 1 -0.2070 1.3997
 1 -0.2149 1.3986
 1 -0.2149 1.3986
 1 -0.2236 1.3992
 1 -0.2321 1.4011
 1 -0.2321 1.4011
 1 -0.2362 1.4030
 1 -0.2395 1.4062
 1 -0.2395 1.4062
 1 -0.2443 1.4141
 1 -0.2474 1.4227
 1 -0.2991 1.4181
 1 -0.2991 1.4181
 1 -0.2925 1.3955
 1 -0.2807 1.3751
 1 -0.2807 1.3751
 1 -0.2655 1.3605
 1 -0.2464 1.3515
 1 -0.2464 1.3515
 1 -0.2121 1.3470
 1 -0.1780 1.3532
 1 -0.1780 1.3532
 1 -0.1519 1.3706
 1 -0.1377 1.3984
 1 -0.1377 1.3984
 1 -0.1361 1.4084
 1 -0.1355 1.4185
 1 -0.1355 1.4185
 1 -0.1361 1.4259
 1 -0.1378 1.4332
 1 -0.1378 1.4332
 1 -0.1450 1.4460
 1 -0.1565 1.4552
 1 -0.1565 1.4552
 1 -0.1560 1.4556
 1 -0.1555 1.4560
 1 -0.1555 1.4560
 1 -0.1443 1.4703
 1 -0.1388 1.4876
 1 -0.1388 1.4876
 1 -0.1486 1.5310
 1 -0.1845 1.5572
 1 -0.1845 1.5572
 1 -0.2002 1.5604
 1 -0.2162 1.5614
 1 -0.2162 1.5614
 1 -0.2524 1.5521
 1 -0.2802 1.5270
 1 -0.2802 1.5270
 1 -0.2883 1.5095
 1 -0.2903 1.4903
 1 -0.2380 1.4855
 1 -0.2380 1.4855
 1 -0.2370 1.4995
 1 -0.2270 1.5093
 1 -0.2270 1.5093
 1 -0.2214 1.5111
 1 -0.2156 1.5118
 1 -0.2156 1.5118
 1 -0.2119 1.5117
 1 -0.2081 1.5114
 1 -0.2081 1.5114
 1 -0.1945 1.4976
112 1252 12
 0 0.0258 1.4824
 1 0.0258 1.4824
 1 -0.0102 1.5129
 1 -0.0462 1.4824
 1 -0.0462 1.4824
 1 -0.0486 1.4543
 1 -0.0462 1.4261
 1 -0.0462 1.4261
 1 -0.0102 1.3956
 1 0.0258 1.4261
 1 0.0258 1.4261
 1 0.0282 1.4543
112 1252 12
 0 0.2415 1.4824
 1 0.2415 1.4824
 1 0.2055 1.5129
 1 0.1695 1.4824
 1 0.1695 1.4824
 1 0.1671 1.4543
 1 0.1695 1.4261
 1 0.1695 1.4261
 1 0.2055 1.3956
 1 0.2415 1.4261
 1 0.2415 1.4261
 1 0.2439 1.4543
112 1251 23
 0 0.0322 1.1392
 1 -0.0224 1.1392
 1 -0.0224 1.2253
 1 -0.0224 1.2253
 1 -0.0327 1.2357
 1 -0.0431 1.2253
 1 -0.0431 1.1392
 1 -0.0977 1.1392
 1 -0.0977 1.2848
 1 -0.0495 1.2848
 1 -0.0481 1.2805
 1 -0.0481 1.2805
 1 -0.0167 1.2883
 1 0.0130 1.2756
 1 0.0130 1.2756
 1 0.0745 1.2828
 1 0.1076 1.2304
 1 0.1076 1.1392
 1 0.0530 1.1392
 1 0.0530 1.2253
 1 0.0530 1.2253
 1 0.0426 1.2357
 1 0.0322 1.2253
31 0 13
 0 -0.3203 0.0000
 1 0.3203 0.0000
 1 0.3770 0.0235
 1 0.4004 0.0801
 1 0.4004 1.5720
 1 0.3770 1.6280
 1 0.3203 1.6500
 1 -0.3203 1.6500
 1 -0.3770 1.6280
 1 -0.4004 1.5720
 1 -0.4004 0.0801
 1 -0.3770 0.0235
 1 -0.3770 0.0235
