SEcl_ID-2a
3410 9 1 1 0 0 0 0 0 0 1 1
1.0000
112 1251 13
 0 -0.3203 0.0000
 1 0.3203 0.0000
 1 0.3770 0.0235
 1 0.4004 0.0801
 1 0.4004 1.5720
 1 0.3770 1.6280
 1 0.3203 1.6500
 1 -0.3203 1.6500
 1 -0.3770 1.6280
 1 -0.4004 1.5720
 1 -0.4004 0.0801
 1 -0.3770 0.0235
 1 -0.3203 0.0000
112 1466 10
 0 0.3604 0.9440
 1 -0.3604 0.5278
 1 -0.3604 1.5717
 1 -0.3604 1.5717
 1 -0.3487 1.6000
 1 -0.3203 1.6117
 1 0.3203 1.6117
 1 0.3203 1.6117
 1 0.3487 1.6000
 1 0.3604 1.5717
112 1466 10
 0 0.3604 0.5886
 1 -0.3604 0.1724
 1 -0.3604 0.0801
 1 -0.3604 0.0801
 1 -0.3487 0.0518
 1 -0.3203 0.0401
 1 0.3203 0.0401
 1 0.3203 0.0401
 1 0.3487 0.0518
 1 0.3604 0.0801
112 1251 16
 0 0.2814 1.5068
 1 0.2814 1.5068
 1 0.2498 1.5493
 1 0.1994 1.5655
 1 0.1490 1.5493
 1 0.1174 1.5068
 1 0.1174 1.5068
 1 0.1092 1.4573
 1 0.1174 1.4077
 1 0.1174 1.4077
 1 0.1490 1.3652
 1 0.1994 1.3490
 1 0.2498 1.3652
 1 0.2814 1.4077
 1 0.2814 1.4077
 1 0.2897 1.4573
112 1251 16
 0 0.0690 1.5068
 1 0.0690 1.5068
 1 0.0374 1.5493
 1 -0.0130 1.5655
 1 -0.0635 1.5493
 1 -0.0951 1.5068
 1 -0.0951 1.5068
 1 -0.1033 1.4573
 1 -0.0951 1.4077
 1 -0.0951 1.4077
 1 -0.0635 1.3652
 1 -0.0130 1.3490
 1 0.0374 1.3652
 1 0.0690 1.4077
 1 0.0690 1.4077
 1 0.0772 1.4573
112 1466 12
 0 0.0224 1.4850
 1 0.0224 1.4850
 1 -0.0130 1.5150
 1 -0.0485 1.4850
 1 -0.0485 1.4850
 1 -0.0508 1.4573
 1 -0.0485 1.4295
 1 -0.0485 1.4295
 1 -0.0130 1.3995
 1 0.0224 1.4295
 1 0.0224 1.4295
 1 0.0248 1.4573
112 1466 12
 0 0.2349 1.4850
 1 0.2349 1.4850
 1 0.1994 1.5150
 1 0.1639 1.4850
 1 0.1639 1.4850
 1 0.1616 1.4573
 1 0.1639 1.4295
 1 0.1639 1.4295
 1 0.1994 1.3995
 1 0.2349 1.4295
 1 0.2349 1.4295
 1 0.2372 1.4573
112 1251 23
 0 0.0228 1.1487
 1 -0.0309 1.1487
 1 -0.0309 1.2335
 1 -0.0309 1.2335
 1 -0.0411 1.2437
 1 -0.0514 1.2335
 1 -0.0514 1.1487
 1 -0.1051 1.1487
 1 -0.1051 1.2921
 1 -0.0576 1.2921
 1 -0.0563 1.2878
 1 -0.0563 1.2878
 1 -0.0254 1.2955
 1 0.0039 1.2830
 1 0.0039 1.2830
 1 0.0645 1.2901
 1 0.0971 1.2385
 1 0.0971 1.1487
 1 0.0433 1.1487
 1 0.0433 1.2335
 1 0.0433 1.2335
 1 0.0331 1.2437
 1 0.0228 1.2335
112 1251 11
 0 -0.1353 1.5576
 1 -0.1353 1.3490
 1 -0.1932 1.3490
 1 -0.1932 1.4771
 1 -0.2265 1.4771
 1 -0.2265 1.5292
 1 -0.2023 1.5292
 1 -0.2023 1.5292
 1 -0.1931 1.5330
 1 -0.1893 1.5423
 1 -0.1893 1.5576
