SEcl_ID-2b
3414 11 1 1 0 0 0 0 0 0 1 1
1.0000
112 1251 13
 0 -0.3203 0.0000
 1 0.3203 0.0000
 1 0.3770 0.0235
 1 0.4004 0.0801
 1 0.4004 1.5720
 1 0.3770 1.6280
 1 0.3203 1.6500
 1 -0.3203 1.6500
 1 -0.3770 1.6280
 1 -0.4004 1.5720
 1 -0.4004 0.0801
 1 -0.3770 0.0235
 1 -0.3203 0.0000
112 1252 10
 0 0.3604 1.2168
 1 -0.3604 0.8006
 1 -0.3604 1.5717
 1 -0.3604 1.5717
 1 -0.3487 1.6000
 1 -0.3203 1.6117
 1 0.3203 1.6117
 1 0.3203 1.6117
 1 0.3487 1.6000
 1 0.3604 1.5717
112 1252 5
 0 -0.3604 0.5771
 1 0.3604 0.9933
 1 0.3604 0.7621
 1 -0.3604 0.3459
 1 -0.3604 0.5771
112 1252 10
 0 0.3604 0.5309
 1 -0.3604 0.1147
 1 -0.3604 0.0801
 1 -0.3604 0.0801
 1 -0.3487 0.0518
 1 -0.3203 0.0401
 1 0.3203 0.0401
 1 0.3203 0.0401
 1 0.3487 0.0518
 1 0.3604 0.0801
112 1251 16
 0 0.2814 1.5068
 1 0.2814 1.5068
 1 0.2498 1.5493
 1 0.1994 1.5655
 1 0.1490 1.5493
 1 0.1174 1.5068
 1 0.1174 1.5068
 1 0.1092 1.4573
 1 0.1174 1.4077
 1 0.1174 1.4077
 1 0.1490 1.3652
 1 0.1994 1.3490
 1 0.2498 1.3652
 1 0.2814 1.4077
 1 0.2814 1.4077
 1 0.2897 1.4573
112 1251 16
 0 0.0690 1.5068
 1 0.0690 1.5068
 1 0.0374 1.5493
 1 -0.0130 1.5655
 1 -0.0635 1.5493
 1 -0.0951 1.5068
 1 -0.0951 1.5068
 1 -0.1033 1.4573
 1 -0.0951 1.4077
 1 -0.0951 1.4077
 1 -0.0635 1.3652
 1 -0.0130 1.3490
 1 0.0374 1.3652
 1 0.0690 1.4077
 1 0.0690 1.4077
 1 0.0772 1.4573
112 1251 40
 0 -0.2368 1.4954
 1 -0.2368 1.4954
 1 -0.2383 1.4830
 1 -0.2341 1.4712
 1 -0.2930 1.4712
 1 -0.2930 1.4712
 1 -0.2910 1.5199
 1 -0.2576 1.5553
 1 -0.2576 1.5553
 1 -0.2155 1.5656
 1 -0.1730 1.5570
 1 -0.1730 1.5570
 1 -0.1403 1.5238
 1 -0.1391 1.4771
 1 -0.1391 1.4771
 1 -0.1506 1.4525
 1 -0.1662 1.4302
 1 -0.1890 1.4031
 1 -0.1352 1.4031
 1 -0.1352 1.3490
 1 -0.2880 1.3490
 1 -0.2880 1.3888
 1 -0.2880 1.3888
 1 -0.2870 1.3946
 1 -0.2839 1.3997
 1 -0.2218 1.4629
 1 -0.2218 1.4629
 1 -0.2115 1.4751
 1 -0.2033 1.4886
 1 -0.2033 1.4886
 1 -0.2019 1.4917
 1 -0.2008 1.4950
 1 -0.2008 1.4950
 1 -0.2019 1.5020
 1 -0.2077 1.5062
 1 -0.2077 1.5062
 1 -0.2167 1.5071
 1 -0.2256 1.5059
 1 -0.2256 1.5059
 1 -0.2326 1.5021
112 1252 12
 0 0.0224 1.4850
 1 0.0224 1.4850
 1 -0.0130 1.5150
 1 -0.0485 1.4850
 1 -0.0485 1.4850
 1 -0.0508 1.4573
 1 -0.0485 1.4295
 1 -0.0485 1.4295
 1 -0.0130 1.3995
 1 0.0224 1.4295
 1 0.0224 1.4295
 1 0.0248 1.4573
112 1252 12
 0 0.2349 1.4850
 1 0.2349 1.4850
 1 0.1994 1.5150
 1 0.1639 1.4850
 1 0.1639 1.4850
 1 0.1616 1.4573
 1 0.1639 1.4295
 1 0.1639 1.4295
 1 0.1994 1.3995
 1 0.2349 1.4295
 1 0.2349 1.4295
 1 0.2372 1.4573
112 1251 23
 0 0.0228 1.1487
 1 -0.0309 1.1487
 1 -0.0309 1.2335
 1 -0.0309 1.2335
 1 -0.0411 1.2437
 1 -0.0514 1.2335
 1 -0.0514 1.1487
 1 -0.1051 1.1487
 1 -0.1051 1.2921
 1 -0.0576 1.2921
 1 -0.0563 1.2878
 1 -0.0563 1.2878
 1 -0.0254 1.2955
 1 0.0039 1.2830
 1 0.0039 1.2830
 1 0.0645 1.2901
 1 0.0971 1.2385
 1 0.0971 1.1487
 1 0.0433 1.1487
 1 0.0433 1.2335
 1 0.0433 1.2335
 1 0.0331 1.2437
 1 0.0228 1.2335
31 0 13
 0 -0.3203 0.0000
 1 0.3203 0.0000
 1 0.3770 0.0235
 1 0.4004 0.0801
 1 0.4004 1.5720
 1 0.3770 1.6280
 1 0.3203 1.6500
 1 -0.3203 1.6500
 1 -0.3770 1.6280
 1 -0.4004 1.5720
 1 -0.4004 0.0801
 1 -0.3770 0.0235
 1 -0.3770 0.0235
