SEcl_IPR-2
3421 7 1 1 0 0 0 0 0 0 1 1
1.000
112 1252 17
0 -0.5283 1.6517
1 -0.5793 1.6306
1 -0.6004 1.5797
1 -0.6004 0.0761
1 -0.5949 0.0492
1 -0.5777 0.0230
1 -0.5513 0.0053
1 -0.5241 0.0001
1 0.5241 0.0001
1 0.5513 0.0053
1 0.5777 0.0230
1 0.5949 0.0492
1 0.6004 0.0761
1 0.6004 1.5797
1 0.5793 1.6306
1 0.5283 1.6517
1 -0.5283 1.6517
112 1251 17
0 -0.5243 1.6317
1 -0.5640 1.6153
1 -0.5804 1.5757
1 -0.5804 0.0781
1 -0.5761 0.0570
1 -0.5632 0.0374
1 -0.5435 0.0242
1 -0.5222 0.0201
1 0.5222 0.0201
1 0.5435 0.0242
1 0.5632 0.0374
1 0.5761 0.0570
1 0.5804 0.0781
1 0.5804 1.5757
1 0.5640 1.6153
1 0.5243 1.6317
1 -0.5243 1.6317
112 1252 18
0 -0.5203 1.6117
1 -0.5487 1.6000
1 -0.5604 1.5717
1 -0.5604 1.5717
1 -0.5604 0.0801
1 -0.5573 0.0648
1 -0.5487 0.0518
1 -0.5357 0.0431
1 -0.5203 0.0401
1 0.5203 0.0401
1 0.5357 0.0431
1 0.5487 0.0518
1 0.5573 0.0648
1 0.5604 0.0801
1 0.5604 1.5717
1 0.5487 1.6000
1 0.5203 1.6117
1 0.5203 1.6117
112 1251 5
0 0.5804 1.1179
1 -0.5804 1.1179
1 -0.5804 1.1379
1 0.5804 1.1379
1 0.5804 1.1179
112 1251 13
0 -0.2688 0.9917
1 -0.2154 1.0042
1 -0.2154 0.8312
1 -0.1479 0.9125
1 -0.0833 0.9125
1 -0.1558 0.8362
1 -0.0708 0.7000
1 -0.1342 0.7000
1 -0.1921 0.7979
1 -0.2154 0.7733
1 -0.2154 0.7000
1 -0.2688 0.7000
1 -0.2688 0.9917
112 1251 193
0 0.0246 0.8975
1 0.0246 0.8975
1 0.0267 0.8991
1 0.0294 0.9008
1 0.0323 0.9027
1 0.0353 0.9045
1 0.0382 0.9061
1 0.0408 0.9075
1 0.0408 0.9075
1 0.0431 0.9086
1 0.0460 0.9098
1 0.0492 0.9110
1 0.0525 0.9122
1 0.0558 0.9133
1 0.0588 0.9142
1 0.0588 0.9142
1 0.0619 0.9150
1 0.0656 0.9158
1 0.0697 0.9165
1 0.0738 0.9171
1 0.0778 0.9174
1 0.0813 0.9175
1 0.0813 0.9175
1 0.0850 0.9174
1 0.0893 0.9169
1 0.0936 0.9163
1 0.0978 0.9154
1 0.1015 0.9144
1 0.1046 0.9133
1 0.1046 0.9133
1 0.1074 0.9121
1 0.1105 0.9106
1 0.1137 0.9090
1 0.1168 0.9074
1 0.1195 0.9059
1 0.1217 0.9046
1 0.1217 0.9046
1 0.1239 0.9028
1 0.1264 0.9007
1 0.1290 0.8984
1 0.1314 0.8960
1 0.1336 0.8937
1 0.1354 0.8917
1 0.1354 0.8917
1 0.1378 0.8937
1 0.1408 0.8960
1 0.1441 0.8984
1 0.1475 0.9007
1 0.1508 0.9028
1 0.1538 0.9046
1 0.1538 0.9046
1 0.1564 0.9059
1 0.1597 0.9074
1 0.1634 0.9090
1 0.1672 0.9106
1 0.1708 0.9121
1 0.1742 0.9133
1 0.1742 0.9133
1 0.1778 0.9144
1 0.1822 0.9154
1 0.1870 0.9163
1 0.1919 0.9169
1 0.1966 0.9174
1 0.2008 0.9175
1 0.2008 0.9175
1 0.2049 0.9173
1 0.2096 0.9168
1 0.2145 0.9160
1 0.2194 0.9150
1 0.2238 0.9138
1 0.2275 0.9125
1 0.2275 0.9125
1 0.2312 0.9109
1 0.2352 0.9087
1 0.2393 0.9062
1 0.2433 0.9034
1 0.2468 0.9006
1 0.2496 0.8979
1 0.2496 0.8979
1 0.2521 0.8951
1 0.2549 0.8915
1 0.2577 0.8874
1 0.2602 0.8831
1 0.2625 0.8789
1 0.2642 0.8750
1 0.2642 0.8750
1 0.2656 0.8709
1 0.2669 0.8658
1 0.2680 0.8603
1 0.2689 0.8546
1 0.2694 0.8491
1 0.2696 0.8442
1 0.2696 0.7000
1 0.2163 0.7000
1 0.2163 0.8333
1 0.2163 0.8333
1 0.2160 0.8388
1 0.2151 0.8444
1 0.2138 0.8498
1 0.2121 0.8546
1 0.2101 0.8585
1 0.2079 0.8612
1 0.2079 0.8612
1 0.2053 0.8634
1 0.2016 0.8654
1 0.1972 0.8671
1 0.1923 0.8685
1 0.1873 0.8693
1 0.1825 0.8696
1 0.1825 0.8696
1 0.1805 0.8695
1 0.1781 0.8694
1 0.1757 0.8691
1 0.1732 0.8687
1 0.1710 0.8683
1 0.1692 0.8679
1 0.1692 0.8679
1 0.1675 0.8675
1 0.1656 0.8670
1 0.1637 0.8664
1 0.1618 0.8658
1 0.1601 0.8652
1 0.1588 0.8646
1 0.1588 0.8646
1 0.1572 0.8639
1 0.1554 0.8632
1 0.1536 0.8623
1 0.1518 0.8613
1 0.1501 0.8604
1 0.1488 0.8596
1 0.1488 0.8596
1 0.1488 0.8590
1 0.1488 0.8582
1 0.1489 0.8574
1 0.1490 0.8565
1 0.1491 0.8557
1 0.1492 0.8550
1 0.1492 0.8550
1 0.1493 0.8544
1 0.1494 0.8536
1 0.1495 0.8527
1 0.1495 0.8517
1 0.1496 0.8508
1 0.1496 0.8500
1 0.1496 0.8500
1 0.1497 0.8491
1 0.1498 0.8482
1 0.1499 0.8471
1 0.1499 0.8460
1 0.1500 0.8450
1 0.1500 0.8442
1 0.1500 0.7000
1 0.0967 0.7000
1 0.0967 0.8333
1 0.0967 0.8333
1 0.0964 0.8388
1 0.0956 0.8444
1 0.0942 0.8498
1 0.0925 0.8546
1 0.0905 0.8585
1 0.0883 0.8612
1 0.0883 0.8612
1 0.0857 0.8634
1 0.0820 0.8654
1 0.0776 0.8671
1 0.0727 0.8685
1 0.0677 0.8693
1 0.0629 0.8696
1 0.0629 0.8696
1 0.0608 0.8695
1 0.0583 0.8694
1 0.0558 0.8691
1 0.0533 0.8687
1 0.0510 0.8683
1 0.0492 0.8679
1 0.0492 0.8679
1 0.0475 0.8675
1 0.0456 0.8670
1 0.0437 0.8664
1 0.0418 0.8658
1 0.0401 0.8652
1 0.0388 0.8646
1 0.0388 0.8646
1 0.0373 0.8640
1 0.0357 0.8632
1 0.0340 0.8624
1 0.0323 0.8615
1 0.0308 0.8607
1 0.0296 0.8600
1 0.0296 0.7000
1 -0.0238 0.7000
1 -0.0238 0.9079
1 0.0204 0.9175
31 0 17
 0 -0.5283 1.6517
 1 -0.5793 1.6306
 1 -0.6004 1.5797
 1 -0.6004 0.0761
 1 -0.5949 0.0492
 1 -0.5777 0.0230
 1 -0.5513 0.0053
 1 -0.5241 0.0001
 1 0.5241 0.0001
 1 0.5513 0.0053
 1 0.5777 0.0230
 1 0.5949 0.0492
 1 0.6004 0.0761
 1 0.6004 1.5797
 1 0.5793 1.6306
 1 0.5283 1.6517
 1 -0.5283 1.6517
