SEcl_PRI
3325 3 1 1 0 0 0 0 0 0 1 1
1.0000
112 1252 108
 0 -0.4224 0.0000
 1 -0.4255 0.0000
 1 -0.4301 0.0005
 1 -0.4328 0.0009
 1 -0.4361 0.0015
 1 -0.4409 0.0030
 1 -0.4436 0.0041
 1 -0.4446 0.0045
 1 -0.4494 0.0064
 1 -0.4538 0.0093
 1 -0.4547 0.0099
 1 -0.4578 0.0120
 1 -0.4605 0.0144
 1 -0.4633 0.0169
 1 -0.4658 0.0197
 1 -0.4673 0.0213
 1 -0.4696 0.0243
 1 -0.4724 0.0285
 1 -0.4736 0.0309
 1 -0.4749 0.0333
 1 -0.4771 0.0388
 1 -0.4779 0.0416
 1 -0.4786 0.0439
 1 -0.4792 0.0471
 1 -0.4798 0.0503
 1 -0.4802 0.0550
 1 -0.4802 0.0579
 1 -0.4802 0.3425
 1 -0.4802 0.3453
 1 -0.4798 0.3500
 1 -0.4792 0.3532
 1 -0.4787 0.3559
 1 -0.4779 0.3588
 1 -0.4769 0.3620
 1 -0.4752 0.3662
 1 -0.4736 0.3695
 1 -0.4719 0.3725
 1 -0.4696 0.3760
 1 -0.4673 0.3790
 1 -0.4658 0.3806
 1 -0.4633 0.3834
 1 -0.4605 0.3859
 1 -0.4589 0.3874
 1 -0.4546 0.3907
 1 -0.4524 0.3919
 1 -0.4494 0.3939
 1 -0.4461 0.3952
 1 -0.4435 0.3965
 1 -0.4392 0.3978
 1 -0.4361 0.3988
 1 -0.4328 0.3994
 1 -0.4301 0.3998
 1 -0.4255 0.4003
 1 -0.4224 0.4003
 1 0.4224 0.4003
 1 0.4255 0.4003
 1 0.4301 0.3998
 1 0.4328 0.3994
 1 0.4361 0.3988
 1 0.4392 0.3978
 1 0.4435 0.3965
 1 0.4461 0.3952
 1 0.4494 0.3939
 1 0.4524 0.3919
 1 0.4546 0.3907
 1 0.4589 0.3874
 1 0.4605 0.3859
 1 0.4633 0.3834
 1 0.4658 0.3806
 1 0.4673 0.3790
 1 0.4696 0.3760
 1 0.4719 0.3725
 1 0.4736 0.3695
 1 0.4752 0.3662
 1 0.4769 0.3620
 1 0.4779 0.3588
 1 0.4787 0.3559
 1 0.4792 0.3532
 1 0.4798 0.3500
 1 0.4802 0.3453
 1 0.4802 0.0579
 1 0.4802 0.0550
 1 0.4798 0.0503
 1 0.4792 0.0471
 1 0.4786 0.0439
 1 0.4779 0.0416
 1 0.4771 0.0388
 1 0.4749 0.0333
 1 0.4736 0.0309
 1 0.4724 0.0285
 1 0.4696 0.0243
 1 0.4673 0.0213
 1 0.4658 0.0197
 1 0.4633 0.0169
 1 0.4605 0.0144
 1 0.4578 0.0120
 1 0.4547 0.0099
 1 0.4538 0.0093
 1 0.4494 0.0064
 1 0.4446 0.0045
 1 0.4436 0.0041
 1 0.4409 0.0030
 1 0.4361 0.0015
 1 0.4328 0.0009
 1 0.4301 0.0005
 1 0.4255 0.0000
 1 0.4224 0.0000
 1 -0.4224 0.0000
112 1251 108
 0 -0.4224 0.0130
 1 -0.4248 0.0130
 1 -0.4283 0.0133
 1 -0.4304 0.0137
 1 -0.4330 0.0142
 1 -0.4366 0.0153
 1 -0.4387 0.0161
 1 -0.4397 0.0165
 1 -0.4433 0.0180
 1 -0.4466 0.0201
 1 -0.4475 0.0207
 1 -0.4498 0.0223
 1 -0.4520 0.0242
 1 -0.4541 0.0261
 1 -0.4560 0.0282
 1 -0.4572 0.0296
 1 -0.4590 0.0319
 1 -0.4611 0.0350
 1 -0.4621 0.0370
 1 -0.4631 0.0389
 1 -0.4647 0.0429
 1 -0.4654 0.0452
 1 -0.4659 0.0471
 1 -0.4664 0.0495
 1 -0.4669 0.0521
 1 -0.4672 0.0556
 1 -0.4672 0.0579
 1 -0.4672 0.3425
 1 -0.4672 0.3447
 1 -0.4669 0.3482
 1 -0.4664 0.3508
 1 -0.4660 0.3529
 1 -0.4654 0.3552
 1 -0.4646 0.3577
 1 -0.4634 0.3609
 1 -0.4621 0.3634
 1 -0.4608 0.3658
 1 -0.4590 0.3684
 1 -0.4572 0.3707
 1 -0.4560 0.3721
 1 -0.4541 0.3742
 1 -0.4520 0.3761
 1 -0.4506 0.3773
 1 -0.4474 0.3798
 1 -0.4457 0.3808
 1 -0.4433 0.3823
 1 -0.4408 0.3834
 1 -0.4387 0.3844
 1 -0.4355 0.3854
 1 -0.4330 0.3861
 1 -0.4304 0.3866
 1 -0.4283 0.3870
 1 -0.4248 0.3873
 1 -0.4224 0.3873
 1 0.4224 0.3873
 1 0.4248 0.3873
 1 0.4283 0.3870
 1 0.4304 0.3866
 1 0.4330 0.3861
 1 0.4355 0.3854
 1 0.4387 0.3844
 1 0.4408 0.3834
 1 0.4433 0.3823
 1 0.4457 0.3808
 1 0.4474 0.3798
 1 0.4506 0.3773
 1 0.4520 0.3761
 1 0.4541 0.3742
 1 0.4560 0.3721
 1 0.4572 0.3707
 1 0.4590 0.3684
 1 0.4608 0.3658
 1 0.4621 0.3634
 1 0.4634 0.3609
 1 0.4646 0.3577
 1 0.4654 0.3552
 1 0.4660 0.3529
 1 0.4664 0.3508
 1 0.4669 0.3482
 1 0.4672 0.3447
 1 0.4672 0.0579
 1 0.4672 0.0556
 1 0.4669 0.0521
 1 0.4664 0.0495
 1 0.4659 0.0471
 1 0.4654 0.0452
 1 0.4647 0.0429
 1 0.4631 0.0389
 1 0.4621 0.0370
 1 0.4611 0.0350
 1 0.4590 0.0319
 1 0.4572 0.0296
 1 0.4560 0.0282
 1 0.4541 0.0261
 1 0.4520 0.0242
 1 0.4498 0.0223
 1 0.4475 0.0207
 1 0.4466 0.0201
 1 0.4433 0.0180
 1 0.4397 0.0165
 1 0.4387 0.0161
 1 0.4366 0.0153
 1 0.4330 0.0142
 1 0.4304 0.0137
 1 0.4283 0.0133
 1 0.4248 0.0130
 1 0.4224 0.0130
 1 -0.4224 0.0130
112 1252 109
 0 -0.4224 0.0400
 1 -0.4235 0.0400
 1 -0.4245 0.0401
 1 -0.4256 0.0403
 1 -0.4267 0.0405
 1 -0.4277 0.0408
 1 -0.4287 0.0412
 1 -0.4297 0.0416
 1 -0.4307 0.0420
 1 -0.4316 0.0426
 1 -0.4325 0.0432
 1 -0.4334 0.0438
 1 -0.4342 0.0445
 1 -0.4350 0.0452
 1 -0.4357 0.0460
 1 -0.4364 0.0468
 1 -0.4371 0.0477
 1 -0.4377 0.0486
 1 -0.4382 0.0496
 1 -0.4387 0.0505
 1 -0.4391 0.0515
 1 -0.4394 0.0526
 1 -0.4397 0.0536
 1 -0.4399 0.0546
 1 -0.4401 0.0557
 1 -0.4402 0.0568
 1 -0.4402 0.0579
 1 -0.4402 0.3425
 1 -0.4402 0.3435
 1 -0.4401 0.3446
 1 -0.4399 0.3457
 1 -0.4397 0.3467
 1 -0.4394 0.3478
 1 -0.4391 0.3488
 1 -0.4387 0.3498
 1 -0.4382 0.3508
 1 -0.4377 0.3517
 1 -0.4371 0.3526
 1 -0.4364 0.3535
 1 -0.4357 0.3543
 1 -0.4350 0.3551
 1 -0.4342 0.3558
 1 -0.4334 0.3565
 1 -0.4325 0.3572
 1 -0.4316 0.3577
 1 -0.4307 0.3583
 1 -0.4297 0.3587
 1 -0.4287 0.3592
 1 -0.4277 0.3595
 1 -0.4267 0.3598
 1 -0.4256 0.3600
 1 -0.4245 0.3602
 1 -0.4235 0.3603
 1 -0.4224 0.3603
 1 0.4224 0.3603
 1 0.4235 0.3603
 1 0.4245 0.3602
 1 0.4256 0.3600
 1 0.4267 0.3598
 1 0.4277 0.3595
 1 0.4287 0.3592
 1 0.4297 0.3587
 1 0.4307 0.3583
 1 0.4316 0.3577
 1 0.4325 0.3572
 1 0.4334 0.3565
 1 0.4342 0.3558
 1 0.4350 0.3551
 1 0.4357 0.3543
 1 0.4364 0.3535
 1 0.4371 0.3526
 1 0.4377 0.3517
 1 0.4382 0.3508
 1 0.4387 0.3498
 1 0.4391 0.3488
 1 0.4394 0.3478
 1 0.4397 0.3467
 1 0.4399 0.3457
 1 0.4401 0.3446
 1 0.4402 0.3435
 1 0.4402 0.3425
 1 0.4402 0.3425
 1 0.4402 0.0579
 1 0.4402 0.0568
 1 0.4401 0.0557
 1 0.4399 0.0546
 1 0.4397 0.0536
 1 0.4394 0.0526
 1 0.4391 0.0515
 1 0.4387 0.0505
 1 0.4382 0.0496
 1 0.4377 0.0486
 1 0.4371 0.0477
 1 0.4364 0.0468
 1 0.4357 0.0460
 1 0.4350 0.0452
 1 0.4342 0.0445
 1 0.4334 0.0438
 1 0.4325 0.0432
 1 0.4316 0.0426
 1 0.4307 0.0420
 1 0.4297 0.0416
 1 0.4287 0.0412
 1 0.4277 0.0408
 1 0.4267 0.0405
 1 0.4256 0.0403
 1 0.4245 0.0401
 1 0.4235 0.0400
 1 0.4224 0.0400
