SEcl_VsugeridaA
3422 8 1 1 0 0 0 0 0 0 1 1
1.000
112 1253 173
0 0.2778 0.0000
1 0.2798 0.0000
1 0.2818 0.0001
1 0.2838 0.0003
1 0.2858 0.0006
1 0.2877 0.0009
1 0.2897 0.0013
1 0.2916 0.0018
1 0.2935 0.0024
1 0.2954 0.0030
1 0.2973 0.0037
1 0.2991 0.0044
1 0.3010 0.0053
1 0.3027 0.0062
1 0.3045 0.0071
1 0.3062 0.0082
1 0.3079 0.0093
1 0.3095 0.0104
1 0.3111 0.0116
1 0.3126 0.0129
1 0.3141 0.0142
1 0.3155 0.0156
1 0.3169 0.0170
1 0.3182 0.0185
1 0.3195 0.0201
1 0.3207 0.0216
1 0.3219 0.0233
1 0.3230 0.0249
1 0.3240 0.0266
1 0.3250 0.0284
1 0.3259 0.0302
1 0.3267 0.0320
1 0.3274 0.0338
1 0.3281 0.0357
1 0.3288 0.0376
1 0.3293 0.0395
1 0.3298 0.0414
1 0.3302 0.0434
1 0.3305 0.0454
1 0.3308 0.0473
1 0.3310 0.0493
1 0.3311 0.0513
1 0.3311 0.0533
1 0.3311 0.4797
1 0.3311 0.4797
1 0.3311 0.4817
1 0.3310 0.4837
1 0.3308 0.4856
1 0.3305 0.4876
1 0.3302 0.4896
1 0.3298 0.4915
1 0.3293 0.4935
1 0.3288 0.4954
1 0.3281 0.4973
1 0.3274 0.4991
1 0.3267 0.5010
1 0.3259 0.5028
1 0.3250 0.5046
1 0.3240 0.5063
1 0.3230 0.5080
1 0.3219 0.5097
1 0.3207 0.5113
1 0.3195 0.5129
1 0.3182 0.5144
1 0.3169 0.5159
1 0.3155 0.5174
1 0.3141 0.5187
1 0.3126 0.5201
1 0.3111 0.5213
1 0.3095 0.5226
1 0.3079 0.5237
1 0.3062 0.5248
1 0.3045 0.5258
1 0.3027 0.5268
1 0.3010 0.5277
1 0.2991 0.5285
1 0.2973 0.5293
1 0.2954 0.5300
1 0.2935 0.5306
1 0.2916 0.5312
1 0.2897 0.5316
1 0.2877 0.5320
1 0.2858 0.5324
1 0.2838 0.5326
1 0.2818 0.5328
1 0.2798 0.5329
1 0.2778 0.5330
1 -0.2778 0.5330
1 -0.2798 0.5329
1 -0.2818 0.5328
1 -0.2838 0.5326
1 -0.2858 0.5324
1 -0.2877 0.5320
1 -0.2897 0.5316
1 -0.2916 0.5312
1 -0.2935 0.5306
1 -0.2954 0.5300
1 -0.2973 0.5293
1 -0.2991 0.5285
1 -0.3010 0.5277
1 -0.3027 0.5268
1 -0.3045 0.5258
1 -0.3062 0.5248
1 -0.3079 0.5237
1 -0.3095 0.5226
1 -0.3111 0.5213
1 -0.3126 0.5201
1 -0.3141 0.5187
1 -0.3155 0.5174
1 -0.3169 0.5159
1 -0.3182 0.5144
1 -0.3195 0.5129
1 -0.3207 0.5113
1 -0.3219 0.5097
1 -0.3230 0.5080
1 -0.3240 0.5063
1 -0.3250 0.5046
1 -0.3259 0.5028
1 -0.3267 0.5010
1 -0.3274 0.4991
1 -0.3281 0.4973
1 -0.3288 0.4954
1 -0.3293 0.4935
1 -0.3298 0.4915
1 -0.3302 0.4896
1 -0.3305 0.4876
1 -0.3308 0.4856
1 -0.3310 0.4837
1 -0.3311 0.4817
1 -0.3311 0.4797
1 -0.3311 0.0533
1 -0.3311 0.0513
1 -0.3310 0.0493
1 -0.3308 0.0473
1 -0.3305 0.0454
1 -0.3302 0.0434
1 -0.3298 0.0414
1 -0.3293 0.0395
1 -0.3288 0.0376
1 -0.3281 0.0357
1 -0.3274 0.0338
1 -0.3267 0.0320
1 -0.3259 0.0302
1 -0.3250 0.0284
1 -0.3240 0.0266
1 -0.3230 0.0249
1 -0.3219 0.0233
1 -0.3207 0.0216
1 -0.3195 0.0201
1 -0.3182 0.0185
1 -0.3169 0.0170
1 -0.3155 0.0156
1 -0.3141 0.0142
1 -0.3126 0.0129
1 -0.3111 0.0116
1 -0.3095 0.0104
1 -0.3079 0.0093
1 -0.3062 0.0082
1 -0.3045 0.0071
1 -0.3027 0.0062
1 -0.3010 0.0053
1 -0.2991 0.0044
1 -0.2973 0.0037
1 -0.2954 0.0030
1 -0.2935 0.0024
1 -0.2916 0.0018
1 -0.2897 0.0013
1 -0.2877 0.0009
1 -0.2858 0.0006
1 -0.2838 0.0003
1 -0.2818 0.0001
1 -0.2798 0.0000
1 -0.2778 0.0000
112 1250 153
0 0.2778 0.0133
1 0.2795 0.0134
1 0.2812 0.0135
1 0.2829 0.0136
1 0.2846 0.0139
1 0.2863 0.0142
1 0.2879 0.0146
1 0.2895 0.0151
1 0.2912 0.0156
1 0.2927 0.0162
1 0.2943 0.0169
1 0.2958 0.0176
1 0.2973 0.0184
1 0.2988 0.0193
1 0.3002 0.0202
1 0.3016 0.0212
1 0.3029 0.0222
1 0.3042 0.0233
1 0.3055 0.0244
1 0.3067 0.0256
1 0.3078 0.0269
1 0.3089 0.0282
1 0.3100 0.0295
1 0.3110 0.0309
1 0.3119 0.0323
1 0.3127 0.0338
1 0.3135 0.0353
1 0.3143 0.0368
1 0.3149 0.0384
1 0.3155 0.0400
1 0.3161 0.0416
1 0.3165 0.0432
1 0.3169 0.0449
1 0.3172 0.0465
1 0.3175 0.0482
1 0.3177 0.0499
1 0.3178 0.0516
1 0.3178 0.0533
1 0.3178 0.4797
1 0.3178 0.4797
1 0.3178 0.4814
1 0.3177 0.4831
1 0.3175 0.4847
1 0.3172 0.4864
1 0.3169 0.4881
1 0.3165 0.4897
1 0.3161 0.4914
1 0.3155 0.4930
1 0.3149 0.4946
1 0.3143 0.4961
1 0.3135 0.4977
1 0.3127 0.4992
1 0.3119 0.5006
1 0.3110 0.5021
1 0.3100 0.5034
1 0.3089 0.5048
1 0.3078 0.5061
1 0.3067 0.5073
1 0.3055 0.5085
1 0.3042 0.5097
1 0.3029 0.5108
1 0.3016 0.5118
1 0.3002 0.5128
1 0.2988 0.5137
1 0.2973 0.5146
1 0.2958 0.5154
1 0.2943 0.5161
1 0.2927 0.5168
1 0.2912 0.5174
1 0.2895 0.5179
1 0.2879 0.5184
1 0.2863 0.5187
1 0.2846 0.5191
1 0.2829 0.5193
1 0.2812 0.5195
1 0.2795 0.5196
1 0.2778 0.5196
1 -0.2778 0.5196
1 -0.2795 0.5196
1 -0.2812 0.5195
1 -0.2829 0.5193
1 -0.2846 0.5191
1 -0.2863 0.5187
1 -0.2879 0.5184
1 -0.2895 0.5179
1 -0.2912 0.5174
1 -0.2927 0.5168
1 -0.2943 0.5161
1 -0.2958 0.5154
1 -0.2973 0.5146
1 -0.2988 0.5137
1 -0.3002 0.5128
1 -0.3016 0.5118
1 -0.3029 0.5108
1 -0.3042 0.5097
1 -0.3055 0.5085
1 -0.3067 0.5073
1 -0.3078 0.5061
1 -0.3089 0.5048
1 -0.3100 0.5034
1 -0.3110 0.5021
1 -0.3119 0.5006
1 -0.3127 0.4992
1 -0.3135 0.4977
1 -0.3143 0.4961
1 -0.3149 0.4946
1 -0.3155 0.4930
1 -0.3161 0.4914
1 -0.3165 0.4897
1 -0.3169 0.4881
1 -0.3172 0.4864
1 -0.3175 0.4847
1 -0.3177 0.4831
1 -0.3178 0.4814
1 -0.3178 0.4797
1 -0.3178 0.0533
1 -0.3178 0.0516
1 -0.3177 0.0499
1 -0.3175 0.0482
1 -0.3172 0.0465
1 -0.3169 0.0449
1 -0.3165 0.0432
1 -0.3161 0.0416
1 -0.3155 0.0400
1 -0.3149 0.0384
1 -0.3143 0.0368
1 -0.3135 0.0353
1 -0.3127 0.0338
1 -0.3119 0.0323
1 -0.3110 0.0309
1 -0.3100 0.0295
1 -0.3089 0.0282
1 -0.3078 0.0269
1 -0.3067 0.0256
1 -0.3055 0.0244
1 -0.3042 0.0233
1 -0.3029 0.0222
1 -0.3016 0.0212
1 -0.3002 0.0202
1 -0.2988 0.0193
1 -0.2973 0.0184
1 -0.2958 0.0176
1 -0.2943 0.0169
1 -0.2927 0.0162
1 -0.2912 0.0156
1 -0.2895 0.0151
1 -0.2879 0.0146
1 -0.2863 0.0142
1 -0.2846 0.0139
1 -0.2829 0.0136
1 -0.2812 0.0135
1 -0.2795 0.0134
1 -0.2778 0.0133
112 1253 89
0 0.2778 0.0400
1 0.2788 0.0400
1 0.2798 0.0401
1 0.2808 0.0403
1 0.2818 0.0406
1 0.2827 0.0409
1 0.2836 0.0413
1 0.2845 0.0418
1 0.2853 0.0423
1 0.2861 0.0429
1 0.2869 0.0435
1 0.2876 0.0442
1 0.2883 0.0450
1 0.2888 0.0458
1 0.2894 0.0466
1 0.2898 0.0475
1 0.2902 0.0484
1 0.2906 0.0494
1 0.2908 0.0503
1 0.2910 0.0513
1 0.2911 0.0523
1 0.2912 0.0533
1 0.2912 0.4797
1 0.2912 0.4797
1 0.2911 0.4807
1 0.2910 0.4817
1 0.2908 0.4826
1 0.2906 0.4836
1 0.2902 0.4845
1 0.2898 0.4855
1 0.2894 0.4863
1 0.2888 0.4872
1 0.2883 0.4880
1 0.2876 0.4887
1 0.2869 0.4894
1 0.2861 0.4901
1 0.2853 0.4907
1 0.2845 0.4912
1 0.2836 0.4917
1 0.2827 0.4921
1 0.2818 0.4924
1 0.2808 0.4927
1 0.2798 0.4928
1 0.2788 0.4930
1 0.2778 0.4930
1 -0.2778 0.4930
1 -0.2788 0.4930
1 -0.2798 0.4928
1 -0.2808 0.4927
1 -0.2818 0.4924
1 -0.2827 0.4921
1 -0.2836 0.4917
1 -0.2845 0.4912
1 -0.2853 0.4907
1 -0.2861 0.4901
1 -0.2869 0.4894
1 -0.2876 0.4887
1 -0.2883 0.4880
1 -0.2888 0.4872
1 -0.2894 0.4863
1 -0.2898 0.4855
1 -0.2902 0.4845
1 -0.2906 0.4836
1 -0.2908 0.4826
1 -0.2910 0.4817
1 -0.2911 0.4807
1 -0.2912 0.4797
1 -0.2912 0.0533
1 -0.2911 0.0523
1 -0.2910 0.0513
1 -0.2908 0.0503
1 -0.2906 0.0494
1 -0.2902 0.0484
1 -0.2898 0.0475
1 -0.2894 0.0466
1 -0.2888 0.0458
1 -0.2883 0.0450
1 -0.2876 0.0442
1 -0.2869 0.0435
1 -0.2861 0.0429
1 -0.2853 0.0423
1 -0.2845 0.0418
1 -0.2836 0.0413
1 -0.2827 0.0409
1 -0.2818 0.0406
1 -0.2808 0.0403
1 -0.2798 0.0401
1 -0.2788 0.0400
1 -0.2778 0.0400
112 1250 129
0 -0.0896 0.1706
1 -0.0896 0.1779
1 -0.1062 0.1779
1 -0.1062 0.0950
1 -0.0896 0.0950
1 -0.0896 0.1499
1 -0.0895 0.1513
1 -0.0893 0.1527
1 -0.0889 0.1540
1 -0.0884 0.1553
1 -0.0877 0.1566
1 -0.0869 0.1577
1 -0.0859 0.1588
1 -0.0849 0.1597
1 -0.0837 0.1605
1 -0.0825 0.1612
1 -0.0812 0.1618
1 -0.0798 0.1621
1 -0.0784 0.1624
1 -0.0770 0.1625
1 -0.0756 0.1624
1 -0.0742 0.1621
1 -0.0729 0.1618
1 -0.0716 0.1612
1 -0.0703 0.1605
1 -0.0692 0.1597
1 -0.0681 0.1588
1 -0.0672 0.1577
1 -0.0664 0.1566
1 -0.0657 0.1553
1 -0.0652 0.1540
1 -0.0648 0.1527
1 -0.0645 0.1513
1 -0.0645 0.1499
1 -0.0645 0.0950
1 -0.0479 0.0950
1 -0.0479 0.1499
1 -0.0478 0.1513
1 -0.0475 0.1527
1 -0.0472 0.1540
1 -0.0466 0.1553
1 -0.0459 0.1566
1 -0.0451 0.1577
1 -0.0442 0.1588
1 -0.0431 0.1597
1 -0.0420 0.1605
1 -0.0407 0.1612
1 -0.0394 0.1618
1 -0.0381 0.1621
1 -0.0367 0.1624
1 -0.0353 0.1625
1 -0.0339 0.1624
1 -0.0325 0.1621
1 -0.0311 0.1618
1 -0.0298 0.1612
1 -0.0286 0.1605
1 -0.0274 0.1597
1 -0.0264 0.1588
1 -0.0254 0.1577
1 -0.0246 0.1566
1 -0.0240 0.1553
1 -0.0234 0.1540
1 -0.0230 0.1527
1 -0.0228 0.1513
1 -0.0227 0.1499
1 -0.0227 0.0950
1 -0.0061 0.0950
1 -0.0061 0.1470
1 -0.0062 0.1492
1 -0.0064 0.1514
1 -0.0067 0.1536
1 -0.0072 0.1557
1 -0.0078 0.1579
1 -0.0085 0.1599
1 -0.0094 0.1620
1 -0.0104 0.1640
1 -0.0115 0.1659
1 -0.0127 0.1677
1 -0.0140 0.1695
1 -0.0155 0.1712
1 -0.0167 0.1724
1 -0.0180 0.1736
1 -0.0194 0.1747
1 -0.0209 0.1757
1 -0.0224 0.1765
1 -0.0240 0.1773
1 -0.0257 0.1779
1 -0.0274 0.1784
1 -0.0291 0.1787
1 -0.0308 0.1789
1 -0.0326 0.1790
1 -0.0344 0.1790
1 -0.0361 0.1788
1 -0.0378 0.1785
1 -0.0396 0.1781
1 -0.0412 0.1776
1 -0.0429 0.1769
1 -0.0444 0.1761
1 -0.0459 0.1752
1 -0.0474 0.1741
1 -0.0487 0.1730
1 -0.0500 0.1718
1 -0.0512 0.1705
1 -0.0522 0.1691
1 -0.0540 0.1712
1 -0.0552 0.1724
1 -0.0564 0.1735
1 -0.0577 0.1746
1 -0.0591 0.1755
1 -0.0606 0.1763
1 -0.0621 0.1771
1 -0.0637 0.1777
1 -0.0653 0.1782
1 -0.0669 0.1786
1 -0.0686 0.1789
1 -0.0703 0.1790
1 -0.0719 0.1790
1 -0.0736 0.1790
1 -0.0753 0.1787
1 -0.0770 0.1784
1 -0.0786 0.1780
1 -0.0802 0.1774
1 -0.0817 0.1767
1 -0.0832 0.1759
1 -0.0846 0.1751
1 -0.0860 0.1741
1 -0.0873 0.1730
1 -0.0885 0.1718
1 -0.0896 0.1706
112 1250 73
0 0.1509 0.1489
1 0.1509 0.0950
1 0.1343 0.0950
1 0.1343 0.1989
1 0.1509 0.2056
1 0.1509 0.1720
1 0.1523 0.1733
1 0.1538 0.1745
1 0.1554 0.1756
1 0.1570 0.1765
1 0.1588 0.1773
1 0.1606 0.1780
1 0.1625 0.1785
1 0.1644 0.1788
1 0.1663 0.1790
1 0.1682 0.1790
1 0.1701 0.1789
1 0.1720 0.1786
1 0.1739 0.1782
1 0.1757 0.1776
1 0.1775 0.1769
1 0.1792 0.1760
1 0.1809 0.1750
1 0.1824 0.1738
1 0.1839 0.1725
1 0.1852 0.1712
1 0.1866 0.1695
1 0.1880 0.1677
1 0.1892 0.1659
1 0.1903 0.1640
1 0.1913 0.1620
1 0.1921 0.1599
1 0.1929 0.1579
1 0.1935 0.1557
1 0.1939 0.1536
1 0.1943 0.1514
1 0.1945 0.1492
1 0.1945 0.1470
1 0.1945 0.0950
1 0.1780 0.0950
1 0.1780 0.1489
1 0.1779 0.1502
1 0.1777 0.1516
1 0.1774 0.1528
1 0.1769 0.1541
1 0.1764 0.1553
1 0.1757 0.1564
1 0.1749 0.1575
1 0.1740 0.1585
1 0.1730 0.1594
1 0.1719 0.1602
1 0.1708 0.1609
1 0.1696 0.1614
1 0.1683 0.1619
1 0.1670 0.1622
1 0.1657 0.1624
1 0.1644 0.1625
1 0.1631 0.1624
1 0.1618 0.1622
1 0.1605 0.1619
1 0.1592 0.1614
1 0.1580 0.1609
1 0.1569 0.1602
1 0.1558 0.1594
1 0.1548 0.1585
1 0.1539 0.1575
1 0.1531 0.1564
1 0.1525 0.1553
1 0.1519 0.1541
1 0.1514 0.1528
1 0.1511 0.1516
1 0.1509 0.1502
1 0.1509 0.1489
112 1250 5
0 0.0389 0.0950
1 0.1027 0.2056
1 0.0891 0.2056
1 0.0253 0.0950
1 0.0389 0.0950
112 1250 13
0 -0.1809 0.0950
1 -0.1809 0.1177
1 -0.1690 0.1344
1 -0.1553 0.0950
1 -0.1378 0.0950
1 -0.1571 0.1509
1 -0.1378 0.1779
1 -0.1582 0.1779
1 -0.1809 0.1462
1 -0.1809 0.2056
1 -0.1975 0.1989
1 -0.1975 0.0950
1 -0.1809 0.0950
31 0 2
 0 0.3178 0.4797
 1 0.3178 0.4797
