SEcl_IPR-1
3420 8 1 1 0 0 0 0 0 0 1 1
1.000
112 1466 13
0 -0.3203 0.0000
1 0.3203 0.0000
1 0.3770 0.0235
1 0.4004 0.0801
1 0.4004 1.5720
1 0.3770 1.6280
1 0.3203 1.6500
1 -0.3203 1.6500
1 -0.3770 1.6280
1 -0.4004 1.5720
1 -0.4004 0.0801
1 -0.3770 0.0235
1 -0.3203 0.0000
112 1251 18
0 -0.3804 0.0781
1 -0.3761 0.0570
1 -0.3632 0.0374
1 -0.3435 0.0242
1 -0.3222 0.0201
1 0.3222 0.0201
1 0.3435 0.0242
1 0.3632 0.0374
1 0.3761 0.0570
1 0.3804 0.0781
1 0.3804 0.4963
1 0.3804 1.5757
1 0.3640 1.6153
1 0.3243 1.6317
1 -0.3243 1.6317
1 -0.3640 1.6153
1 -0.3804 1.5757
1 -0.3804 0.0781
112 1466 19
0 -0.3604 0.0801
1 -0.3573 0.0648
1 -0.3487 0.0518
1 -0.3357 0.0431
1 -0.3203 0.0401
1 0.3203 0.0401
1 0.3357 0.0431
1 0.3487 0.0518
1 0.3573 0.0648
1 0.3604 0.0801
1 0.3604 0.4963
1 0.3604 1.5717
1 0.3487 1.6000
1 0.3203 1.6117
1 0.3203 1.6117
1 -0.3203 1.6117
1 -0.3487 1.6000
1 -0.3604 1.5717
1 -0.3604 1.5717
112 1251 5
0 0.3804 0.8361
1 -0.3804 0.8361
1 -0.3804 0.8161
1 0.3804 0.8161
1 0.3804 0.8361
112 1251 13
0 -0.1894 1.5667
1 -0.1539 1.5667
1 -0.1539 1.4833
1 -0.0872 1.5667
1 -0.0447 1.5667
1 -0.1114 1.4864
1 -0.0394 1.3667
1 -0.0811 1.3667
1 -0.1356 1.4572
1 -0.1539 1.4350
1 -0.1539 1.3667
1 -0.1894 1.3667
1 -0.1894 1.5667
112 1251 193
0 0.0275 1.4983
1 0.0275 1.4983
1 0.0289 1.4994
1 0.0307 1.5005
1 0.0326 1.5018
1 0.0346 1.5030
1 0.0366 1.5041
1 0.0383 1.5050
1 0.0383 1.5050
1 0.0399 1.5057
1 0.0418 1.5065
1 0.0439 1.5073
1 0.0461 1.5081
1 0.0483 1.5089
1 0.0503 1.5094
1 0.0503 1.5094
1 0.0523 1.5100
1 0.0548 1.5106
1 0.0575 1.5110
1 0.0603 1.5114
1 0.0630 1.5116
1 0.0653 1.5117
1 0.0653 1.5117
1 0.0678 1.5116
1 0.0706 1.5113
1 0.0735 1.5109
1 0.0763 1.5103
1 0.0788 1.5096
1 0.0808 1.5089
1 0.0808 1.5089
1 0.0827 1.5081
1 0.0848 1.5071
1 0.0869 1.5060
1 0.0890 1.5050
1 0.0908 1.5039
1 0.0922 1.5031
1 0.0922 1.5031
1 0.0937 1.5019
1 0.0954 1.5005
1 0.0971 1.4989
1 0.0987 1.4973
1 0.1002 1.4958
1 0.1014 1.4944
1 0.1014 1.4944
1 0.1030 1.4958
1 0.1050 1.4973
1 0.1072 1.4989
1 0.1094 1.5005
1 0.1116 1.5019
1 0.1136 1.5031
1 0.1136 1.5031
1 0.1154 1.5039
1 0.1176 1.5050
1 0.1200 1.5060
1 0.1226 1.5071
1 0.1250 1.5081
1 0.1272 1.5089
1 0.1272 1.5089
1 0.1296 1.5096
1 0.1326 1.5103
1 0.1358 1.5109
1 0.1391 1.5113
1 0.1422 1.5116
1 0.1450 1.5117
1 0.1450 1.5117
1 0.1477 1.5116
1 0.1508 1.5112
1 0.1541 1.5107
1 0.1573 1.5100
1 0.1603 1.5092
1 0.1628 1.5083
1 0.1628 1.5083
1 0.1652 1.5073
1 0.1679 1.5058
1 0.1707 1.5041
1 0.1733 1.5023
1 0.1756 1.5004
1 0.1775 1.4986
1 0.1775 1.4986
1 0.1792 1.4967
1 0.1810 1.4943
1 0.1829 1.4916
1 0.1846 1.4887
1 0.1861 1.4859
1 0.1872 1.4833
1 0.1872 1.4833
1 0.1882 1.4806
1 0.1890 1.4772
1 0.1898 1.4735
1 0.1903 1.4697
1 0.1907 1.4660
1 0.1908 1.4628
1 0.1908 1.3667
1 0.1553 1.3667
1 0.1553 1.4556
1 0.1553 1.4556
1 0.1551 1.4592
1 0.1545 1.4629
1 0.1537 1.4665
1 0.1525 1.4697
1 0.1512 1.4723
1 0.1497 1.4742
1 0.1497 1.4742
1 0.1480 1.4756
1 0.1455 1.4769
1 0.1426 1.4781
1 0.1393 1.4790
1 0.1360 1.4795
1 0.1328 1.4797
1 0.1328 1.4797
1 0.1314 1.4797
1 0.1299 1.4796
1 0.1282 1.4794
1 0.1266 1.4792
1 0.1251 1.4789
1 0.1239 1.4786
1 0.1239 1.4786
1 0.1228 1.4783
1 0.1215 1.4780
1 0.1202 1.4776
1 0.1190 1.4772
1 0.1179 1.4768
1 0.1169 1.4764
1 0.1169 1.4764
1 0.1159 1.4760
1 0.1147 1.4754
1 0.1135 1.4748
1 0.1123 1.4742
1 0.1112 1.4736
1 0.1103 1.4731
1 0.1103 1.4731
1 0.1103 1.4726
1 0.1103 1.4721
1 0.1104 1.4716
1 0.1104 1.4710
1 0.1105 1.4705
1 0.1106 1.4700
1 0.1106 1.4700
1 0.1106 1.4696
1 0.1107 1.4690
1 0.1108 1.4684
1 0.1108 1.4678
1 0.1108 1.4672
1 0.1108 1.4667
1 0.1108 1.4667
1 0.1109 1.4661
1 0.1110 1.4654
1 0.1110 1.4647
1 0.1111 1.4640
1 0.1111 1.4633
1 0.1111 1.4628
1 0.1111 1.3667
1 0.0756 1.3667
1 0.0756 1.4556
1 0.0756 1.4556
1 0.0754 1.4592
1 0.0748 1.4629
1 0.0739 1.4665
1 0.0728 1.4697
1 0.0714 1.4723
1 0.0700 1.4742
1 0.0700 1.4742
1 0.0682 1.4756
1 0.0658 1.4769
1 0.0629 1.4781
1 0.0596 1.4790
1 0.0563 1.4795
1 0.0531 1.4797
1 0.0531 1.4797
1 0.0516 1.4797
1 0.0500 1.4796
1 0.0483 1.4794
1 0.0466 1.4792
1 0.0451 1.4789
1 0.0439 1.4786
1 0.0439 1.4786
1 0.0428 1.4783
1 0.0415 1.4780
1 0.0402 1.4776
1 0.0390 1.4772
1 0.0379 1.4768
1 0.0369 1.4764
1 0.0369 1.4764
1 0.0360 1.4760
1 0.0349 1.4755
1 0.0338 1.4749
1 0.0327 1.4744
1 0.0317 1.4738
1 0.0308 1.4733
1 0.0308 1.3667
1 -0.0047 1.3667
1 -0.0047 1.5053
1 0.0247 1.5117
112 1251 193
0 -0.0656 0.6983
1 -0.0656 0.6983
1 -0.0641 0.6994
1 -0.0624 0.7005
1 -0.0604 0.7018
1 -0.0584 0.7030
1 -0.0565 0.7041
1 -0.0547 0.7050
1 -0.0547 0.7050
1 -0.0532 0.7057
1 -0.0513 0.7065
1 -0.0492 0.7073
1 -0.0469 0.7081
1 -0.0447 0.7089
1 -0.0428 0.7094
1 -0.0428 0.7094
1 -0.0407 0.7100
1 -0.0382 0.7106
1 -0.0355 0.7110
1 -0.0327 0.7114
1 -0.0301 0.7116
1 -0.0278 0.7117
1 -0.0278 0.7117
1 -0.0252 0.7116
1 -0.0224 0.7113
1 -0.0195 0.7109
1 -0.0167 0.7103
1 -0.0143 0.7096
1 -0.0122 0.7089
1 -0.0122 0.7089
1 -0.0103 0.7081
1 -0.0083 0.7071
1 -0.0061 0.7060
1 -0.0041 0.7050
1 -0.0023 0.7039
1 -0.0008 0.7031
1 -0.0008 0.7031
1 0.0007 0.7019
1 0.0023 0.7005
1 0.0040 0.6989
1 0.0057 0.6973
1 0.0071 0.6958
1 0.0083 0.6944
1 0.0083 0.6944
1 0.0099 0.6958
1 0.0119 0.6973
1 0.0141 0.6989
1 0.0164 0.7005
1 0.0186 0.7019
1 0.0206 0.7031
1 0.0206 0.7031
1 0.0223 0.7039
1 0.0245 0.7050
1 0.0270 0.7060
1 0.0295 0.7071
1 0.0320 0.7081
1 0.0342 0.7089
1 0.0342 0.7089
1 0.0366 0.7096
1 0.0395 0.7103
1 0.0427 0.7109
1 0.0460 0.7113
1 0.0492 0.7116
1 0.0519 0.7117
1 0.0519 0.7117
1 0.0547 0.7116
1 0.0578 0.7112
1 0.0611 0.7107
1 0.0643 0.7100
1 0.0672 0.7092
1 0.0697 0.7083
1 0.0697 0.7083
1 0.0722 0.7073
1 0.0748 0.7058
1 0.0776 0.7041
1 0.0802 0.7023
1 0.0826 0.7004
1 0.0844 0.6986
1 0.0844 0.6986
1 0.0861 0.6967
1 0.0880 0.6943
1 0.0898 0.6916
1 0.0915 0.6887
1 0.0930 0.6859
1 0.0942 0.6833
1 0.0942 0.6833
1 0.0951 0.6806
1 0.0960 0.6772
1 0.0967 0.6735
1 0.0973 0.6697
1 0.0977 0.6660
1 0.0978 0.6628
1 0.0978 0.5667
1 0.0622 0.5667
1 0.0622 0.6556
1 0.0622 0.6556
1 0.0620 0.6592
1 0.0615 0.6629
1 0.0606 0.6665
1 0.0594 0.6697
1 0.0581 0.6723
1 0.0567 0.6742
1 0.0567 0.6742
1 0.0549 0.6756
1 0.0525 0.6769
1 0.0495 0.6781
1 0.0463 0.6790
1 0.0429 0.6795
1 0.0397 0.6797
1 0.0397 0.6797
1 0.0384 0.6797
1 0.0368 0.6796
1 0.0352 0.6794
1 0.0335 0.6792
1 0.0321 0.6789
1 0.0308 0.6786
1 0.0308 0.6786
1 0.0297 0.6783
1 0.0285 0.6780
1 0.0272 0.6776
1 0.0259 0.6772
1 0.0248 0.6768
1 0.0239 0.6764
1 0.0239 0.6764
1 0.0229 0.6760
1 0.0217 0.6754
1 0.0204 0.6748
1 0.0192 0.6742
1 0.0181 0.6736
1 0.0172 0.6731
1 0.0172 0.6731
1 0.0172 0.6726
1 0.0173 0.6721
1 0.0173 0.6716
1 0.0174 0.6710
1 0.0174 0.6705
1 0.0175 0.6700
1 0.0175 0.6700
1 0.0176 0.6696
1 0.0176 0.6690
1 0.0177 0.6684
1 0.0177 0.6678
1 0.0178 0.6672
1 0.0178 0.6667
1 0.0178 0.6667
1 0.0178 0.6661
1 0.0179 0.6654
1 0.0180 0.6647
1 0.0180 0.6640
1 0.0180 0.6633
1 0.0181 0.6628
1 0.0181 0.5667
1 -0.0175 0.5667
1 -0.0175 0.6556
1 -0.0175 0.6556
1 -0.0177 0.6592
1 -0.0182 0.6629
1 -0.0191 0.6665
1 -0.0203 0.6697
1 -0.0216 0.6723
1 -0.0231 0.6742
1 -0.0231 0.6742
1 -0.0248 0.6756
1 -0.0273 0.6769
1 -0.0302 0.6781
1 -0.0335 0.6790
1 -0.0368 0.6795
1 -0.0400 0.6797
1 -0.0400 0.6797
1 -0.0414 0.6797
1 -0.0431 0.6796
1 -0.0448 0.6794
1 -0.0464 0.6792
1 -0.0479 0.6789
1 -0.0492 0.6786
1 -0.0492 0.6786
1 -0.0503 0.6783
1 -0.0515 0.6780
1 -0.0528 0.6776
1 -0.0541 0.6772
1 -0.0552 0.6768
1 -0.0561 0.6764
1 -0.0561 0.6764
1 -0.0571 0.6760
1 -0.0581 0.6755
1 -0.0593 0.6749
1 -0.0604 0.6744
1 -0.0614 0.6738
1 -0.0622 0.6733
1 -0.0622 0.5667
1 -0.0978 0.5667
1 -0.0978 0.7053
1 -0.0683 0.7117
31 0 13
 0 -0.3203 0.0000
 1 0.3203 0.0000
 1 0.3770 0.0235
 1 0.4004 0.0801
 1 0.4004 1.5720
 1 0.3770 1.6280
 1 0.3203 1.6500
 1 -0.3203 1.6500
 1 -0.3770 1.6280
 1 -0.4004 1.5720
 1 -0.4004 0.0801
 1 -0.3770 0.0235
 1 -0.3770 0.0235
