Simbolo
3432 3 1 1 0 0 0 0 0 0 1 1
1.000
112 1253 108
0 -1.5002 0.0579
1 -1.5002 0.0550
1 -1.4998 0.0503
1 -1.4992 0.0471
1 -1.4986 0.0439
1 -1.4979 0.0416
1 -1.4971 0.0388
1 -1.4949 0.0333
1 -1.4936 0.0309
1 -1.4924 0.0285
1 -1.4896 0.0243
1 -1.4873 0.0213
1 -1.4858 0.0197
1 -1.4833 0.0169
1 -1.4805 0.0144
1 -1.4778 0.0120
1 -1.4747 0.0099
1 -1.4738 0.0093
1 -1.4694 0.0064
1 -1.4646 0.0045
1 -1.4636 0.0041
1 -1.4609 0.0030
1 -1.4561 0.0015
1 -1.4528 0.0009
1 -1.4501 0.0005
1 -1.4455 0.0000
1 -1.4424 0.0000
1 -1.4424 0.0000
1 1.4424 0.0000
1 1.4455 0.0000
1 1.4501 0.0005
1 1.4528 0.0009
1 1.4561 0.0015
1 1.4609 0.0030
1 1.4636 0.0041
1 1.4646 0.0045
1 1.4694 0.0064
1 1.4738 0.0093
1 1.4747 0.0099
1 1.4778 0.0120
1 1.4805 0.0144
1 1.4833 0.0169
1 1.4858 0.0197
1 1.4873 0.0213
1 1.4896 0.0243
1 1.4924 0.0285
1 1.4936 0.0309
1 1.4949 0.0333
1 1.4971 0.0388
1 1.4979 0.0416
1 1.4986 0.0439
1 1.4992 0.0471
1 1.4998 0.0503
1 1.5002 0.0550
1 1.5002 0.0579
1 1.5002 1.2453
1 1.4998 1.2500
1 1.4992 1.2532
1 1.4987 1.2559
1 1.4979 1.2588
1 1.4969 1.2620
1 1.4952 1.2662
1 1.4936 1.2695
1 1.4919 1.2725
1 1.4896 1.2760
1 1.4873 1.2790
1 1.4858 1.2806
1 1.4833 1.2834
1 1.4805 1.2859
1 1.4789 1.2874
1 1.4746 1.2907
1 1.4724 1.2919
1 1.4694 1.2939
1 1.4661 1.2952
1 1.4635 1.2965
1 1.4592 1.2978
1 1.4561 1.2988
1 1.4528 1.2994
1 1.4501 1.2998
1 1.4455 1.3003
1 1.4424 1.3003
1 -1.4424 1.3003
1 -1.4455 1.3003
1 -1.4501 1.2998
1 -1.4528 1.2994
1 -1.4561 1.2988
1 -1.4592 1.2978
1 -1.4635 1.2965
1 -1.4661 1.2952
1 -1.4694 1.2939
1 -1.4724 1.2919
1 -1.4746 1.2907
1 -1.4789 1.2874
1 -1.4805 1.2859
1 -1.4833 1.2834
1 -1.4858 1.2806
1 -1.4873 1.2790
1 -1.4896 1.2760
1 -1.4919 1.2725
1 -1.4936 1.2695
1 -1.4952 1.2662
1 -1.4969 1.2620
1 -1.4979 1.2588
1 -1.4987 1.2559
1 -1.4992 1.2532
1 -1.4998 1.2500
1 -1.5002 1.2453
1 -1.5002 1.2425
112 1250 108
0 -1.4872 1.2425
1 -1.4872 1.2447
1 -1.4869 1.2482
1 -1.4864 1.2508
1 -1.4860 1.2529
1 -1.4854 1.2552
1 -1.4846 1.2577
1 -1.4834 1.2609
1 -1.4821 1.2634
1 -1.4808 1.2658
1 -1.4790 1.2684
1 -1.4772 1.2707
1 -1.4760 1.2721
1 -1.4741 1.2742
1 -1.4720 1.2761
1 -1.4706 1.2773
1 -1.4674 1.2798
1 -1.4657 1.2808
1 -1.4633 1.2823
1 -1.4608 1.2834
1 -1.4587 1.2844
1 -1.4555 1.2854
1 -1.4530 1.2861
1 -1.4504 1.2866
1 -1.4483 1.2870
1 -1.4448 1.2873
1 -1.4424 1.2873
1 1.4424 1.2873
1 1.4448 1.2873
1 1.4483 1.2870
1 1.4504 1.2866
1 1.4530 1.2861
1 1.4555 1.2854
1 1.4587 1.2844
1 1.4608 1.2834
1 1.4633 1.2823
1 1.4657 1.2808
1 1.4674 1.2798
1 1.4706 1.2773
1 1.4720 1.2761
1 1.4741 1.2742
1 1.4760 1.2721
1 1.4772 1.2707
1 1.4790 1.2684
1 1.4808 1.2658
1 1.4821 1.2634
1 1.4834 1.2609
1 1.4846 1.2577
1 1.4854 1.2552
1 1.4860 1.2529
1 1.4864 1.2508
1 1.4869 1.2482
1 1.4872 1.2447
1 1.4872 0.0579
1 1.4872 0.0556
1 1.4869 0.0521
1 1.4864 0.0495
1 1.4859 0.0471
1 1.4854 0.0452
1 1.4847 0.0429
1 1.4831 0.0389
1 1.4821 0.0370
1 1.4811 0.0350
1 1.4790 0.0319
1 1.4772 0.0296
1 1.4760 0.0282
1 1.4741 0.0261
1 1.4720 0.0242
1 1.4698 0.0223
1 1.4675 0.0207
1 1.4666 0.0201
1 1.4633 0.0180
1 1.4597 0.0165
1 1.4587 0.0161
1 1.4566 0.0153
1 1.4530 0.0142
1 1.4504 0.0137
1 1.4483 0.0133
1 1.4448 0.0130
1 1.4424 0.0130
1 -1.4424 0.0130
1 -1.4424 0.0130
1 -1.4448 0.0130
1 -1.4483 0.0133
1 -1.4504 0.0137
1 -1.4530 0.0142
1 -1.4566 0.0153
1 -1.4587 0.0161
1 -1.4597 0.0165
1 -1.4633 0.0180
1 -1.4666 0.0201
1 -1.4675 0.0207
1 -1.4698 0.0223
1 -1.4720 0.0242
1 -1.4741 0.0261
1 -1.4760 0.0282
1 -1.4772 0.0296
1 -1.4790 0.0319
1 -1.4811 0.0350
1 -1.4821 0.0370
1 -1.4831 0.0389
1 -1.4847 0.0429
1 -1.4854 0.0452
1 -1.4859 0.0471
1 -1.4864 0.0495
1 -1.4869 0.0521
1 -1.4872 0.0556
1 -1.4872 0.0579
112 1253 109
0 -1.4602 0.0579
1 -1.4602 0.0568
1 -1.4601 0.0557
1 -1.4599 0.0546
1 -1.4597 0.0536
1 -1.4594 0.0526
1 -1.4591 0.0515
1 -1.4587 0.0505
1 -1.4582 0.0496
1 -1.4577 0.0486
1 -1.4571 0.0477
1 -1.4564 0.0468
1 -1.4557 0.0460
1 -1.4550 0.0452
1 -1.4542 0.0445
1 -1.4534 0.0438
1 -1.4525 0.0432
1 -1.4516 0.0426
1 -1.4507 0.0420
1 -1.4497 0.0416
1 -1.4487 0.0412
1 -1.4477 0.0408
1 -1.4467 0.0405
1 -1.4456 0.0403
1 -1.4445 0.0401
1 -1.4435 0.0400
1 -1.4424 0.0400
1 1.4424 0.0400
1 1.4435 0.0400
1 1.4445 0.0401
1 1.4456 0.0403
1 1.4467 0.0405
1 1.4477 0.0408
1 1.4487 0.0412
1 1.4497 0.0416
1 1.4507 0.0420
1 1.4516 0.0426
1 1.4525 0.0432
1 1.4534 0.0438
1 1.4542 0.0445
1 1.4550 0.0452
1 1.4557 0.0460
1 1.4564 0.0468
1 1.4571 0.0477
1 1.4577 0.0486
1 1.4582 0.0496
1 1.4587 0.0505
1 1.4591 0.0515
1 1.4594 0.0526
1 1.4597 0.0536
1 1.4599 0.0546
1 1.4601 0.0557
1 1.4602 0.0568
1 1.4602 0.0579
1 1.4602 1.2425
1 1.4602 1.2425
1 1.4602 1.2435
1 1.4601 1.2446
1 1.4599 1.2457
1 1.4597 1.2467
1 1.4594 1.2478
1 1.4591 1.2488
1 1.4587 1.2498
1 1.4582 1.2508
1 1.4577 1.2517
1 1.4571 1.2526
1 1.4564 1.2535
1 1.4557 1.2543
1 1.4550 1.2551
1 1.4542 1.2558
1 1.4534 1.2565
1 1.4525 1.2572
1 1.4516 1.2577
1 1.4507 1.2583
1 1.4497 1.2587
1 1.4487 1.2592
1 1.4477 1.2595
1 1.4467 1.2598
1 1.4456 1.2600
1 1.4445 1.2602
1 1.4435 1.2603
1 1.4424 1.2603
1 -1.4424 1.2603
1 -1.4435 1.2603
1 -1.4445 1.2602
1 -1.4456 1.2600
1 -1.4467 1.2598
1 -1.4477 1.2595
1 -1.4487 1.2592
1 -1.4497 1.2587
1 -1.4507 1.2583
1 -1.4516 1.2577
1 -1.4525 1.2572
1 -1.4534 1.2565
1 -1.4542 1.2558
1 -1.4550 1.2551
1 -1.4557 1.2543
1 -1.4564 1.2535
1 -1.4571 1.2526
1 -1.4577 1.2517
1 -1.4582 1.2508
1 -1.4587 1.2498
1 -1.4591 1.2488
1 -1.4594 1.2478
1 -1.4597 1.2467
1 -1.4599 1.2457
1 -1.4601 1.2446
1 -1.4602 1.2435
1 -1.4602 1.2425
