ID-2-Hectometro
3437 145 1 1 0 0 0 0 0 0 1 1
1.0000
112 1252 18
 0 0.0750 0.1525
 1 0.0750 0.2950
 1 0.0750 0.2950
 1 0.0721 0.3021
 1 0.0650 0.3050
 1 -0.0650 0.3050
 1 -0.0650 0.3050
 1 -0.0721 0.3021
 1 -0.0750 0.2950
 1 -0.0750 0.0100
 1 -0.0750 0.0100
 1 -0.0721 0.0029
 1 -0.0650 0.0000
 1 -0.0650 0.0000
 1 0.0650 0.0000
 1 0.0650 0.0000
 1 0.0721 0.0029
 1 0.0750 0.0100
112 1251 16
 0 -0.0745 0.0100
 1 -0.0745 0.0100
 1 -0.0717 0.0033
 1 -0.0650 0.0005
 1 0.0650 0.0005
 1 0.0650 0.0005
 1 0.0717 0.0033
 1 0.0745 0.0100
 1 0.0745 0.2950
 1 0.0745 0.2950
 1 0.0717 0.3017
 1 0.0650 0.3045
 1 -0.0650 0.3045
 1 -0.0650 0.3045
 1 -0.0717 0.3017
 1 -0.0745 0.2950
112 1252 16
 0 -0.0700 0.0100
 1 -0.0700 0.0100
 1 -0.0685 0.0065
 1 -0.0650 0.0050
 1 0.0650 0.0050
 1 0.0650 0.0050
 1 0.0685 0.0065
 1 0.0700 0.0100
 1 0.0700 0.2950
 1 0.0700 0.2950
 1 0.0685 0.2985
 1 0.0650 0.3000
 1 -0.0650 0.3000
 1 -0.0650 0.3000
 1 -0.0685 0.2985
 1 -0.0700 0.2950
112 1251 13
 0 -0.0202 0.2693
 1 -0.0126 0.2550
 1 -0.0072 0.2550
 1 -0.0169 0.2734
 1 -0.0078 0.2850
 1 -0.0139 0.2850
 1 -0.0234 0.2729
 1 -0.0234 0.2850
 1 -0.0282 0.2850
 1 -0.0282 0.2550
 1 -0.0234 0.2550
 1 -0.0234 0.2652
 1 -0.0202 0.2693
112 1251 29
 0 0.0056 0.2699
 1 0.0056 0.2550
 1 0.0011 0.2550
 1 0.0011 0.2775
 1 0.0056 0.2775
 1 0.0056 0.2755
 1 0.0056 0.2755
 1 0.0104 0.2778
 1 0.0153 0.2757
 1 0.0153 0.2757
 1 0.0155 0.2754
 1 0.0158 0.2751
 1 0.0158 0.2751
 1 0.0206 0.2778
 1 0.0257 0.2757
 1 0.0257 0.2757
 1 0.0276 0.2726
 1 0.0283 0.2691
 1 0.0283 0.2550
 1 0.0238 0.2550
 1 0.0238 0.2699
 1 0.0238 0.2699
 1 0.0203 0.2733
 1 0.0169 0.2699
 1 0.0169 0.2550
 1 0.0124 0.2550
 1 0.0124 0.2699
 1 0.0124 0.2699
 1 0.0090 0.2733
112 1251 29
 0 -0.0090 0.1149
 1 -0.0090 0.1000
 1 -0.0135 0.1000
 1 -0.0135 0.1225
 1 -0.0090 0.1225
 1 -0.0090 0.1205
 1 -0.0090 0.1205
 1 -0.0043 0.1228
 1 0.0006 0.1207
 1 0.0006 0.1207
 1 0.0009 0.1204
 1 0.0011 0.1201
 1 0.0011 0.1201
 1 0.0059 0.1228
 1 0.0111 0.1207
 1 0.0111 0.1207
 1 0.0129 0.1176
 1 0.0136 0.1141
 1 0.0136 0.1000
 1 0.0091 0.1000
 1 0.0091 0.1149
 1 0.0091 0.1149
 1 0.0057 0.1183
 1 0.0023 0.1149
 1 0.0023 0.1000
 1 -0.0022 0.1000
 1 -0.0022 0.1149
 1 -0.0022 0.1149
 1 -0.0056 0.1183
112 1251 5
 0 0.0700 0.1550
 1 0.0700 0.1500
 1 -0.0700 0.1500
 1 -0.0700 0.1550
 1 0.0700 0.1550
4 1 1
 0 0.0750 0.1525
 1 0.0750 0.2950
 1 0.0750 0.2950
 1 0.0721 0.3021
 1 0.0650 0.3050
 1 -0.0650 0.3050
 1 -0.0650 0.3050
 1 -0.0721 0.3021
 1 -0.0750 0.2950
 1 -0.0750 0.0100
 1 -0.0750 0.0100
 1 -0.0721 0.0029
 1 -0.0650 0.0000
 1 -0.0650 0.0000
 1 0.0650 0.0000
 1 0.0650 0.0000
 1 0.0721 0.0029
 1 0.0750 0.0100
 1 0.0750 0.1525
4 1 1
 0 -0.0745 0.0100
 1 -0.0745 0.0100
 1 -0.0717 0.0033
 1 -0.0650 0.0005
 1 0.0650 0.0005
 1 0.0650 0.0005
 1 0.0717 0.0033
 1 0.0745 0.0100
 1 0.0745 0.2950
 1 0.0745 0.2950
 1 0.0717 0.3017
 1 0.0650 0.3045
 1 -0.0650 0.3045
 1 -0.0650 0.3045
 1 -0.0717 0.3017
 1 -0.0745 0.2950
 1 -0.0745 0.0100
4 1 1
 0 -0.0700 0.0100
 1 -0.0700 0.0100
 1 -0.0685 0.0065
 1 -0.0650 0.0050
 1 0.0650 0.0050
 1 0.0650 0.0050
 1 0.0685 0.0065
 1 0.0700 0.0100
 1 0.0700 0.2950
 1 0.0700 0.2950
 1 0.0685 0.2985
 1 0.0650 0.3000
 1 -0.0650 0.3000
 1 -0.0650 0.3000
 1 -0.0685 0.2985
 1 -0.0700 0.2950
 1 -0.0700 0.0100
4 1 1
 0 -0.0202 0.2693
 1 -0.0126 0.2550
 1 -0.0072 0.2550
 1 -0.0169 0.2734
 1 -0.0078 0.2850
 1 -0.0139 0.2850
 1 -0.0234 0.2729
 1 -0.0234 0.2850
 1 -0.0282 0.2850
 1 -0.0282 0.2550
 1 -0.0234 0.2550
 1 -0.0234 0.2652
 1 -0.0202 0.2693
4 1 1
 0 0.0056 0.2699
 1 0.0056 0.2550
 1 0.0011 0.2550
 1 0.0011 0.2775
 1 0.0056 0.2775
 1 0.0056 0.2755
 1 0.0056 0.2755
 1 0.0104 0.2778
 1 0.0153 0.2757
 1 0.0153 0.2757
 1 0.0155 0.2754
 1 0.0158 0.2751
 1 0.0158 0.2751
 1 0.0206 0.2778
 1 0.0257 0.2757
 1 0.0257 0.2757
 1 0.0276 0.2726
 1 0.0283 0.2691
 1 0.0283 0.2550
 1 0.0238 0.2550
 1 0.0238 0.2699
 1 0.0238 0.2699
 1 0.0203 0.2733
 1 0.0169 0.2699
 1 0.0169 0.2550
 1 0.0124 0.2550
 1 0.0124 0.2699
 1 0.0124 0.2699
 1 0.0090 0.2733
 1 0.0056 0.2699
4 1 1
 0 -0.0090 0.1149
 1 -0.0090 0.1000
 1 -0.0135 0.1000
 1 -0.0135 0.1225
 1 -0.0090 0.1225
 1 -0.0090 0.1205
 1 -0.0090 0.1205
 1 -0.0043 0.1228
 1 0.0006 0.1207
 1 0.0006 0.1207
 1 0.0009 0.1204
 1 0.0011 0.1201
 1 0.0011 0.1201
 1 0.0059 0.1228
 1 0.0111 0.1207
 1 0.0111 0.1207
 1 0.0129 0.1176
 1 0.0136 0.1141
 1 0.0136 0.1000
 1 0.0091 0.1000
 1 0.0091 0.1149
 1 0.0091 0.1149
 1 0.0057 0.1183
 1 0.0023 0.1149
 1 0.0023 0.1000
 1 -0.0022 0.1000
 1 -0.0022 0.1149
 1 -0.0022 0.1149
 1 -0.0056 0.1183
 1 -0.0090 0.1149
4 1 1
 0 0.0700 0.1550
 1 0.0700 0.1500
 1 -0.0700 0.1500
 1 -0.0700 0.1550
 1 0.0700 0.1550
