Simbolo
3430 3 1 1 0 0 0 0 0 0 1 1
1.000
112 1252 108
0 1.4424 0.0000
1 1.4455 0.0000
1 1.4501 0.0005
1 1.4528 0.0009
1 1.4561 0.0015
1 1.4609 0.0030
1 1.4636 0.0041
1 1.4646 0.0045
1 1.4694 0.0064
1 1.4738 0.0093
1 1.4747 0.0099
1 1.4778 0.0120
1 1.4805 0.0144
1 1.4833 0.0169
1 1.4858 0.0197
1 1.4873 0.0213
1 1.4896 0.0243
1 1.4924 0.0285
1 1.4936 0.0309
1 1.4949 0.0333
1 1.4971 0.0388
1 1.4979 0.0416
1 1.4986 0.0439
1 1.4992 0.0471
1 1.4998 0.0503
1 1.5002 0.0550
1 1.5002 0.0579
1 1.5002 1.8453
1 1.4998 1.8500
1 1.4992 1.8532
1 1.4987 1.8559
1 1.4979 1.8588
1 1.4969 1.8620
1 1.4952 1.8662
1 1.4936 1.8695
1 1.4919 1.8725
1 1.4896 1.8760
1 1.4873 1.8790
1 1.4858 1.8806
1 1.4833 1.8834
1 1.4805 1.8859
1 1.4789 1.8874
1 1.4746 1.8907
1 1.4724 1.8919
1 1.4694 1.8939
1 1.4661 1.8952
1 1.4635 1.8965
1 1.4592 1.8978
1 1.4561 1.8988
1 1.4528 1.8994
1 1.4501 1.8998
1 1.4455 1.9003
1 1.4424 1.9003
1 -1.4424 1.9003
1 -1.4455 1.9003
1 -1.4501 1.8998
1 -1.4528 1.8994
1 -1.4561 1.8988
1 -1.4592 1.8978
1 -1.4635 1.8965
1 -1.4661 1.8952
1 -1.4694 1.8939
1 -1.4724 1.8919
1 -1.4746 1.8907
1 -1.4789 1.8874
1 -1.4805 1.8859
1 -1.4833 1.8834
1 -1.4858 1.8806
1 -1.4873 1.8790
1 -1.4896 1.8760
1 -1.4919 1.8725
1 -1.4936 1.8695
1 -1.4952 1.8662
1 -1.4969 1.8620
1 -1.4979 1.8588
1 -1.4987 1.8559
1 -1.4992 1.8532
1 -1.4998 1.8500
1 -1.5002 1.8453
1 -1.5002 1.8425
1 -1.5002 0.0579
1 -1.5002 0.0550
1 -1.4998 0.0503
1 -1.4992 0.0471
1 -1.4986 0.0439
1 -1.4979 0.0416
1 -1.4971 0.0388
1 -1.4949 0.0333
1 -1.4936 0.0309
1 -1.4924 0.0285
1 -1.4896 0.0243
1 -1.4873 0.0213
1 -1.4858 0.0197
1 -1.4833 0.0169
1 -1.4805 0.0144
1 -1.4778 0.0120
1 -1.4747 0.0099
1 -1.4738 0.0093
1 -1.4694 0.0064
1 -1.4646 0.0045
1 -1.4636 0.0041
1 -1.4609 0.0030
1 -1.4561 0.0015
1 -1.4528 0.0009
1 -1.4501 0.0005
1 -1.4455 0.0000
1 -1.4424 0.0000
1 -1.4424 0.0000
112 1251 108
0 -1.4424 0.0130
1 -1.4424 0.0130
1 -1.4448 0.0130
1 -1.4483 0.0133
1 -1.4504 0.0137
1 -1.4530 0.0142
1 -1.4566 0.0153
1 -1.4587 0.0161
1 -1.4597 0.0165
1 -1.4633 0.0180
1 -1.4666 0.0201
1 -1.4675 0.0207
1 -1.4698 0.0223
1 -1.4720 0.0242
1 -1.4741 0.0261
1 -1.4760 0.0282
1 -1.4772 0.0296
1 -1.4790 0.0319
1 -1.4811 0.0350
1 -1.4821 0.0370
1 -1.4831 0.0389
1 -1.4847 0.0429
1 -1.4854 0.0452
1 -1.4859 0.0471
1 -1.4864 0.0495
1 -1.4869 0.0521
1 -1.4872 0.0556
1 -1.4872 0.0579
1 -1.4872 1.8425
1 -1.4872 1.8447
1 -1.4869 1.8482
1 -1.4864 1.8508
1 -1.4860 1.8529
1 -1.4854 1.8552
1 -1.4846 1.8577
1 -1.4834 1.8609
1 -1.4821 1.8634
1 -1.4808 1.8658
1 -1.4790 1.8684
1 -1.4772 1.8707
1 -1.4760 1.8721
1 -1.4741 1.8742
1 -1.4720 1.8761
1 -1.4706 1.8773
1 -1.4674 1.8798
1 -1.4657 1.8808
1 -1.4633 1.8823
1 -1.4608 1.8834
1 -1.4587 1.8844
1 -1.4555 1.8854
1 -1.4530 1.8861
1 -1.4504 1.8866
1 -1.4483 1.8870
1 -1.4448 1.8873
1 -1.4424 1.8873
1 1.4424 1.8873
1 1.4448 1.8873
1 1.4483 1.8870
1 1.4504 1.8866
1 1.4530 1.8861
1 1.4555 1.8854
1 1.4587 1.8844
1 1.4608 1.8834
1 1.4633 1.8823
1 1.4657 1.8808
1 1.4674 1.8798
1 1.4706 1.8773
1 1.4720 1.8761
1 1.4741 1.8742
1 1.4760 1.8721
1 1.4772 1.8707
1 1.4790 1.8684
1 1.4808 1.8658
1 1.4821 1.8634
1 1.4834 1.8609
1 1.4846 1.8577
1 1.4854 1.8552
1 1.4860 1.8529
1 1.4864 1.8508
1 1.4869 1.8482
1 1.4872 1.8447
1 1.4872 0.0579
1 1.4872 0.0556
1 1.4869 0.0521
1 1.4864 0.0495
1 1.4859 0.0471
1 1.4854 0.0452
1 1.4847 0.0429
1 1.4831 0.0389
1 1.4821 0.0370
1 1.4811 0.0350
1 1.4790 0.0319
1 1.4772 0.0296
1 1.4760 0.0282
1 1.4741 0.0261
1 1.4720 0.0242
1 1.4698 0.0223
1 1.4675 0.0207
1 1.4666 0.0201
1 1.4633 0.0180
1 1.4597 0.0165
1 1.4587 0.0161
1 1.4566 0.0153
1 1.4530 0.0142
1 1.4504 0.0137
1 1.4483 0.0133
1 1.4448 0.0130
1 1.4424 0.0130
112 1252 109
0 1.4424 0.0400
1 1.4435 0.0400
1 1.4445 0.0401
1 1.4456 0.0403
1 1.4467 0.0405
1 1.4477 0.0408
1 1.4487 0.0412
1 1.4497 0.0416
1 1.4507 0.0420
1 1.4516 0.0426
1 1.4525 0.0432
1 1.4534 0.0438
1 1.4542 0.0445
1 1.4550 0.0452
1 1.4557 0.0460
1 1.4564 0.0468
1 1.4571 0.0477
1 1.4577 0.0486
1 1.4582 0.0496
1 1.4587 0.0505
1 1.4591 0.0515
1 1.4594 0.0526
1 1.4597 0.0536
1 1.4599 0.0546
1 1.4601 0.0557
1 1.4602 0.0568
1 1.4602 0.0579
1 1.4602 1.8425
1 1.4602 1.8425
1 1.4602 1.8435
1 1.4601 1.8446
1 1.4599 1.8457
1 1.4597 1.8467
1 1.4594 1.8478
1 1.4591 1.8488
1 1.4587 1.8498
1 1.4582 1.8508
1 1.4577 1.8517
1 1.4571 1.8526
1 1.4564 1.8535
1 1.4557 1.8543
1 1.4550 1.8551
1 1.4542 1.8558
1 1.4534 1.8565
1 1.4525 1.8572
1 1.4516 1.8577
1 1.4507 1.8583
1 1.4497 1.8587
1 1.4487 1.8592
1 1.4477 1.8595
1 1.4467 1.8598
1 1.4456 1.8600
1 1.4445 1.8602
1 1.4435 1.8603
1 1.4424 1.8603
1 -1.4424 1.8603
1 -1.4435 1.8603
1 -1.4445 1.8602
1 -1.4456 1.8600
1 -1.4467 1.8598
1 -1.4477 1.8595
1 -1.4487 1.8592
1 -1.4497 1.8587
1 -1.4507 1.8583
1 -1.4516 1.8577
1 -1.4525 1.8572
1 -1.4534 1.8565
1 -1.4542 1.8558
1 -1.4550 1.8551
1 -1.4557 1.8543
1 -1.4564 1.8535
1 -1.4571 1.8526
1 -1.4577 1.8517
1 -1.4582 1.8508
1 -1.4587 1.8498
1 -1.4591 1.8488
1 -1.4594 1.8478
1 -1.4597 1.8467
1 -1.4599 1.8457
1 -1.4601 1.8446
1 -1.4602 1.8435
1 -1.4602 1.8425
1 -1.4602 0.0579
1 -1.4602 0.0568
1 -1.4601 0.0557
1 -1.4599 0.0546
1 -1.4597 0.0536
1 -1.4594 0.0526
1 -1.4591 0.0515
1 -1.4587 0.0505
1 -1.4582 0.0496
1 -1.4577 0.0486
1 -1.4571 0.0477
1 -1.4564 0.0468
1 -1.4557 0.0460
1 -1.4550 0.0452
1 -1.4542 0.0445
1 -1.4534 0.0438
1 -1.4525 0.0432
1 -1.4516 0.0426
1 -1.4507 0.0420
1 -1.4497 0.0416
1 -1.4487 0.0412
1 -1.4477 0.0408
1 -1.4467 0.0405
1 -1.4456 0.0403
1 -1.4445 0.0401
1 -1.4435 0.0400
1 -1.4424 0.0400
