SEcl_ITP-4b
3437 5 1 1 0 0 0 0 0 0 1 1
1.0000
112 1466 141
 0 0.4999 0.0480
 1 0.4999 1.4519
 1 0.4998 1.4542
 1 0.4995 1.4563
 1 0.4991 1.4585
 1 0.4987 1.4606
 1 0.4981 1.4627
 1 0.4974 1.4648
 1 0.4967 1.4669
 1 0.4959 1.4689
 1 0.4949 1.4708
 1 0.4939 1.4728
 1 0.4929 1.4748
 1 0.4917 1.4766
 1 0.4906 1.4784
 1 0.4892 1.4802
 1 0.4878 1.4819
 1 0.4864 1.4834
 1 0.4848 1.4851
 1 0.4833 1.4865
 1 0.4816 1.4881
 1 0.4799 1.4893
 1 0.4781 1.4907
 1 0.4763 1.4918
 1 0.4745 1.4931
 1 0.4725 1.4941
 1 0.4705 1.4951
 1 0.4686 1.4960
 1 0.4666 1.4967
 1 0.4645 1.4976
 1 0.4624 1.4981
 1 0.4603 1.4987
 1 0.4582 1.4991
 1 0.4560 1.4995
 1 0.4539 1.4998
 1 0.4516 1.5000
 1 -0.4516 1.5000
 1 -0.4539 1.4998
 1 -0.4560 1.4995
 1 -0.4582 1.4991
 1 -0.4603 1.4987
 1 -0.4624 1.4981
 1 -0.4645 1.4976
 1 -0.4666 1.4967
 1 -0.4686 1.4960
 1 -0.4705 1.4951
 1 -0.4725 1.4941
 1 -0.4745 1.4931
 1 -0.4763 1.4918
 1 -0.4781 1.4907
 1 -0.4799 1.4893
 1 -0.4816 1.4881
 1 -0.4833 1.4865
 1 -0.4848 1.4851
 1 -0.4864 1.4834
 1 -0.4878 1.4819
 1 -0.4892 1.4802
 1 -0.4906 1.4784
 1 -0.4917 1.4766
 1 -0.4929 1.4748
 1 -0.4939 1.4728
 1 -0.4949 1.4708
 1 -0.4959 1.4689
 1 -0.4967 1.4669
 1 -0.4974 1.4648
 1 -0.4981 1.4627
 1 -0.4987 1.4606
 1 -0.4991 1.4585
 1 -0.4995 1.4563
 1 -0.4998 1.4542
 1 -0.4999 1.4519
 1 -0.4999 0.0480
 1 -0.4998 0.0459
 1 -0.4995 0.0437
 1 -0.4991 0.0416
 1 -0.4987 0.0393
 1 -0.4981 0.0372
 1 -0.4974 0.0351
 1 -0.4967 0.0332
 1 -0.4959 0.0311
 1 -0.4949 0.0291
 1 -0.4939 0.0272
 1 -0.4929 0.0252
 1 -0.4917 0.0234
 1 -0.4906 0.0216
 1 -0.4892 0.0199
 1 -0.4878 0.0182
 1 -0.4864 0.0165
 1 -0.4848 0.0150
 1 -0.4833 0.0134
 1 -0.4816 0.0120
 1 -0.4799 0.0106
 1 -0.4781 0.0094
 1 -0.4763 0.0081
 1 -0.4745 0.0070
 1 -0.4725 0.0059
 1 -0.4705 0.0049
 1 -0.4686 0.0041
 1 -0.4666 0.0032
 1 -0.4645 0.0025
 1 -0.4624 0.0018
 1 -0.4603 0.0013
 1 -0.4582 0.0008
 1 -0.4560 0.0004
 1 -0.4539 0.0001
 1 -0.4516 0.0000
 1 0.4516 0.0000
 1 0.4539 0.0001
 1 0.4560 0.0004
 1 0.4582 0.0008
 1 0.4603 0.0013
 1 0.4624 0.0018
 1 0.4645 0.0025
 1 0.4666 0.0032
 1 0.4686 0.0041
 1 0.4705 0.0049
 1 0.4725 0.0059
 1 0.4745 0.0070
 1 0.4763 0.0081
 1 0.4781 0.0094
 1 0.4799 0.0106
 1 0.4816 0.0120
 1 0.4833 0.0134
 1 0.4848 0.0150
 1 0.4864 0.0165
 1 0.4878 0.0182
 1 0.4892 0.0199
 1 0.4906 0.0216
 1 0.4917 0.0234
 1 0.4929 0.0252
 1 0.4939 0.0272
 1 0.4949 0.0291
 1 0.4959 0.0311
 1 0.4967 0.0332
 1 0.4974 0.0351
 1 0.4981 0.0372
 1 0.4987 0.0393
 1 0.4991 0.0416
 1 0.4995 0.0437
 1 0.4998 0.0459
 1 0.4999 0.0480
112 1251 125
 0 -0.4878 0.0466
 1 -0.4875 0.0448
 1 -0.4872 0.0428
 1 -0.4866 0.0410
 1 -0.4862 0.0393
 1 -0.4855 0.0375
 1 -0.4848 0.0358
 1 -0.4840 0.0340
 1 -0.4831 0.0323
 1 -0.4822 0.0308
 1 -0.4812 0.0293
 1 -0.4801 0.0277
 1 -0.4789 0.0262
 1 -0.4777 0.0248
 1 -0.4764 0.0234
 1 -0.4750 0.0221
 1 -0.4736 0.0209
 1 -0.4721 0.0197
 1 -0.4705 0.0186
 1 -0.4690 0.0176
 1 -0.4673 0.0167
 1 -0.4656 0.0158
 1 -0.4640 0.0151
 1 -0.4623 0.0144
 1 -0.4605 0.0137
 1 -0.4586 0.0133
 1 -0.4568 0.0127
 1 -0.4550 0.0125
 1 -0.4532 0.0122
 1 -0.4512 0.0120
 1 0.4512 0.0120
 1 0.4512 0.0120
 1 0.4532 0.0122
 1 0.4550 0.0125
 1 0.4568 0.0127
 1 0.4586 0.0133
 1 0.4605 0.0137
 1 0.4623 0.0144
 1 0.4640 0.0151
 1 0.4656 0.0158
 1 0.4673 0.0167
 1 0.4690 0.0176
 1 0.4705 0.0186
 1 0.4721 0.0197
 1 0.4736 0.0209
 1 0.4750 0.0221
 1 0.4764 0.0234
 1 0.4777 0.0248
 1 0.4789 0.0262
 1 0.4801 0.0277
 1 0.4812 0.0293
 1 0.4822 0.0308
 1 0.4831 0.0323
 1 0.4840 0.0340
 1 0.4848 0.0358
 1 0.4855 0.0375
 1 0.4862 0.0393
 1 0.4866 0.0410
 1 0.4872 0.0428
 1 0.4875 0.0448
 1 0.4878 0.0466
 1 0.4880 0.0484
 1 0.4880 1.4515
 1 0.4878 1.4533
 1 0.4875 1.4553
 1 0.4872 1.4571
 1 0.4866 1.4589
 1 0.4862 1.4608
 1 0.4855 1.4624
 1 0.4848 1.4643
 1 0.4840 1.4659
 1 0.4831 1.4676
 1 0.4822 1.4692
 1 0.4812 1.4708
 1 0.4801 1.4724
 1 0.4789 1.4738
 1 0.4777 1.4752
 1 0.4764 1.4766
 1 0.4750 1.4778
 1 0.4736 1.4791
 1 0.4721 1.4802
 1 0.4705 1.4813
 1 0.4690 1.4823
 1 0.4673 1.4833
 1 0.4656 1.4841
 1 0.4640 1.4850
 1 0.4623 1.4857
 1 0.4605 1.4862
 1 0.4586 1.4868
 1 0.4568 1.4872
 1 0.4550 1.4875
 1 0.4532 1.4878
 1 0.4512 1.4881
 1 -0.4512 1.4881
 1 -0.4532 1.4878
 1 -0.4550 1.4875
 1 -0.4568 1.4872
 1 -0.4586 1.4868
 1 -0.4605 1.4862
 1 -0.4623 1.4857
 1 -0.4640 1.4850
 1 -0.4656 1.4841
 1 -0.4673 1.4833
 1 -0.4690 1.4823
 1 -0.4705 1.4813
 1 -0.4721 1.4802
 1 -0.4736 1.4791
 1 -0.4750 1.4778
 1 -0.4764 1.4766
 1 -0.4777 1.4752
 1 -0.4789 1.4738
 1 -0.4801 1.4724
 1 -0.4812 1.4708
 1 -0.4822 1.4692
 1 -0.4831 1.4676
 1 -0.4840 1.4659
 1 -0.4848 1.4643
 1 -0.4855 1.4624
 1 -0.4862 1.4608
 1 -0.4866 1.4589
 1 -0.4872 1.4571
 1 -0.4875 1.4553
 1 -0.4878 1.4533
 1 -0.4880 1.4515
 1 -0.4880 0.0484
112 1466 80
 0 -0.4502 0.0360
 1 -0.4502 0.0360
 1 -0.4514 0.0361
 1 -0.4525 0.0364
 1 -0.4536 0.0368
 1 -0.4547 0.0372
 1 -0.4557 0.0377
 1 -0.4567 0.0382
 1 -0.4577 0.0389
 1 -0.4586 0.0396
 1 -0.4595 0.0405
 1 -0.4602 0.0413
 1 -0.4610 0.0421
 1 -0.4616 0.0431
 1 -0.4623 0.0441
 1 -0.4627 0.0452
 1 -0.4631 0.0463
 1 -0.4635 0.0473
 1 -0.4638 0.0484
 1 -0.4640 0.0497
 1 -0.4640 1.4504
 1 -0.4640 1.4504
 1 -0.4638 1.4515
 1 -0.4635 1.4526
 1 -0.4631 1.4538
 1 -0.4627 1.4547
 1 -0.4623 1.4559
 1 -0.4616 1.4568
 1 -0.4610 1.4578
 1 -0.4602 1.4587
 1 -0.4595 1.4595
 1 -0.4586 1.4603
 1 -0.4577 1.4610
 1 -0.4567 1.4617
 1 -0.4557 1.4623
 1 -0.4547 1.4629
 1 -0.4536 1.4633
 1 -0.4525 1.4636
 1 -0.4514 1.4638
 1 -0.4502 1.4640
 1 0.4502 1.4640
 1 0.4502 1.4640
 1 0.4514 1.4638
 1 0.4525 1.4636
 1 0.4536 1.4633
 1 0.4547 1.4629
 1 0.4557 1.4623
 1 0.4567 1.4617
 1 0.4577 1.4610
 1 0.4586 1.4603
 1 0.4595 1.4595
 1 0.4602 1.4587
 1 0.4610 1.4578
 1 0.4616 1.4568
 1 0.4623 1.4559
 1 0.4627 1.4547
 1 0.4631 1.4538
 1 0.4635 1.4526
 1 0.4638 1.4515
 1 0.4640 1.4504
 1 0.4640 0.0497
 1 0.4640 0.0497
 1 0.4638 0.0484
 1 0.4635 0.0473
 1 0.4631 0.0463
 1 0.4627 0.0452
 1 0.4623 0.0441
 1 0.4616 0.0431
 1 0.4610 0.0421
 1 0.4602 0.0413
 1 0.4595 0.0405
 1 0.4586 0.0396
 1 0.4577 0.0389
 1 0.4567 0.0382
 1 0.4557 0.0377
 1 0.4547 0.0372
 1 0.4536 0.0368
 1 0.4525 0.0364
 1 0.4514 0.0361
 1 0.4502 0.0360
112 1251 168
 0 0.0769 1.1897
 1 0.0769 1.1910
 1 0.0768 1.1923
 1 0.0766 1.1936
 1 0.0763 1.1949
 1 0.0759 1.1962
 1 0.0754 1.1974
 1 0.0749 1.1986
 1 0.0742 1.1998
 1 0.0735 1.2009
 1 0.0735 1.2009
 1 -0.0276 1.3401
 1 -0.1287 1.2009
 1 -0.1287 1.2009
 1 -0.1294 1.1998
 1 -0.1300 1.1986
 1 -0.1306 1.1974
 1 -0.1310 1.1962
 1 -0.1314 1.1949
 1 -0.1317 1.1936
 1 -0.1319 1.1923
 1 -0.1320 1.1910
 1 -0.1320 1.1897
 1 -0.1319 1.1883
 1 -0.1318 1.1870
 1 -0.1315 1.1857
 1 -0.1311 1.1844
 1 -0.1307 1.1832
 1 -0.1302 1.1820
 1 -0.1296 1.1808
 1 -0.1289 1.1797
 1 -0.1281 1.1786
 1 -0.1273 1.1776
 1 -0.1263 1.1766
 1 -0.1254 1.1757
 1 -0.1243 1.1749
 1 -0.1232 1.1741
 1 -0.1221 1.1735
 1 -0.1209 1.1729
 1 -0.1197 1.1724
 1 -0.1184 1.1719
 1 -0.1171 1.1716
 1 -0.1158 1.1714
 1 -0.1145 1.1712
 1 -0.1132 1.1712
 1 -0.1119 1.1712
 1 -0.1105 1.1713
 1 -0.1092 1.1715
 1 -0.1079 1.1719
 1 -0.1067 1.1722
 1 -0.1067 1.1722
 1 -0.0676 1.1902
 1 -0.0676 0.6012
 1 -0.2596 0.7932
 1 -0.2596 1.1902
 1 -0.2205 1.1722
 1 -0.2205 1.1722
 1 -0.2192 1.1719
 1 -0.2179 1.1715
 1 -0.2166 1.1713
 1 -0.2153 1.1712
 1 -0.2140 1.1712
 1 -0.2126 1.1712
 1 -0.2113 1.1714
 1 -0.2100 1.1716
 1 -0.2087 1.1719
 1 -0.2075 1.1724
 1 -0.2063 1.1729
 1 -0.2051 1.1735
 1 -0.2039 1.1741
 1 -0.2028 1.1749
 1 -0.2018 1.1757
 1 -0.2008 1.1766
 1 -0.1999 1.1776
 1 -0.1991 1.1786
 1 -0.1983 1.1797
 1 -0.1976 1.1808
 1 -0.1970 1.1820
 1 -0.1965 1.1832
 1 -0.1960 1.1844
 1 -0.1957 1.1857
 1 -0.1954 1.1870
 1 -0.1952 1.1883
 1 -0.1951 1.1897
 1 -0.1951 1.1910
 1 -0.1952 1.1923
 1 -0.1954 1.1936
 1 -0.1957 1.1949
 1 -0.1961 1.1962
 1 -0.1966 1.1974
 1 -0.1971 1.1986
 1 -0.1978 1.1998
 1 -0.1985 1.2009
 1 -0.1985 1.2009
 1 -0.2996 1.3401
 1 -0.4007 1.2009
 1 -0.4007 1.2009
 1 -0.4014 1.1998
 1 -0.4020 1.1986
 1 -0.4026 1.1974
 1 -0.4030 1.1962
 1 -0.4034 1.1949
 1 -0.4037 1.1936
 1 -0.4039 1.1923
 1 -0.4040 1.1910
 1 -0.4040 1.1897
 1 -0.4039 1.1883
 1 -0.4038 1.1870
 1 -0.4035 1.1857
 1 -0.4031 1.1844
 1 -0.4027 1.1832
 1 -0.4022 1.1820
 1 -0.4016 1.1808
 1 -0.4009 1.1797
 1 -0.4001 1.1786
 1 -0.3992 1.1776
 1 -0.3983 1.1766
 1 -0.3974 1.1757
 1 -0.3963 1.1749
 1 -0.3952 1.1741
 1 -0.3941 1.1735
 1 -0.3929 1.1729
 1 -0.3917 1.1724
 1 -0.3904 1.1719
 1 -0.3891 1.1716
 1 -0.3878 1.1714
 1 -0.3865 1.1712
 1 -0.3852 1.1712
 1 -0.3839 1.1712
 1 -0.3825 1.1713
 1 -0.3812 1.1715
 1 -0.3799 1.1719
 1 -0.3787 1.1722
 1 -0.3787 1.1722
 1 -0.3396 1.1902
 1 -0.3396 0.7601
 1 -0.0676 0.4881
 1 -0.0676 0.1601
 1 0.0124 0.1601
 1 0.0124 1.1902
 1 0.0515 1.1722
 1 0.0515 1.1722
 1 0.0528 1.1719
 1 0.0541 1.1715
 1 0.0554 1.1713
 1 0.0567 1.1712
 1 0.0580 1.1712
 1 0.0594 1.1712
 1 0.0607 1.1714
 1 0.0620 1.1716
 1 0.0633 1.1719
 1 0.0645 1.1724
 1 0.0658 1.1729
 1 0.0669 1.1735
 1 0.0681 1.1741
 1 0.0692 1.1749
 1 0.0702 1.1757
 1 0.0712 1.1766
 1 0.0721 1.1776
 1 0.0729 1.1786
 1 0.0737 1.1797
 1 0.0744 1.1808
 1 0.0750 1.1820
 1 0.0756 1.1832
 1 0.0760 1.1844
 1 0.0763 1.1857
 1 0.0766 1.1870
 1 0.0768 1.1883
112 1251 83
 0 0.1311 1.1897
 1 0.1311 1.1910
 1 0.1312 1.1923
 1 0.1314 1.1936
 1 0.1317 1.1949
 1 0.1321 1.1962
 1 0.1326 1.1974
 1 0.1331 1.1986
 1 0.1337 1.1998
 1 0.1344 1.2009
 1 0.1344 1.2009
 1 0.2356 1.3401
 1 0.3367 1.2009
 1 0.3367 1.2009
 1 0.3374 1.1998
 1 0.3380 1.1986
 1 0.3386 1.1974
 1 0.3390 1.1962
 1 0.3394 1.1949
 1 0.3397 1.1936
 1 0.3399 1.1923
 1 0.3400 1.1910
 1 0.3400 1.1897
 1 0.3399 1.1883
 1 0.3397 1.1870
 1 0.3395 1.1857
 1 0.3391 1.1844
 1 0.3387 1.1832
 1 0.3382 1.1820
 1 0.3375 1.1808
 1 0.3368 1.1797
 1 0.3361 1.1786
 1 0.3352 1.1776
 1 0.3343 1.1766
 1 0.3333 1.1757
 1 0.3323 1.1749
 1 0.3312 1.1741
 1 0.3301 1.1735
 1 0.3289 1.1729
 1 0.3277 1.1724
 1 0.3264 1.1719
 1 0.3251 1.1716
 1 0.3238 1.1714
 1 0.3225 1.1712
 1 0.3212 1.1712
 1 0.3198 1.1712
 1 0.3185 1.1713
 1 0.3172 1.1715
 1 0.3159 1.1719
 1 0.3147 1.1722
 1 0.3147 1.1722
 1 0.2756 1.1902
 1 0.2756 0.1600
 1 0.1956 0.1600
 1 0.1956 1.1902
 1 0.1565 1.1722
 1 0.1565 1.1722
 1 0.1552 1.1719
 1 0.1539 1.1715
 1 0.1526 1.1713
 1 0.1513 1.1712
 1 0.1499 1.1712
 1 0.1486 1.1712
 1 0.1473 1.1714
 1 0.1460 1.1716
 1 0.1447 1.1719
 1 0.1435 1.1724
 1 0.1422 1.1729
 1 0.1410 1.1735
 1 0.1399 1.1741
 1 0.1388 1.1749
 1 0.1378 1.1757
 1 0.1368 1.1766
 1 0.1359 1.1776
 1 0.1350 1.1786
 1 0.1343 1.1797
 1 0.1336 1.1808
 1 0.1330 1.1820
 1 0.1324 1.1832
 1 0.1320 1.1844
 1 0.1316 1.1857
 1 0.1314 1.1870
 1 0.1312 1.1883
