SEcl_ITP-1a
3430 4 1 1 0 0 0 0 0 0 1 1
1.0000
112 1466 141
 0 0.4999 0.0480
 1 0.4999 1.4519
 1 0.4998 1.4542
 1 0.4995 1.4563
 1 0.4991 1.4585
 1 0.4987 1.4606
 1 0.4981 1.4627
 1 0.4974 1.4648
 1 0.4967 1.4669
 1 0.4959 1.4689
 1 0.4949 1.4708
 1 0.4939 1.4728
 1 0.4929 1.4748
 1 0.4917 1.4766
 1 0.4906 1.4784
 1 0.4892 1.4802
 1 0.4878 1.4819
 1 0.4864 1.4834
 1 0.4848 1.4851
 1 0.4833 1.4865
 1 0.4816 1.4881
 1 0.4799 1.4893
 1 0.4781 1.4907
 1 0.4763 1.4918
 1 0.4745 1.4931
 1 0.4725 1.4941
 1 0.4705 1.4951
 1 0.4686 1.4960
 1 0.4666 1.4967
 1 0.4645 1.4976
 1 0.4624 1.4981
 1 0.4603 1.4987
 1 0.4582 1.4991
 1 0.4560 1.4995
 1 0.4539 1.4998
 1 0.4516 1.5000
 1 -0.4516 1.5000
 1 -0.4539 1.4998
 1 -0.4560 1.4995
 1 -0.4582 1.4991
 1 -0.4603 1.4987
 1 -0.4624 1.4981
 1 -0.4645 1.4976
 1 -0.4666 1.4967
 1 -0.4686 1.4960
 1 -0.4705 1.4951
 1 -0.4725 1.4941
 1 -0.4745 1.4931
 1 -0.4763 1.4918
 1 -0.4781 1.4907
 1 -0.4799 1.4893
 1 -0.4816 1.4881
 1 -0.4833 1.4865
 1 -0.4848 1.4851
 1 -0.4864 1.4834
 1 -0.4878 1.4819
 1 -0.4892 1.4802
 1 -0.4906 1.4784
 1 -0.4917 1.4766
 1 -0.4929 1.4748
 1 -0.4939 1.4728
 1 -0.4949 1.4708
 1 -0.4959 1.4689
 1 -0.4967 1.4669
 1 -0.4974 1.4648
 1 -0.4981 1.4627
 1 -0.4987 1.4606
 1 -0.4991 1.4585
 1 -0.4995 1.4563
 1 -0.4998 1.4542
 1 -0.4999 1.4519
 1 -0.4999 0.0480
 1 -0.4998 0.0459
 1 -0.4995 0.0437
 1 -0.4991 0.0416
 1 -0.4987 0.0393
 1 -0.4981 0.0372
 1 -0.4974 0.0351
 1 -0.4967 0.0332
 1 -0.4959 0.0311
 1 -0.4949 0.0291
 1 -0.4939 0.0272
 1 -0.4929 0.0252
 1 -0.4917 0.0234
 1 -0.4906 0.0216
 1 -0.4892 0.0199
 1 -0.4878 0.0182
 1 -0.4864 0.0165
 1 -0.4848 0.0150
 1 -0.4833 0.0134
 1 -0.4816 0.0120
 1 -0.4799 0.0106
 1 -0.4781 0.0094
 1 -0.4763 0.0081
 1 -0.4745 0.0070
 1 -0.4725 0.0059
 1 -0.4705 0.0049
 1 -0.4686 0.0041
 1 -0.4666 0.0032
 1 -0.4645 0.0025
 1 -0.4624 0.0018
 1 -0.4603 0.0013
 1 -0.4582 0.0008
 1 -0.4560 0.0004
 1 -0.4539 0.0001
 1 -0.4516 0.0000
 1 0.4516 0.0000
 1 0.4539 0.0001
 1 0.4560 0.0004
 1 0.4582 0.0008
 1 0.4603 0.0013
 1 0.4624 0.0018
 1 0.4645 0.0025
 1 0.4666 0.0032
 1 0.4686 0.0041
 1 0.4705 0.0049
 1 0.4725 0.0059
 1 0.4745 0.0070
 1 0.4763 0.0081
 1 0.4781 0.0094
 1 0.4799 0.0106
 1 0.4816 0.0120
 1 0.4833 0.0134
 1 0.4848 0.0150
 1 0.4864 0.0165
 1 0.4878 0.0182
 1 0.4892 0.0199
 1 0.4906 0.0216
 1 0.4917 0.0234
 1 0.4929 0.0252
 1 0.4939 0.0272
 1 0.4949 0.0291
 1 0.4959 0.0311
 1 0.4967 0.0332
 1 0.4974 0.0351
 1 0.4981 0.0372
 1 0.4987 0.0393
 1 0.4991 0.0416
 1 0.4995 0.0437
 1 0.4998 0.0459
 1 0.4999 0.0480
112 1251 125
 0 -0.4878 0.0466
 1 -0.4875 0.0448
 1 -0.4872 0.0428
 1 -0.4866 0.0410
 1 -0.4862 0.0393
 1 -0.4855 0.0375
 1 -0.4848 0.0358
 1 -0.4840 0.0340
 1 -0.4831 0.0323
 1 -0.4822 0.0308
 1 -0.4812 0.0293
 1 -0.4801 0.0277
 1 -0.4789 0.0262
 1 -0.4777 0.0248
 1 -0.4764 0.0234
 1 -0.4750 0.0221
 1 -0.4736 0.0209
 1 -0.4721 0.0197
 1 -0.4705 0.0186
 1 -0.4690 0.0176
 1 -0.4673 0.0167
 1 -0.4656 0.0158
 1 -0.4640 0.0151
 1 -0.4623 0.0144
 1 -0.4605 0.0137
 1 -0.4586 0.0133
 1 -0.4568 0.0127
 1 -0.4550 0.0125
 1 -0.4532 0.0122
 1 -0.4512 0.0120
 1 0.4512 0.0120
 1 0.4512 0.0120
 1 0.4532 0.0122
 1 0.4550 0.0125
 1 0.4568 0.0127
 1 0.4586 0.0133
 1 0.4605 0.0137
 1 0.4623 0.0144
 1 0.4640 0.0151
 1 0.4656 0.0158
 1 0.4673 0.0167
 1 0.4690 0.0176
 1 0.4705 0.0186
 1 0.4721 0.0197
 1 0.4736 0.0209
 1 0.4750 0.0221
 1 0.4764 0.0234
 1 0.4777 0.0248
 1 0.4789 0.0262
 1 0.4801 0.0277
 1 0.4812 0.0293
 1 0.4822 0.0308
 1 0.4831 0.0323
 1 0.4840 0.0340
 1 0.4848 0.0358
 1 0.4855 0.0375
 1 0.4862 0.0393
 1 0.4866 0.0410
 1 0.4872 0.0428
 1 0.4875 0.0448
 1 0.4878 0.0466
 1 0.4880 0.0484
 1 0.4880 1.4515
 1 0.4878 1.4533
 1 0.4875 1.4553
 1 0.4872 1.4571
 1 0.4866 1.4589
 1 0.4862 1.4608
 1 0.4855 1.4624
 1 0.4848 1.4643
 1 0.4840 1.4659
 1 0.4831 1.4676
 1 0.4822 1.4692
 1 0.4812 1.4708
 1 0.4801 1.4724
 1 0.4789 1.4738
 1 0.4777 1.4752
 1 0.4764 1.4766
 1 0.4750 1.4778
 1 0.4736 1.4791
 1 0.4721 1.4802
 1 0.4705 1.4813
 1 0.4690 1.4823
 1 0.4673 1.4833
 1 0.4656 1.4841
 1 0.4640 1.4850
 1 0.4623 1.4857
 1 0.4605 1.4862
 1 0.4586 1.4868
 1 0.4568 1.4872
 1 0.4550 1.4875
 1 0.4532 1.4878
 1 0.4512 1.4881
 1 -0.4512 1.4881
 1 -0.4532 1.4878
 1 -0.4550 1.4875
 1 -0.4568 1.4872
 1 -0.4586 1.4868
 1 -0.4605 1.4862
 1 -0.4623 1.4857
 1 -0.4640 1.4850
 1 -0.4656 1.4841
 1 -0.4673 1.4833
 1 -0.4690 1.4823
 1 -0.4705 1.4813
 1 -0.4721 1.4802
 1 -0.4736 1.4791
 1 -0.4750 1.4778
 1 -0.4764 1.4766
 1 -0.4777 1.4752
 1 -0.4789 1.4738
 1 -0.4801 1.4724
 1 -0.4812 1.4708
 1 -0.4822 1.4692
 1 -0.4831 1.4676
 1 -0.4840 1.4659
 1 -0.4848 1.4643
 1 -0.4855 1.4624
 1 -0.4862 1.4608
 1 -0.4866 1.4589
 1 -0.4872 1.4571
 1 -0.4875 1.4553
 1 -0.4878 1.4533
 1 -0.4880 1.4515
 1 -0.4880 0.0484
112 1466 80
 0 -0.4502 0.0360
 1 -0.4502 0.0360
 1 -0.4514 0.0361
 1 -0.4525 0.0364
 1 -0.4536 0.0368
 1 -0.4547 0.0372
 1 -0.4557 0.0377
 1 -0.4567 0.0382
 1 -0.4577 0.0389
 1 -0.4586 0.0396
 1 -0.4595 0.0405
 1 -0.4602 0.0413
 1 -0.4610 0.0421
 1 -0.4616 0.0431
 1 -0.4623 0.0441
 1 -0.4627 0.0452
 1 -0.4631 0.0463
 1 -0.4635 0.0473
 1 -0.4638 0.0484
 1 -0.4640 0.0497
 1 -0.4640 1.4504
 1 -0.4640 1.4504
 1 -0.4638 1.4515
 1 -0.4635 1.4526
 1 -0.4631 1.4538
 1 -0.4627 1.4547
 1 -0.4623 1.4559
 1 -0.4616 1.4568
 1 -0.4610 1.4578
 1 -0.4602 1.4587
 1 -0.4595 1.4595
 1 -0.4586 1.4603
 1 -0.4577 1.4610
 1 -0.4567 1.4617
 1 -0.4557 1.4623
 1 -0.4547 1.4629
 1 -0.4536 1.4633
 1 -0.4525 1.4636
 1 -0.4514 1.4638
 1 -0.4502 1.4640
 1 0.4502 1.4640
 1 0.4502 1.4640
 1 0.4514 1.4638
 1 0.4525 1.4636
 1 0.4536 1.4633
 1 0.4547 1.4629
 1 0.4557 1.4623
 1 0.4567 1.4617
 1 0.4577 1.4610
 1 0.4586 1.4603
 1 0.4595 1.4595
 1 0.4602 1.4587
 1 0.4610 1.4578
 1 0.4616 1.4568
 1 0.4623 1.4559
 1 0.4627 1.4547
 1 0.4631 1.4538
 1 0.4635 1.4526
 1 0.4638 1.4515
 1 0.4640 1.4504
 1 0.4640 0.0497
 1 0.4640 0.0497
 1 0.4638 0.0484
 1 0.4635 0.0473
 1 0.4631 0.0463
 1 0.4627 0.0452
 1 0.4623 0.0441
 1 0.4616 0.0431
 1 0.4610 0.0421
 1 0.4602 0.0413
 1 0.4595 0.0405
 1 0.4586 0.0396
 1 0.4577 0.0389
 1 0.4567 0.0382
 1 0.4557 0.0377
 1 0.4547 0.0372
 1 0.4536 0.0368
 1 0.4525 0.0364
 1 0.4514 0.0361
 1 0.4502 0.0360
112 1251 89
 0 -0.1760 1.1901
 1 -0.2150 1.1722
 1 -0.2150 1.1722
 1 -0.2163 1.1718
 1 -0.2177 1.1715
 1 -0.2190 1.1712
 1 -0.2202 1.1711
 1 -0.2216 1.1711
 1 -0.2229 1.1711
 1 -0.2243 1.1712
 1 -0.2255 1.1715
 1 -0.2268 1.1718
 1 -0.2281 1.1722
 1 -0.2293 1.1728
 1 -0.2306 1.1733
 1 -0.2317 1.1740
 1 -0.2327 1.1747
 1 -0.2338 1.1756
 1 -0.2348 1.1766
 1 -0.2356 1.1775
 1 -0.2365 1.1785
 1 -0.2373 1.1796
 1 -0.2380 1.1808
 1 -0.2386 1.1819
 1 -0.2391 1.1831
 1 -0.2395 1.1844
 1 -0.2400 1.1857
 1 -0.2402 1.1869
 1 -0.2404 1.1883
 1 -0.2404 1.1896
 1 -0.2404 1.1908
 1 -0.2404 1.1922
 1 -0.2401 1.1935
 1 -0.2398 1.1949
 1 -0.2394 1.1962
 1 -0.2390 1.1973
 1 -0.2384 1.1985
 1 -0.2379 1.1997
 1 -0.2372 1.2008
 1 -0.2372 1.2008
 1 -0.1359 1.3399
 1 -0.0349 1.2008
 1 -0.0349 1.2008
 1 -0.0342 1.1997
 1 -0.0336 1.1985
 1 -0.0330 1.1973
 1 -0.0325 1.1962
 1 -0.0322 1.1949
 1 -0.0319 1.1935
 1 -0.0316 1.1922
 1 -0.0316 1.1908
 1 -0.0315 1.1896
 1 -0.0316 1.1883
 1 -0.0318 1.1869
 1 -0.0321 1.1857
 1 -0.0325 1.1844
 1 -0.0329 1.1831
 1 -0.0335 1.1819
 1 -0.0340 1.1808
 1 -0.0347 1.1796
 1 -0.0354 1.1785
 1 -0.0363 1.1775
 1 -0.0372 1.1766
 1 -0.0382 1.1756
 1 -0.0392 1.1747
 1 -0.0403 1.1740
 1 -0.0414 1.1733
 1 -0.0427 1.1728
 1 -0.0440 1.1722
 1 -0.0452 1.1718
 1 -0.0465 1.1715
 1 -0.0477 1.1712
 1 -0.0490 1.1711
 1 -0.0504 1.1711
 1 -0.0517 1.1711
 1 -0.0531 1.1712
 1 -0.0543 1.1715
 1 -0.0556 1.1718
 1 -0.0568 1.1722
 1 -0.0568 1.1722
 1 -0.0960 1.1901
 1 -0.0960 0.7717
 1 0.1760 0.4997
 1 0.1760 0.1600
 1 0.0960 0.1600
 1 0.0960 0.4665
 1 -0.0960 0.6586
 1 -0.0960 0.1600
 1 -0.1760 0.1600
