SEcl_ITP-1b
3451 5 1 1 0 0 0 0 0 0 1 1
1.0000
112 1252 141
 0 0.4999 0.0480
 1 0.4999 1.4519
 1 0.4998 1.4542
 1 0.4995 1.4563
 1 0.4991 1.4585
 1 0.4987 1.4606
 1 0.4981 1.4627
 1 0.4974 1.4648
 1 0.4967 1.4669
 1 0.4959 1.4689
 1 0.4949 1.4708
 1 0.4939 1.4728
 1 0.4929 1.4748
 1 0.4917 1.4766
 1 0.4906 1.4784
 1 0.4892 1.4802
 1 0.4878 1.4819
 1 0.4864 1.4834
 1 0.4848 1.4851
 1 0.4833 1.4865
 1 0.4816 1.4881
 1 0.4799 1.4893
 1 0.4781 1.4907
 1 0.4763 1.4918
 1 0.4745 1.4931
 1 0.4725 1.4941
 1 0.4705 1.4951
 1 0.4686 1.4960
 1 0.4666 1.4967
 1 0.4645 1.4976
 1 0.4624 1.4981
 1 0.4603 1.4987
 1 0.4582 1.4991
 1 0.4560 1.4995
 1 0.4539 1.4998
 1 0.4516 1.5000
 1 -0.4516 1.5000
 1 -0.4539 1.4998
 1 -0.4560 1.4995
 1 -0.4582 1.4991
 1 -0.4603 1.4987
 1 -0.4624 1.4981
 1 -0.4645 1.4976
 1 -0.4666 1.4967
 1 -0.4686 1.4960
 1 -0.4705 1.4951
 1 -0.4725 1.4941
 1 -0.4745 1.4931
 1 -0.4763 1.4918
 1 -0.4781 1.4907
 1 -0.4799 1.4893
 1 -0.4816 1.4881
 1 -0.4833 1.4865
 1 -0.4848 1.4851
 1 -0.4864 1.4834
 1 -0.4878 1.4819
 1 -0.4892 1.4802
 1 -0.4906 1.4784
 1 -0.4917 1.4766
 1 -0.4929 1.4748
 1 -0.4939 1.4728
 1 -0.4949 1.4708
 1 -0.4959 1.4689
 1 -0.4967 1.4669
 1 -0.4974 1.4648
 1 -0.4981 1.4627
 1 -0.4987 1.4606
 1 -0.4991 1.4585
 1 -0.4995 1.4563
 1 -0.4998 1.4542
 1 -0.4999 1.4519
 1 -0.4999 0.0480
 1 -0.4998 0.0459
 1 -0.4995 0.0437
 1 -0.4991 0.0416
 1 -0.4987 0.0393
 1 -0.4981 0.0372
 1 -0.4974 0.0351
 1 -0.4967 0.0332
 1 -0.4959 0.0311
 1 -0.4949 0.0291
 1 -0.4939 0.0272
 1 -0.4929 0.0252
 1 -0.4917 0.0234
 1 -0.4906 0.0216
 1 -0.4892 0.0199
 1 -0.4878 0.0182
 1 -0.4864 0.0165
 1 -0.4848 0.0150
 1 -0.4833 0.0134
 1 -0.4816 0.0120
 1 -0.4799 0.0106
 1 -0.4781 0.0094
 1 -0.4763 0.0081
 1 -0.4745 0.0070
 1 -0.4725 0.0059
 1 -0.4705 0.0049
 1 -0.4686 0.0041
 1 -0.4666 0.0032
 1 -0.4645 0.0025
 1 -0.4624 0.0018
 1 -0.4603 0.0013
 1 -0.4582 0.0008
 1 -0.4560 0.0004
 1 -0.4539 0.0001
 1 -0.4516 0.0000
 1 0.4516 0.0000
 1 0.4539 0.0001
 1 0.4560 0.0004
 1 0.4582 0.0008
 1 0.4603 0.0013
 1 0.4624 0.0018
 1 0.4645 0.0025
 1 0.4666 0.0032
 1 0.4686 0.0041
 1 0.4705 0.0049
 1 0.4725 0.0059
 1 0.4745 0.0070
 1 0.4763 0.0081
 1 0.4781 0.0094
 1 0.4799 0.0106
 1 0.4816 0.0120
 1 0.4833 0.0134
 1 0.4848 0.0150
 1 0.4864 0.0165
 1 0.4878 0.0182
 1 0.4892 0.0199
 1 0.4906 0.0216
 1 0.4917 0.0234
 1 0.4929 0.0252
 1 0.4939 0.0272
 1 0.4949 0.0291
 1 0.4959 0.0311
 1 0.4967 0.0332
 1 0.4974 0.0351
 1 0.4981 0.0372
 1 0.4987 0.0393
 1 0.4991 0.0416
 1 0.4995 0.0437
 1 0.4998 0.0459
 1 0.4999 0.0480
112 1251 125
 0 -0.4878 0.0466
 1 -0.4875 0.0448
 1 -0.4872 0.0428
 1 -0.4866 0.0410
 1 -0.4862 0.0393
 1 -0.4855 0.0375
 1 -0.4848 0.0358
 1 -0.4840 0.0340
 1 -0.4831 0.0323
 1 -0.4822 0.0308
 1 -0.4812 0.0293
 1 -0.4801 0.0277
 1 -0.4789 0.0262
 1 -0.4777 0.0248
 1 -0.4764 0.0234
 1 -0.4750 0.0221
 1 -0.4736 0.0209
 1 -0.4721 0.0197
 1 -0.4705 0.0186
 1 -0.4690 0.0176
 1 -0.4673 0.0167
 1 -0.4656 0.0158
 1 -0.4640 0.0151
 1 -0.4623 0.0144
 1 -0.4605 0.0137
 1 -0.4586 0.0133
 1 -0.4568 0.0127
 1 -0.4550 0.0125
 1 -0.4532 0.0122
 1 -0.4512 0.0120
 1 0.4512 0.0120
 1 0.4512 0.0120
 1 0.4532 0.0122
 1 0.4550 0.0125
 1 0.4568 0.0127
 1 0.4586 0.0133
 1 0.4605 0.0137
 1 0.4623 0.0144
 1 0.4640 0.0151
 1 0.4656 0.0158
 1 0.4673 0.0167
 1 0.4690 0.0176
 1 0.4705 0.0186
 1 0.4721 0.0197
 1 0.4736 0.0209
 1 0.4750 0.0221
 1 0.4764 0.0234
 1 0.4777 0.0248
 1 0.4789 0.0262
 1 0.4801 0.0277
 1 0.4812 0.0293
 1 0.4822 0.0308
 1 0.4831 0.0323
 1 0.4840 0.0340
 1 0.4848 0.0358
 1 0.4855 0.0375
 1 0.4862 0.0393
 1 0.4866 0.0410
 1 0.4872 0.0428
 1 0.4875 0.0448
 1 0.4878 0.0466
 1 0.4880 0.0484
 1 0.4880 1.4515
 1 0.4878 1.4533
 1 0.4875 1.4553
 1 0.4872 1.4571
 1 0.4866 1.4589
 1 0.4862 1.4608
 1 0.4855 1.4624
 1 0.4848 1.4643
 1 0.4840 1.4659
 1 0.4831 1.4676
 1 0.4822 1.4692
 1 0.4812 1.4708
 1 0.4801 1.4724
 1 0.4789 1.4738
 1 0.4777 1.4752
 1 0.4764 1.4766
 1 0.4750 1.4778
 1 0.4736 1.4791
 1 0.4721 1.4802
 1 0.4705 1.4813
 1 0.4690 1.4823
 1 0.4673 1.4833
 1 0.4656 1.4841
 1 0.4640 1.4850
 1 0.4623 1.4857
 1 0.4605 1.4862
 1 0.4586 1.4868
 1 0.4568 1.4872
 1 0.4550 1.4875
 1 0.4532 1.4878
 1 0.4512 1.4881
 1 -0.4512 1.4881
 1 -0.4532 1.4878
 1 -0.4550 1.4875
 1 -0.4568 1.4872
 1 -0.4586 1.4868
 1 -0.4605 1.4862
 1 -0.4623 1.4857
 1 -0.4640 1.4850
 1 -0.4656 1.4841
 1 -0.4673 1.4833
 1 -0.4690 1.4823
 1 -0.4705 1.4813
 1 -0.4721 1.4802
 1 -0.4736 1.4791
 1 -0.4750 1.4778
 1 -0.4764 1.4766
 1 -0.4777 1.4752
 1 -0.4789 1.4738
 1 -0.4801 1.4724
 1 -0.4812 1.4708
 1 -0.4822 1.4692
 1 -0.4831 1.4676
 1 -0.4840 1.4659
 1 -0.4848 1.4643
 1 -0.4855 1.4624
 1 -0.4862 1.4608
 1 -0.4866 1.4589
 1 -0.4872 1.4571
 1 -0.4875 1.4553
 1 -0.4878 1.4533
 1 -0.4880 1.4515
 1 -0.4880 0.0484
112 1252 80
 0 -0.4502 0.0360
 1 -0.4502 0.0360
 1 -0.4514 0.0361
 1 -0.4525 0.0364
 1 -0.4536 0.0368
 1 -0.4547 0.0372
 1 -0.4557 0.0377
 1 -0.4567 0.0382
 1 -0.4577 0.0389
 1 -0.4586 0.0396
 1 -0.4595 0.0405
 1 -0.4602 0.0413
 1 -0.4610 0.0421
 1 -0.4616 0.0431
 1 -0.4623 0.0441
 1 -0.4627 0.0452
 1 -0.4631 0.0463
 1 -0.4635 0.0473
 1 -0.4638 0.0484
 1 -0.4640 0.0497
 1 -0.4640 1.4504
 1 -0.4640 1.4504
 1 -0.4638 1.4515
 1 -0.4635 1.4526
 1 -0.4631 1.4538
 1 -0.4627 1.4547
 1 -0.4623 1.4559
 1 -0.4616 1.4568
 1 -0.4610 1.4578
 1 -0.4602 1.4587
 1 -0.4595 1.4595
 1 -0.4586 1.4603
 1 -0.4577 1.4610
 1 -0.4567 1.4617
 1 -0.4557 1.4623
 1 -0.4547 1.4629
 1 -0.4536 1.4633
 1 -0.4525 1.4636
 1 -0.4514 1.4638
 1 -0.4502 1.4640
 1 0.4502 1.4640
 1 0.4502 1.4640
 1 0.4514 1.4638
 1 0.4525 1.4636
 1 0.4536 1.4633
 1 0.4547 1.4629
 1 0.4557 1.4623
 1 0.4567 1.4617
 1 0.4577 1.4610
 1 0.4586 1.4603
 1 0.4595 1.4595
 1 0.4602 1.4587
 1 0.4610 1.4578
 1 0.4616 1.4568
 1 0.4623 1.4559
 1 0.4627 1.4547
 1 0.4631 1.4538
 1 0.4635 1.4526
 1 0.4638 1.4515
 1 0.4640 1.4504
 1 0.4640 0.0497
 1 0.4640 0.0497
 1 0.4638 0.0484
 1 0.4635 0.0473
 1 0.4631 0.0463
 1 0.4627 0.0452
 1 0.4623 0.0441
 1 0.4616 0.0431
 1 0.4610 0.0421
 1 0.4602 0.0413
 1 0.4595 0.0405
 1 0.4586 0.0396
 1 0.4577 0.0389
 1 0.4567 0.0382
 1 0.4557 0.0377
 1 0.4547 0.0372
 1 0.4536 0.0368
 1 0.4525 0.0364
 1 0.4514 0.0361
 1 0.4502 0.0360
112 1251 89
 0 -0.0764 1.1896
 1 -0.0764 1.1909
 1 -0.0763 1.1922
 1 -0.0761 1.1935
 1 -0.0758 1.1948
 1 -0.0755 1.1961
 1 -0.0750 1.1973
 1 -0.0745 1.1986
 1 -0.0738 1.1997
 1 -0.0731 1.2008
 1 -0.0731 1.2008
 1 0.0280 1.3400
 1 0.1291 1.2008
 1 0.1291 1.2008
 1 0.1298 1.1997
 1 0.1305 1.1986
 1 0.1310 1.1973
 1 0.1315 1.1961
 1 0.1318 1.1948
 1 0.1321 1.1935
 1 0.1323 1.1922
 1 0.1324 1.1909
 1 0.1324 1.1896
 1 0.1324 1.1883
 1 0.1322 1.1869
 1 0.1319 1.1856
 1 0.1316 1.1844
 1 0.1311 1.1831
 1 0.1306 1.1819
 1 0.1300 1.1807
 1 0.1293 1.1796
 1 0.1285 1.1785
 1 0.1277 1.1775
 1 0.1268 1.1765
 1 0.1258 1.1756
 1 0.1247 1.1748
 1 0.1237 1.1741
 1 0.1225 1.1734
 1 0.1213 1.1728
 1 0.1201 1.1723
 1 0.1188 1.1719
 1 0.1176 1.1715
 1 0.1163 1.1713
 1 0.1149 1.1711
 1 0.1136 1.1711
 1 0.1123 1.1711
 1 0.1110 1.1712
 1 0.1097 1.1715
 1 0.1084 1.1718
 1 0.1071 1.1722
 1 0.1071 1.1722
 1 0.0680 1.1901
 1 0.0680 0.7716
 1 0.3400 0.4996
 1 0.3400 0.1600
 1 0.2600 0.1600
 1 0.2600 0.4665
 1 0.0680 0.6585
 1 0.0680 0.1600
 1 -0.0120 0.1600
 1 -0.0120 1.1901
 1 -0.0511 1.1722
 1 -0.0511 1.1722
 1 -0.0524 1.1718
 1 -0.0537 1.1715
 1 -0.0550 1.1712
 1 -0.0563 1.1711
 1 -0.0576 1.1711
 1 -0.0589 1.1711
 1 -0.0603 1.1713
 1 -0.0616 1.1715
 1 -0.0628 1.1719
 1 -0.0641 1.1723
 1 -0.0653 1.1728
 1 -0.0665 1.1734
 1 -0.0677 1.1741
 1 -0.0687 1.1748
 1 -0.0698 1.1756
 1 -0.0708 1.1765
 1 -0.0717 1.1775
 1 -0.0725 1.1785
 1 -0.0733 1.1796
 1 -0.0740 1.1807
 1 -0.0746 1.1819
 1 -0.0751 1.1831
 1 -0.0756 1.1844
 1 -0.0759 1.1856
 1 -0.0762 1.1869
 1 -0.0764 1.1883
112 1251 83
 0 -0.1953 1.1896
 1 -0.1953 1.1909
 1 -0.1954 1.1922
 1 -0.1956 1.1935
 1 -0.1959 1.1948
 1 -0.1963 1.1961
 1 -0.1967 1.1973
 1 -0.1973 1.1986
 1 -0.1979 1.1997
 1 -0.1986 1.2008
 1 -0.1986 1.2008
 1 -0.2997 1.3400
 1 -0.4009 1.2008
 1 -0.4009 1.2008
 1 -0.4016 1.1997
 1 -0.4022 1.1986
 1 -0.4027 1.1973
 1 -0.4032 1.1961
 1 -0.4036 1.1948
 1 -0.4039 1.1935
 1 -0.4041 1.1922
 1 -0.4042 1.1909
 1 -0.4042 1.1896
 1 -0.4041 1.1883
 1 -0.4039 1.1869
 1 -0.4037 1.1856
 1 -0.4033 1.1844
 1 -0.4029 1.1831
 1 -0.4023 1.1819
 1 -0.4017 1.1807
 1 -0.4010 1.1796
 1 -0.4003 1.1785
 1 -0.3994 1.1775
 1 -0.3985 1.1765
 1 -0.3975 1.1756
 1 -0.3965 1.1748
 1 -0.3954 1.1741
 1 -0.3943 1.1734
 1 -0.3931 1.1728
 1 -0.3918 1.1723
 1 -0.3906 1.1719
 1 -0.3893 1.1715
 1 -0.3880 1.1713
 1 -0.3867 1.1711
 1 -0.3854 1.1711
 1 -0.3840 1.1711
 1 -0.3827 1.1712
 1 -0.3814 1.1715
 1 -0.3801 1.1718
 1 -0.3789 1.1722
 1 -0.3789 1.1722
 1 -0.3397 1.1901
 1 -0.3397 0.1600
 1 -0.2597 0.1600
 1 -0.2597 1.1901
 1 -0.2206 1.1722
 1 -0.2206 1.1722
 1 -0.2194 1.1718
 1 -0.2181 1.1715
 1 -0.2168 1.1712
 1 -0.2155 1.1711
 1 -0.2141 1.1711
 1 -0.2128 1.1711
 1 -0.2115 1.1713
 1 -0.2102 1.1715
 1 -0.2089 1.1719
 1 -0.2077 1.1723
 1 -0.2064 1.1728
 1 -0.2052 1.1734
 1 -0.2041 1.1741
 1 -0.2030 1.1748
 1 -0.2020 1.1756
 1 -0.2010 1.1765
 1 -0.2001 1.1775
 1 -0.1992 1.1785
 1 -0.1985 1.1796
 1 -0.1978 1.1807
 1 -0.1972 1.1819
 1 -0.1966 1.1831
 1 -0.1962 1.1844
 1 -0.1958 1.1856
 1 -0.1956 1.1869
 1 -0.1954 1.1883
