SEcl_ITP-4a
3456 4 1 1 0 0 0 0 0 0 1 1
1.0000
112 1252 141
 0 0.4999 0.0480
 1 0.4999 1.4519
 1 0.4998 1.4542
 1 0.4995 1.4563
 1 0.4991 1.4585
 1 0.4987 1.4606
 1 0.4981 1.4627
 1 0.4974 1.4648
 1 0.4967 1.4669
 1 0.4959 1.4689
 1 0.4949 1.4708
 1 0.4939 1.4728
 1 0.4929 1.4748
 1 0.4917 1.4766
 1 0.4906 1.4784
 1 0.4892 1.4802
 1 0.4878 1.4819
 1 0.4864 1.4834
 1 0.4848 1.4851
 1 0.4833 1.4865
 1 0.4816 1.4881
 1 0.4799 1.4893
 1 0.4781 1.4907
 1 0.4763 1.4918
 1 0.4745 1.4931
 1 0.4725 1.4941
 1 0.4705 1.4951
 1 0.4686 1.4960
 1 0.4666 1.4967
 1 0.4645 1.4976
 1 0.4624 1.4981
 1 0.4603 1.4987
 1 0.4582 1.4991
 1 0.4560 1.4995
 1 0.4539 1.4998
 1 0.4516 1.5000
 1 -0.4516 1.5000
 1 -0.4539 1.4998
 1 -0.4560 1.4995
 1 -0.4582 1.4991
 1 -0.4603 1.4987
 1 -0.4624 1.4981
 1 -0.4645 1.4976
 1 -0.4666 1.4967
 1 -0.4686 1.4960
 1 -0.4705 1.4951
 1 -0.4725 1.4941
 1 -0.4745 1.4931
 1 -0.4763 1.4918
 1 -0.4781 1.4907
 1 -0.4799 1.4893
 1 -0.4816 1.4881
 1 -0.4833 1.4865
 1 -0.4848 1.4851
 1 -0.4864 1.4834
 1 -0.4878 1.4819
 1 -0.4892 1.4802
 1 -0.4906 1.4784
 1 -0.4917 1.4766
 1 -0.4929 1.4748
 1 -0.4939 1.4728
 1 -0.4949 1.4708
 1 -0.4959 1.4689
 1 -0.4967 1.4669
 1 -0.4974 1.4648
 1 -0.4981 1.4627
 1 -0.4987 1.4606
 1 -0.4991 1.4585
 1 -0.4995 1.4563
 1 -0.4998 1.4542
 1 -0.4999 1.4519
 1 -0.4999 0.0480
 1 -0.4998 0.0459
 1 -0.4995 0.0437
 1 -0.4991 0.0416
 1 -0.4987 0.0393
 1 -0.4981 0.0372
 1 -0.4974 0.0351
 1 -0.4967 0.0332
 1 -0.4959 0.0311
 1 -0.4949 0.0291
 1 -0.4939 0.0272
 1 -0.4929 0.0252
 1 -0.4917 0.0234
 1 -0.4906 0.0216
 1 -0.4892 0.0199
 1 -0.4878 0.0182
 1 -0.4864 0.0165
 1 -0.4848 0.0150
 1 -0.4833 0.0134
 1 -0.4816 0.0120
 1 -0.4799 0.0106
 1 -0.4781 0.0094
 1 -0.4763 0.0081
 1 -0.4745 0.0070
 1 -0.4725 0.0059
 1 -0.4705 0.0049
 1 -0.4686 0.0041
 1 -0.4666 0.0032
 1 -0.4645 0.0025
 1 -0.4624 0.0018
 1 -0.4603 0.0013
 1 -0.4582 0.0008
 1 -0.4560 0.0004
 1 -0.4539 0.0001
 1 -0.4516 0.0000
 1 0.4516 0.0000
 1 0.4539 0.0001
 1 0.4560 0.0004
 1 0.4582 0.0008
 1 0.4603 0.0013
 1 0.4624 0.0018
 1 0.4645 0.0025
 1 0.4666 0.0032
 1 0.4686 0.0041
 1 0.4705 0.0049
 1 0.4725 0.0059
 1 0.4745 0.0070
 1 0.4763 0.0081
 1 0.4781 0.0094
 1 0.4799 0.0106
 1 0.4816 0.0120
 1 0.4833 0.0134
 1 0.4848 0.0150
 1 0.4864 0.0165
 1 0.4878 0.0182
 1 0.4892 0.0199
 1 0.4906 0.0216
 1 0.4917 0.0234
 1 0.4929 0.0252
 1 0.4939 0.0272
 1 0.4949 0.0291
 1 0.4959 0.0311
 1 0.4967 0.0332
 1 0.4974 0.0351
 1 0.4981 0.0372
 1 0.4987 0.0393
 1 0.4991 0.0416
 1 0.4995 0.0437
 1 0.4998 0.0459
 1 0.4999 0.0480
112 1251 125
 0 -0.4878 0.0466
 1 -0.4875 0.0448
 1 -0.4872 0.0428
 1 -0.4866 0.0410
 1 -0.4862 0.0393
 1 -0.4855 0.0375
 1 -0.4848 0.0358
 1 -0.4840 0.0340
 1 -0.4831 0.0323
 1 -0.4822 0.0308
 1 -0.4812 0.0293
 1 -0.4801 0.0277
 1 -0.4789 0.0262
 1 -0.4777 0.0248
 1 -0.4764 0.0234
 1 -0.4750 0.0221
 1 -0.4736 0.0209
 1 -0.4721 0.0197
 1 -0.4705 0.0186
 1 -0.4690 0.0176
 1 -0.4673 0.0167
 1 -0.4656 0.0158
 1 -0.4640 0.0151
 1 -0.4623 0.0144
 1 -0.4605 0.0137
 1 -0.4586 0.0133
 1 -0.4568 0.0127
 1 -0.4550 0.0125
 1 -0.4532 0.0122
 1 -0.4512 0.0120
 1 0.4512 0.0120
 1 0.4512 0.0120
 1 0.4532 0.0122
 1 0.4550 0.0125
 1 0.4568 0.0127
 1 0.4586 0.0133
 1 0.4605 0.0137
 1 0.4623 0.0144
 1 0.4640 0.0151
 1 0.4656 0.0158
 1 0.4673 0.0167
 1 0.4690 0.0176
 1 0.4705 0.0186
 1 0.4721 0.0197
 1 0.4736 0.0209
 1 0.4750 0.0221
 1 0.4764 0.0234
 1 0.4777 0.0248
 1 0.4789 0.0262
 1 0.4801 0.0277
 1 0.4812 0.0293
 1 0.4822 0.0308
 1 0.4831 0.0323
 1 0.4840 0.0340
 1 0.4848 0.0358
 1 0.4855 0.0375
 1 0.4862 0.0393
 1 0.4866 0.0410
 1 0.4872 0.0428
 1 0.4875 0.0448
 1 0.4878 0.0466
 1 0.4880 0.0484
 1 0.4880 1.4515
 1 0.4878 1.4533
 1 0.4875 1.4553
 1 0.4872 1.4571
 1 0.4866 1.4589
 1 0.4862 1.4608
 1 0.4855 1.4624
 1 0.4848 1.4643
 1 0.4840 1.4659
 1 0.4831 1.4676
 1 0.4822 1.4692
 1 0.4812 1.4708
 1 0.4801 1.4724
 1 0.4789 1.4738
 1 0.4777 1.4752
 1 0.4764 1.4766
 1 0.4750 1.4778
 1 0.4736 1.4791
 1 0.4721 1.4802
 1 0.4705 1.4813
 1 0.4690 1.4823
 1 0.4673 1.4833
 1 0.4656 1.4841
 1 0.4640 1.4850
 1 0.4623 1.4857
 1 0.4605 1.4862
 1 0.4586 1.4868
 1 0.4568 1.4872
 1 0.4550 1.4875
 1 0.4532 1.4878
 1 0.4512 1.4881
 1 -0.4512 1.4881
 1 -0.4532 1.4878
 1 -0.4550 1.4875
 1 -0.4568 1.4872
 1 -0.4586 1.4868
 1 -0.4605 1.4862
 1 -0.4623 1.4857
 1 -0.4640 1.4850
 1 -0.4656 1.4841
 1 -0.4673 1.4833
 1 -0.4690 1.4823
 1 -0.4705 1.4813
 1 -0.4721 1.4802
 1 -0.4736 1.4791
 1 -0.4750 1.4778
 1 -0.4764 1.4766
 1 -0.4777 1.4752
 1 -0.4789 1.4738
 1 -0.4801 1.4724
 1 -0.4812 1.4708
 1 -0.4822 1.4692
 1 -0.4831 1.4676
 1 -0.4840 1.4659
 1 -0.4848 1.4643
 1 -0.4855 1.4624
 1 -0.4862 1.4608
 1 -0.4866 1.4589
 1 -0.4872 1.4571
 1 -0.4875 1.4553
 1 -0.4878 1.4533
 1 -0.4880 1.4515
 1 -0.4880 0.0484
112 1252 80
 0 -0.4502 0.0360
 1 -0.4502 0.0360
 1 -0.4514 0.0361
 1 -0.4525 0.0364
 1 -0.4536 0.0368
 1 -0.4547 0.0372
 1 -0.4557 0.0377
 1 -0.4567 0.0382
 1 -0.4577 0.0389
 1 -0.4586 0.0396
 1 -0.4595 0.0405
 1 -0.4602 0.0413
 1 -0.4610 0.0421
 1 -0.4616 0.0431
 1 -0.4623 0.0441
 1 -0.4627 0.0452
 1 -0.4631 0.0463
 1 -0.4635 0.0473
 1 -0.4638 0.0484
 1 -0.4640 0.0497
 1 -0.4640 1.4504
 1 -0.4640 1.4504
 1 -0.4638 1.4515
 1 -0.4635 1.4526
 1 -0.4631 1.4538
 1 -0.4627 1.4547
 1 -0.4623 1.4559
 1 -0.4616 1.4568
 1 -0.4610 1.4578
 1 -0.4602 1.4587
 1 -0.4595 1.4595
 1 -0.4586 1.4603
 1 -0.4577 1.4610
 1 -0.4567 1.4617
 1 -0.4557 1.4623
 1 -0.4547 1.4629
 1 -0.4536 1.4633
 1 -0.4525 1.4636
 1 -0.4514 1.4638
 1 -0.4502 1.4640
 1 0.4502 1.4640
 1 0.4502 1.4640
 1 0.4514 1.4638
 1 0.4525 1.4636
 1 0.4536 1.4633
 1 0.4547 1.4629
 1 0.4557 1.4623
 1 0.4567 1.4617
 1 0.4577 1.4610
 1 0.4586 1.4603
 1 0.4595 1.4595
 1 0.4602 1.4587
 1 0.4610 1.4578
 1 0.4616 1.4568
 1 0.4623 1.4559
 1 0.4627 1.4547
 1 0.4631 1.4538
 1 0.4635 1.4526
 1 0.4638 1.4515
 1 0.4640 1.4504
 1 0.4640 0.0497
 1 0.4640 0.0497
 1 0.4638 0.0484
 1 0.4635 0.0473
 1 0.4631 0.0463
 1 0.4627 0.0452
 1 0.4623 0.0441
 1 0.4616 0.0431
 1 0.4610 0.0421
 1 0.4602 0.0413
 1 0.4595 0.0405
 1 0.4586 0.0396
 1 0.4577 0.0389
 1 0.4567 0.0382
 1 0.4557 0.0377
 1 0.4547 0.0372
 1 0.4536 0.0368
 1 0.4525 0.0364
 1 0.4514 0.0361
 1 0.4502 0.0360
112 1251 168
 0 0.0956 1.1902
 1 0.0565 1.1722
 1 0.0565 1.1722
 1 0.0552 1.1719
 1 0.0539 1.1715
 1 0.0526 1.1713
 1 0.0513 1.1712
 1 0.0500 1.1712
 1 0.0486 1.1712
 1 0.0473 1.1714
 1 0.0460 1.1716
 1 0.0447 1.1719
 1 0.0435 1.1724
 1 0.0423 1.1729
 1 0.0411 1.1735
 1 0.0399 1.1741
 1 0.0388 1.1749
 1 0.0378 1.1757
 1 0.0368 1.1766
 1 0.0359 1.1776
 1 0.0351 1.1786
 1 0.0343 1.1797
 1 0.0336 1.1808
 1 0.0330 1.1820
 1 0.0325 1.1832
 1 0.0320 1.1844
 1 0.0317 1.1857
 1 0.0314 1.1870
 1 0.0312 1.1883
 1 0.0311 1.1897
 1 0.0311 1.1910
 1 0.0313 1.1923
 1 0.0315 1.1936
 1 0.0317 1.1949
 1 0.0321 1.1962
 1 0.0326 1.1974
 1 0.0331 1.1986
 1 0.0338 1.1998
 1 0.0345 1.2009
 1 0.0345 1.2009
 1 0.1356 1.3401
 1 0.2367 1.2009
 1 0.2367 1.2009
 1 0.2374 1.1998
 1 0.2380 1.1986
 1 0.2386 1.1974
 1 0.2390 1.1962
 1 0.2394 1.1949
 1 0.2397 1.1936
 1 0.2399 1.1923
 1 0.2400 1.1910
 1 0.2400 1.1897
 1 0.2399 1.1883
 1 0.2398 1.1870
 1 0.2395 1.1857
 1 0.2391 1.1844
 1 0.2387 1.1832
 1 0.2382 1.1820
 1 0.2376 1.1808
 1 0.2369 1.1797
 1 0.2361 1.1786
 1 0.2353 1.1776
 1 0.2343 1.1766
 1 0.2334 1.1757
 1 0.2323 1.1749
 1 0.2312 1.1741
 1 0.2301 1.1735
 1 0.2289 1.1729
 1 0.2277 1.1724
 1 0.2264 1.1719
 1 0.2251 1.1716
 1 0.2238 1.1714
 1 0.2225 1.1712
 1 0.2212 1.1712
 1 0.2199 1.1712
 1 0.2185 1.1713
 1 0.2172 1.1715
 1 0.2159 1.1719
 1 0.2147 1.1722
 1 0.2147 1.1722
 1 0.1756 1.1902
 1 0.1756 0.1601
 1 0.0956 0.1601
 1 0.0956 0.4881
 1 -0.1764 0.7601
 1 -0.1764 1.1902
 1 -0.2155 1.1722
 1 -0.2155 1.1722
 1 -0.2168 1.1719
 1 -0.2181 1.1715
 1 -0.2194 1.1713
 1 -0.2207 1.1712
 1 -0.2220 1.1712
 1 -0.2234 1.1712
 1 -0.2247 1.1714
 1 -0.2260 1.1716
 1 -0.2273 1.1719
 1 -0.2285 1.1724
 1 -0.2297 1.1729
 1 -0.2309 1.1735
 1 -0.2321 1.1741
 1 -0.2332 1.1749
 1 -0.2342 1.1757
 1 -0.2352 1.1766
 1 -0.2361 1.1776
 1 -0.2369 1.1786
 1 -0.2377 1.1797
 1 -0.2384 1.1808
 1 -0.2390 1.1820
 1 -0.2395 1.1832
 1 -0.2400 1.1844
 1 -0.2403 1.1857
 1 -0.2406 1.1870
 1 -0.2408 1.1883
 1 -0.2409 1.1897
 1 -0.2408 1.1910
 1 -0.2407 1.1923
 1 -0.2406 1.1936
 1 -0.2403 1.1949
 1 -0.2399 1.1962
 1 -0.2394 1.1974
 1 -0.2389 1.1986
 1 -0.2382 1.1998
 1 -0.2375 1.2009
 1 -0.2375 1.2009
 1 -0.1364 1.3401
 1 -0.0353 1.2009
 1 -0.0353 1.2009
 1 -0.0346 1.1998
 1 -0.0340 1.1986
 1 -0.0334 1.1974
 1 -0.0330 1.1962
 1 -0.0326 1.1949
 1 -0.0323 1.1936
 1 -0.0321 1.1923
 1 -0.0320 1.1910
 1 -0.0320 1.1897
 1 -0.0321 1.1883
 1 -0.0322 1.1870
 1 -0.0325 1.1857
 1 -0.0329 1.1844
 1 -0.0333 1.1832
 1 -0.0338 1.1820
 1 -0.0344 1.1808
 1 -0.0351 1.1797
 1 -0.0359 1.1786
 1 -0.0367 1.1776
 1 -0.0377 1.1766
 1 -0.0386 1.1757
 1 -0.0397 1.1749
 1 -0.0408 1.1741
 1 -0.0419 1.1735
 1 -0.0431 1.1729
 1 -0.0443 1.1724
 1 -0.0456 1.1719
 1 -0.0469 1.1716
 1 -0.0482 1.1714
 1 -0.0495 1.1712
 1 -0.0508 1.1712
 1 -0.0521 1.1712
 1 -0.0535 1.1713
 1 -0.0548 1.1715
 1 -0.0561 1.1719
 1 -0.0573 1.1722
 1 -0.0573 1.1722
 1 -0.0964 1.1902
 1 -0.0964 0.7932
 1 0.0956 0.6012
