SEcl_PE-1
3470 13 1 1 0 0 0 0 0 0 1 1
1.000
112 1466 149
0 0.5000 0.0500
1 0.5000 0.9500
1 0.5000 0.9522
1 0.4998 0.9544
1 0.4996 0.9565
1 0.4992 0.9587
1 0.4988 0.9608
1 0.4983 0.9629
1 0.4977 0.9650
1 0.4970 0.9671
1 0.4962 0.9691
1 0.4953 0.9711
1 0.4944 0.9731
1 0.4933 0.9750
1 0.4922 0.9769
1 0.4910 0.9787
1 0.4897 0.9804
1 0.4883 0.9821
1 0.4869 0.9838
1 0.4854 0.9854
1 0.4838 0.9869
1 0.4821 0.9883
1 0.4804 0.9897
1 0.4787 0.9910
1 0.4769 0.9922
1 0.4750 0.9933
1 0.4731 0.9944
1 0.4711 0.9953
1 0.4691 0.9962
1 0.4671 0.9970
1 0.4650 0.9977
1 0.4629 0.9983
1 0.4608 0.9988
1 0.4587 0.9992
1 0.4565 0.9996
1 0.4544 0.9998
1 0.4522 1.0000
1 0.4500 1.0000
1 -0.4500 1.0000
1 -0.4522 1.0000
1 -0.4544 0.9998
1 -0.4565 0.9996
1 -0.4587 0.9992
1 -0.4608 0.9988
1 -0.4629 0.9983
1 -0.4650 0.9977
1 -0.4671 0.9970
1 -0.4691 0.9962
1 -0.4711 0.9953
1 -0.4731 0.9944
1 -0.4750 0.9933
1 -0.4769 0.9922
1 -0.4787 0.9910
1 -0.4804 0.9897
1 -0.4821 0.9883
1 -0.4838 0.9869
1 -0.4854 0.9854
1 -0.4869 0.9838
1 -0.4883 0.9821
1 -0.4897 0.9804
1 -0.4910 0.9787
1 -0.4922 0.9769
1 -0.4933 0.9750
1 -0.4944 0.9731
1 -0.4953 0.9711
1 -0.4962 0.9691
1 -0.4970 0.9671
1 -0.4977 0.9650
1 -0.4983 0.9629
1 -0.4988 0.9608
1 -0.4992 0.9587
1 -0.4996 0.9565
1 -0.4998 0.9544
1 -0.5000 0.9522
1 -0.5000 0.9500
1 -0.5000 0.0500
1 -0.5000 0.0478
1 -0.4998 0.0456
1 -0.4996 0.0435
1 -0.4992 0.0413
1 -0.4988 0.0392
1 -0.4983 0.0371
1 -0.4977 0.0350
1 -0.4970 0.0329
1 -0.4962 0.0309
1 -0.4953 0.0289
1 -0.4944 0.0269
1 -0.4933 0.0250
1 -0.4922 0.0231
1 -0.4910 0.0213
1 -0.4897 0.0196
1 -0.4883 0.0179
1 -0.4869 0.0162
1 -0.4854 0.0146
1 -0.4838 0.0131
1 -0.4821 0.0117
1 -0.4804 0.0103
1 -0.4787 0.0090
1 -0.4769 0.0078
1 -0.4750 0.0067
1 -0.4731 0.0056
1 -0.4711 0.0047
1 -0.4691 0.0038
1 -0.4671 0.0030
1 -0.4650 0.0023
1 -0.4629 0.0017
1 -0.4608 0.0012
1 -0.4587 0.0008
1 -0.4565 0.0004
1 -0.4544 0.0002
1 -0.4522 0.0000
1 -0.4500 0.0000
1 0.4500 0.0000
1 0.4522 0.0000
1 0.4544 0.0002
1 0.4565 0.0004
1 0.4587 0.0008
1 0.4608 0.0012
1 0.4629 0.0017
1 0.4650 0.0023
1 0.4671 0.0030
1 0.4691 0.0038
1 0.4711 0.0047
1 0.4731 0.0056
1 0.4750 0.0067
1 0.4769 0.0078
1 0.4787 0.0090
1 0.4804 0.0103
1 0.4821 0.0117
1 0.4838 0.0131
1 0.4854 0.0146
1 0.4869 0.0162
1 0.4883 0.0179
1 0.4897 0.0196
1 0.4910 0.0213
1 0.4922 0.0231
1 0.4933 0.0250
1 0.4944 0.0269
1 0.4953 0.0289
1 0.4962 0.0309
1 0.4970 0.0329
1 0.4977 0.0350
1 0.4983 0.0371
1 0.4988 0.0392
1 0.4992 0.0413
1 0.4996 0.0435
1 0.4998 0.0456
1 0.5000 0.0478
1 0.5000 0.0500
112 1251 149
0 0.4900 0.0501
1 0.4900 0.9499
1 0.4900 0.9517
1 0.4898 0.9535
1 0.4897 0.9552
1 0.4894 0.9569
1 0.4891 0.9587
1 0.4886 0.9604
1 0.4881 0.9620
1 0.4876 0.9637
1 0.4870 0.9653
1 0.4863 0.9669
1 0.4855 0.9685
1 0.4846 0.9700
1 0.4837 0.9715
1 0.4828 0.9729
1 0.4817 0.9743
1 0.4806 0.9757
1 0.4795 0.9770
1 0.4783 0.9783
1 0.4770 0.9795
1 0.4757 0.9806
1 0.4744 0.9817
1 0.4729 0.9828
1 0.4715 0.9837
1 0.4700 0.9846
1 0.4685 0.9855
1 0.4669 0.9862
1 0.4653 0.9870
1 0.4637 0.9876
1 0.4620 0.9881
1 0.4604 0.9886
1 0.4587 0.9890
1 0.4569 0.9894
1 0.4552 0.9897
1 0.4535 0.9898
1 0.4517 0.9900
1 0.4499 0.9900
1 -0.4499 0.9900
1 -0.4517 0.9900
1 -0.4535 0.9898
1 -0.4552 0.9897
1 -0.4569 0.9894
1 -0.4587 0.9890
1 -0.4604 0.9886
1 -0.4620 0.9881
1 -0.4637 0.9876
1 -0.4653 0.9870
1 -0.4669 0.9862
1 -0.4685 0.9855
1 -0.4700 0.9846
1 -0.4715 0.9837
1 -0.4729 0.9828
1 -0.4744 0.9817
1 -0.4757 0.9806
1 -0.4770 0.9795
1 -0.4783 0.9783
1 -0.4795 0.9770
1 -0.4806 0.9757
1 -0.4817 0.9743
1 -0.4828 0.9729
1 -0.4837 0.9715
1 -0.4846 0.9700
1 -0.4855 0.9685
1 -0.4863 0.9669
1 -0.4870 0.9653
1 -0.4876 0.9637
1 -0.4881 0.9620
1 -0.4886 0.9604
1 -0.4890 0.9587
1 -0.4894 0.9569
1 -0.4897 0.9552
1 -0.4898 0.9535
1 -0.4900 0.9517
1 -0.4900 0.9499
1 -0.4900 0.0501
1 -0.4900 0.0483
1 -0.4898 0.0465
1 -0.4897 0.0448
1 -0.4894 0.0431
1 -0.4890 0.0413
1 -0.4886 0.0396
1 -0.4881 0.0380
1 -0.4876 0.0363
1 -0.4870 0.0347
1 -0.4863 0.0331
1 -0.4855 0.0315
1 -0.4846 0.0300
1 -0.4837 0.0285
1 -0.4828 0.0271
1 -0.4817 0.0257
1 -0.4806 0.0243
1 -0.4795 0.0230
1 -0.4783 0.0217
1 -0.4770 0.0205
1 -0.4757 0.0194
1 -0.4743 0.0183
1 -0.4729 0.0172
1 -0.4715 0.0163
1 -0.4700 0.0154
1 -0.4685 0.0145
1 -0.4669 0.0138
1 -0.4653 0.0130
1 -0.4637 0.0124
1 -0.4620 0.0119
1 -0.4604 0.0114
1 -0.4587 0.0109
1 -0.4569 0.0106
1 -0.4552 0.0103
1 -0.4535 0.0102
1 -0.4517 0.0100
1 -0.4499 0.0100
1 0.4499 0.0100
1 0.4517 0.0100
1 0.4535 0.0102
1 0.4552 0.0103
1 0.4569 0.0106
1 0.4587 0.0109
1 0.4604 0.0114
1 0.4620 0.0119
1 0.4637 0.0124
1 0.4653 0.0130
1 0.4669 0.0137
1 0.4685 0.0145
1 0.4700 0.0154
1 0.4715 0.0163
1 0.4729 0.0172
1 0.4743 0.0183
1 0.4757 0.0194
1 0.4770 0.0205
1 0.4783 0.0217
1 0.4795 0.0230
1 0.4806 0.0243
1 0.4817 0.0257
1 0.4828 0.0271
1 0.4837 0.0285
1 0.4846 0.0300
1 0.4855 0.0315
1 0.4863 0.0331
1 0.4870 0.0347
1 0.4876 0.0363
1 0.4881 0.0380
1 0.4886 0.0396
1 0.4891 0.0413
1 0.4894 0.0431
1 0.4897 0.0448
1 0.4898 0.0465
1 0.4900 0.0483
1 0.4900 0.0501
112 1466 149
0 0.4700 0.0503
1 0.4700 0.9497
1 0.4700 0.9509
1 0.4699 0.9517
1 0.4698 0.9526
1 0.4697 0.9535
1 0.4695 0.9543
1 0.4693 0.9552
1 0.4691 0.9560
1 0.4688 0.9568
1 0.4685 0.9577
1 0.4681 0.9584
1 0.4677 0.9592
1 0.4673 0.9600
1 0.4669 0.9607
1 0.4664 0.9615
1 0.4659 0.9622
1 0.4653 0.9629
1 0.4647 0.9635
1 0.4641 0.9641
1 0.4635 0.9647
1 0.4629 0.9653
1 0.4622 0.9659
1 0.4615 0.9664
1 0.4607 0.9669
1 0.4600 0.9673
1 0.4592 0.9677
1 0.4585 0.9681
1 0.4576 0.9685
1 0.4568 0.9688
1 0.4560 0.9691
1 0.4552 0.9693
1 0.4543 0.9695
1 0.4535 0.9697
1 0.4526 0.9698
1 0.4517 0.9699
1 0.4509 0.9700
1 0.4497 0.9700
1 -0.4497 0.9700
1 -0.4509 0.9700
1 -0.4517 0.9699
1 -0.4526 0.9698
1 -0.4535 0.9697
1 -0.4543 0.9695
1 -0.4552 0.9693
1 -0.4560 0.9691
1 -0.4568 0.9688
1 -0.4576 0.9685
1 -0.4585 0.9681
1 -0.4592 0.9677
1 -0.4600 0.9673
1 -0.4607 0.9669
1 -0.4615 0.9664
1 -0.4622 0.9659
1 -0.4629 0.9653
1 -0.4635 0.9647
1 -0.4641 0.9641
1 -0.4647 0.9635
1 -0.4653 0.9629
1 -0.4659 0.9622
1 -0.4664 0.9615
1 -0.4669 0.9607
1 -0.4673 0.9600
1 -0.4677 0.9592
1 -0.4681 0.9585
1 -0.4685 0.9577
1 -0.4688 0.9568
1 -0.4691 0.9560
1 -0.4693 0.9552
1 -0.4695 0.9543
1 -0.4697 0.9535
1 -0.4698 0.9526
1 -0.4699 0.9517
1 -0.4700 0.9509
1 -0.4700 0.9497
1 -0.4700 0.0503
1 -0.4700 0.0491
1 -0.4699 0.0483
1 -0.4698 0.0474
1 -0.4697 0.0465
1 -0.4695 0.0457
1 -0.4693 0.0448
1 -0.4691 0.0440
1 -0.4688 0.0432
1 -0.4685 0.0423
1 -0.4681 0.0415
1 -0.4677 0.0408
1 -0.4673 0.0400
1 -0.4669 0.0393
1 -0.4664 0.0385
1 -0.4659 0.0378
1 -0.4653 0.0371
1 -0.4647 0.0365
1 -0.4641 0.0359
1 -0.4635 0.0353
1 -0.4629 0.0347
1 -0.4622 0.0341
1 -0.4615 0.0336
1 -0.4607 0.0331
1 -0.4600 0.0327
1 -0.4592 0.0323
1 -0.4585 0.0319
1 -0.4576 0.0315
1 -0.4568 0.0312
1 -0.4560 0.0309
1 -0.4552 0.0307
1 -0.4543 0.0305
1 -0.4535 0.0303
1 -0.4526 0.0302
1 -0.4517 0.0301
1 -0.4509 0.0300
1 -0.4497 0.0300
1 0.4497 0.0300
1 0.4509 0.0300
1 0.4517 0.0301
1 0.4526 0.0302
1 0.4535 0.0303
1 0.4543 0.0305
1 0.4552 0.0307
1 0.4560 0.0309
1 0.4568 0.0312
1 0.4576 0.0315
1 0.4585 0.0319
1 0.4592 0.0323
1 0.4600 0.0327
1 0.4607 0.0331
1 0.4615 0.0336
1 0.4622 0.0341
1 0.4629 0.0347
1 0.4635 0.0353
1 0.4641 0.0359
1 0.4647 0.0365
1 0.4653 0.0371
1 0.4659 0.0378
1 0.4664 0.0385
1 0.4669 0.0393
1 0.4673 0.0400
1 0.4677 0.0408
1 0.4681 0.0416
1 0.4685 0.0423
1 0.4688 0.0432
1 0.4691 0.0440
1 0.4693 0.0448
1 0.4695 0.0457
1 0.4697 0.0465
1 0.4698 0.0474
1 0.4699 0.0483
1 0.4700 0.0491
1 0.4700 0.0503
112 1251 441
0 0.1041 0.6562
1 0.1619 0.7578
1 0.1824 0.7218
1 0.1796 0.7199
1 0.1769 0.7179
1 0.1743 0.7159
1 0.1717 0.7137
1 0.1693 0.7115
1 0.1668 0.7092
1 0.1645 0.7068
1 0.1622 0.7043
1 0.1601 0.7018
1 0.1580 0.6991
1 0.1560 0.6965
1 0.1541 0.6937
1 0.1523 0.6909
1 0.1506 0.6880
1 0.1489 0.6851
1 0.1474 0.6821
1 0.1460 0.6791
1 0.1447 0.6760
1 0.1435 0.6729
1 0.1424 0.6697
1 0.1414 0.6665
1 0.1405 0.6633
1 0.1397 0.6601
1 0.1390 0.6568
1 0.1384 0.6535
1 0.1380 0.6502
1 0.1376 0.6468
1 0.1374 0.6435
1 0.1373 0.6402
1 0.1373 0.6368
1 0.1374 0.6335
1 0.1376 0.6301
1 0.1379 0.6268
1 0.1383 0.6235
1 0.1389 0.6202
1 0.1395 0.6169
1 0.1403 0.6136
1 0.1412 0.6104
1 0.1422 0.6072
1 0.1432 0.6040
1 0.1444 0.6009
1 0.1457 0.5978
1 0.1471 0.5948
1 0.1486 0.5918
1 0.1502 0.5889
1 0.1519 0.5860
1 0.1537 0.5832
1 0.1556 0.5804
1 0.1576 0.5777
1 0.1597 0.5751
1 0.1618 0.5725
1 0.1641 0.5700
1 0.1664 0.5676
1 0.1688 0.5653
1 0.1713 0.5630
1 0.1738 0.5609
1 0.1764 0.5588
1 0.1791 0.5568
1 0.1819 0.5549
1 0.1847 0.5531
1 0.1876 0.5514
1 0.1905 0.5498
1 0.1935 0.5482
1 0.1965 0.5468
1 0.1996 0.5455
1 0.2027 0.5443
1 0.2059 0.5432
1 0.2091 0.5422
1 0.2123 0.5413
1 0.2156 0.5405
1 0.2188 0.5399
1 0.2221 0.5393
1 0.2254 0.5389
1 0.2288 0.5385
1 0.2321 0.5383
1 0.2355 0.5382
1 0.2388 0.5382
1 0.2422 0.5383
1 0.2455 0.5385
1 0.2488 0.5388
1 0.2521 0.5393
1 0.2554 0.5398
1 0.2587 0.5405
1 0.2620 0.5413
1 0.2652 0.5421
1 0.2684 0.5431
1 0.2716 0.5442
1 0.2747 0.5454
1 0.2778 0.5467
1 0.2808 0.5481
1 0.2838 0.5497
1 0.2867 0.5513
1 0.2896 0.5530
1 0.2924 0.5548
1 0.2952 0.5567
1 0.2979 0.5586
1 0.3005 0.5607
1 0.3031 0.5629
1 0.3055 0.5651
1 0.3080 0.5674
1 0.3103 0.5698
1 0.3125 0.5723
1 0.3147 0.5749
1 0.3168 0.5775
1 0.3187 0.5802
1 0.3206 0.5830
1 0.3224 0.5858
1 0.3241 0.5887
1 0.3257 0.5916
1 0.3273 0.5946
1 0.3287 0.5976
1 0.3300 0.6007
1 0.3312 0.6038
1 0.3323 0.6070
1 0.3333 0.6102
1 0.3341 0.6134
1 0.3349 0.6167
1 0.3356 0.6199
1 0.3361 0.6232
1 0.3366 0.6266
1 0.3369 0.6299
1 0.3371 0.6332
1 0.3372 0.6366
1 0.3372 0.6399
1 0.3371 0.6433
1 0.3369 0.6466
1 0.3366 0.6499
1 0.3361 0.6533
1 0.3355 0.6566
1 0.3349 0.6598
1 0.3341 0.6631
1 0.3332 0.6663
1 0.3322 0.6695
1 0.3311 0.6727
1 0.3299 0.6758
1 0.3286 0.6789
1 0.3272 0.6819
1 0.3257 0.6849
1 0.3241 0.6878
1 0.3223 0.6907
1 0.3205 0.6935
1 0.3186 0.6963
1 0.3166 0.6990
1 0.3146 0.7016
1 0.3124 0.7041
1 0.3102 0.7066
1 0.3078 0.7090
1 0.3054 0.7113
1 0.3029 0.7136
1 0.3004 0.7157
1 0.2977 0.7178
1 0.2950 0.7198
1 0.2923 0.7217
1 0.2895 0.7235
1 0.2866 0.7252
1 0.2836 0.7268
1 0.2806 0.7283
1 0.2776 0.7297
1 0.2745 0.7310
1 0.2714 0.7322
1 0.2682 0.7332
1 0.2650 0.7342
1 0.2618 0.7351
1 0.2585 0.7359
1 0.2553 0.7365
1 0.2520 0.7371
1 0.2486 0.7375
1 0.2453 0.7378
1 0.2420 0.7381
1 0.2386 0.7382
1 0.2353 0.7381
1 0.2319 0.7380
1 0.2286 0.7378
1 0.2253 0.7374
1 0.2220 0.7370
1 0.2187 0.7364
1 0.2154 0.7357
1 0.2121 0.7350
1 0.2089 0.7341
1 0.2057 0.7331
1 0.2026 0.7319
1 0.1994 0.7307
1 0.1964 0.7294
1 0.1933 0.7280
1 0.1691 0.7705
1 0.1796 0.7888
1 0.2121 0.7888
1 0.2121 0.8139
1 0.1368 0.8014
1 0.1368 0.7888
1 0.1651 0.7888
1 0.1580 0.7763
1 0.0152 0.7763
1 -0.0062 0.8137
1 0.0546 0.8137
1 0.0546 0.8263
1 -0.0207 0.8263
1 -0.0207 0.8137
1 0.0040 0.7705
1 -0.0201 0.7280
1 -0.0232 0.7294
1 -0.0262 0.7307
1 -0.0294 0.7319
1 -0.0325 0.7331
1 -0.0357 0.7341
1 -0.0389 0.7350
1 -0.0422 0.7357
1 -0.0455 0.7364
1 -0.0488 0.7370
1 -0.0521 0.7374
1 -0.0554 0.7378
1 -0.0587 0.7380
1 -0.0621 0.7381
1 -0.0654 0.7382
1 -0.0688 0.7381
1 -0.0721 0.7378
1 -0.0754 0.7375
1 -0.0788 0.7371
1 -0.0821 0.7365
1 -0.0853 0.7359
1 -0.0886 0.7351
1 -0.0918 0.7342
1 -0.0950 0.7332
1 -0.0982 0.7322
1 -0.1013 0.7310
1 -0.1044 0.7297
1 -0.1074 0.7283
1 -0.1104 0.7268
1 -0.1134 0.7252
1 -0.1163 0.7235
1 -0.1191 0.7217
1 -0.1218 0.7198
1 -0.1245 0.7178
1 -0.1272 0.7157
1 -0.1297 0.7136
1 -0.1322 0.7113
1 -0.1346 0.7090
1 -0.1370 0.7066
1 -0.1392 0.7041
1 -0.1414 0.7016
1 -0.1435 0.6990
1 -0.1454 0.6963
1 -0.1473 0.6935
1 -0.1491 0.6907
1 -0.1509 0.6878
1 -0.1525 0.6849
1 -0.1540 0.6819
1 -0.1554 0.6789
1 -0.1567 0.6758
1 -0.1579 0.6727
1 -0.1590 0.6695
1 -0.1600 0.6663
1 -0.1609 0.6631
1 -0.1617 0.6598
1 -0.1624 0.6566
1 -0.1629 0.6533
1 -0.1634 0.6499
1 -0.1637 0.6466
1 -0.1639 0.6433
1 -0.1640 0.6399
1 -0.1640 0.6366
1 -0.1639 0.6332
1 -0.1637 0.6299
1 -0.1634 0.6266
1 -0.1629 0.6232
1 -0.1624 0.6199
1 -0.1617 0.6167
1 -0.1609 0.6134
1 -0.1601 0.6102
1 -0.1591 0.6070
1 -0.1580 0.6038
1 -0.1568 0.6007
1 -0.1555 0.5976
1 -0.1541 0.5946
1 -0.1526 0.5916
1 -0.1509 0.5887
1 -0.1492 0.5858
1 -0.1474 0.5830
1 -0.1455 0.5802
1 -0.1436 0.5775
1 -0.1415 0.5749
1 -0.1393 0.5723
1 -0.1371 0.5698
1 -0.1348 0.5674
1 -0.1324 0.5651
1 -0.1299 0.5629
1 -0.1273 0.5607
1 -0.1247 0.5586
1 -0.1220 0.5567
1 -0.1192 0.5548
1 -0.1164 0.5530
1 -0.1135 0.5513
1 -0.1106 0.5497
1 -0.1076 0.5481
1 -0.1046 0.5467
1 -0.1015 0.5454
1 -0.0984 0.5442
1 -0.0952 0.5431
1 -0.0920 0.5421
1 -0.0888 0.5413
1 -0.0855 0.5405
1 -0.0822 0.5398
1 -0.0789 0.5393
1 -0.0756 0.5388
1 -0.0723 0.5385
1 -0.0690 0.5383
1 -0.0656 0.5382
1 -0.0623 0.5382
1 -0.0589 0.5383
1 -0.0556 0.5385
1 -0.0523 0.5389
1 -0.0489 0.5393
1 -0.0456 0.5399
1 -0.0424 0.5405
1 -0.0391 0.5413
1 -0.0359 0.5422
1 -0.0327 0.5432
1 -0.0295 0.5443
1 -0.0264 0.5455
1 -0.0233 0.5468
1 -0.0203 0.5482
1 -0.0173 0.5498
1 -0.0144 0.5514
1 -0.0115 0.5531
1 -0.0087 0.5549
1 -0.0059 0.5568
1 -0.0032 0.5588
1 -0.0006 0.5609
1 0.0019 0.5630
1 0.0044 0.5653
1 0.0068 0.5676
1 0.0091 0.5700
1 0.0114 0.5725
1 0.0135 0.5751
1 0.0156 0.5777
1 0.0176 0.5804
1 0.0195 0.5832
1 0.0213 0.5860
1 0.0229 0.5889
1 0.0245 0.5918
1 0.0261 0.5948
1 0.0275 0.5978
1 0.0287 0.6009
1 0.0299 0.6040
1 0.0310 0.6072
1 0.0320 0.6104
1 0.0329 0.6136
1 0.0337 0.6169
1 0.0343 0.6202
1 0.0349 0.6235
1 0.0353 0.6268
1 0.0356 0.6301
1 0.0358 0.6335
1 0.0359 0.6368
1 0.0359 0.6402
1 0.0358 0.6435
1 0.0356 0.6468
1 0.0352 0.6502
1 0.0348 0.6535
1 0.0342 0.6568
1 0.0335 0.6601
1 0.0327 0.6633
1 0.0318 0.6665
1 0.0308 0.6697
1 0.0297 0.6729
1 0.0285 0.6760
1 0.0272 0.6791
1 0.0258 0.6821
1 0.0243 0.6851
1 0.0226 0.6880
1 0.0209 0.6909
1 0.0191 0.6937
1 0.0172 0.6965
1 0.0152 0.6991
1 0.0131 0.7018
1 0.0109 0.7043
1 0.0087 0.7068
1 0.0064 0.7092
1 0.0039 0.7115
1 0.0014 0.7137
1 -0.0011 0.7159
1 -0.0038 0.7179
1 -0.0065 0.7199
1 -0.0092 0.7218
1 0.0113 0.7578
1 0.0691 0.6562
1 0.0675 0.6545
1 0.0661 0.6527
1 0.0649 0.6508
1 0.0638 0.6488
1 0.0630 0.6466
1 0.0623 0.6445
1 0.0618 0.6422
1 0.0616 0.6399
1 0.0615 0.6377
1 0.0616 0.6354
1 0.0620 0.6331
1 0.0626 0.6309
1 0.0633 0.6287
1 0.0643 0.6267
1 0.0654 0.6247
1 0.0667 0.6228
1 0.0682 0.6210
1 0.0699 0.6194
1 0.0716 0.6180
1 0.0735 0.6167
1 0.0755 0.6156
1 0.0776 0.6147
1 0.0798 0.6140
1 0.0820 0.6135
1 0.0843 0.6132
1 0.0866 0.6131
1 0.0889 0.6132
1 0.0912 0.6135
1 0.0934 0.6140
1 0.0956 0.6147
1 0.0977 0.6156
1 0.0997 0.6167
1 0.1016 0.6180
1 0.1033 0.6194
1 0.1050 0.6210
1 0.1065 0.6228
1 0.1078 0.6247
1 0.1089 0.6267
1 0.1099 0.6287
1 0.1106 0.6309
1 0.1112 0.6331
1 0.1116 0.6354
1 0.1117 0.6377
1 0.1116 0.6399
1 0.1114 0.6422
1 0.1109 0.6445
1 0.1102 0.6466
1 0.1094 0.6488
1 0.1083 0.6508
1 0.1071 0.6527
1 0.1056 0.6545
1 0.1041 0.6562
112 1466 168
0 0.2264 0.6445
1 0.1884 0.7112
1 0.1849 0.7087
1 0.1815 0.7061
1 0.1782 0.7033
1 0.1751 0.7003
1 0.1721 0.6972
1 0.1693 0.6939
1 0.1667 0.6905
1 0.1642 0.6870
1 0.1619 0.6833
1 0.1597 0.6796
1 0.1578 0.6757
1 0.1561 0.6718
1 0.1545 0.6678
1 0.1532 0.6637
1 0.1520 0.6595
1 0.1511 0.6553
1 0.1503 0.6511
1 0.1498 0.6468
1 0.1495 0.6425
1 0.1494 0.6382
1 0.1495 0.6339
1 0.1498 0.6295
1 0.1503 0.6253
1 0.1511 0.6210
1 0.1520 0.6168
1 0.1532 0.6127
1 0.1545 0.6086
1 0.1561 0.6045
1 0.1578 0.6006
1 0.1597 0.5967
1 0.1619 0.5930
1 0.1642 0.5893
1 0.1667 0.5858
1 0.1693 0.5824
1 0.1721 0.5791
1 0.1751 0.5760
1 0.1782 0.5730
1 0.1815 0.5702
1 0.1849 0.5676
1 0.1884 0.5651
1 0.1921 0.5628
1 0.1958 0.5607
1 0.1997 0.5587
1 0.2036 0.5570
1 0.2076 0.5554
1 0.2117 0.5541
1 0.2159 0.5529
1 0.2201 0.5520
1 0.2244 0.5512
1 0.2286 0.5507
1 0.2329 0.5504
1 0.2372 0.5503
1 0.2373 0.5503
1 0.2417 0.5504
1 0.2460 0.5507
1 0.2504 0.5513
1 0.2547 0.5520
1 0.2590 0.5530
1 0.2632 0.5542
1 0.2673 0.5556
1 0.2714 0.5572
1 0.2754 0.5590
1 0.2793 0.5610
1 0.2831 0.5632
1 0.2867 0.5655
1 0.2903 0.5681
1 0.2937 0.5708
1 0.2970 0.5737
1 0.3001 0.5768
1 0.3031 0.5800
1 0.3059 0.5833
1 0.3086 0.5868
1 0.3110 0.5904
1 0.3133 0.5942
1 0.3154 0.5980
1 0.3173 0.6020
1 0.3190 0.6060
1 0.3205 0.6101
1 0.3218 0.6143
1 0.3229 0.6185
1 0.3238 0.6228
1 0.3244 0.6272
1 0.3249 0.6315
1 0.3251 0.6359
1 0.3251 0.6403
1 0.3249 0.6446
1 0.3245 0.6490
1 0.3238 0.6533
1 0.3229 0.6576
1 0.3219 0.6619
1 0.3206 0.6660
1 0.3191 0.6702
1 0.3174 0.6742
1 0.3155 0.6781
1 0.3134 0.6820
1 0.3111 0.6857
1 0.3087 0.6894
1 0.3060 0.6928
1 0.3032 0.6962
1 0.3003 0.6994
1 0.2971 0.7025
1 0.2939 0.7054
1 0.2904 0.7081
1 0.2869 0.7107
1 0.2832 0.7131
1 0.2794 0.7153
1 0.2755 0.7173
1 0.2715 0.7191
1 0.2675 0.7207
1 0.2633 0.7221
1 0.2591 0.7233
1 0.2548 0.7243
1 0.2505 0.7250
1 0.2462 0.7256
1 0.2418 0.7259
1 0.2375 0.7260
1 0.2331 0.7259
1 0.2287 0.7256
1 0.2244 0.7251
1 0.2201 0.7243
1 0.2158 0.7234
1 0.2116 0.7222
1 0.2074 0.7208
1 0.2033 0.7192
1 0.1993 0.7174
1 0.2373 0.6507
1 0.2390 0.6506
1 0.2406 0.6503
1 0.2421 0.6497
1 0.2436 0.6490
1 0.2450 0.6481
1 0.2462 0.6470
1 0.2473 0.6457
1 0.2482 0.6444
1 0.2489 0.6429
1 0.2494 0.6413
1 0.2497 0.6397
1 0.2498 0.6381
1 0.2497 0.6364
1 0.2494 0.6348
1 0.2488 0.6333
1 0.2481 0.6318
1 0.2472 0.6305
1 0.2461 0.6292
1 0.2448 0.6282
1 0.2435 0.6273
1 0.2420 0.6265
1 0.2404 0.6260
1 0.2388 0.6257
1 0.2372 0.6256
1 0.2355 0.6257
1 0.2339 0.6261
1 0.2324 0.6266
1 0.2309 0.6273
1 0.2295 0.6282
1 0.2283 0.6293
1 0.2272 0.6306
1 0.2263 0.6320
1 0.2256 0.6334
1 0.2251 0.6350
1 0.2248 0.6366
1 0.2247 0.6382
1 0.2248 0.6399
1 0.2251 0.6415
1 0.2257 0.6430
1 0.2264 0.6445
112 1466 12
0 0.0932 0.6624
1 0.1508 0.7637
1 0.0223 0.7637
1 0.0800 0.6624
1 0.0816 0.6628
1 0.0833 0.6631
1 0.0849 0.6632
1 0.0866 0.6633
1 0.0883 0.6632
1 0.0899 0.6631
1 0.0916 0.6628
1 0.0932 0.6624
112 1251 5
0 -0.3637 0.5075
1 -0.3637 0.8695
1 -0.3197 0.8695
1 -0.3197 0.5075
1 -0.3637 0.5075
112 1251 5
0 -0.1539 0.3865
1 -0.2630 0.4495
1 -0.2410 0.4876
1 -0.1319 0.4246
1 -0.1539 0.3865
112 1251 5
0 -0.0275 0.3135
1 -0.1366 0.3765
1 -0.1146 0.4146
1 -0.0055 0.3516
1 -0.0275 0.3135
112 1251 5
0 0.1210 0.2786
1 0.0118 0.3416
1 -0.0102 0.3035
1 0.0990 0.2405
1 0.1210 0.2786
112 1251 5
0 0.2474 0.2056
1 0.1383 0.2686
1 0.1163 0.2305
1 0.2254 0.1675
1 0.2474 0.2056
112 1251 5
0 0.3738 0.1326
1 0.2647 0.1956
1 0.2427 0.1575
1 0.3518 0.0945
1 0.3738 0.1326
112 1466 167
0 -0.0152 0.7112
1 -0.0117 0.7087
1 -0.0082 0.7060
1 -0.0050 0.7032
1 -0.0018 0.7002
1 0.0012 0.6970
1 0.0040 0.6937
1 0.0067 0.6903
1 0.0092 0.6867
1 0.0115 0.6830
1 0.0136 0.6793
1 0.0156 0.6754
1 0.0173 0.6714
1 0.0189 0.6673
1 0.0202 0.6632
1 0.0213 0.6590
1 0.0223 0.6547
1 0.0230 0.6504
1 0.0235 0.6461
1 0.0238 0.6418
1 0.0238 0.6374
1 0.0237 0.6331
1 0.0233 0.6287
1 0.0227 0.6244
1 0.0220 0.6201
1 0.0210 0.6159
1 0.0198 0.6117
1 0.0183 0.6076
1 0.0167 0.6036
1 0.0149 0.5996
1 0.0129 0.5957
1 0.0107 0.5920
1 0.0083 0.5883
1 0.0058 0.5848
1 0.0031 0.5814
1 0.0002 0.5782
1 -0.0029 0.5751
1 -0.0061 0.5721
1 -0.0094 0.5693
1 -0.0129 0.5667
1 -0.0165 0.5643
1 -0.0202 0.5620
1 -0.0240 0.5599
1 -0.0280 0.5580
1 -0.0320 0.5563
1 -0.0361 0.5549
1 -0.0402 0.5536
1 -0.0444 0.5525
1 -0.0487 0.5516
1 -0.0530 0.5510
1 -0.0573 0.5505
1 -0.0617 0.5503
1 -0.0660 0.5503
1 -0.0704 0.5505
1 -0.0747 0.5509
1 -0.0790 0.5516
1 -0.0833 0.5524
1 -0.0875 0.5535
1 -0.0917 0.5547
1 -0.0958 0.5562
1 -0.0998 0.5579
1 -0.1037 0.5597
1 -0.1075 0.5618
1 -0.1113 0.5640
1 -0.1149 0.5665
1 -0.1184 0.5691
1 -0.1217 0.5718
1 -0.1249 0.5748
1 -0.1280 0.5779
1 -0.1309 0.5811
1 -0.1336 0.5845
1 -0.1362 0.5880
1 -0.1386 0.5916
1 -0.1408 0.5954
1 -0.1428 0.5992
1 -0.1447 0.6032
1 -0.1463 0.6072
1 -0.1477 0.6113
1 -0.1490 0.6155
1 -0.1500 0.6197
1 -0.1508 0.6240
1 -0.1514 0.6283
1 -0.1518 0.6326
1 -0.1519 0.6370
1 -0.1519 0.6413
1 -0.1516 0.6457
1 -0.1511 0.6500
1 -0.1504 0.6543
1 -0.1495 0.6586
1 -0.1484 0.6628
1 -0.1471 0.6669
1 -0.1456 0.6710
1 -0.1439 0.6750
1 -0.1419 0.6789
1 -0.1398 0.6827
1 -0.1375 0.6864
1 -0.1350 0.6900
1 -0.1324 0.6934
1 -0.1296 0.6967
1 -0.1266 0.6999
1 -0.1235 0.7029
1 -0.1202 0.7058
1 -0.1168 0.7085
1 -0.1132 0.7110
1 -0.1096 0.7133
1 -0.1058 0.7155
1 -0.1019 0.7175
1 -0.0979 0.7193
1 -0.0939 0.7208
1 -0.0897 0.7222
1 -0.0856 0.7234
1 -0.0813 0.7243
1 -0.0770 0.7251
1 -0.0727 0.7256
1 -0.0684 0.7259
1 -0.0640 0.7260
1 -0.0597 0.7259
1 -0.0553 0.7256
1 -0.0510 0.7251
1 -0.0467 0.7243
1 -0.0425 0.7234
1 -0.0383 0.7222
1 -0.0342 0.7208
1 -0.0301 0.7192
1 -0.0261 0.7174
1 -0.0641 0.6507
1 -0.0658 0.6506
1 -0.0674 0.6503
1 -0.0689 0.6497
1 -0.0704 0.6490
1 -0.0718 0.6481
1 -0.0730 0.6470
1 -0.0741 0.6457
1 -0.0750 0.6444
1 -0.0757 0.6429
1 -0.0762 0.6413
1 -0.0765 0.6397
1 -0.0766 0.6381
1 -0.0765 0.6364
1 -0.0762 0.6348
1 -0.0756 0.6333
1 -0.0749 0.6318
1 -0.0740 0.6305
1 -0.0729 0.6292
1 -0.0716 0.6282
1 -0.0703 0.6273
1 -0.0688 0.6265
1 -0.0672 0.6260
1 -0.0656 0.6257
1 -0.0640 0.6256
1 -0.0623 0.6257
1 -0.0607 0.6261
1 -0.0592 0.6266
1 -0.0577 0.6273
1 -0.0564 0.6282
1 -0.0551 0.6293
1 -0.0540 0.6306
1 -0.0531 0.6320
1 -0.0524 0.6334
1 -0.0519 0.6350
1 -0.0516 0.6366
1 -0.0515 0.6382
1 -0.0516 0.6399
1 -0.0519 0.6415
1 -0.0525 0.6430
1 -0.0532 0.6445
1 -0.0152 0.7112
