SEcl_IAA-8
3479 8 1 1 0 0 0 0 0 0 1 1
1.000
112 1466 149
0 0.5000 0.0500
1 0.5000 0.9500
1 0.5000 0.9522
1 0.4998 0.9544
1 0.4996 0.9565
1 0.4992 0.9587
1 0.4988 0.9608
1 0.4983 0.9629
1 0.4977 0.9650
1 0.4970 0.9671
1 0.4962 0.9691
1 0.4953 0.9711
1 0.4944 0.9731
1 0.4933 0.9750
1 0.4922 0.9769
1 0.4910 0.9787
1 0.4897 0.9804
1 0.4883 0.9821
1 0.4869 0.9838
1 0.4854 0.9854
1 0.4838 0.9869
1 0.4821 0.9883
1 0.4804 0.9897
1 0.4787 0.9910
1 0.4769 0.9922
1 0.4750 0.9933
1 0.4731 0.9944
1 0.4711 0.9953
1 0.4691 0.9962
1 0.4671 0.9970
1 0.4650 0.9977
1 0.4629 0.9983
1 0.4608 0.9988
1 0.4587 0.9992
1 0.4565 0.9996
1 0.4544 0.9998
1 0.4522 1.0000
1 0.4500 1.0000
1 -0.4500 1.0000
1 -0.4522 1.0000
1 -0.4544 0.9998
1 -0.4565 0.9996
1 -0.4587 0.9992
1 -0.4608 0.9988
1 -0.4629 0.9983
1 -0.4650 0.9977
1 -0.4671 0.9970
1 -0.4691 0.9962
1 -0.4711 0.9953
1 -0.4731 0.9944
1 -0.4750 0.9933
1 -0.4769 0.9922
1 -0.4787 0.9910
1 -0.4804 0.9897
1 -0.4821 0.9883
1 -0.4838 0.9869
1 -0.4854 0.9854
1 -0.4869 0.9838
1 -0.4883 0.9821
1 -0.4897 0.9804
1 -0.4910 0.9787
1 -0.4922 0.9769
1 -0.4933 0.9750
1 -0.4944 0.9731
1 -0.4953 0.9711
1 -0.4962 0.9691
1 -0.4970 0.9671
1 -0.4977 0.9650
1 -0.4983 0.9629
1 -0.4988 0.9608
1 -0.4992 0.9587
1 -0.4996 0.9565
1 -0.4998 0.9544
1 -0.5000 0.9522
1 -0.5000 0.9500
1 -0.5000 0.0500
1 -0.5000 0.0478
1 -0.4998 0.0456
1 -0.4996 0.0435
1 -0.4992 0.0413
1 -0.4988 0.0392
1 -0.4983 0.0371
1 -0.4977 0.0350
1 -0.4970 0.0329
1 -0.4962 0.0309
1 -0.4953 0.0289
1 -0.4944 0.0269
1 -0.4933 0.0250
1 -0.4922 0.0231
1 -0.4910 0.0213
1 -0.4897 0.0196
1 -0.4883 0.0179
1 -0.4869 0.0162
1 -0.4854 0.0146
1 -0.4838 0.0131
1 -0.4821 0.0117
1 -0.4804 0.0103
1 -0.4787 0.0090
1 -0.4769 0.0078
1 -0.4750 0.0067
1 -0.4731 0.0056
1 -0.4711 0.0047
1 -0.4691 0.0038
1 -0.4671 0.0030
1 -0.4650 0.0023
1 -0.4629 0.0017
1 -0.4608 0.0012
1 -0.4587 0.0008
1 -0.4565 0.0004
1 -0.4544 0.0002
1 -0.4522 0.0000
1 -0.4500 0.0000
1 0.4500 0.0000
1 0.4522 0.0000
1 0.4544 0.0002
1 0.4565 0.0004
1 0.4587 0.0008
1 0.4608 0.0012
1 0.4629 0.0017
1 0.4650 0.0023
1 0.4671 0.0030
1 0.4691 0.0038
1 0.4711 0.0047
1 0.4731 0.0056
1 0.4750 0.0067
1 0.4769 0.0078
1 0.4787 0.0090
1 0.4804 0.0103
1 0.4821 0.0117
1 0.4838 0.0131
1 0.4854 0.0146
1 0.4869 0.0162
1 0.4883 0.0179
1 0.4897 0.0196
1 0.4910 0.0213
1 0.4922 0.0231
1 0.4933 0.0250
1 0.4944 0.0269
1 0.4953 0.0289
1 0.4962 0.0309
1 0.4970 0.0329
1 0.4977 0.0350
1 0.4983 0.0371
1 0.4988 0.0392
1 0.4992 0.0413
1 0.4996 0.0435
1 0.4998 0.0456
1 0.5000 0.0478
1 0.5000 0.0500
112 1251 149
0 0.4900 0.0501
1 0.4900 0.9499
1 0.4900 0.9517
1 0.4898 0.9535
1 0.4897 0.9552
1 0.4894 0.9569
1 0.4891 0.9587
1 0.4886 0.9604
1 0.4881 0.9620
1 0.4876 0.9637
1 0.4870 0.9653
1 0.4863 0.9669
1 0.4855 0.9685
1 0.4846 0.9700
1 0.4837 0.9715
1 0.4828 0.9729
1 0.4817 0.9743
1 0.4806 0.9757
1 0.4795 0.9770
1 0.4783 0.9783
1 0.4770 0.9795
1 0.4757 0.9806
1 0.4744 0.9817
1 0.4729 0.9828
1 0.4715 0.9837
1 0.4700 0.9846
1 0.4685 0.9855
1 0.4669 0.9862
1 0.4653 0.9870
1 0.4637 0.9876
1 0.4620 0.9881
1 0.4604 0.9886
1 0.4587 0.9890
1 0.4569 0.9894
1 0.4552 0.9897
1 0.4535 0.9898
1 0.4517 0.9900
1 0.4499 0.9900
1 -0.4499 0.9900
1 -0.4517 0.9900
1 -0.4535 0.9898
1 -0.4552 0.9897
1 -0.4569 0.9894
1 -0.4587 0.9890
1 -0.4604 0.9886
1 -0.4620 0.9881
1 -0.4637 0.9876
1 -0.4653 0.9870
1 -0.4669 0.9862
1 -0.4685 0.9855
1 -0.4700 0.9846
1 -0.4715 0.9837
1 -0.4729 0.9828
1 -0.4744 0.9817
1 -0.4757 0.9806
1 -0.4770 0.9795
1 -0.4783 0.9783
1 -0.4795 0.9770
1 -0.4806 0.9757
1 -0.4817 0.9743
1 -0.4828 0.9729
1 -0.4837 0.9715
1 -0.4846 0.9700
1 -0.4855 0.9685
1 -0.4863 0.9669
1 -0.4870 0.9653
1 -0.4876 0.9637
1 -0.4881 0.9620
1 -0.4886 0.9604
1 -0.4890 0.9587
1 -0.4894 0.9569
1 -0.4897 0.9552
1 -0.4898 0.9535
1 -0.4900 0.9517
1 -0.4900 0.9499
1 -0.4900 0.0501
1 -0.4900 0.0483
1 -0.4898 0.0465
1 -0.4897 0.0448
1 -0.4894 0.0431
1 -0.4890 0.0413
1 -0.4886 0.0396
1 -0.4881 0.0380
1 -0.4876 0.0363
1 -0.4870 0.0347
1 -0.4863 0.0331
1 -0.4855 0.0315
1 -0.4846 0.0300
1 -0.4837 0.0285
1 -0.4828 0.0271
1 -0.4817 0.0257
1 -0.4806 0.0243
1 -0.4795 0.0230
1 -0.4783 0.0217
1 -0.4770 0.0205
1 -0.4757 0.0194
1 -0.4743 0.0183
1 -0.4729 0.0172
1 -0.4715 0.0163
1 -0.4700 0.0154
1 -0.4685 0.0145
1 -0.4669 0.0138
1 -0.4653 0.0130
1 -0.4637 0.0124
1 -0.4620 0.0119
1 -0.4604 0.0114
1 -0.4587 0.0109
1 -0.4569 0.0106
1 -0.4552 0.0103
1 -0.4535 0.0102
1 -0.4517 0.0100
1 -0.4499 0.0100
1 0.4499 0.0100
1 0.4517 0.0100
1 0.4535 0.0102
1 0.4552 0.0103
1 0.4569 0.0106
1 0.4587 0.0109
1 0.4604 0.0114
1 0.4620 0.0119
1 0.4637 0.0124
1 0.4653 0.0130
1 0.4669 0.0137
1 0.4685 0.0145
1 0.4700 0.0154
1 0.4715 0.0163
1 0.4729 0.0172
1 0.4743 0.0183
1 0.4757 0.0194
1 0.4770 0.0205
1 0.4783 0.0217
1 0.4795 0.0230
1 0.4806 0.0243
1 0.4817 0.0257
1 0.4828 0.0271
1 0.4837 0.0285
1 0.4846 0.0300
1 0.4855 0.0315
1 0.4863 0.0331
1 0.4870 0.0347
1 0.4876 0.0363
1 0.4881 0.0380
1 0.4886 0.0396
1 0.4891 0.0413
1 0.4894 0.0431
1 0.4897 0.0448
1 0.4898 0.0465
1 0.4900 0.0483
1 0.4900 0.0501
112 1466 149
0 0.4700 0.0503
1 0.4700 0.9497
1 0.4700 0.9509
1 0.4699 0.9517
1 0.4698 0.9526
1 0.4697 0.9535
1 0.4695 0.9543
1 0.4693 0.9552
1 0.4691 0.9560
1 0.4688 0.9568
1 0.4685 0.9577
1 0.4681 0.9584
1 0.4677 0.9592
1 0.4673 0.9600
1 0.4669 0.9607
1 0.4664 0.9615
1 0.4659 0.9622
1 0.4653 0.9629
1 0.4647 0.9635
1 0.4641 0.9641
1 0.4635 0.9647
1 0.4629 0.9653
1 0.4622 0.9659
1 0.4615 0.9664
1 0.4607 0.9669
1 0.4600 0.9673
1 0.4592 0.9677
1 0.4585 0.9681
1 0.4576 0.9685
1 0.4568 0.9688
1 0.4560 0.9691
1 0.4552 0.9693
1 0.4543 0.9695
1 0.4535 0.9697
1 0.4526 0.9698
1 0.4517 0.9699
1 0.4509 0.9700
1 0.4497 0.9700
1 -0.4497 0.9700
1 -0.4509 0.9700
1 -0.4517 0.9699
1 -0.4526 0.9698
1 -0.4535 0.9697
1 -0.4543 0.9695
1 -0.4552 0.9693
1 -0.4560 0.9691
1 -0.4568 0.9688
1 -0.4576 0.9685
1 -0.4585 0.9681
1 -0.4592 0.9677
1 -0.4600 0.9673
1 -0.4607 0.9669
1 -0.4615 0.9664
1 -0.4622 0.9659
1 -0.4629 0.9653
1 -0.4635 0.9647
1 -0.4641 0.9641
1 -0.4647 0.9635
1 -0.4653 0.9629
1 -0.4659 0.9622
1 -0.4664 0.9615
1 -0.4669 0.9607
1 -0.4673 0.9600
1 -0.4677 0.9592
1 -0.4681 0.9585
1 -0.4685 0.9577
1 -0.4688 0.9568
1 -0.4691 0.9560
1 -0.4693 0.9552
1 -0.4695 0.9543
1 -0.4697 0.9535
1 -0.4698 0.9526
1 -0.4699 0.9517
1 -0.4700 0.9509
1 -0.4700 0.9497
1 -0.4700 0.0503
1 -0.4700 0.0491
1 -0.4699 0.0483
1 -0.4698 0.0474
1 -0.4697 0.0465
1 -0.4695 0.0457
1 -0.4693 0.0448
1 -0.4691 0.0440
1 -0.4688 0.0432
1 -0.4685 0.0423
1 -0.4681 0.0415
1 -0.4677 0.0408
1 -0.4673 0.0400
1 -0.4669 0.0393
1 -0.4664 0.0385
1 -0.4659 0.0378
1 -0.4653 0.0371
1 -0.4647 0.0365
1 -0.4641 0.0359
1 -0.4635 0.0353
1 -0.4629 0.0347
1 -0.4622 0.0341
1 -0.4615 0.0336
1 -0.4607 0.0331
1 -0.4600 0.0327
1 -0.4592 0.0323
1 -0.4585 0.0319
1 -0.4576 0.0315
1 -0.4568 0.0312
1 -0.4560 0.0309
1 -0.4552 0.0307
1 -0.4543 0.0305
1 -0.4535 0.0303
1 -0.4526 0.0302
1 -0.4517 0.0301
1 -0.4509 0.0300
1 -0.4497 0.0300
1 0.4497 0.0300
1 0.4509 0.0300
1 0.4517 0.0301
1 0.4526 0.0302
1 0.4535 0.0303
1 0.4543 0.0305
1 0.4552 0.0307
1 0.4560 0.0309
1 0.4568 0.0312
1 0.4576 0.0315
1 0.4585 0.0319
1 0.4592 0.0323
1 0.4600 0.0327
1 0.4607 0.0331
1 0.4615 0.0336
1 0.4622 0.0341
1 0.4629 0.0347
1 0.4635 0.0353
1 0.4641 0.0359
1 0.4647 0.0365
1 0.4653 0.0371
1 0.4659 0.0378
1 0.4664 0.0385
1 0.4669 0.0393
1 0.4673 0.0400
1 0.4677 0.0408
1 0.4681 0.0416
1 0.4685 0.0423
1 0.4688 0.0432
1 0.4691 0.0440
1 0.4693 0.0448
1 0.4695 0.0457
1 0.4697 0.0465
1 0.4698 0.0474
1 0.4699 0.0483
1 0.4700 0.0491
1 0.4700 0.0503
112 1251 106
0 -0.0000 0.8150
1 0.0080 0.8151
1 0.0160 0.8152
1 0.0239 0.8155
1 0.0319 0.8159
1 0.0399 0.8164
1 0.0478 0.8170
1 0.0558 0.8177
1 0.0637 0.8185
1 0.0717 0.8194
1 0.0796 0.8205
1 0.0875 0.8216
1 0.0954 0.8229
1 0.1032 0.8242
1 0.1111 0.8257
1 0.1189 0.8273
1 0.1267 0.8290
1 0.1345 0.8308
1 0.1422 0.8327
1 0.1500 0.8347
1 0.1577 0.8368
1 0.1653 0.8390
1 0.1730 0.8413
1 0.1806 0.8437
1 0.1881 0.8463
1 0.1957 0.8489
1 0.1906 0.9070
1 0.1906 0.9070
1 0.1834 0.9043
1 0.1763 0.9016
1 0.1690 0.8991
1 0.1618 0.8967
1 0.1545 0.8944
1 0.1472 0.8922
1 0.1398 0.8901
1 0.1324 0.8882
1 0.1250 0.8863
1 0.1176 0.8845
1 0.1101 0.8829
1 0.1026 0.8813
1 0.0951 0.8799
1 0.0875 0.8785
1 0.0800 0.8773
1 0.0724 0.8762
1 0.0648 0.8752
1 0.0573 0.8743
1 0.0496 0.8735
1 0.0420 0.8729
1 0.0344 0.8723
1 0.0268 0.8719
1 0.0191 0.8715
1 0.0115 0.8713
1 0.0038 0.8712
1 -0.0038 0.8712
1 -0.0115 0.8713
1 -0.0191 0.8715
1 -0.0268 0.8719
1 -0.0344 0.8723
1 -0.0420 0.8729
1 -0.0496 0.8735
1 -0.0573 0.8743
1 -0.0648 0.8752
1 -0.0724 0.8762
1 -0.0800 0.8773
1 -0.0875 0.8785
1 -0.0951 0.8799
1 -0.1026 0.8813
1 -0.1101 0.8829
1 -0.1176 0.8845
1 -0.1250 0.8863
1 -0.1324 0.8882
1 -0.1398 0.8901
1 -0.1472 0.8922
1 -0.1545 0.8944
1 -0.1618 0.8967
1 -0.1690 0.8991
1 -0.1763 0.9016
1 -0.1834 0.9043
1 -0.1906 0.9070
1 -0.1906 0.9070
1 -0.1957 0.8489
1 -0.1957 0.8489
1 -0.1881 0.8463
1 -0.1806 0.8437
1 -0.1730 0.8413
1 -0.1653 0.8390
1 -0.1577 0.8368
1 -0.1500 0.8347
1 -0.1422 0.8327
1 -0.1345 0.8308
1 -0.1267 0.8290
1 -0.1189 0.8273
1 -0.1111 0.8257
1 -0.1032 0.8242
1 -0.0954 0.8229
1 -0.0875 0.8216
1 -0.0796 0.8205
1 -0.0717 0.8194
1 -0.0637 0.8185
1 -0.0558 0.8177
1 -0.0478 0.8170
1 -0.0399 0.8164
1 -0.0319 0.8159
1 -0.0239 0.8155
1 -0.0160 0.8152
1 -0.0080 0.8151
112 1251 100
0 -0.0000 0.7129
1 -0.0087 0.7130
1 -0.0173 0.7131
1 -0.0260 0.7134
1 -0.0347 0.7138
1 -0.0433 0.7143
1 -0.0520 0.7149
1 -0.0606 0.7156
1 -0.0692 0.7164
1 -0.0778 0.7174
1 -0.0864 0.7184
1 -0.0950 0.7196
1 -0.1036 0.7208
1 -0.1122 0.7222
1 -0.1207 0.7237
1 -0.1292 0.7252
1 -0.1377 0.7269
1 -0.1462 0.7287
1 -0.1547 0.7306
1 -0.1631 0.7327
1 -0.1715 0.7348
1 -0.1799 0.7370
1 -0.1882 0.7393
1 -0.1965 0.7418
1 -0.2048 0.7443
1 -0.2098 0.6871
1 -0.2098 0.6871
1 -0.2011 0.6846
1 -0.1924 0.6822
1 -0.1836 0.6799
1 -0.1749 0.6777
1 -0.1661 0.6756
1 -0.1572 0.6736
1 -0.1484 0.6718
1 -0.1395 0.6700
1 -0.1306 0.6683
1 -0.1217 0.6668
1 -0.1127 0.6654
1 -0.1038 0.6640
1 -0.0948 0.6628
1 -0.0858 0.6617
1 -0.0768 0.6607
1 -0.0678 0.6598
1 -0.0588 0.6591
1 -0.0498 0.6584
1 -0.0407 0.6578
1 -0.0317 0.6574
1 -0.0226 0.6571
1 -0.0136 0.6568
1 -0.0045 0.6567
1 0.0045 0.6567
1 0.0136 0.6568
1 0.0226 0.6571
1 0.0317 0.6574
1 0.0407 0.6578
1 0.0498 0.6584
1 0.0588 0.6591
1 0.0678 0.6598
1 0.0768 0.6607
1 0.0858 0.6617
1 0.0948 0.6628
1 0.1038 0.6640
1 0.1127 0.6654
1 0.1217 0.6668
1 0.1306 0.6683
1 0.1395 0.6700
1 0.1484 0.6718
1 0.1572 0.6736
1 0.1661 0.6756
1 0.1749 0.6777
1 0.1836 0.6799
1 0.1924 0.6822
1 0.2011 0.6846
1 0.2098 0.6871
1 0.2098 0.6871
1 0.2048 0.7443
1 0.2048 0.7443
1 0.1965 0.7418
1 0.1882 0.7393
1 0.1799 0.7370
1 0.1715 0.7348
1 0.1631 0.7327
1 0.1547 0.7306
1 0.1462 0.7287
1 0.1377 0.7269
1 0.1292 0.7252
1 0.1207 0.7237
1 0.1122 0.7222
1 0.1036 0.7208
1 0.0950 0.7196
1 0.0864 0.7184
1 0.0778 0.7174
1 0.0692 0.7164
1 0.0606 0.7156
1 0.0520 0.7149
1 0.0433 0.7143
1 0.0347 0.7138
1 0.0260 0.7134
1 0.0173 0.7131
1 0.0087 0.7130
112 1251 17
0 -0.1376 0.4398
1 0.1376 0.4398
1 0.1606 0.3480
1 0.1835 0.3251
1 0.1835 0.2334
1 0.1606 0.2104
1 0.1606 0.1645
1 0.1147 0.1645
1 0.1147 0.2104
1 -0.1147 0.2104
1 -0.1147 0.1645
1 -0.1606 0.1645
1 -0.1606 0.2104
1 -0.1835 0.2334
1 -0.1835 0.3251
1 -0.1606 0.3480
1 -0.1376 0.4398
112 1251 97
0 0.2189 0.5836
1 0.2239 0.5268
1 0.2239 0.5268
1 0.2143 0.5244
1 0.2047 0.5221
1 0.1952 0.5199
1 0.1855 0.5178
1 0.1759 0.5159
1 0.1663 0.5140
1 0.1566 0.5122
1 0.1469 0.5105
1 0.1372 0.5090
1 0.1274 0.5075
1 0.1177 0.5062
1 0.1079 0.5050
1 0.0982 0.5038
1 0.0884 0.5028
1 0.0786 0.5019
1 0.0688 0.5011
1 0.0590 0.5004
1 0.0492 0.4998
1 0.0393 0.4993
1 0.0295 0.4989
1 0.0197 0.4987
1 0.0098 0.4985
1 -0.0000 0.4985
1 -0.0098 0.4985
1 -0.0197 0.4987
1 -0.0295 0.4989
1 -0.0393 0.4993
1 -0.0492 0.4998
1 -0.0590 0.5004
1 -0.0688 0.5011
1 -0.0786 0.5019
1 -0.0884 0.5028
1 -0.0982 0.5038
1 -0.1079 0.5050
1 -0.1177 0.5062
1 -0.1274 0.5075
1 -0.1372 0.5090
1 -0.1469 0.5105
1 -0.1566 0.5122
1 -0.1663 0.5140
1 -0.1759 0.5159
1 -0.1855 0.5178
1 -0.1952 0.5199
1 -0.2047 0.5221
1 -0.2143 0.5244
1 -0.2239 0.5268
1 -0.2239 0.5268
1 -0.2189 0.5836
1 -0.2096 0.5812
1 -0.2002 0.5788
1 -0.1909 0.5766
1 -0.1815 0.5744
1 -0.1721 0.5724
1 -0.1626 0.5705
1 -0.1532 0.5687
1 -0.1437 0.5670
1 -0.1342 0.5654
1 -0.1247 0.5639
1 -0.1152 0.5626
1 -0.1056 0.5613
1 -0.0961 0.5602
1 -0.0865 0.5591
1 -0.0769 0.5582
1 -0.0673 0.5573
1 -0.0577 0.5566
1 -0.0481 0.5560
1 -0.0385 0.5555
1 -0.0289 0.5551
1 -0.0193 0.5549
1 -0.0096 0.5547
1 -0.0000 0.5547
1 0.0096 0.5547
1 0.0193 0.5549
1 0.0289 0.5551
1 0.0385 0.5555
1 0.0481 0.5560
1 0.0577 0.5566
1 0.0673 0.5573
1 0.0769 0.5582
1 0.0865 0.5591
1 0.0961 0.5602
1 0.1056 0.5613
1 0.1152 0.5626
1 0.1247 0.5639
1 0.1342 0.5654
1 0.1437 0.5670
1 0.1532 0.5687
1 0.1626 0.5705
1 0.1721 0.5724
1 0.1815 0.5744
1 0.1909 0.5766
1 0.2002 0.5788
1 0.2096 0.5812
1 0.2189 0.5836
112 1466 5
0 0.1363 0.3480
1 0.1213 0.4169
1 -0.1213 0.4169
1 -0.1363 0.3480
1 0.1363 0.3480
