SEcl_IAA-5
3486 8 1 1 0 0 0 0 0 0 1 1
1.000
112 1252 149
0 0.5000 0.0500
1 0.5000 0.9500
1 0.5000 0.9522
1 0.4998 0.9544
1 0.4996 0.9565
1 0.4992 0.9587
1 0.4988 0.9608
1 0.4983 0.9629
1 0.4977 0.9650
1 0.4970 0.9671
1 0.4962 0.9691
1 0.4953 0.9711
1 0.4944 0.9731
1 0.4933 0.9750
1 0.4922 0.9769
1 0.4910 0.9787
1 0.4897 0.9804
1 0.4883 0.9821
1 0.4869 0.9838
1 0.4854 0.9854
1 0.4838 0.9869
1 0.4821 0.9883
1 0.4804 0.9897
1 0.4787 0.9910
1 0.4769 0.9922
1 0.4750 0.9933
1 0.4731 0.9944
1 0.4711 0.9953
1 0.4691 0.9962
1 0.4671 0.9970
1 0.4650 0.9977
1 0.4629 0.9983
1 0.4608 0.9988
1 0.4587 0.9992
1 0.4565 0.9996
1 0.4544 0.9998
1 0.4522 1.0000
1 0.4500 1.0000
1 -0.4500 1.0000
1 -0.4522 1.0000
1 -0.4544 0.9998
1 -0.4565 0.9996
1 -0.4587 0.9992
1 -0.4608 0.9988
1 -0.4629 0.9983
1 -0.4650 0.9977
1 -0.4671 0.9970
1 -0.4691 0.9962
1 -0.4711 0.9953
1 -0.4731 0.9944
1 -0.4750 0.9933
1 -0.4769 0.9922
1 -0.4787 0.9910
1 -0.4804 0.9897
1 -0.4821 0.9883
1 -0.4838 0.9869
1 -0.4854 0.9854
1 -0.4869 0.9838
1 -0.4883 0.9821
1 -0.4897 0.9804
1 -0.4910 0.9787
1 -0.4922 0.9769
1 -0.4933 0.9750
1 -0.4944 0.9731
1 -0.4953 0.9711
1 -0.4962 0.9691
1 -0.4970 0.9671
1 -0.4977 0.9650
1 -0.4983 0.9629
1 -0.4988 0.9608
1 -0.4992 0.9587
1 -0.4996 0.9565
1 -0.4998 0.9544
1 -0.5000 0.9522
1 -0.5000 0.9500
1 -0.5000 0.0500
1 -0.5000 0.0478
1 -0.4998 0.0456
1 -0.4996 0.0435
1 -0.4992 0.0413
1 -0.4988 0.0392
1 -0.4983 0.0371
1 -0.4977 0.0350
1 -0.4970 0.0329
1 -0.4962 0.0309
1 -0.4953 0.0289
1 -0.4944 0.0269
1 -0.4933 0.0250
1 -0.4922 0.0231
1 -0.4910 0.0213
1 -0.4897 0.0196
1 -0.4883 0.0179
1 -0.4869 0.0162
1 -0.4854 0.0146
1 -0.4838 0.0131
1 -0.4821 0.0117
1 -0.4804 0.0103
1 -0.4787 0.0090
1 -0.4769 0.0078
1 -0.4750 0.0067
1 -0.4731 0.0056
1 -0.4711 0.0047
1 -0.4691 0.0038
1 -0.4671 0.0030
1 -0.4650 0.0023
1 -0.4629 0.0017
1 -0.4608 0.0012
1 -0.4587 0.0008
1 -0.4565 0.0004
1 -0.4544 0.0002
1 -0.4522 0.0000
1 -0.4500 0.0000
1 0.4500 0.0000
1 0.4522 0.0000
1 0.4544 0.0002
1 0.4565 0.0004
1 0.4587 0.0008
1 0.4608 0.0012
1 0.4629 0.0017
1 0.4650 0.0023
1 0.4671 0.0030
1 0.4691 0.0038
1 0.4711 0.0047
1 0.4731 0.0056
1 0.4750 0.0067
1 0.4769 0.0078
1 0.4787 0.0090
1 0.4804 0.0103
1 0.4821 0.0117
1 0.4838 0.0131
1 0.4854 0.0146
1 0.4869 0.0162
1 0.4883 0.0179
1 0.4897 0.0196
1 0.4910 0.0213
1 0.4922 0.0231
1 0.4933 0.0250
1 0.4944 0.0269
1 0.4953 0.0289
1 0.4962 0.0309
1 0.4970 0.0329
1 0.4977 0.0350
1 0.4983 0.0371
1 0.4988 0.0392
1 0.4992 0.0413
1 0.4996 0.0435
1 0.4998 0.0456
1 0.5000 0.0478
1 0.5000 0.0500
112 1251 149
0 0.4900 0.0501
1 0.4900 0.9499
1 0.4900 0.9517
1 0.4898 0.9535
1 0.4897 0.9552
1 0.4894 0.9569
1 0.4891 0.9587
1 0.4886 0.9604
1 0.4881 0.9620
1 0.4876 0.9637
1 0.4870 0.9653
1 0.4863 0.9669
1 0.4855 0.9685
1 0.4846 0.9700
1 0.4837 0.9715
1 0.4828 0.9729
1 0.4817 0.9743
1 0.4806 0.9757
1 0.4795 0.9770
1 0.4783 0.9783
1 0.4770 0.9795
1 0.4757 0.9806
1 0.4744 0.9817
1 0.4729 0.9828
1 0.4715 0.9837
1 0.4700 0.9846
1 0.4685 0.9855
1 0.4669 0.9862
1 0.4653 0.9870
1 0.4637 0.9876
1 0.4620 0.9881
1 0.4604 0.9886
1 0.4587 0.9890
1 0.4569 0.9894
1 0.4552 0.9897
1 0.4535 0.9898
1 0.4517 0.9900
1 0.4499 0.9900
1 -0.4499 0.9900
1 -0.4517 0.9900
1 -0.4535 0.9898
1 -0.4552 0.9897
1 -0.4569 0.9894
1 -0.4587 0.9890
1 -0.4604 0.9886
1 -0.4620 0.9881
1 -0.4637 0.9876
1 -0.4653 0.9870
1 -0.4669 0.9862
1 -0.4685 0.9855
1 -0.4700 0.9846
1 -0.4715 0.9837
1 -0.4729 0.9828
1 -0.4744 0.9817
1 -0.4757 0.9806
1 -0.4770 0.9795
1 -0.4783 0.9783
1 -0.4795 0.9770
1 -0.4806 0.9757
1 -0.4817 0.9743
1 -0.4828 0.9729
1 -0.4837 0.9715
1 -0.4846 0.9700
1 -0.4855 0.9685
1 -0.4863 0.9669
1 -0.4870 0.9653
1 -0.4876 0.9637
1 -0.4881 0.9620
1 -0.4886 0.9604
1 -0.4890 0.9587
1 -0.4894 0.9569
1 -0.4897 0.9552
1 -0.4898 0.9535
1 -0.4900 0.9517
1 -0.4900 0.9499
1 -0.4900 0.0501
1 -0.4900 0.0483
1 -0.4898 0.0465
1 -0.4897 0.0448
1 -0.4894 0.0431
1 -0.4890 0.0413
1 -0.4886 0.0396
1 -0.4881 0.0380
1 -0.4876 0.0363
1 -0.4870 0.0347
1 -0.4863 0.0331
1 -0.4855 0.0315
1 -0.4846 0.0300
1 -0.4837 0.0285
1 -0.4828 0.0271
1 -0.4817 0.0257
1 -0.4806 0.0243
1 -0.4795 0.0230
1 -0.4783 0.0217
1 -0.4770 0.0205
1 -0.4757 0.0194
1 -0.4743 0.0183
1 -0.4729 0.0172
1 -0.4715 0.0163
1 -0.4700 0.0154
1 -0.4685 0.0145
1 -0.4669 0.0138
1 -0.4653 0.0130
1 -0.4637 0.0124
1 -0.4620 0.0119
1 -0.4604 0.0114
1 -0.4587 0.0109
1 -0.4569 0.0106
1 -0.4552 0.0103
1 -0.4535 0.0102
1 -0.4517 0.0100
1 -0.4499 0.0100
1 0.4499 0.0100
1 0.4517 0.0100
1 0.4535 0.0102
1 0.4552 0.0103
1 0.4569 0.0106
1 0.4587 0.0109
1 0.4604 0.0114
1 0.4620 0.0119
1 0.4637 0.0124
1 0.4653 0.0130
1 0.4669 0.0137
1 0.4685 0.0145
1 0.4700 0.0154
1 0.4715 0.0163
1 0.4729 0.0172
1 0.4743 0.0183
1 0.4757 0.0194
1 0.4770 0.0205
1 0.4783 0.0217
1 0.4795 0.0230
1 0.4806 0.0243
1 0.4817 0.0257
1 0.4828 0.0271
1 0.4837 0.0285
1 0.4846 0.0300
1 0.4855 0.0315
1 0.4863 0.0331
1 0.4870 0.0347
1 0.4876 0.0363
1 0.4881 0.0380
1 0.4886 0.0396
1 0.4891 0.0413
1 0.4894 0.0431
1 0.4897 0.0448
1 0.4898 0.0465
1 0.4900 0.0483
1 0.4900 0.0501
112 1252 149
0 0.4700 0.0503
1 0.4700 0.9497
1 0.4700 0.9509
1 0.4699 0.9517
1 0.4698 0.9526
1 0.4697 0.9535
1 0.4695 0.9543
1 0.4693 0.9552
1 0.4691 0.9560
1 0.4688 0.9568
1 0.4685 0.9577
1 0.4681 0.9584
1 0.4677 0.9592
1 0.4673 0.9600
1 0.4669 0.9607
1 0.4664 0.9615
1 0.4659 0.9622
1 0.4653 0.9629
1 0.4647 0.9635
1 0.4641 0.9641
1 0.4635 0.9647
1 0.4629 0.9653
1 0.4622 0.9659
1 0.4615 0.9664
1 0.4607 0.9669
1 0.4600 0.9673
1 0.4592 0.9677
1 0.4585 0.9681
1 0.4576 0.9685
1 0.4568 0.9688
1 0.4560 0.9691
1 0.4552 0.9693
1 0.4543 0.9695
1 0.4535 0.9697
1 0.4526 0.9698
1 0.4517 0.9699
1 0.4509 0.9700
1 0.4497 0.9700
1 -0.4497 0.9700
1 -0.4509 0.9700
1 -0.4517 0.9699
1 -0.4526 0.9698
1 -0.4535 0.9697
1 -0.4543 0.9695
1 -0.4552 0.9693
1 -0.4560 0.9691
1 -0.4568 0.9688
1 -0.4576 0.9685
1 -0.4585 0.9681
1 -0.4592 0.9677
1 -0.4600 0.9673
1 -0.4607 0.9669
1 -0.4615 0.9664
1 -0.4622 0.9659
1 -0.4629 0.9653
1 -0.4635 0.9647
1 -0.4641 0.9641
1 -0.4647 0.9635
1 -0.4653 0.9629
1 -0.4659 0.9622
1 -0.4664 0.9615
1 -0.4669 0.9607
1 -0.4673 0.9600
1 -0.4677 0.9592
1 -0.4681 0.9585
1 -0.4685 0.9577
1 -0.4688 0.9568
1 -0.4691 0.9560
1 -0.4693 0.9552
1 -0.4695 0.9543
1 -0.4697 0.9535
1 -0.4698 0.9526
1 -0.4699 0.9517
1 -0.4700 0.9509
1 -0.4700 0.9497
1 -0.4700 0.0503
1 -0.4700 0.0491
1 -0.4699 0.0483
1 -0.4698 0.0474
1 -0.4697 0.0465
1 -0.4695 0.0457
1 -0.4693 0.0448
1 -0.4691 0.0440
1 -0.4688 0.0432
1 -0.4685 0.0423
1 -0.4681 0.0415
1 -0.4677 0.0408
1 -0.4673 0.0400
1 -0.4669 0.0393
1 -0.4664 0.0385
1 -0.4659 0.0378
1 -0.4653 0.0371
1 -0.4647 0.0365
1 -0.4641 0.0359
1 -0.4635 0.0353
1 -0.4629 0.0347
1 -0.4622 0.0341
1 -0.4615 0.0336
1 -0.4607 0.0331
1 -0.4600 0.0327
1 -0.4592 0.0323
1 -0.4585 0.0319
1 -0.4576 0.0315
1 -0.4568 0.0312
1 -0.4560 0.0309
1 -0.4552 0.0307
1 -0.4543 0.0305
1 -0.4535 0.0303
1 -0.4526 0.0302
1 -0.4517 0.0301
1 -0.4509 0.0300
1 -0.4497 0.0300
1 0.4497 0.0300
1 0.4509 0.0300
1 0.4517 0.0301
1 0.4526 0.0302
1 0.4535 0.0303
1 0.4543 0.0305
1 0.4552 0.0307
1 0.4560 0.0309
1 0.4568 0.0312
1 0.4576 0.0315
1 0.4585 0.0319
1 0.4592 0.0323
1 0.4600 0.0327
1 0.4607 0.0331
1 0.4615 0.0336
1 0.4622 0.0341
1 0.4629 0.0347
1 0.4635 0.0353
1 0.4641 0.0359
1 0.4647 0.0365
1 0.4653 0.0371
1 0.4659 0.0378
1 0.4664 0.0385
1 0.4669 0.0393
1 0.4673 0.0400
1 0.4677 0.0408
1 0.4681 0.0416
1 0.4685 0.0423
1 0.4688 0.0432
1 0.4691 0.0440
1 0.4693 0.0448
1 0.4695 0.0457
1 0.4697 0.0465
1 0.4698 0.0474
1 0.4699 0.0483
1 0.4700 0.0491
1 0.4700 0.0503
112 1251 270
0 0.2806 0.5566
1 0.2704 0.5612
1 0.2601 0.5656
1 0.2497 0.5698
1 0.2393 0.5738
1 0.2287 0.5776
1 0.2182 0.5812
1 0.2075 0.5846
1 0.1968 0.5878
1 0.1860 0.5909
1 0.1752 0.5937
1 0.1643 0.5964
1 0.1534 0.5988
1 0.1424 0.6011
1 0.1314 0.6031
1 0.1204 0.6050
1 0.1093 0.6066
1 0.0982 0.6081
1 0.0871 0.6093
1 0.0759 0.6104
1 0.0648 0.6112
1 0.0536 0.6119
1 0.0424 0.6123
1 0.0312 0.6125
1 0.0200 0.6126
1 0.0088 0.6124
1 -0.0024 0.6121
1 -0.0377 0.6111
1 -0.0420 0.6108
1 -0.0463 0.6103
1 -0.0506 0.6096
1 -0.0548 0.6086
1 -0.0590 0.6075
1 -0.0631 0.6061
1 -0.0671 0.6045
1 -0.0711 0.6027
1 -0.0749 0.6008
1 -0.0787 0.5986
1 -0.0823 0.5962
1 -0.0858 0.5937
1 -0.0892 0.5910
1 -0.0925 0.5881
1 -0.0955 0.5851
1 -0.0985 0.5819
1 -0.1012 0.5785
1 -0.1038 0.5751
1 -0.1062 0.5715
1 -0.1085 0.5677
1 -0.1105 0.5639
1 -0.1124 0.5600
1 -0.1140 0.5560
1 -0.1154 0.5519
1 -0.1167 0.5477
1 -0.1187 0.5386
1 -0.1206 0.5295
1 -0.1222 0.5203
1 -0.1237 0.5111
1 -0.1249 0.5018
1 -0.1259 0.4925
1 -0.1266 0.4832
1 -0.1272 0.4739
1 -0.1275 0.4646
1 -0.1276 0.4552
1 -0.1274 0.4459
1 -0.1271 0.4365
1 -0.1265 0.4272
1 -0.1257 0.4179
1 -0.1247 0.4086
1 -0.1235 0.3994
1 -0.1220 0.3902
1 -0.1203 0.3810
1 -0.1184 0.3718
1 -0.1163 0.3627
1 -0.0232 0.3627
1 -0.2102 0.1929
1 -0.3739 0.3627
1 -0.3038 0.3627
1 -0.2766 0.5172
1 -0.2749 0.5238
1 -0.2729 0.5303
1 -0.2708 0.5368
1 -0.2684 0.5431
1 -0.2659 0.5494
1 -0.2631 0.5556
1 -0.2601 0.5617
1 -0.2569 0.5677
1 -0.2536 0.5736
1 -0.2500 0.5794
1 -0.2462 0.5850
1 -0.2423 0.5905
1 -0.2381 0.5959
1 -0.2338 0.6012
1 -0.2294 0.6062
1 -0.2247 0.6112
1 -0.2199 0.6160
1 -0.2149 0.6206
1 -0.2098 0.6251
1 -0.2045 0.6293
1 -0.1991 0.6334
1 -0.1936 0.6373
1 -0.1879 0.6411
1 -0.1821 0.6446
1 -0.1762 0.6480
1 -0.1702 0.6511
1 -0.1641 0.6540
1 -0.1579 0.6568
1 -0.1516 0.6593
1 -0.1452 0.6616
1 -0.1387 0.6637
1 -0.1322 0.6656
1 -0.1256 0.6672
1 -0.1190 0.6687
1 -0.1123 0.6699
1 -0.1056 0.6709
1 -0.0924 0.6731
1 -0.0791 0.6752
1 -0.0659 0.6769
1 -0.0526 0.6785
1 -0.0392 0.6798
1 -0.0259 0.6809
1 -0.0125 0.6818
1 0.0009 0.6825
1 0.0143 0.6829
1 0.0276 0.6831
1 0.0410 0.6830
1 0.0544 0.6828
1 0.0678 0.6823
1 0.0812 0.6815
1 0.0946 0.6806
1 0.1079 0.6794
1 0.1212 0.6780
1 0.1345 0.6764
1 0.1478 0.6745
1 0.1610 0.6724
1 0.1742 0.6701
1 0.1874 0.6675
1 0.2005 0.6648
1 0.2135 0.6618
1 0.2265 0.6586
1 0.2395 0.6551
1 0.2524 0.6515
1 0.2652 0.6476
1 0.2779 0.6435
1 0.2906 0.6392
1 0.3032 0.6347
1 0.3158 0.6299
1 0.3282 0.6250
1 0.3406 0.6198
1 0.3528 0.6144
1 0.3650 0.6088
1 0.3694 0.6067
1 0.3736 0.6043
1 0.3778 0.6017
1 0.3818 0.5990
1 0.3857 0.5961
1 0.3894 0.5930
1 0.3930 0.5898
1 0.3965 0.5863
1 0.3998 0.5828
1 0.4030 0.5791
1 0.4059 0.5752
1 0.4087 0.5712
1 0.4113 0.5671
1 0.4137 0.5629
1 0.4160 0.5586
1 0.4180 0.5541
1 0.4198 0.5496
1 0.4214 0.5450
1 0.4229 0.5404
1 0.4240 0.5357
1 0.4250 0.5309
1 0.4258 0.5261
1 0.4263 0.5213
1 0.4267 0.5164
1 0.4268 0.5116
1 0.4267 0.5067
1 0.4263 0.5018
1 0.4258 0.4970
1 0.4250 0.4922
1 0.4240 0.4874
1 0.4228 0.4827
1 0.4214 0.4781
1 0.4198 0.4735
1 0.4180 0.4690
1 0.4159 0.4646
1 0.4137 0.4602
1 0.4113 0.4560
1 0.4087 0.4519
1 0.4059 0.4479
1 0.4029 0.4441
1 0.3998 0.4404
1 0.3965 0.4368
1 0.3930 0.4334
1 0.3894 0.4301
1 0.3809 0.4230
1 0.3723 0.4160
1 0.3636 0.4091
1 0.3548 0.4024
1 0.3458 0.3959
1 0.3368 0.3895
1 0.3276 0.3833
1 0.3183 0.3772
1 0.3089 0.3713
1 0.2994 0.3656
1 0.2898 0.3600
1 0.2801 0.3546
1 0.2704 0.3494
1 0.2605 0.3443
1 0.2505 0.3394
1 0.2405 0.3347
1 0.3140 0.1387
1 -0.0258 0.1387
1 -0.0258 0.3293
1 0.0364 0.3857
1 -0.0258 0.3857
1 -0.0258 0.5876
1 -0.0147 0.5884
1 -0.0035 0.5890
1 0.0076 0.5894
1 0.0188 0.5896
1 0.0299 0.5896
1 0.0410 0.5893
1 0.0522 0.5889
1 0.0633 0.5883
1 0.0744 0.5874
1 0.0855 0.5864
1 0.0966 0.5851
1 0.1076 0.5836
1 0.1187 0.5820
1 0.1296 0.5801
1 0.1406 0.5780
1 0.1515 0.5757
1 0.2005 0.4431
1 0.2768 0.4701
1 0.2796 0.4712
1 0.2824 0.4725
1 0.2851 0.4740
1 0.2877 0.4756
1 0.2902 0.4775
1 0.2926 0.4795
1 0.2948 0.4816
1 0.2968 0.4839
1 0.2988 0.4863
1 0.3005 0.4888
1 0.3021 0.4915
1 0.3035 0.4942
1 0.3047 0.4970
1 0.3058 0.4999
1 0.3066 0.5029
1 0.3072 0.5059
1 0.3077 0.5090
1 0.3079 0.5120
1 0.3079 0.5151
1 0.3078 0.5182
1 0.3074 0.5213
1 0.3068 0.5243
1 0.3061 0.5273
1 0.3051 0.5302
1 0.3040 0.5331
1 0.3026 0.5358
1 0.3011 0.5385
1 0.2994 0.5411
1 0.2975 0.5435
1 0.2955 0.5459
1 0.2934 0.5481
1 0.2911 0.5501
1 0.2886 0.5520
1 0.2861 0.5537
1 0.2834 0.5553
1 0.2806 0.5566
112 1251 16
0 -0.0258 0.7040
1 -0.0258 0.8619
1 0.0457 0.8619
1 0.1045 0.7028
1 0.0937 0.7037
1 0.0829 0.7045
1 0.0720 0.7051
1 0.0611 0.7056
1 0.0503 0.7059
1 0.0394 0.7060
1 0.0285 0.7061
1 0.0177 0.7060
1 0.0068 0.7057
1 -0.0041 0.7053
1 -0.0149 0.7047
1 -0.0258 0.7040
112 1251 28
0 -0.0702 0.6996
1 -0.0702 0.8619
1 -0.1415 0.8619
1 -0.2297 0.6382
1 -0.2241 0.6429
1 -0.2184 0.6474
1 -0.2126 0.6518
1 -0.2067 0.6559
1 -0.2006 0.6599
1 -0.1944 0.6638
1 -0.1882 0.6674
1 -0.1818 0.6709
1 -0.1753 0.6741
1 -0.1687 0.6772
1 -0.1621 0.6801
1 -0.1553 0.6828
1 -0.1485 0.6853
1 -0.1416 0.6877
1 -0.1347 0.6898
1 -0.1277 0.6917
1 -0.1206 0.6934
1 -0.1135 0.6949
1 -0.1064 0.6962
1 -0.0992 0.6973
1 -0.0920 0.6982
1 -0.0847 0.6988
1 -0.0775 0.6993
1 -0.0702 0.6996
112 1251 40
0 -0.0978 0.3857
1 -0.0978 0.3857
1 -0.0990 0.3909
1 -0.1000 0.3960
1 -0.1009 0.4012
1 -0.1018 0.4064
1 -0.1025 0.4116
1 -0.1031 0.4168
1 -0.1037 0.4220
1 -0.1041 0.4272
1 -0.1045 0.4325
1 -0.1047 0.4377
1 -0.1049 0.4429
1 -0.1049 0.4482
1 -0.1049 0.4534
1 -0.1047 0.4587
1 -0.1045 0.4639
1 -0.1039 0.4695
1 -0.1032 0.4751
1 -0.1023 0.4807
1 -0.1014 0.4863
1 -0.1004 0.4919
1 -0.0993 0.4974
1 -0.0980 0.5029
1 -0.0967 0.5084
1 -0.0952 0.5138
1 -0.0937 0.5193
1 -0.0921 0.5247
1 -0.0903 0.5300
1 -0.0885 0.5354
1 -0.0865 0.5407
1 -0.0845 0.5459
1 -0.0824 0.5512
1 -0.0801 0.5563
1 -0.0778 0.5615
1 -0.0754 0.5666
1 -0.0729 0.5716
1 -0.0702 0.5766
1 -0.0702 0.3857
1 -0.0978 0.3857
112 1251 6
0 -0.0702 0.2889
1 -0.0702 0.1381
1 -0.4268 0.1381
1 -0.3579 0.3130
1 -0.2113 0.1609
1 -0.0702 0.2889
