SEcl_IAA-3
3474 5 1 1 0 0 0 0 0 0 1 1
1.0000
112 1252 149
 0 0.5000 0.0500
 1 0.5000 0.9500
 1 0.5000 0.9522
 1 0.4998 0.9544
 1 0.4996 0.9565
 1 0.4992 0.9587
 1 0.4988 0.9608
 1 0.4983 0.9629
 1 0.4977 0.9650
 1 0.4970 0.9671
 1 0.4962 0.9691
 1 0.4953 0.9711
 1 0.4944 0.9731
 1 0.4933 0.9750
 1 0.4922 0.9769
 1 0.4910 0.9787
 1 0.4897 0.9804
 1 0.4883 0.9821
 1 0.4869 0.9838
 1 0.4854 0.9854
 1 0.4838 0.9869
 1 0.4821 0.9883
 1 0.4804 0.9897
 1 0.4787 0.9910
 1 0.4769 0.9922
 1 0.4750 0.9933
 1 0.4731 0.9944
 1 0.4711 0.9953
 1 0.4691 0.9962
 1 0.4671 0.9970
 1 0.4650 0.9977
 1 0.4629 0.9983
 1 0.4608 0.9988
 1 0.4587 0.9992
 1 0.4565 0.9996
 1 0.4544 0.9998
 1 0.4522 1.0000
 1 0.4500 1.0000
 1 -0.4500 1.0000
 1 -0.4522 1.0000
 1 -0.4544 0.9998
 1 -0.4565 0.9996
 1 -0.4587 0.9992
 1 -0.4608 0.9988
 1 -0.4629 0.9983
 1 -0.4650 0.9977
 1 -0.4671 0.9970
 1 -0.4691 0.9962
 1 -0.4711 0.9953
 1 -0.4731 0.9944
 1 -0.4750 0.9933
 1 -0.4769 0.9922
 1 -0.4787 0.9910
 1 -0.4804 0.9897
 1 -0.4821 0.9883
 1 -0.4838 0.9869
 1 -0.4854 0.9854
 1 -0.4869 0.9838
 1 -0.4883 0.9821
 1 -0.4897 0.9804
 1 -0.4910 0.9787
 1 -0.4922 0.9769
 1 -0.4933 0.9750
 1 -0.4944 0.9731
 1 -0.4953 0.9711
 1 -0.4962 0.9691
 1 -0.4970 0.9671
 1 -0.4977 0.9650
 1 -0.4983 0.9629
 1 -0.4988 0.9608
 1 -0.4992 0.9587
 1 -0.4996 0.9565
 1 -0.4998 0.9544
 1 -0.5000 0.9522
 1 -0.5000 0.9500
 1 -0.5000 0.0500
 1 -0.5000 0.0478
 1 -0.4998 0.0456
 1 -0.4996 0.0435
 1 -0.4992 0.0413
 1 -0.4988 0.0392
 1 -0.4983 0.0371
 1 -0.4977 0.0350
 1 -0.4970 0.0329
 1 -0.4962 0.0309
 1 -0.4953 0.0289
 1 -0.4944 0.0269
 1 -0.4933 0.0250
 1 -0.4922 0.0231
 1 -0.4910 0.0213
 1 -0.4897 0.0196
 1 -0.4883 0.0179
 1 -0.4869 0.0162
 1 -0.4854 0.0146
 1 -0.4838 0.0131
 1 -0.4821 0.0117
 1 -0.4804 0.0103
 1 -0.4787 0.0090
 1 -0.4769 0.0078
 1 -0.4750 0.0067
 1 -0.4731 0.0056
 1 -0.4711 0.0047
 1 -0.4691 0.0038
 1 -0.4671 0.0030
 1 -0.4650 0.0023
 1 -0.4629 0.0017
 1 -0.4608 0.0012
 1 -0.4587 0.0008
 1 -0.4565 0.0004
 1 -0.4544 0.0002
 1 -0.4522 0.0000
 1 -0.4500 0.0000
 1 0.4500 0.0000
 1 0.4522 0.0000
 1 0.4544 0.0002
 1 0.4565 0.0004
 1 0.4587 0.0008
 1 0.4608 0.0012
 1 0.4629 0.0017
 1 0.4650 0.0023
 1 0.4671 0.0030
 1 0.4691 0.0038
 1 0.4711 0.0047
 1 0.4731 0.0056
 1 0.4750 0.0067
 1 0.4769 0.0078
 1 0.4787 0.0090
 1 0.4804 0.0103
 1 0.4821 0.0117
 1 0.4838 0.0131
 1 0.4854 0.0146
 1 0.4869 0.0162
 1 0.4883 0.0179
 1 0.4897 0.0196
 1 0.4910 0.0213
 1 0.4922 0.0231
 1 0.4933 0.0250
 1 0.4944 0.0269
 1 0.4953 0.0289
 1 0.4962 0.0309
 1 0.4970 0.0329
 1 0.4977 0.0350
 1 0.4983 0.0371
 1 0.4988 0.0392
 1 0.4992 0.0413
 1 0.4996 0.0435
 1 0.4998 0.0456
 1 0.5000 0.0478
 1 0.5000 0.0500
112 1251 149
 0 0.4900 0.0501
 1 0.4900 0.9499
 1 0.4900 0.9517
 1 0.4898 0.9535
 1 0.4897 0.9552
 1 0.4894 0.9569
 1 0.4891 0.9587
 1 0.4886 0.9604
 1 0.4881 0.9620
 1 0.4876 0.9637
 1 0.4870 0.9653
 1 0.4863 0.9669
 1 0.4855 0.9685
 1 0.4846 0.9700
 1 0.4837 0.9715
 1 0.4828 0.9729
 1 0.4817 0.9743
 1 0.4806 0.9757
 1 0.4795 0.9770
 1 0.4783 0.9783
 1 0.4770 0.9795
 1 0.4757 0.9806
 1 0.4744 0.9817
 1 0.4729 0.9828
 1 0.4715 0.9837
 1 0.4700 0.9846
 1 0.4685 0.9855
 1 0.4669 0.9862
 1 0.4653 0.9870
 1 0.4637 0.9876
 1 0.4620 0.9881
 1 0.4604 0.9886
 1 0.4587 0.9890
 1 0.4569 0.9894
 1 0.4552 0.9897
 1 0.4535 0.9898
 1 0.4517 0.9900
 1 0.4499 0.9900
 1 -0.4499 0.9900
 1 -0.4517 0.9900
 1 -0.4535 0.9898
 1 -0.4552 0.9897
 1 -0.4569 0.9894
 1 -0.4587 0.9890
 1 -0.4604 0.9886
 1 -0.4620 0.9881
 1 -0.4637 0.9876
 1 -0.4653 0.9870
 1 -0.4669 0.9862
 1 -0.4685 0.9855
 1 -0.4700 0.9846
 1 -0.4715 0.9837
 1 -0.4729 0.9828
 1 -0.4744 0.9817
 1 -0.4757 0.9806
 1 -0.4770 0.9795
 1 -0.4783 0.9783
 1 -0.4795 0.9770
 1 -0.4806 0.9757
 1 -0.4817 0.9743
 1 -0.4828 0.9729
 1 -0.4837 0.9715
 1 -0.4846 0.9700
 1 -0.4855 0.9685
 1 -0.4863 0.9669
 1 -0.4870 0.9653
 1 -0.4876 0.9637
 1 -0.4881 0.9620
 1 -0.4886 0.9604
 1 -0.4890 0.9587
 1 -0.4894 0.9569
 1 -0.4897 0.9552
 1 -0.4898 0.9535
 1 -0.4900 0.9517
 1 -0.4900 0.9499
 1 -0.4900 0.0501
 1 -0.4900 0.0483
 1 -0.4898 0.0465
 1 -0.4897 0.0448
 1 -0.4894 0.0431
 1 -0.4890 0.0413
 1 -0.4886 0.0396
 1 -0.4881 0.0380
 1 -0.4876 0.0363
 1 -0.4870 0.0347
 1 -0.4863 0.0331
 1 -0.4855 0.0315
 1 -0.4846 0.0300
 1 -0.4837 0.0285
 1 -0.4828 0.0271
 1 -0.4817 0.0257
 1 -0.4806 0.0243
 1 -0.4795 0.0230
 1 -0.4783 0.0217
 1 -0.4770 0.0205
 1 -0.4757 0.0194
 1 -0.4743 0.0183
 1 -0.4729 0.0172
 1 -0.4715 0.0163
 1 -0.4700 0.0154
 1 -0.4685 0.0145
 1 -0.4669 0.0138
 1 -0.4653 0.0130
 1 -0.4637 0.0124
 1 -0.4620 0.0119
 1 -0.4604 0.0114
 1 -0.4587 0.0109
 1 -0.4569 0.0106
 1 -0.4552 0.0103
 1 -0.4535 0.0102
 1 -0.4517 0.0100
 1 -0.4499 0.0100
 1 0.4499 0.0100
 1 0.4517 0.0100
 1 0.4535 0.0102
 1 0.4552 0.0103
 1 0.4569 0.0106
 1 0.4587 0.0109
 1 0.4604 0.0114
 1 0.4620 0.0119
 1 0.4637 0.0124
 1 0.4653 0.0130
 1 0.4669 0.0137
 1 0.4685 0.0145
 1 0.4700 0.0154
 1 0.4715 0.0163
 1 0.4729 0.0172
 1 0.4743 0.0183
 1 0.4757 0.0194
 1 0.4770 0.0205
 1 0.4783 0.0217
 1 0.4795 0.0230
 1 0.4806 0.0243
 1 0.4817 0.0257
 1 0.4828 0.0271
 1 0.4837 0.0285
 1 0.4846 0.0300
 1 0.4855 0.0315
 1 0.4863 0.0331
 1 0.4870 0.0347
 1 0.4876 0.0363
 1 0.4881 0.0380
 1 0.4886 0.0396
 1 0.4891 0.0413
 1 0.4894 0.0431
 1 0.4897 0.0448
 1 0.4898 0.0465
 1 0.4900 0.0483
 1 0.4900 0.0501
112 1252 149
 0 0.4700 0.0503
 1 0.4700 0.9497
 1 0.4700 0.9509
 1 0.4699 0.9517
 1 0.4698 0.9526
 1 0.4697 0.9535
 1 0.4695 0.9543
 1 0.4693 0.9552
 1 0.4691 0.9560
 1 0.4688 0.9568
 1 0.4685 0.9577
 1 0.4681 0.9584
 1 0.4677 0.9592
 1 0.4673 0.9600
 1 0.4669 0.9607
 1 0.4664 0.9615
 1 0.4659 0.9622
 1 0.4653 0.9629
 1 0.4647 0.9635
 1 0.4641 0.9641
 1 0.4635 0.9647
 1 0.4629 0.9653
 1 0.4622 0.9659
 1 0.4615 0.9664
 1 0.4607 0.9669
 1 0.4600 0.9673
 1 0.4592 0.9677
 1 0.4585 0.9681
 1 0.4576 0.9685
 1 0.4568 0.9688
 1 0.4560 0.9691
 1 0.4552 0.9693
 1 0.4543 0.9695
 1 0.4535 0.9697
 1 0.4526 0.9698
 1 0.4517 0.9699
 1 0.4509 0.9700
 1 0.4497 0.9700
 1 -0.4497 0.9700
 1 -0.4509 0.9700
 1 -0.4517 0.9699
 1 -0.4526 0.9698
 1 -0.4535 0.9697
 1 -0.4543 0.9695
 1 -0.4552 0.9693
 1 -0.4560 0.9691
 1 -0.4568 0.9688
 1 -0.4576 0.9685
 1 -0.4585 0.9681
 1 -0.4592 0.9677
 1 -0.4600 0.9673
 1 -0.4607 0.9669
 1 -0.4615 0.9664
 1 -0.4622 0.9659
 1 -0.4629 0.9653
 1 -0.4635 0.9647
 1 -0.4641 0.9641
 1 -0.4647 0.9635
 1 -0.4653 0.9629
 1 -0.4659 0.9622
 1 -0.4664 0.9615
 1 -0.4669 0.9607
 1 -0.4673 0.9600
 1 -0.4677 0.9592
 1 -0.4681 0.9585
 1 -0.4685 0.9577
 1 -0.4688 0.9568
 1 -0.4691 0.9560
 1 -0.4693 0.9552
 1 -0.4695 0.9543
 1 -0.4697 0.9535
 1 -0.4698 0.9526
 1 -0.4699 0.9517
 1 -0.4700 0.9509
 1 -0.4700 0.9497
 1 -0.4700 0.0503
 1 -0.4700 0.0491
 1 -0.4699 0.0483
 1 -0.4698 0.0474
 1 -0.4697 0.0465
 1 -0.4695 0.0457
 1 -0.4693 0.0448
 1 -0.4691 0.0440
 1 -0.4688 0.0432
 1 -0.4685 0.0423
 1 -0.4681 0.0415
 1 -0.4677 0.0408
 1 -0.4673 0.0400
 1 -0.4669 0.0393
 1 -0.4664 0.0385
 1 -0.4659 0.0378
 1 -0.4653 0.0371
 1 -0.4647 0.0365
 1 -0.4641 0.0359
 1 -0.4635 0.0353
 1 -0.4629 0.0347
 1 -0.4622 0.0341
 1 -0.4615 0.0336
 1 -0.4607 0.0331
 1 -0.4600 0.0327
 1 -0.4592 0.0323
 1 -0.4585 0.0319
 1 -0.4576 0.0315
 1 -0.4568 0.0312
 1 -0.4560 0.0309
 1 -0.4552 0.0307
 1 -0.4543 0.0305
 1 -0.4535 0.0303
 1 -0.4526 0.0302
 1 -0.4517 0.0301
 1 -0.4509 0.0300
 1 -0.4497 0.0300
 1 0.4497 0.0300
 1 0.4509 0.0300
 1 0.4517 0.0301
 1 0.4526 0.0302
 1 0.4535 0.0303
 1 0.4543 0.0305
 1 0.4552 0.0307
 1 0.4560 0.0309
 1 0.4568 0.0312
 1 0.4576 0.0315
 1 0.4585 0.0319
 1 0.4592 0.0323
 1 0.4600 0.0327
 1 0.4607 0.0331
 1 0.4615 0.0336
 1 0.4622 0.0341
 1 0.4629 0.0347
 1 0.4635 0.0353
 1 0.4641 0.0359
 1 0.4647 0.0365
 1 0.4653 0.0371
 1 0.4659 0.0378
 1 0.4664 0.0385
 1 0.4669 0.0393
 1 0.4673 0.0400
 1 0.4677 0.0408
 1 0.4681 0.0416
 1 0.4685 0.0423
 1 0.4688 0.0432
 1 0.4691 0.0440
 1 0.4693 0.0448
 1 0.4695 0.0457
 1 0.4697 0.0465
 1 0.4698 0.0474
 1 0.4699 0.0483
 1 0.4700 0.0491
 1 0.4700 0.0503
112 1251 47
 0 0.2536 0.3616
 1 0.3383 0.1381
 1 -0.0135 0.1381
 1 -0.0135 0.8619
 1 0.0581 0.8619
 1 0.1699 0.5725
 1 0.1761 0.5759
 1 0.1822 0.5794
 1 0.1883 0.5831
 1 0.1942 0.5869
 1 0.2001 0.5909
 1 0.2058 0.5950
 1 0.2114 0.5993
 1 0.2170 0.6037
 1 0.2224 0.6083
 1 0.2277 0.6129
 1 0.2328 0.6178
 1 0.2379 0.6227
 1 0.2428 0.6278
 1 0.2476 0.6330
 1 0.2523 0.6383
 1 0.2568 0.6437
 1 0.2612 0.6493
 1 0.2655 0.6549
 1 0.2696 0.6607
 1 0.2735 0.6665
 1 0.2026 0.7224
 1 0.3921 0.7423
 1 0.4145 0.5556
 1 0.3532 0.6039
 1 0.2598 0.4513
 1 0.2581 0.4459
 1 0.2566 0.4404
 1 0.2552 0.4349
 1 0.2541 0.4293
 1 0.2530 0.4237
 1 0.2522 0.4181
 1 0.2515 0.4125
 1 0.2511 0.4068
 1 0.2508 0.4012
 1 0.2506 0.3955
 1 0.2507 0.3898
 1 0.2509 0.3842
 1 0.2513 0.3785
 1 0.2519 0.3728
 1 0.2527 0.3672
 1 0.2536 0.3616
112 1251 5
 0 -0.4145 0.1381
 1 -0.1292 0.8619
 1 -0.0579 0.8619
 1 -0.0579 0.1381
 1 -0.4145 0.1381
