SEcl_IAA-6
3487 6 1 1 0 0 0 0 0 0 1 1
1.000
112 1252 149
0 0.5000 0.0500
1 0.5000 0.9500
1 0.5000 0.9522
1 0.4998 0.9544
1 0.4996 0.9565
1 0.4992 0.9587
1 0.4988 0.9608
1 0.4983 0.9629
1 0.4977 0.9650
1 0.4970 0.9671
1 0.4962 0.9691
1 0.4953 0.9711
1 0.4944 0.9731
1 0.4933 0.9750
1 0.4922 0.9769
1 0.4910 0.9787
1 0.4897 0.9804
1 0.4883 0.9821
1 0.4869 0.9838
1 0.4854 0.9854
1 0.4838 0.9869
1 0.4821 0.9883
1 0.4804 0.9897
1 0.4787 0.9910
1 0.4769 0.9922
1 0.4750 0.9933
1 0.4731 0.9944
1 0.4711 0.9953
1 0.4691 0.9962
1 0.4671 0.9970
1 0.4650 0.9977
1 0.4629 0.9983
1 0.4608 0.9988
1 0.4587 0.9992
1 0.4565 0.9996
1 0.4544 0.9998
1 0.4522 1.0000
1 0.4500 1.0000
1 -0.4500 1.0000
1 -0.4522 1.0000
1 -0.4544 0.9998
1 -0.4565 0.9996
1 -0.4587 0.9992
1 -0.4608 0.9988
1 -0.4629 0.9983
1 -0.4650 0.9977
1 -0.4671 0.9970
1 -0.4691 0.9962
1 -0.4711 0.9953
1 -0.4731 0.9944
1 -0.4750 0.9933
1 -0.4769 0.9922
1 -0.4787 0.9910
1 -0.4804 0.9897
1 -0.4821 0.9883
1 -0.4838 0.9869
1 -0.4854 0.9854
1 -0.4869 0.9838
1 -0.4883 0.9821
1 -0.4897 0.9804
1 -0.4910 0.9787
1 -0.4922 0.9769
1 -0.4933 0.9750
1 -0.4944 0.9731
1 -0.4953 0.9711
1 -0.4962 0.9691
1 -0.4970 0.9671
1 -0.4977 0.9650
1 -0.4983 0.9629
1 -0.4988 0.9608
1 -0.4992 0.9587
1 -0.4996 0.9565
1 -0.4998 0.9544
1 -0.5000 0.9522
1 -0.5000 0.9500
1 -0.5000 0.0500
1 -0.5000 0.0478
1 -0.4998 0.0456
1 -0.4996 0.0435
1 -0.4992 0.0413
1 -0.4988 0.0392
1 -0.4983 0.0371
1 -0.4977 0.0350
1 -0.4970 0.0329
1 -0.4962 0.0309
1 -0.4953 0.0289
1 -0.4944 0.0269
1 -0.4933 0.0250
1 -0.4922 0.0231
1 -0.4910 0.0213
1 -0.4897 0.0196
1 -0.4883 0.0179
1 -0.4869 0.0162
1 -0.4854 0.0146
1 -0.4838 0.0131
1 -0.4821 0.0117
1 -0.4804 0.0103
1 -0.4787 0.0090
1 -0.4769 0.0078
1 -0.4750 0.0067
1 -0.4731 0.0056
1 -0.4711 0.0047
1 -0.4691 0.0038
1 -0.4671 0.0030
1 -0.4650 0.0023
1 -0.4629 0.0017
1 -0.4608 0.0012
1 -0.4587 0.0008
1 -0.4565 0.0004
1 -0.4544 0.0002
1 -0.4522 0.0000
1 -0.4500 0.0000
1 0.4500 0.0000
1 0.4522 0.0000
1 0.4544 0.0002
1 0.4565 0.0004
1 0.4587 0.0008
1 0.4608 0.0012
1 0.4629 0.0017
1 0.4650 0.0023
1 0.4671 0.0030
1 0.4691 0.0038
1 0.4711 0.0047
1 0.4731 0.0056
1 0.4750 0.0067
1 0.4769 0.0078
1 0.4787 0.0090
1 0.4804 0.0103
1 0.4821 0.0117
1 0.4838 0.0131
1 0.4854 0.0146
1 0.4869 0.0162
1 0.4883 0.0179
1 0.4897 0.0196
1 0.4910 0.0213
1 0.4922 0.0231
1 0.4933 0.0250
1 0.4944 0.0269
1 0.4953 0.0289
1 0.4962 0.0309
1 0.4970 0.0329
1 0.4977 0.0350
1 0.4983 0.0371
1 0.4988 0.0392
1 0.4992 0.0413
1 0.4996 0.0435
1 0.4998 0.0456
1 0.5000 0.0478
1 0.5000 0.0500
112 1251 149
0 0.4900 0.0501
1 0.4900 0.9499
1 0.4900 0.9517
1 0.4898 0.9535
1 0.4897 0.9552
1 0.4894 0.9569
1 0.4891 0.9587
1 0.4886 0.9604
1 0.4881 0.9620
1 0.4876 0.9637
1 0.4870 0.9653
1 0.4863 0.9669
1 0.4855 0.9685
1 0.4846 0.9700
1 0.4837 0.9715
1 0.4828 0.9729
1 0.4817 0.9743
1 0.4806 0.9757
1 0.4795 0.9770
1 0.4783 0.9783
1 0.4770 0.9795
1 0.4757 0.9806
1 0.4744 0.9817
1 0.4729 0.9828
1 0.4715 0.9837
1 0.4700 0.9846
1 0.4685 0.9855
1 0.4669 0.9862
1 0.4653 0.9870
1 0.4637 0.9876
1 0.4620 0.9881
1 0.4604 0.9886
1 0.4587 0.9890
1 0.4569 0.9894
1 0.4552 0.9897
1 0.4535 0.9898
1 0.4517 0.9900
1 0.4499 0.9900
1 -0.4499 0.9900
1 -0.4517 0.9900
1 -0.4535 0.9898
1 -0.4552 0.9897
1 -0.4569 0.9894
1 -0.4587 0.9890
1 -0.4604 0.9886
1 -0.4620 0.9881
1 -0.4637 0.9876
1 -0.4653 0.9870
1 -0.4669 0.9862
1 -0.4685 0.9855
1 -0.4700 0.9846
1 -0.4715 0.9837
1 -0.4729 0.9828
1 -0.4744 0.9817
1 -0.4757 0.9806
1 -0.4770 0.9795
1 -0.4783 0.9783
1 -0.4795 0.9770
1 -0.4806 0.9757
1 -0.4817 0.9743
1 -0.4828 0.9729
1 -0.4837 0.9715
1 -0.4846 0.9700
1 -0.4855 0.9685
1 -0.4863 0.9669
1 -0.4870 0.9653
1 -0.4876 0.9637
1 -0.4881 0.9620
1 -0.4886 0.9604
1 -0.4890 0.9587
1 -0.4894 0.9569
1 -0.4897 0.9552
1 -0.4898 0.9535
1 -0.4900 0.9517
1 -0.4900 0.9499
1 -0.4900 0.0501
1 -0.4900 0.0483
1 -0.4898 0.0465
1 -0.4897 0.0448
1 -0.4894 0.0431
1 -0.4890 0.0413
1 -0.4886 0.0396
1 -0.4881 0.0380
1 -0.4876 0.0363
1 -0.4870 0.0347
1 -0.4863 0.0331
1 -0.4855 0.0315
1 -0.4846 0.0300
1 -0.4837 0.0285
1 -0.4828 0.0271
1 -0.4817 0.0257
1 -0.4806 0.0243
1 -0.4795 0.0230
1 -0.4783 0.0217
1 -0.4770 0.0205
1 -0.4757 0.0194
1 -0.4743 0.0183
1 -0.4729 0.0172
1 -0.4715 0.0163
1 -0.4700 0.0154
1 -0.4685 0.0145
1 -0.4669 0.0138
1 -0.4653 0.0130
1 -0.4637 0.0124
1 -0.4620 0.0119
1 -0.4604 0.0114
1 -0.4587 0.0109
1 -0.4569 0.0106
1 -0.4552 0.0103
1 -0.4535 0.0102
1 -0.4517 0.0100
1 -0.4499 0.0100
1 0.4499 0.0100
1 0.4517 0.0100
1 0.4535 0.0102
1 0.4552 0.0103
1 0.4569 0.0106
1 0.4587 0.0109
1 0.4604 0.0114
1 0.4620 0.0119
1 0.4637 0.0124
1 0.4653 0.0130
1 0.4669 0.0137
1 0.4685 0.0145
1 0.4700 0.0154
1 0.4715 0.0163
1 0.4729 0.0172
1 0.4743 0.0183
1 0.4757 0.0194
1 0.4770 0.0205
1 0.4783 0.0217
1 0.4795 0.0230
1 0.4806 0.0243
1 0.4817 0.0257
1 0.4828 0.0271
1 0.4837 0.0285
1 0.4846 0.0300
1 0.4855 0.0315
1 0.4863 0.0331
1 0.4870 0.0347
1 0.4876 0.0363
1 0.4881 0.0380
1 0.4886 0.0396
1 0.4891 0.0413
1 0.4894 0.0431
1 0.4897 0.0448
1 0.4898 0.0465
1 0.4900 0.0483
1 0.4900 0.0501
112 1252 149
0 0.4700 0.0503
1 0.4700 0.9497
1 0.4700 0.9509
1 0.4699 0.9517
1 0.4698 0.9526
1 0.4697 0.9535
1 0.4695 0.9543
1 0.4693 0.9552
1 0.4691 0.9560
1 0.4688 0.9568
1 0.4685 0.9577
1 0.4681 0.9584
1 0.4677 0.9592
1 0.4673 0.9600
1 0.4669 0.9607
1 0.4664 0.9615
1 0.4659 0.9622
1 0.4653 0.9629
1 0.4647 0.9635
1 0.4641 0.9641
1 0.4635 0.9647
1 0.4629 0.9653
1 0.4622 0.9659
1 0.4615 0.9664
1 0.4607 0.9669
1 0.4600 0.9673
1 0.4592 0.9677
1 0.4585 0.9681
1 0.4576 0.9685
1 0.4568 0.9688
1 0.4560 0.9691
1 0.4552 0.9693
1 0.4543 0.9695
1 0.4535 0.9697
1 0.4526 0.9698
1 0.4517 0.9699
1 0.4509 0.9700
1 0.4497 0.9700
1 -0.4497 0.9700
1 -0.4509 0.9700
1 -0.4517 0.9699
1 -0.4526 0.9698
1 -0.4535 0.9697
1 -0.4543 0.9695
1 -0.4552 0.9693
1 -0.4560 0.9691
1 -0.4568 0.9688
1 -0.4576 0.9685
1 -0.4585 0.9681
1 -0.4592 0.9677
1 -0.4600 0.9673
1 -0.4607 0.9669
1 -0.4615 0.9664
1 -0.4622 0.9659
1 -0.4629 0.9653
1 -0.4635 0.9647
1 -0.4641 0.9641
1 -0.4647 0.9635
1 -0.4653 0.9629
1 -0.4659 0.9622
1 -0.4664 0.9615
1 -0.4669 0.9607
1 -0.4673 0.9600
1 -0.4677 0.9592
1 -0.4681 0.9585
1 -0.4685 0.9577
1 -0.4688 0.9568
1 -0.4691 0.9560
1 -0.4693 0.9552
1 -0.4695 0.9543
1 -0.4697 0.9535
1 -0.4698 0.9526
1 -0.4699 0.9517
1 -0.4700 0.9509
1 -0.4700 0.9497
1 -0.4700 0.0503
1 -0.4700 0.0491
1 -0.4699 0.0483
1 -0.4698 0.0474
1 -0.4697 0.0465
1 -0.4695 0.0457
1 -0.4693 0.0448
1 -0.4691 0.0440
1 -0.4688 0.0432
1 -0.4685 0.0423
1 -0.4681 0.0415
1 -0.4677 0.0408
1 -0.4673 0.0400
1 -0.4669 0.0393
1 -0.4664 0.0385
1 -0.4659 0.0378
1 -0.4653 0.0371
1 -0.4647 0.0365
1 -0.4641 0.0359
1 -0.4635 0.0353
1 -0.4629 0.0347
1 -0.4622 0.0341
1 -0.4615 0.0336
1 -0.4607 0.0331
1 -0.4600 0.0327
1 -0.4592 0.0323
1 -0.4585 0.0319
1 -0.4576 0.0315
1 -0.4568 0.0312
1 -0.4560 0.0309
1 -0.4552 0.0307
1 -0.4543 0.0305
1 -0.4535 0.0303
1 -0.4526 0.0302
1 -0.4517 0.0301
1 -0.4509 0.0300
1 -0.4497 0.0300
1 0.4497 0.0300
1 0.4509 0.0300
1 0.4517 0.0301
1 0.4526 0.0302
1 0.4535 0.0303
1 0.4543 0.0305
1 0.4552 0.0307
1 0.4560 0.0309
1 0.4568 0.0312
1 0.4576 0.0315
1 0.4585 0.0319
1 0.4592 0.0323
1 0.4600 0.0327
1 0.4607 0.0331
1 0.4615 0.0336
1 0.4622 0.0341
1 0.4629 0.0347
1 0.4635 0.0353
1 0.4641 0.0359
1 0.4647 0.0365
1 0.4653 0.0371
1 0.4659 0.0378
1 0.4664 0.0385
1 0.4669 0.0393
1 0.4673 0.0400
1 0.4677 0.0408
1 0.4681 0.0416
1 0.4685 0.0423
1 0.4688 0.0432
1 0.4691 0.0440
1 0.4693 0.0448
1 0.4695 0.0457
1 0.4697 0.0465
1 0.4698 0.0474
1 0.4699 0.0483
1 0.4700 0.0491
1 0.4700 0.0503
112 1251 13
0 0.0952 0.6000
1 0.0952 0.6800
1 -0.0502 0.6800
1 -0.0502 0.8000
1 0.1798 0.8000
1 0.1798 0.8800
1 -0.1302 0.8800
1 -0.1302 0.3800
1 0.1798 0.3800
1 0.1798 0.4600
1 -0.0502 0.4600
1 -0.0502 0.6000
1 0.0952 0.6000
112 1251 13
0 0.1468 0.1115
1 0.1098 0.2010
1 0.1468 0.2443
1 0.1025 0.2443
1 0.0663 0.2018
1 0.0663 0.2885
1 0.0326 0.2749
1 0.0326 0.1115
1 0.0663 0.1115
1 0.0663 0.1501
1 0.0853 0.1723
1 0.1104 0.1115
1 0.1468 0.1115
112 1251 186
0 0.2019 0.1115
1 0.2019 0.2443
1 0.2355 0.2443
1 0.2355 0.2350
1 0.2355 0.2350
1 0.2374 0.2364
1 0.2393 0.2378
1 0.2413 0.2390
1 0.2434 0.2401
1 0.2455 0.2412
1 0.2477 0.2421
1 0.2499 0.2430
1 0.2521 0.2437
1 0.2543 0.2444
1 0.2566 0.2449
1 0.2589 0.2453
1 0.2613 0.2457
1 0.2636 0.2459
1 0.2660 0.2460
1 0.2683 0.2460
1 0.2707 0.2459
1 0.2730 0.2457
1 0.2753 0.2454
1 0.2776 0.2450
1 0.2799 0.2444
1 0.2822 0.2438
1 0.2844 0.2431
1 0.2866 0.2422
1 0.2888 0.2413
1 0.2909 0.2403
1 0.2930 0.2391
1 0.2950 0.2379
1 0.2969 0.2366
1 0.2988 0.2352
1 0.3006 0.2337
1 0.3024 0.2321
1 0.3041 0.2305
1 0.3058 0.2322
1 0.3075 0.2338
1 0.3094 0.2353
1 0.3113 0.2367
1 0.3133 0.2380
1 0.3153 0.2392
1 0.3174 0.2404
1 0.3196 0.2414
1 0.3218 0.2423
1 0.3240 0.2432
1 0.3263 0.2439
1 0.3286 0.2445
1 0.3309 0.2450
1 0.3332 0.2455
1 0.3356 0.2458
1 0.3380 0.2459
1 0.3404 0.2460
1 0.3428 0.2460
1 0.3451 0.2458
1 0.3475 0.2456
1 0.3499 0.2452
1 0.3522 0.2447
1 0.3545 0.2442
1 0.3568 0.2435
1 0.3590 0.2427
1 0.3613 0.2418
1 0.3634 0.2408
1 0.3655 0.2397
1 0.3676 0.2385
1 0.3696 0.2372
1 0.3716 0.2358
1 0.3734 0.2343
1 0.3752 0.2328
1 0.3770 0.2311
1 0.3786 0.2294
1 0.3802 0.2276
1 0.3817 0.2258
1 0.3831 0.2238
1 0.3844 0.2218
1 0.3856 0.2198
1 0.3867 0.2177
1 0.3877 0.2155
1 0.3887 0.2133
1 0.3895 0.2111
1 0.3902 0.2088
1 0.3908 0.2065
1 0.3913 0.2042
1 0.3917 0.2018
1 0.3919 0.1995
1 0.3921 0.1971
1 0.3922 0.1947
1 0.3922 0.1115
1 0.3585 0.1115
1 0.3585 0.1900
1 0.3585 0.1916
1 0.3583 0.1932
1 0.3580 0.1947
1 0.3577 0.1962
1 0.3572 0.1977
1 0.3566 0.1991
1 0.3559 0.2005
1 0.3551 0.2019
1 0.3543 0.2032
1 0.3533 0.2044
1 0.3523 0.2056
1 0.3511 0.2067
1 0.3499 0.2077
1 0.3487 0.2086
1 0.3474 0.2094
1 0.3460 0.2101
1 0.3446 0.2108
1 0.3431 0.2113
1 0.3416 0.2117
1 0.3401 0.2120
1 0.3385 0.2123
1 0.3370 0.2124
1 0.3354 0.2124
1 0.3339 0.2123
1 0.3323 0.2120
1 0.3308 0.2117
1 0.3293 0.2113
1 0.3278 0.2108
1 0.3264 0.2101
1 0.3250 0.2094
1 0.3237 0.2086
1 0.3224 0.2077
1 0.3212 0.2067
1 0.3201 0.2056
1 0.3191 0.2044
1 0.3181 0.2032
1 0.3172 0.2019
1 0.3165 0.2005
1 0.3158 0.1991
1 0.3152 0.1977
1 0.3147 0.1962
1 0.3143 0.1947
1 0.3141 0.1932
1 0.3139 0.1916
1 0.3138 0.1900
1 0.3138 0.1115
1 0.2802 0.1115
1 0.2802 0.1900
1 0.2802 0.1916
1 0.2800 0.1932
1 0.2797 0.1947
1 0.2793 0.1962
1 0.2789 0.1977
1 0.2783 0.1991
1 0.2776 0.2005
1 0.2768 0.2019
1 0.2759 0.2032
1 0.2750 0.2044
1 0.2739 0.2056
1 0.2728 0.2067
1 0.2716 0.2077
1 0.2704 0.2086
1 0.2690 0.2094
1 0.2677 0.2101
1 0.2662 0.2108
1 0.2648 0.2113
1 0.2633 0.2117
1 0.2617 0.2120
1 0.2602 0.2123
1 0.2586 0.2124
1 0.2571 0.2124
1 0.2555 0.2123
1 0.2540 0.2120
1 0.2525 0.2117
1 0.2510 0.2113
1 0.2495 0.2108
1 0.2481 0.2101
1 0.2467 0.2094
1 0.2454 0.2086
1 0.2441 0.2077
1 0.2429 0.2067
1 0.2418 0.2056
1 0.2407 0.2044
1 0.2398 0.2032
1 0.2389 0.2019
1 0.2381 0.2005
1 0.2375 0.1991
1 0.2369 0.1977
1 0.2364 0.1962
1 0.2360 0.1947
1 0.2357 0.1932
1 0.2356 0.1916
1 0.2355 0.1900
1 0.2355 0.1115
1 0.2019 0.1115
