SEcl_IAA-7
3488 10 1 1 0 0 0 0 0 0 1 1
1.000
112 1252 149
0 0.5000 0.0500
1 0.5000 0.9500
1 0.5000 0.9522
1 0.4998 0.9544
1 0.4996 0.9565
1 0.4992 0.9587
1 0.4988 0.9608
1 0.4983 0.9629
1 0.4977 0.9650
1 0.4970 0.9671
1 0.4962 0.9691
1 0.4953 0.9711
1 0.4944 0.9731
1 0.4933 0.9750
1 0.4922 0.9769
1 0.4910 0.9787
1 0.4897 0.9804
1 0.4883 0.9821
1 0.4869 0.9838
1 0.4854 0.9854
1 0.4838 0.9869
1 0.4821 0.9883
1 0.4804 0.9897
1 0.4787 0.9910
1 0.4769 0.9922
1 0.4750 0.9933
1 0.4731 0.9944
1 0.4711 0.9953
1 0.4691 0.9962
1 0.4671 0.9970
1 0.4650 0.9977
1 0.4629 0.9983
1 0.4608 0.9988
1 0.4587 0.9992
1 0.4565 0.9996
1 0.4544 0.9998
1 0.4522 1.0000
1 0.4500 1.0000
1 -0.4500 1.0000
1 -0.4522 1.0000
1 -0.4544 0.9998
1 -0.4565 0.9996
1 -0.4587 0.9992
1 -0.4608 0.9988
1 -0.4629 0.9983
1 -0.4650 0.9977
1 -0.4671 0.9970
1 -0.4691 0.9962
1 -0.4711 0.9953
1 -0.4731 0.9944
1 -0.4750 0.9933
1 -0.4769 0.9922
1 -0.4787 0.9910
1 -0.4804 0.9897
1 -0.4821 0.9883
1 -0.4838 0.9869
1 -0.4854 0.9854
1 -0.4869 0.9838
1 -0.4883 0.9821
1 -0.4897 0.9804
1 -0.4910 0.9787
1 -0.4922 0.9769
1 -0.4933 0.9750
1 -0.4944 0.9731
1 -0.4953 0.9711
1 -0.4962 0.9691
1 -0.4970 0.9671
1 -0.4977 0.9650
1 -0.4983 0.9629
1 -0.4988 0.9608
1 -0.4992 0.9587
1 -0.4996 0.9565
1 -0.4998 0.9544
1 -0.5000 0.9522
1 -0.5000 0.9500
1 -0.5000 0.0500
1 -0.5000 0.0478
1 -0.4998 0.0456
1 -0.4996 0.0435
1 -0.4992 0.0413
1 -0.4988 0.0392
1 -0.4983 0.0371
1 -0.4977 0.0350
1 -0.4970 0.0329
1 -0.4962 0.0309
1 -0.4953 0.0289
1 -0.4944 0.0269
1 -0.4933 0.0250
1 -0.4922 0.0231
1 -0.4910 0.0213
1 -0.4897 0.0196
1 -0.4883 0.0179
1 -0.4869 0.0162
1 -0.4854 0.0146
1 -0.4838 0.0131
1 -0.4821 0.0117
1 -0.4804 0.0103
1 -0.4787 0.0090
1 -0.4769 0.0078
1 -0.4750 0.0067
1 -0.4731 0.0056
1 -0.4711 0.0047
1 -0.4691 0.0038
1 -0.4671 0.0030
1 -0.4650 0.0023
1 -0.4629 0.0017
1 -0.4608 0.0012
1 -0.4587 0.0008
1 -0.4565 0.0004
1 -0.4544 0.0002
1 -0.4522 0.0000
1 -0.4500 0.0000
1 0.4500 0.0000
1 0.4522 0.0000
1 0.4544 0.0002
1 0.4565 0.0004
1 0.4587 0.0008
1 0.4608 0.0012
1 0.4629 0.0017
1 0.4650 0.0023
1 0.4671 0.0030
1 0.4691 0.0038
1 0.4711 0.0047
1 0.4731 0.0056
1 0.4750 0.0067
1 0.4769 0.0078
1 0.4787 0.0090
1 0.4804 0.0103
1 0.4821 0.0117
1 0.4838 0.0131
1 0.4854 0.0146
1 0.4869 0.0162
1 0.4883 0.0179
1 0.4897 0.0196
1 0.4910 0.0213
1 0.4922 0.0231
1 0.4933 0.0250
1 0.4944 0.0269
1 0.4953 0.0289
1 0.4962 0.0309
1 0.4970 0.0329
1 0.4977 0.0350
1 0.4983 0.0371
1 0.4988 0.0392
1 0.4992 0.0413
1 0.4996 0.0435
1 0.4998 0.0456
1 0.5000 0.0478
1 0.5000 0.0500
112 1251 149
0 0.4900 0.0501
1 0.4900 0.9499
1 0.4900 0.9517
1 0.4898 0.9535
1 0.4897 0.9552
1 0.4894 0.9569
1 0.4891 0.9587
1 0.4886 0.9604
1 0.4881 0.9620
1 0.4876 0.9637
1 0.4870 0.9653
1 0.4863 0.9669
1 0.4855 0.9685
1 0.4846 0.9700
1 0.4837 0.9715
1 0.4828 0.9729
1 0.4817 0.9743
1 0.4806 0.9757
1 0.4795 0.9770
1 0.4783 0.9783
1 0.4770 0.9795
1 0.4757 0.9806
1 0.4744 0.9817
1 0.4729 0.9828
1 0.4715 0.9837
1 0.4700 0.9846
1 0.4685 0.9855
1 0.4669 0.9862
1 0.4653 0.9870
1 0.4637 0.9876
1 0.4620 0.9881
1 0.4604 0.9886
1 0.4587 0.9890
1 0.4569 0.9894
1 0.4552 0.9897
1 0.4535 0.9898
1 0.4517 0.9900
1 0.4499 0.9900
1 -0.4499 0.9900
1 -0.4517 0.9900
1 -0.4535 0.9898
1 -0.4552 0.9897
1 -0.4569 0.9894
1 -0.4587 0.9890
1 -0.4604 0.9886
1 -0.4620 0.9881
1 -0.4637 0.9876
1 -0.4653 0.9870
1 -0.4669 0.9862
1 -0.4685 0.9855
1 -0.4700 0.9846
1 -0.4715 0.9837
1 -0.4729 0.9828
1 -0.4744 0.9817
1 -0.4757 0.9806
1 -0.4770 0.9795
1 -0.4783 0.9783
1 -0.4795 0.9770
1 -0.4806 0.9757
1 -0.4817 0.9743
1 -0.4828 0.9729
1 -0.4837 0.9715
1 -0.4846 0.9700
1 -0.4855 0.9685
1 -0.4863 0.9669
1 -0.4870 0.9653
1 -0.4876 0.9637
1 -0.4881 0.9620
1 -0.4886 0.9604
1 -0.4890 0.9587
1 -0.4894 0.9569
1 -0.4897 0.9552
1 -0.4898 0.9535
1 -0.4900 0.9517
1 -0.4900 0.9499
1 -0.4900 0.0501
1 -0.4900 0.0483
1 -0.4898 0.0465
1 -0.4897 0.0448
1 -0.4894 0.0431
1 -0.4890 0.0413
1 -0.4886 0.0396
1 -0.4881 0.0380
1 -0.4876 0.0363
1 -0.4870 0.0347
1 -0.4863 0.0331
1 -0.4855 0.0315
1 -0.4846 0.0300
1 -0.4837 0.0285
1 -0.4828 0.0271
1 -0.4817 0.0257
1 -0.4806 0.0243
1 -0.4795 0.0230
1 -0.4783 0.0217
1 -0.4770 0.0205
1 -0.4757 0.0194
1 -0.4743 0.0183
1 -0.4729 0.0172
1 -0.4715 0.0163
1 -0.4700 0.0154
1 -0.4685 0.0145
1 -0.4669 0.0138
1 -0.4653 0.0130
1 -0.4637 0.0124
1 -0.4620 0.0119
1 -0.4604 0.0114
1 -0.4587 0.0109
1 -0.4569 0.0106
1 -0.4552 0.0103
1 -0.4535 0.0102
1 -0.4517 0.0100
1 -0.4499 0.0100
1 0.4499 0.0100
1 0.4517 0.0100
1 0.4535 0.0102
1 0.4552 0.0103
1 0.4569 0.0106
1 0.4587 0.0109
1 0.4604 0.0114
1 0.4620 0.0119
1 0.4637 0.0124
1 0.4653 0.0130
1 0.4669 0.0137
1 0.4685 0.0145
1 0.4700 0.0154
1 0.4715 0.0163
1 0.4729 0.0172
1 0.4743 0.0183
1 0.4757 0.0194
1 0.4770 0.0205
1 0.4783 0.0217
1 0.4795 0.0230
1 0.4806 0.0243
1 0.4817 0.0257
1 0.4828 0.0271
1 0.4837 0.0285
1 0.4846 0.0300
1 0.4855 0.0315
1 0.4863 0.0331
1 0.4870 0.0347
1 0.4876 0.0363
1 0.4881 0.0380
1 0.4886 0.0396
1 0.4891 0.0413
1 0.4894 0.0431
1 0.4897 0.0448
1 0.4898 0.0465
1 0.4900 0.0483
1 0.4900 0.0501
112 1252 149
0 0.4700 0.0503
1 0.4700 0.9497
1 0.4700 0.9509
1 0.4699 0.9517
1 0.4698 0.9526
1 0.4697 0.9535
1 0.4695 0.9543
1 0.4693 0.9552
1 0.4691 0.9560
1 0.4688 0.9568
1 0.4685 0.9577
1 0.4681 0.9584
1 0.4677 0.9592
1 0.4673 0.9600
1 0.4669 0.9607
1 0.4664 0.9615
1 0.4659 0.9622
1 0.4653 0.9629
1 0.4647 0.9635
1 0.4641 0.9641
1 0.4635 0.9647
1 0.4629 0.9653
1 0.4622 0.9659
1 0.4615 0.9664
1 0.4607 0.9669
1 0.4600 0.9673
1 0.4592 0.9677
1 0.4585 0.9681
1 0.4576 0.9685
1 0.4568 0.9688
1 0.4560 0.9691
1 0.4552 0.9693
1 0.4543 0.9695
1 0.4535 0.9697
1 0.4526 0.9698
1 0.4517 0.9699
1 0.4509 0.9700
1 0.4497 0.9700
1 -0.4497 0.9700
1 -0.4509 0.9700
1 -0.4517 0.9699
1 -0.4526 0.9698
1 -0.4535 0.9697
1 -0.4543 0.9695
1 -0.4552 0.9693
1 -0.4560 0.9691
1 -0.4568 0.9688
1 -0.4576 0.9685
1 -0.4585 0.9681
1 -0.4592 0.9677
1 -0.4600 0.9673
1 -0.4607 0.9669
1 -0.4615 0.9664
1 -0.4622 0.9659
1 -0.4629 0.9653
1 -0.4635 0.9647
1 -0.4641 0.9641
1 -0.4647 0.9635
1 -0.4653 0.9629
1 -0.4659 0.9622
1 -0.4664 0.9615
1 -0.4669 0.9607
1 -0.4673 0.9600
1 -0.4677 0.9592
1 -0.4681 0.9585
1 -0.4685 0.9577
1 -0.4688 0.9568
1 -0.4691 0.9560
1 -0.4693 0.9552
1 -0.4695 0.9543
1 -0.4697 0.9535
1 -0.4698 0.9526
1 -0.4699 0.9517
1 -0.4700 0.9509
1 -0.4700 0.9497
1 -0.4700 0.0503
1 -0.4700 0.0491
1 -0.4699 0.0483
1 -0.4698 0.0474
1 -0.4697 0.0465
1 -0.4695 0.0457
1 -0.4693 0.0448
1 -0.4691 0.0440
1 -0.4688 0.0432
1 -0.4685 0.0423
1 -0.4681 0.0415
1 -0.4677 0.0408
1 -0.4673 0.0400
1 -0.4669 0.0393
1 -0.4664 0.0385
1 -0.4659 0.0378
1 -0.4653 0.0371
1 -0.4647 0.0365
1 -0.4641 0.0359
1 -0.4635 0.0353
1 -0.4629 0.0347
1 -0.4622 0.0341
1 -0.4615 0.0336
1 -0.4607 0.0331
1 -0.4600 0.0327
1 -0.4592 0.0323
1 -0.4585 0.0319
1 -0.4576 0.0315
1 -0.4568 0.0312
1 -0.4560 0.0309
1 -0.4552 0.0307
1 -0.4543 0.0305
1 -0.4535 0.0303
1 -0.4526 0.0302
1 -0.4517 0.0301
1 -0.4509 0.0300
1 -0.4497 0.0300
1 0.4497 0.0300
1 0.4509 0.0300
1 0.4517 0.0301
1 0.4526 0.0302
1 0.4535 0.0303
1 0.4543 0.0305
1 0.4552 0.0307
1 0.4560 0.0309
1 0.4568 0.0312
1 0.4576 0.0315
1 0.4585 0.0319
1 0.4592 0.0323
1 0.4600 0.0327
1 0.4607 0.0331
1 0.4615 0.0336
1 0.4622 0.0341
1 0.4629 0.0347
1 0.4635 0.0353
1 0.4641 0.0359
1 0.4647 0.0365
1 0.4653 0.0371
1 0.4659 0.0378
1 0.4664 0.0385
1 0.4669 0.0393
1 0.4673 0.0400
1 0.4677 0.0408
1 0.4681 0.0416
1 0.4685 0.0423
1 0.4688 0.0432
1 0.4691 0.0440
1 0.4693 0.0448
1 0.4695 0.0457
1 0.4697 0.0465
1 0.4698 0.0474
1 0.4699 0.0483
1 0.4700 0.0491
1 0.4700 0.0503
112 1251 385
0 0.1998 0.6787
1 0.2027 0.6788
1 0.2056 0.6789
1 0.2085 0.6791
1 0.2114 0.6795
1 0.2142 0.6800
1 0.2171 0.6805
1 0.2199 0.6812
1 0.2227 0.6820
1 0.2254 0.6829
1 0.2282 0.6839
1 0.2309 0.6850
1 0.2335 0.6862
1 0.2361 0.6875
1 0.2386 0.6889
1 0.2411 0.6903
1 0.2436 0.6919
1 0.2459 0.6936
1 0.2482 0.6954
1 0.2505 0.6972
1 0.2526 0.6991
1 0.2547 0.7011
1 0.2567 0.7032
1 0.2587 0.7054
1 0.2605 0.7076
1 0.2623 0.7099
1 0.2640 0.7123
1 0.2656 0.7147
1 0.2671 0.7172
1 0.2685 0.7197
1 0.2698 0.7223
1 0.2710 0.7250
1 0.2721 0.7276
1 0.2731 0.7304
1 0.2740 0.7331
1 0.2748 0.7359
1 0.2755 0.7387
1 0.2761 0.7416
1 0.2765 0.7444
1 0.2769 0.7473
1 0.2772 0.7502
1 0.2773 0.7531
1 0.2773 0.7560
1 0.2773 0.7589
1 0.2771 0.7618
1 0.2768 0.7647
1 0.2764 0.7675
1 0.2759 0.7704
1 0.2753 0.7732
1 0.2746 0.7761
1 0.2737 0.7788
1 0.2728 0.7816
1 0.2718 0.7843
1 0.2706 0.7870
1 0.2694 0.7896
1 0.2681 0.7922
1 0.2667 0.7947
1 0.2651 0.7972
1 0.2635 0.7996
1 0.2618 0.8019
1 0.2600 0.8042
1 0.2581 0.8064
1 0.2562 0.8085
1 0.2541 0.8106
1 0.2520 0.8126
1 0.2498 0.8145
1 0.2476 0.8163
1 0.2453 0.8181
1 0.2429 0.8197
1 0.2404 0.8213
1 0.2379 0.8227
1 0.2354 0.8241
1 0.2328 0.8253
1 0.2301 0.8265
1 0.2274 0.8276
1 0.2247 0.8285
1 0.2219 0.8294
1 0.2191 0.8302
1 0.2163 0.8308
1 0.2134 0.8314
1 0.2105 0.8318
1 0.1781 0.8365
1 0.1765 0.8368
1 0.1749 0.8372
1 0.1734 0.8377
1 0.1719 0.8383
1 0.1704 0.8390
1 0.1690 0.8398
1 0.1676 0.8407
1 0.1663 0.8417
1 0.1651 0.8428
1 0.1640 0.8439
1 0.1629 0.8452
1 0.1619 0.8465
1 0.1610 0.8478
1 0.1602 0.8493
1 0.1595 0.8507
1 0.1590 0.8522
1 0.1585 0.8538
1 0.1581 0.8554
1 0.1578 0.8570
1 0.1576 0.8586
1 0.1576 0.8602
1 0.1576 0.8623
1 0.1578 0.8643
1 0.1581 0.8663
1 0.1585 0.8683
1 0.1589 0.8703
1 0.1595 0.8722
1 0.1602 0.8742
1 0.1610 0.8760
1 0.1619 0.8779
1 0.1629 0.8796
1 0.1640 0.8814
1 0.1652 0.8830
1 0.1665 0.8846
1 0.1678 0.8861
1 0.1693 0.8876
1 0.1708 0.8890
1 0.1723 0.8903
1 0.1740 0.8915
1 0.1757 0.8926
1 0.1775 0.8936
1 0.1793 0.8945
1 0.1811 0.8953
1 0.1831 0.8961
1 0.1850 0.8967
1 0.1870 0.8972
1 0.1890 0.8976
1 0.1910 0.8979
1 0.1930 0.8981
1 0.1951 0.8982
1 0.1971 0.8981
1 0.1991 0.8980
1 0.2011 0.8978
1 0.2032 0.8974
1 0.2051 0.8969
1 0.2071 0.8964
1 0.2090 0.8957
1 0.2109 0.8949
1 0.2128 0.8941
1 0.2145 0.8931
1 0.2163 0.8920
1 0.2180 0.8909
1 0.2196 0.8896
1 0.2211 0.8883
1 0.2226 0.8869
1 0.2240 0.8854
1 0.2253 0.8838
1 0.2265 0.8822
1 0.2276 0.8805
1 0.2287 0.8787
1 0.2296 0.8769
1 0.2305 0.8751
1 0.2312 0.8732
1 0.2679 0.8865
1 0.2668 0.8892
1 0.2657 0.8919
1 0.2644 0.8945
1 0.2631 0.8971
1 0.2617 0.8996
1 0.2601 0.9021
1 0.2585 0.9045
1 0.2568 0.9068
1 0.2550 0.9091
1 0.2531 0.9113
1 0.2511 0.9134
1 0.2491 0.9155
1 0.2470 0.9175
1 0.2448 0.9194
1 0.2425 0.9212
1 0.2402 0.9229
1 0.2378 0.9245
1 0.2353 0.9261
1 0.2328 0.9276
1 0.2302 0.9289
1 0.2276 0.9302
1 0.2249 0.9313
1 0.2222 0.9324
1 0.2195 0.9333
1 0.2167 0.9342
1 0.2139 0.9349
1 0.2111 0.9356
1 0.2082 0.9361
1 0.2054 0.9365
1 0.2025 0.9369
1 0.1996 0.9371
1 0.1967 0.9372
1 0.1938 0.9371
1 0.1909 0.9370
1 0.1880 0.9368
1 0.1851 0.9365
1 0.1822 0.9360
1 0.1794 0.9354
1 0.1765 0.9348
1 0.1737 0.9340
1 0.1710 0.9331
1 0.1682 0.9322
1 0.1655 0.9311
1 0.1629 0.9299
1 0.1603 0.9286
1 0.1577 0.9272
1 0.1552 0.9258
1 0.1528 0.9242
1 0.1504 0.9225
1 0.1481 0.9208
1 0.1458 0.9189
1 0.1436 0.9170
1 0.1415 0.9150
1 0.1395 0.9129
1 0.1376 0.9108
1 0.1357 0.9086
1 0.1339 0.9063
1 0.1322 0.9039
1 0.1306 0.9015
1 0.1291 0.8990
1 0.1277 0.8965
1 0.1264 0.8939
1 0.1251 0.8913
1 0.1240 0.8886
1 0.1230 0.8859
1 0.1221 0.8831
1 0.1213 0.8803
1 0.1206 0.8775
1 0.1200 0.8747
1 0.1195 0.8718
1 0.1191 0.8689
1 0.1188 0.8660
1 0.1187 0.8631
1 0.1186 0.8602
1 0.1187 0.8576
1 0.1188 0.8549
1 0.1191 0.8523
1 0.1195 0.8497
1 0.1200 0.8471
1 0.1206 0.8445
1 0.1213 0.8420
1 0.1221 0.8395
1 0.1230 0.8370
1 0.1241 0.8346
1 0.1252 0.8322
1 0.1264 0.8299
1 0.1277 0.8276
1 0.1291 0.8253
1 0.1306 0.8232
1 0.1322 0.8211
1 0.1339 0.8190
1 0.1357 0.8171
1 0.1375 0.8152
1 0.1395 0.8134
1 0.1415 0.8117
1 0.1435 0.8100
1 0.1457 0.8085
1 0.1479 0.8070
1 0.1501 0.8057
1 0.1525 0.8044
1 0.1548 0.8032
1 0.1572 0.8022
1 0.1597 0.8012
1 0.1622 0.8003
1 0.1647 0.7996
1 0.1673 0.7989
1 0.1699 0.7984
1 0.1725 0.7979
1 0.2066 0.7930
1 0.2087 0.7926
1 0.2107 0.7921
1 0.2126 0.7915
1 0.2146 0.7907
1 0.2164 0.7899
1 0.2183 0.7890
1 0.2201 0.7880
1 0.2218 0.7869
1 0.2235 0.7857
1 0.2251 0.7844
1 0.2266 0.7830
1 0.2280 0.7816
1 0.2294 0.7800
1 0.2307 0.7784
1 0.2319 0.7767
1 0.2330 0.7750
1 0.2340 0.7732
1 0.2349 0.7714
1 0.2357 0.7695
1 0.2364 0.7675
1 0.2370 0.7656
1 0.2375 0.7636
1 0.2379 0.7616
1 0.2381 0.7595
1 0.2383 0.7575
1 0.2384 0.7554
1 0.2383 0.7533
1 0.2381 0.7513
1 0.2378 0.7493
1 0.2374 0.7472
1 0.2369 0.7453
1 0.2363 0.7433
1 0.2356 0.7414
1 0.2348 0.7395
1 0.2338 0.7376
1 0.2328 0.7359
1 0.2317 0.7341
1 0.2305 0.7325
1 0.2292 0.7309
1 0.2278 0.7294
1 0.2263 0.7279
1 0.2248 0.7265
1 0.2232 0.7253
1 0.2215 0.7241
1 0.2198 0.7230
1 0.2180 0.7220
1 0.2161 0.7211
1 0.2142 0.7203
1 0.2123 0.7196
1 0.2103 0.7190
1 0.2083 0.7185
1 0.2063 0.7182
1 0.2042 0.7179
1 0.2022 0.7177
1 0.2001 0.7177
1 0.1976 0.7178
1 0.1951 0.7180
1 0.1926 0.7183
1 0.1901 0.7187
1 0.1876 0.7192
1 0.1852 0.7198
1 0.1828 0.7205
1 0.1804 0.7213
1 0.1780 0.7222
1 0.1757 0.7232
1 0.1735 0.7243
1 0.1713 0.7256
1 0.1691 0.7269
1 0.1670 0.7282
1 0.1650 0.7297
1 0.1630 0.7313
1 0.1611 0.7329
1 0.1592 0.7347
1 0.1575 0.7365
1 0.1558 0.7384
1 0.1542 0.7403
1 0.1527 0.7423
1 0.1513 0.7444
1 0.1499 0.7466
1 0.1487 0.7487
1 0.1475 0.7510
1 0.1465 0.7533
1 0.1455 0.7556
1 0.1091 0.7417
1 0.1103 0.7386
1 0.1117 0.7357
1 0.1131 0.7327
1 0.1146 0.7298
1 0.1162 0.7270
1 0.1179 0.7242
1 0.1197 0.7215
1 0.1216 0.7189
1 0.1235 0.7163
1 0.1256 0.7137
1 0.1277 0.7113
1 0.1299 0.7089
1 0.1322 0.7066
1 0.1346 0.7043
1 0.1370 0.7022
1 0.1395 0.7001
1 0.1421 0.6981
1 0.1448 0.6962
1 0.1475 0.6944
1 0.1502 0.6927
1 0.1531 0.6911
1 0.1559 0.6895
1 0.1588 0.6881
1 0.1618 0.6867
1 0.1648 0.6855
1 0.1679 0.6844
1 0.1710 0.6833
1 0.1741 0.6824
1 0.1772 0.6816
1 0.1804 0.6808
1 0.1836 0.6802
1 0.1868 0.6797
1 0.1900 0.6793
1 0.1933 0.6790
1 0.1965 0.6788
1 0.1998 0.6787
112 1251 385
0 0.1967 0.3215
1 0.1996 0.3214
1 0.2025 0.3212
1 0.2054 0.3209
1 0.2082 0.3204
1 0.2111 0.3199
1 0.2139 0.3193
1 0.2167 0.3185
1 0.2195 0.3177
1 0.2222 0.3167
1 0.2249 0.3157
1 0.2276 0.3145
1 0.2302 0.3132
1 0.2328 0.3119
1 0.2353 0.3104
1 0.2378 0.3089
1 0.2402 0.3072
1 0.2425 0.3055
1 0.2448 0.3037
1 0.2470 0.3018
1 0.2491 0.2998
1 0.2511 0.2977
1 0.2531 0.2956
1 0.2550 0.2934
1 0.2568 0.2911
1 0.2585 0.2888
1 0.2601 0.2864
1 0.2617 0.2839
1 0.2631 0.2814
1 0.2644 0.2788
1 0.2657 0.2762
1 0.2668 0.2735
1 0.2679 0.2708
1 0.2312 0.2575
1 0.2305 0.2594
1 0.2296 0.2612
1 0.2287 0.2631
1 0.2276 0.2648
1 0.2265 0.2665
1 0.2253 0.2681
1 0.2240 0.2697
1 0.2226 0.2712
1 0.2211 0.2726
1 0.2196 0.2739
1 0.2180 0.2752
1 0.2163 0.2763
1 0.2145 0.2774
1 0.2128 0.2784
1 0.2109 0.2793
1 0.2090 0.2800
1 0.2071 0.2807
1 0.2051 0.2813
1 0.2032 0.2817
1 0.2011 0.2821
1 0.1991 0.2823
1 0.1971 0.2825
1 0.1951 0.2825
1 0.1930 0.2824
1 0.1910 0.2822
1 0.1890 0.2819
1 0.1870 0.2815
1 0.1850 0.2810
1 0.1831 0.2804
1 0.1811 0.2797
1 0.1793 0.2788
1 0.1775 0.2779
1 0.1757 0.2769
1 0.1740 0.2758
1 0.1723 0.2746
1 0.1708 0.2733
1 0.1693 0.2719
1 0.1678 0.2705
1 0.1665 0.2689
1 0.1652 0.2674
1 0.1640 0.2657
1 0.1629 0.2640
1 0.1619 0.2622
1 0.1610 0.2604
1 0.1602 0.2585
1 0.1595 0.2566
1 0.1589 0.2546
1 0.1585 0.2526
1 0.1581 0.2506
1 0.1578 0.2486
1 0.1576 0.2466
1 0.1576 0.2445
1 0.1576 0.2429
1 0.1578 0.2413
1 0.1581 0.2397
1 0.1585 0.2381
1 0.1590 0.2366
1 0.1595 0.2351
1 0.1602 0.2336
1 0.1610 0.2322
1 0.1619 0.2308
1 0.1629 0.2295
1 0.1640 0.2283
1 0.1651 0.2271
1 0.1663 0.2260
1 0.1676 0.2250
1 0.1690 0.2242
1 0.1704 0.2233
1 0.1719 0.2226
1 0.1734 0.2220
1 0.1749 0.2215
1 0.1765 0.2211
1 0.1781 0.2208
1 0.2105 0.2161
1 0.2134 0.2157
1 0.2163 0.2151
1 0.2191 0.2145
1 0.2219 0.2137
1 0.2247 0.2129
1 0.2274 0.2119
1 0.2301 0.2108
1 0.2328 0.2097
1 0.2354 0.2084
1 0.2379 0.2070
1 0.2404 0.2056
1 0.2429 0.2040
1 0.2453 0.2024
1 0.2476 0.2006
1 0.2498 0.1988
1 0.2520 0.1969
1 0.2541 0.1949
1 0.2562 0.1929
1 0.2581 0.1907
1 0.2600 0.1885
1 0.2618 0.1862
1 0.2635 0.1839
1 0.2651 0.1815
1 0.2667 0.1790
1 0.2681 0.1765
1 0.2694 0.1739
1 0.2706 0.1713
1 0.2718 0.1686
1 0.2728 0.1659
1 0.2737 0.1632
1 0.2746 0.1604
1 0.2753 0.1576
1 0.2759 0.1547
1 0.2764 0.1519
1 0.2768 0.1490
1 0.2771 0.1461
1 0.2773 0.1432
1 0.2773 0.1403
1 0.2773 0.1374
1 0.2772 0.1345
1 0.2769 0.1316
1 0.2765 0.1288
1 0.2761 0.1259
1 0.2755 0.1231
1 0.2748 0.1202
1 0.2740 0.1174
1 0.2731 0.1147
1 0.2721 0.1120
1 0.2710 0.1093
1 0.2698 0.1066
1 0.2685 0.1041
1 0.2671 0.1015
1 0.2656 0.0990
1 0.2640 0.0966
1 0.2623 0.0942
1 0.2605 0.0919
1 0.2587 0.0897
1 0.2567 0.0875
1 0.2547 0.0855
1 0.2526 0.0835
1 0.2505 0.0815
1 0.2482 0.0797
1 0.2459 0.0779
1 0.2436 0.0762
1 0.2411 0.0747
1 0.2386 0.0732
1 0.2361 0.0718
1 0.2335 0.0705
1 0.2309 0.0693
1 0.2282 0.0682
1 0.2254 0.0672
1 0.2227 0.0663
1 0.2199 0.0655
1 0.2171 0.0649
1 0.2142 0.0643
1 0.2114 0.0638
1 0.2085 0.0635
1 0.2056 0.0632
1 0.2027 0.0631
1 0.1998 0.0630
1 0.1965 0.0631
1 0.1933 0.0633
1 0.1900 0.0636
1 0.1868 0.0640
1 0.1836 0.0645
1 0.1804 0.0652
1 0.1772 0.0659
1 0.1741 0.0667
1 0.1710 0.0676
1 0.1679 0.0687
1 0.1648 0.0698
1 0.1618 0.0711
1 0.1588 0.0724
1 0.1559 0.0738
1 0.1531 0.0754
1 0.1502 0.0770
1 0.1475 0.0787
1 0.1448 0.0805
1 0.1421 0.0824
1 0.1395 0.0844
1 0.1370 0.0865
1 0.1346 0.0887
1 0.1322 0.0909
1 0.1299 0.0932
1 0.1277 0.0956
1 0.1256 0.0980
1 0.1235 0.1006
1 0.1216 0.1032
1 0.1197 0.1058
1 0.1179 0.1086
1 0.1162 0.1113
1 0.1146 0.1142
1 0.1131 0.1170
1 0.1117 0.1200
1 0.1103 0.1230
1 0.1091 0.1260
1 0.1455 0.1399
1 0.1465 0.1376
1 0.1475 0.1353
1 0.1487 0.1331
1 0.1499 0.1309
1 0.1513 0.1287
1 0.1527 0.1267
1 0.1542 0.1246
1 0.1558 0.1227
1 0.1575 0.1208
1 0.1592 0.1190
1 0.1611 0.1173
1 0.1630 0.1156
1 0.1650 0.1141
1 0.1670 0.1126
1 0.1691 0.1112
1 0.1713 0.1099
1 0.1735 0.1087
1 0.1757 0.1076
1 0.1780 0.1065
1 0.1804 0.1056
1 0.1828 0.1048
1 0.1852 0.1041
1 0.1876 0.1035
1 0.1901 0.1030
1 0.1926 0.1026
1 0.1951 0.1023
1 0.1976 0.1021
1 0.2001 0.1020
1 0.2001 0.1020
1 0.2022 0.1021
1 0.2042 0.1022
1 0.2063 0.1025
1 0.2083 0.1029
1 0.2103 0.1033
1 0.2123 0.1039
1 0.2142 0.1046
1 0.2161 0.1054
1 0.2180 0.1063
1 0.2198 0.1073
1 0.2215 0.1084
1 0.2232 0.1096
1 0.2248 0.1109
1 0.2263 0.1122
1 0.2278 0.1137
1 0.2292 0.1152
1 0.2305 0.1168
1 0.2317 0.1185
1 0.2328 0.1202
1 0.2338 0.1220
1 0.2348 0.1238
1 0.2356 0.1257
1 0.2363 0.1276
1 0.2369 0.1296
1 0.2374 0.1316
1 0.2378 0.1336
1 0.2381 0.1356
1 0.2383 0.1377
1 0.2384 0.1397
1 0.2383 0.1418
1 0.2381 0.1438
1 0.2379 0.1459
1 0.2375 0.1479
1 0.2370 0.1499
1 0.2364 0.1519
1 0.2357 0.1538
1 0.2349 0.1557
1 0.2340 0.1575
1 0.2330 0.1593
1 0.2319 0.1611
1 0.2307 0.1627
1 0.2294 0.1643
1 0.2280 0.1659
1 0.2266 0.1673
1 0.2251 0.1687
1 0.2235 0.1700
1 0.2218 0.1712
1 0.2201 0.1723
1 0.2183 0.1733
1 0.2164 0.1743
1 0.2146 0.1751
1 0.2126 0.1758
1 0.2107 0.1764
1 0.2087 0.1769
1 0.2066 0.1773
1 0.1725 0.1823
1 0.1699 0.1827
1 0.1673 0.1832
1 0.1647 0.1839
1 0.1622 0.1846
1 0.1597 0.1855
1 0.1572 0.1865
1 0.1548 0.1876
1 0.1525 0.1887
1 0.1501 0.1900
1 0.1479 0.1914
1 0.1457 0.1928
1 0.1435 0.1944
1 0.1415 0.1960
1 0.1395 0.1977
1 0.1375 0.1995
1 0.1357 0.2014
1 0.1339 0.2034
1 0.1322 0.2054
1 0.1306 0.2075
1 0.1291 0.2097
1 0.1277 0.2119
1 0.1264 0.2142
1 0.1252 0.2165
1 0.1241 0.2189
1 0.1230 0.2213
1 0.1221 0.2238
1 0.1213 0.2263
1 0.1206 0.2289
1 0.1200 0.2314
1 0.1195 0.2340
1 0.1191 0.2366
1 0.1188 0.2393
1 0.1187 0.2419
1 0.1186 0.2445
1 0.1187 0.2474
1 0.1188 0.2503
1 0.1191 0.2532
1 0.1195 0.2561
1 0.1200 0.2590
1 0.1206 0.2618
1 0.1213 0.2646
1 0.1221 0.2674
1 0.1230 0.2702
1 0.1240 0.2729
1 0.1251 0.2756
1 0.1264 0.2782
1 0.1277 0.2808
1 0.1291 0.2833
1 0.1306 0.2858
1 0.1322 0.2882
1 0.1339 0.2906
1 0.1357 0.2929
1 0.1376 0.2951
1 0.1395 0.2973
1 0.1415 0.2993
1 0.1436 0.3013
1 0.1458 0.3033
1 0.1481 0.3051
1 0.1504 0.3069
1 0.1528 0.3085
1 0.1552 0.3101
1 0.1577 0.3116
1 0.1603 0.3129
1 0.1629 0.3142
1 0.1655 0.3154
1 0.1682 0.3165
1 0.1710 0.3175
1 0.1737 0.3183
1 0.1765 0.3191
1 0.1794 0.3198
1 0.1822 0.3203
1 0.1851 0.3208
1 0.1880 0.3211
1 0.1909 0.3213
1 0.1938 0.3215
112 1251 197
0 0.1975 0.3705
1 0.1946 0.3706
1 0.1916 0.3709
1 0.1887 0.3713
1 0.1858 0.3718
1 0.1829 0.3724
1 0.1800 0.3731
1 0.1771 0.3739
1 0.1743 0.3748
1 0.1715 0.3758
1 0.1688 0.3769
1 0.1661 0.3782
1 0.1635 0.3795
1 0.1609 0.3809
1 0.1583 0.3824
1 0.1558 0.3840
1 0.1534 0.3857
1 0.1510 0.3875
1 0.1487 0.3893
1 0.1465 0.3913
1 0.1444 0.3933
1 0.1423 0.3954
1 0.1403 0.3976
1 0.1384 0.3999
1 0.1366 0.4022
1 0.1348 0.4046
1 0.1332 0.4071
1 0.1316 0.4096
1 0.1301 0.4121
1 0.1288 0.4148
1 0.1275 0.4174
1 0.1263 0.4201
1 0.1252 0.4229
1 0.1243 0.4257
1 0.1228 0.4305
1 0.1214 0.4353
1 0.1201 0.4401
1 0.1189 0.4450
1 0.1178 0.4499
1 0.1168 0.4548
1 0.1159 0.4597
1 0.1151 0.4646
1 0.1144 0.4696
1 0.1138 0.4746
1 0.1134 0.4796
1 0.1130 0.4846
1 0.1127 0.4896
1 0.1126 0.4946
1 0.1125 0.4996
1 0.1126 0.5046
1 0.1127 0.5096
1 0.1130 0.5146
1 0.1134 0.5196
1 0.1138 0.5246
1 0.1144 0.5295
1 0.1151 0.5345
1 0.1159 0.5394
1 0.1168 0.5444
1 0.1178 0.5493
1 0.1189 0.5542
1 0.1201 0.5590
1 0.1214 0.5639
1 0.1228 0.5687
1 0.1243 0.5734
1 0.1252 0.5762
1 0.1263 0.5790
1 0.1275 0.5817
1 0.1288 0.5844
1 0.1301 0.5870
1 0.1316 0.5896
1 0.1332 0.5921
1 0.1348 0.5945
1 0.1366 0.5969
1 0.1384 0.5993
1 0.1403 0.6015
1 0.1423 0.6037
1 0.1444 0.6058
1 0.1465 0.6078
1 0.1487 0.6098
1 0.1510 0.6117
1 0.1534 0.6134
1 0.1558 0.6151
1 0.1583 0.6167
1 0.1609 0.6182
1 0.1635 0.6197
1 0.1661 0.6210
1 0.1688 0.6222
1 0.1715 0.6233
1 0.1743 0.6243
1 0.1771 0.6252
1 0.1800 0.6261
1 0.1829 0.6268
1 0.1858 0.6274
1 0.1887 0.6278
1 0.1916 0.6282
1 0.1946 0.6285
1 0.1975 0.6287
1 0.2005 0.6287
1 0.2034 0.6287
1 0.2064 0.6285
1 0.2093 0.6282
1 0.2123 0.6278
1 0.2152 0.6274
1 0.2181 0.6268
1 0.2210 0.6261
1 0.2238 0.6252
1 0.2266 0.6243
1 0.2294 0.6233
1 0.2321 0.6222
1 0.2348 0.6210
1 0.2375 0.6197
1 0.2401 0.6182
1 0.2426 0.6167
1 0.2451 0.6151
1 0.2476 0.6134
1 0.2499 0.6117
1 0.2522 0.6098
1 0.2544 0.6078
1 0.2566 0.6058
1 0.2587 0.6037
1 0.2607 0.6015
1 0.2626 0.5993
1 0.2644 0.5969
1 0.2661 0.5945
1 0.2678 0.5921
1 0.2694 0.5896
1 0.2708 0.5870
1 0.2722 0.5844
1 0.2735 0.5817
1 0.2746 0.5790
1 0.2757 0.5762
1 0.2767 0.5734
1 0.2782 0.5687
1 0.2796 0.5639
1 0.2809 0.5590
1 0.2821 0.5542
1 0.2832 0.5493
1 0.2842 0.5444
1 0.2851 0.5394
1 0.2859 0.5345
1 0.2865 0.5295
1 0.2871 0.5246
1 0.2876 0.5196
1 0.2880 0.5146
1 0.2882 0.5096
1 0.2884 0.5046
1 0.2884 0.4996
1 0.2884 0.4946
1 0.2882 0.4896
1 0.2880 0.4846
1 0.2876 0.4796
1 0.2871 0.4746
1 0.2865 0.4696
1 0.2859 0.4646
1 0.2851 0.4597
1 0.2842 0.4548
1 0.2832 0.4499
1 0.2821 0.4450
1 0.2809 0.4401
1 0.2796 0.4353
1 0.2782 0.4305
1 0.2767 0.4257
1 0.2767 0.4257
1 0.2757 0.4229
1 0.2746 0.4201
1 0.2735 0.4174
1 0.2722 0.4148
1 0.2708 0.4121
1 0.2694 0.4096
1 0.2678 0.4071
1 0.2661 0.4046
1 0.2644 0.4022
1 0.2626 0.3999
1 0.2607 0.3976
1 0.2587 0.3954
1 0.2566 0.3933
1 0.2544 0.3913
1 0.2522 0.3893
1 0.2499 0.3875
1 0.2476 0.3857
1 0.2451 0.3840
1 0.2426 0.3824
1 0.2401 0.3809
1 0.2375 0.3795
1 0.2348 0.3782
1 0.2321 0.3769
1 0.2294 0.3758
1 0.2266 0.3748
1 0.2238 0.3739
1 0.2210 0.3731
1 0.2181 0.3724
1 0.2152 0.3718
1 0.2123 0.3713
1 0.2093 0.3709
1 0.2064 0.3706
1 0.2034 0.3705
1 0.2005 0.3704
112 1251 77
0 -0.0600 0.8076
1 -0.0628 0.8082
1 -0.0656 0.8088
1 -0.0685 0.8093
1 -0.0713 0.8097
1 -0.0742 0.8100
1 -0.0771 0.8102
1 -0.0800 0.8103
1 -0.0829 0.8104
1 -0.0858 0.8104
1 -0.0887 0.8103
1 -0.0915 0.8101
1 -0.0944 0.8099
1 -0.0934 0.8037
1 -0.0925 0.7975
1 -0.0917 0.7912
1 -0.0910 0.7850
1 -0.0905 0.7787
1 -0.0901 0.7724
1 -0.0897 0.7661
1 -0.0895 0.7599
1 -0.0895 0.7536
1 -0.0895 0.7473
1 -0.0897 0.7410
1 -0.0899 0.7347
1 -0.0903 0.7284
1 -0.0909 0.7222
1 -0.0915 0.7159
1 -0.0922 0.7097
1 -0.0931 0.7034
1 -0.0941 0.6972
1 -0.0952 0.6910
1 -0.0964 0.6848
1 -0.0978 0.6787
1 -0.0992 0.6726
1 -0.1008 0.6665
1 -0.1025 0.6604
1 -0.0997 0.6599
1 -0.0970 0.6595
1 -0.0942 0.6592
1 -0.0914 0.6589
1 -0.0887 0.6587
1 -0.0859 0.6586
1 -0.0831 0.6585
1 -0.0803 0.6585
1 -0.0776 0.6585
1 -0.0748 0.6586
1 -0.0720 0.6588
1 -0.0692 0.6591
1 -0.0677 0.6642
1 -0.0662 0.6694
1 -0.0648 0.6745
1 -0.0634 0.6798
1 -0.0622 0.6850
1 -0.0611 0.6902
1 -0.0601 0.6955
1 -0.0591 0.7008
1 -0.0583 0.7061
1 -0.0575 0.7114
1 -0.0568 0.7167
1 -0.0563 0.7221
1 -0.0558 0.7274
1 -0.0554 0.7328
1 -0.0551 0.7381
1 -0.0549 0.7435
1 -0.0548 0.7489
1 -0.0548 0.7542
1 -0.0549 0.7596
1 -0.0551 0.7650
1 -0.0554 0.7703
1 -0.0557 0.7757
1 -0.0562 0.7810
1 -0.0568 0.7864
1 -0.0574 0.7917
1 -0.0582 0.7970
1 -0.0590 0.8023
1 -0.0600 0.8076
112 1251 127
0 -0.0570 0.2093
1 -0.0567 0.2124
1 -0.0565 0.2155
1 -0.0562 0.2185
1 -0.0560 0.2216
1 -0.0558 0.2247
1 -0.0556 0.2278
1 -0.0554 0.2309
1 -0.0552 0.2339
1 -0.0550 0.2370
1 -0.0548 0.2401
1 -0.0546 0.2432
1 -0.0545 0.2463
1 -0.0544 0.2493
1 -0.0543 0.2524
1 -0.0542 0.2555
1 -0.0541 0.2586
1 -0.0541 0.2616
1 -0.0541 0.2647
1 -0.0541 0.2678
1 -0.0542 0.2708
1 -0.0542 0.2739
1 -0.0543 0.2769
1 -0.0545 0.2800
1 -0.0547 0.2830
1 -0.0549 0.2861
1 -0.0551 0.2891
1 -0.0554 0.2922
1 -0.0557 0.2952
1 -0.0561 0.2983
1 -0.0564 0.3013
1 -0.0569 0.3044
1 -0.0573 0.3074
1 -0.0578 0.3104
1 -0.0582 0.3135
1 -0.0587 0.3165
1 -0.0593 0.3195
1 -0.0598 0.3225
1 -0.0604 0.3256
1 -0.0610 0.3286
1 -0.0616 0.3316
1 -0.0622 0.3346
1 -0.0628 0.3377
1 -0.0634 0.3407
1 -0.0641 0.3437
1 -0.0647 0.3467
1 -0.0654 0.3498
1 -0.0660 0.3528
1 -0.0667 0.3558
1 -0.0674 0.3588
1 -0.0698 0.3593
1 -0.0723 0.3597
1 -0.0748 0.3601
1 -0.0773 0.3603
1 -0.0799 0.3604
1 -0.0824 0.3604
1 -0.0849 0.3603
1 -0.0874 0.3601
1 -0.0899 0.3598
1 -0.0924 0.3594
1 -0.0949 0.3589
1 -0.0973 0.3583
1 -0.0997 0.3576
1 -0.0990 0.3545
1 -0.0983 0.3514
1 -0.0977 0.3483
1 -0.0970 0.3451
1 -0.0963 0.3420
1 -0.0956 0.3389
1 -0.0950 0.3358
1 -0.0943 0.3327
1 -0.0937 0.3296
1 -0.0931 0.3265
1 -0.0925 0.3234
1 -0.0919 0.3203
1 -0.0914 0.3171
1 -0.0909 0.3140
1 -0.0904 0.3109
1 -0.0899 0.3078
1 -0.0895 0.3047
1 -0.0890 0.3016
1 -0.0887 0.2984
1 -0.0883 0.2953
1 -0.0880 0.2922
1 -0.0878 0.2891
1 -0.0876 0.2859
1 -0.0874 0.2828
1 -0.0872 0.2797
1 -0.0872 0.2765
1 -0.0871 0.2734
1 -0.0871 0.2703
1 -0.0871 0.2671
1 -0.0872 0.2640
1 -0.0873 0.2608
1 -0.0875 0.2577
1 -0.0877 0.2545
1 -0.0879 0.2514
1 -0.0881 0.2483
1 -0.0884 0.2451
1 -0.0886 0.2420
1 -0.0889 0.2388
1 -0.0893 0.2357
1 -0.0896 0.2325
1 -0.0900 0.2294
1 -0.0904 0.2262
1 -0.0908 0.2230
1 -0.0912 0.2199
1 -0.0916 0.2167
1 -0.0920 0.2136
1 -0.0924 0.2104
1 -0.0928 0.2073
1 -0.0933 0.2041
1 -0.0908 0.2037
1 -0.0884 0.2035
1 -0.0859 0.2033
1 -0.0834 0.2032
1 -0.0809 0.2033
1 -0.0784 0.2034
1 -0.0759 0.2037
1 -0.0735 0.2040
1 -0.0710 0.2045
1 -0.0686 0.2050
1 -0.0662 0.2057
1 -0.0638 0.2064
1 -0.0615 0.2073
1 -0.0592 0.2082
1 -0.0570 0.2093
112 1251 333
0 -0.1052 0.2029
1 -0.1105 0.2025
1 -0.1159 0.2021
1 -0.1212 0.2018
1 -0.1266 0.2015
1 -0.1319 0.2013
1 -0.1372 0.2011
1 -0.1425 0.2011
1 -0.1478 0.2012
1 -0.1530 0.2014
1 -0.1583 0.2018
1 -0.1635 0.2024
1 -0.1687 0.2031
1 -0.1738 0.2041
1 -0.1790 0.2053
1 -0.1841 0.2067
1 -0.1891 0.2084
1 -0.1941 0.2103
1 -0.1990 0.2125
1 -0.2039 0.2148
1 -0.2086 0.2174
1 -0.2132 0.2202
1 -0.2177 0.2231
1 -0.2220 0.2263
1 -0.2261 0.2296
1 -0.2301 0.2331
1 -0.2339 0.2367
1 -0.2375 0.2405
1 -0.2409 0.2445
1 -0.2441 0.2486
1 -0.2470 0.2528
1 -0.2498 0.2572
1 -0.2524 0.2617
1 -0.2549 0.2662
1 -0.2572 0.2709
1 -0.2593 0.2757
1 -0.2613 0.2806
1 -0.2631 0.2856
1 -0.2648 0.2906
1 -0.2664 0.2958
1 -0.2678 0.3010
1 -0.2692 0.3062
1 -0.2704 0.3115
1 -0.2716 0.3169
1 -0.2726 0.3222
1 -0.2736 0.3277
1 -0.2745 0.3331
1 -0.2753 0.3386
1 -0.2761 0.3440
1 -0.2768 0.3495
1 -0.2775 0.3550
1 -0.2781 0.3605
1 -0.2787 0.3659
1 -0.2793 0.3713
1 -0.2799 0.3767
1 -0.2805 0.3821
1 -0.2810 0.3874
1 -0.2816 0.3927
1 -0.2821 0.3980
1 -0.2826 0.4032
1 -0.2831 0.4084
1 -0.2836 0.4136
1 -0.2841 0.4188
1 -0.2845 0.4240
1 -0.2849 0.4293
1 -0.2853 0.4345
1 -0.2856 0.4397
1 -0.2859 0.4450
1 -0.2861 0.4502
1 -0.2864 0.4555
1 -0.2866 0.4608
1 -0.2868 0.4660
1 -0.2870 0.4713
1 -0.2871 0.4766
1 -0.2873 0.4819
1 -0.2874 0.4871
1 -0.2875 0.4924
1 -0.2877 0.4977
1 -0.2878 0.5030
1 -0.2879 0.5083
1 -0.2877 0.5129
1 -0.2874 0.5175
1 -0.2872 0.5221
1 -0.2869 0.5267
1 -0.2867 0.5314
1 -0.2864 0.5360
1 -0.2861 0.5406
1 -0.2859 0.5452
1 -0.2856 0.5498
1 -0.2853 0.5544
1 -0.2850 0.5590
1 -0.2847 0.5636
1 -0.2843 0.5683
1 -0.2840 0.5729
1 -0.2836 0.5775
1 -0.2832 0.5821
1 -0.2828 0.5867
1 -0.2824 0.5913
1 -0.2820 0.5959
1 -0.2816 0.6005
1 -0.2811 0.6051
1 -0.2807 0.6097
1 -0.2802 0.6143
1 -0.2797 0.6189
1 -0.2792 0.6235
1 -0.2786 0.6280
1 -0.2781 0.6326
1 -0.2775 0.6372
1 -0.2769 0.6417
1 -0.2763 0.6463
1 -0.2757 0.6508
1 -0.2751 0.6553
1 -0.2744 0.6599
1 -0.2736 0.6644
1 -0.2729 0.6689
1 -0.2721 0.6734
1 -0.2713 0.6780
1 -0.2704 0.6825
1 -0.2695 0.6870
1 -0.2686 0.6915
1 -0.2676 0.6960
1 -0.2665 0.7005
1 -0.2654 0.7050
1 -0.2643 0.7095
1 -0.2631 0.7140
1 -0.2618 0.7185
1 -0.2605 0.7230
1 -0.2591 0.7275
1 -0.2577 0.7321
1 -0.2562 0.7366
1 -0.2546 0.7411
1 -0.2530 0.7456
1 -0.2512 0.7501
1 -0.2494 0.7545
1 -0.2474 0.7588
1 -0.2453 0.7631
1 -0.2431 0.7672
1 -0.2407 0.7712
1 -0.2381 0.7750
1 -0.2354 0.7786
1 -0.2324 0.7820
1 -0.2292 0.7851
1 -0.2258 0.7880
1 -0.2221 0.7907
1 -0.2182 0.7931
1 -0.2142 0.7953
1 -0.2100 0.7972
1 -0.2057 0.7990
1 -0.2012 0.8005
1 -0.1967 0.8019
1 -0.1920 0.8032
1 -0.1874 0.8043
1 -0.1827 0.8052
1 -0.1780 0.8061
1 -0.1733 0.8068
1 -0.1686 0.8074
1 -0.1639 0.8080
1 -0.1593 0.8084
1 -0.1546 0.8088
1 -0.1500 0.8091
1 -0.1454 0.8094
1 -0.1408 0.8096
1 -0.1362 0.8097
1 -0.1316 0.8098
1 -0.1270 0.8099
1 -0.1224 0.8100
1 -0.1179 0.8100
1 -0.1133 0.8100
1 -0.1087 0.8100
1 -0.1077 0.8047
1 -0.1067 0.7993
1 -0.1058 0.7939
1 -0.1050 0.7884
1 -0.1044 0.7830
1 -0.1038 0.7775
1 -0.1033 0.7721
1 -0.1029 0.7666
1 -0.1026 0.7612
1 -0.1024 0.7557
1 -0.1023 0.7502
1 -0.1023 0.7447
1 -0.1024 0.7392
1 -0.1026 0.7338
1 -0.1029 0.7283
1 -0.1032 0.7228
1 -0.1037 0.7174
1 -0.1043 0.7119
1 -0.1050 0.7065
1 -0.1058 0.7011
1 -0.1066 0.6956
1 -0.1076 0.6903
1 -0.1086 0.6849
1 -0.1098 0.6795
1 -0.1110 0.6742
1 -0.1124 0.6689
1 -0.1138 0.6636
1 -0.1154 0.6583
1 -0.1191 0.6576
1 -0.1227 0.6569
1 -0.1264 0.6562
1 -0.1300 0.6554
1 -0.1336 0.6546
1 -0.1372 0.6537
1 -0.1407 0.6527
1 -0.1441 0.6516
1 -0.1474 0.6504
1 -0.1506 0.6491
1 -0.1537 0.6476
1 -0.1567 0.6460
1 -0.1596 0.6442
1 -0.1623 0.6422
1 -0.1649 0.6400
1 -0.1673 0.6377
1 -0.1696 0.6351
1 -0.1717 0.6324
1 -0.1737 0.6295
1 -0.1756 0.6265
1 -0.1773 0.6234
1 -0.1790 0.6201
1 -0.1805 0.6168
1 -0.1819 0.6134
1 -0.1832 0.6100
1 -0.1845 0.6064
1 -0.1856 0.6029
1 -0.1866 0.5993
1 -0.1876 0.5958
1 -0.1885 0.5922
1 -0.1893 0.5886
1 -0.1901 0.5851
1 -0.1907 0.5815
1 -0.1914 0.5780
1 -0.1919 0.5744
1 -0.1924 0.5709
1 -0.1929 0.5673
1 -0.1932 0.5638
1 -0.1936 0.5603
1 -0.1939 0.5568
1 -0.1941 0.5532
1 -0.1943 0.5497
1 -0.1945 0.5462
1 -0.1946 0.5427
1 -0.1947 0.5392
1 -0.1948 0.5356
1 -0.1948 0.5321
1 -0.1949 0.5286
1 -0.1949 0.5251
1 -0.1948 0.5216
1 -0.1948 0.5181
1 -0.1947 0.5146
1 -0.1947 0.5111
1 -0.1946 0.5075
1 -0.1945 0.5040
1 -0.1944 0.5005
1 -0.1943 0.4970
1 -0.1943 0.4935
1 -0.1942 0.4900
1 -0.1941 0.4864
1 -0.1940 0.4829
1 -0.1940 0.4794
1 -0.1939 0.4759
1 -0.1938 0.4724
1 -0.1936 0.4688
1 -0.1935 0.4653
1 -0.1933 0.4618
1 -0.1931 0.4583
1 -0.1929 0.4548
1 -0.1927 0.4512
1 -0.1924 0.4477
1 -0.1921 0.4442
1 -0.1918 0.4407
1 -0.1914 0.4372
1 -0.1909 0.4336
1 -0.1904 0.4301
1 -0.1899 0.4266
1 -0.1893 0.4231
1 -0.1887 0.4196
1 -0.1880 0.4161
1 -0.1872 0.4126
1 -0.1864 0.4090
1 -0.1855 0.4055
1 -0.1846 0.4020
1 -0.1835 0.3985
1 -0.1823 0.3951
1 -0.1810 0.3918
1 -0.1794 0.3887
1 -0.1775 0.3858
1 -0.1752 0.3832
1 -0.1727 0.3808
1 -0.1698 0.3787
1 -0.1668 0.3767
1 -0.1637 0.3749
1 -0.1605 0.3732
1 -0.1573 0.3715
1 -0.1541 0.3699
1 -0.1509 0.3683
1 -0.1477 0.3669
1 -0.1444 0.3655
1 -0.1412 0.3643
1 -0.1378 0.3633
1 -0.1344 0.3623
1 -0.1310 0.3616
1 -0.1276 0.3609
1 -0.1241 0.3603
1 -0.1205 0.3598
1 -0.1170 0.3593
1 -0.1135 0.3589
1 -0.1117 0.3533
1 -0.1101 0.3477
1 -0.1086 0.3420
1 -0.1072 0.3363
1 -0.1059 0.3306
1 -0.1047 0.3249
1 -0.1036 0.3192
1 -0.1026 0.3134
1 -0.1018 0.3076
1 -0.1010 0.3018
1 -0.1004 0.2960
1 -0.0998 0.2902
1 -0.0994 0.2844
1 -0.0991 0.2785
1 -0.0989 0.2727
1 -0.0988 0.2668
1 -0.0989 0.2610
1 -0.0990 0.2551
1 -0.0992 0.2493
1 -0.0996 0.2435
1 -0.1001 0.2376
1 -0.1006 0.2318
1 -0.1013 0.2260
1 -0.1021 0.2202
1 -0.1031 0.2144
1 -0.1041 0.2087
1 -0.1052 0.2029
112 1252 153
0 0.2484 0.5205
1 0.2488 0.5158
1 0.2491 0.5112
1 0.2493 0.5065
1 0.2495 0.5019
1 0.2495 0.4972
1 0.2493 0.4926
1 0.2491 0.4879
1 0.2488 0.4833
1 0.2484 0.4787
1 0.2478 0.4741
1 0.2472 0.4694
1 0.2464 0.4649
1 0.2455 0.4603
1 0.2446 0.4557
1 0.2435 0.4512
1 0.2423 0.4467
1 0.2410 0.4422
1 0.2396 0.4378
1 0.2389 0.4358
1 0.2381 0.4339
1 0.2372 0.4320
1 0.2362 0.4301
1 0.2351 0.4283
1 0.2339 0.4265
1 0.2327 0.4249
1 0.2313 0.4233
1 0.2299 0.4217
1 0.2283 0.4202
1 0.2268 0.4189
1 0.2251 0.4175
1 0.2234 0.4163
1 0.2216 0.4152
1 0.2197 0.4142
1 0.2179 0.4132
1 0.2159 0.4124
1 0.2139 0.4116
1 0.2119 0.4110
1 0.2099 0.4105
1 0.2078 0.4100
1 0.2057 0.4097
1 0.2036 0.4095
1 0.2015 0.4094
1 0.1994 0.4094
1 0.1973 0.4095
1 0.1952 0.4097
1 0.1931 0.4100
1 0.1911 0.4105
1 0.1890 0.4110
1 0.1870 0.4116
1 0.1850 0.4124
1 0.1831 0.4132
1 0.1812 0.4142
1 0.1794 0.4152
1 0.1776 0.4163
1 0.1759 0.4175
1 0.1742 0.4189
1 0.1726 0.4202
1 0.1711 0.4217
1 0.1697 0.4233
1 0.1683 0.4249
1 0.1670 0.4265
1 0.1658 0.4283
1 0.1647 0.4301
1 0.1637 0.4320
1 0.1628 0.4339
1 0.1620 0.4358
1 0.1613 0.4378
1 0.1613 0.4378
1 0.1599 0.4422
1 0.1586 0.4467
1 0.1575 0.4512
1 0.1564 0.4557
1 0.1554 0.4603
1 0.1545 0.4649
1 0.1538 0.4694
1 0.1531 0.4741
1 0.1526 0.4787
1 0.1522 0.4833
1 0.1518 0.4879
1 0.1516 0.4926
1 0.1515 0.4972
1 0.1515 0.5019
1 0.1516 0.5065
1 0.1518 0.5112
1 0.1522 0.5158
1 0.1526 0.5205
1 0.1531 0.5251
1 0.1538 0.5297
1 0.1545 0.5343
1 0.1554 0.5389
1 0.1564 0.5434
1 0.1575 0.5479
1 0.1586 0.5524
1 0.1599 0.5569
1 0.1613 0.5613
1 0.1620 0.5633
1 0.1628 0.5653
1 0.1637 0.5672
1 0.1647 0.5690
1 0.1658 0.5708
1 0.1670 0.5726
1 0.1683 0.5743
1 0.1697 0.5759
1 0.1711 0.5774
1 0.1726 0.5789
1 0.1742 0.5803
1 0.1759 0.5816
1 0.1776 0.5828
1 0.1794 0.5839
1 0.1812 0.5850
1 0.1831 0.5859
1 0.1850 0.5867
1 0.1870 0.5875
1 0.1890 0.5881
1 0.1911 0.5887
1 0.1931 0.5891
1 0.1952 0.5894
1 0.1973 0.5896
1 0.1994 0.5897
1 0.2015 0.5897
1 0.2036 0.5896
1 0.2057 0.5894
1 0.2078 0.5891
1 0.2099 0.5887
1 0.2119 0.5881
1 0.2139 0.5875
1 0.2159 0.5867
1 0.2179 0.5859
1 0.2197 0.5850
1 0.2216 0.5839
1 0.2234 0.5828
1 0.2251 0.5816
1 0.2268 0.5803
1 0.2283 0.5789
1 0.2299 0.5774
1 0.2313 0.5759
1 0.2327 0.5743
1 0.2339 0.5726
1 0.2351 0.5708
1 0.2362 0.5690
1 0.2372 0.5672
1 0.2381 0.5653
1 0.2389 0.5633
1 0.2396 0.5613
1 0.2410 0.5569
1 0.2423 0.5524
1 0.2435 0.5479
1 0.2446 0.5434
1 0.2455 0.5389
1 0.2464 0.5343
1 0.2472 0.5297
1 0.2478 0.5251
