SEcl_IS-8
3497 18 1 1 0 0 0 0 0 0 1 1
1.0000
112 1466 173
 0 -0.5006 0.8828
 1 -0.5004 0.8871
 1 -0.5001 0.8915
 1 -0.4996 0.8958
 1 -0.4990 0.9001
 1 -0.4982 0.9044
 1 -0.4972 0.9087
 1 -0.4961 0.9129
 1 -0.4948 0.9171
 1 -0.4934 0.9212
 1 -0.4919 0.9253
 1 -0.4902 0.9293
 1 -0.4883 0.9333
 1 -0.4863 0.9371
 1 -0.4842 0.9409
 1 -0.4819 0.9447
 1 -0.4795 0.9483
 1 -0.4770 0.9519
 1 -0.4743 0.9553
 1 -0.4715 0.9587
 1 -0.4686 0.9619
 1 -0.4656 0.9651
 1 -0.4624 0.9681
 1 -0.4592 0.9710
 1 -0.4558 0.9738
 1 -0.4524 0.9765
 1 -0.4488 0.9790
 1 -0.4452 0.9814
 1 -0.4415 0.9837
 1 -0.4377 0.9858
 1 -0.4338 0.9878
 1 -0.4298 0.9897
 1 -0.4258 0.9914
 1 -0.4217 0.9930
 1 -0.4176 0.9944
 1 -0.4134 0.9957
 1 -0.4092 0.9968
 1 -0.4050 0.9977
 1 -0.4007 0.9985
 1 -0.3964 0.9992
 1 -0.3920 0.9996
 1 -0.3877 1.0000
 1 -0.3833 1.0001
 1 0.3833 1.0001
 1 0.3877 1.0000
 1 0.3920 0.9996
 1 0.3964 0.9992
 1 0.4007 0.9985
 1 0.4050 0.9977
 1 0.4092 0.9968
 1 0.4134 0.9957
 1 0.4176 0.9944
 1 0.4217 0.9930
 1 0.4258 0.9914
 1 0.4298 0.9897
 1 0.4338 0.9878
 1 0.4377 0.9858
 1 0.4415 0.9837
 1 0.4452 0.9814
 1 0.4488 0.9790
 1 0.4524 0.9765
 1 0.4558 0.9738
 1 0.4592 0.9710
 1 0.4624 0.9681
 1 0.4656 0.9651
 1 0.4686 0.9619
 1 0.4715 0.9587
 1 0.4743 0.9553
 1 0.4770 0.9519
 1 0.4795 0.9483
 1 0.4819 0.9447
 1 0.4842 0.9409
 1 0.4863 0.9371
 1 0.4883 0.9333
 1 0.4902 0.9293
 1 0.4919 0.9253
 1 0.4934 0.9212
 1 0.4948 0.9171
 1 0.4961 0.9129
 1 0.4972 0.9087
 1 0.4982 0.9044
 1 0.4990 0.9001
 1 0.4996 0.8958
 1 0.5001 0.8915
 1 0.5004 0.8871
 1 0.5006 0.8828
 1 0.5006 0.1174
 1 0.5004 0.1130
 1 0.5001 0.1087
 1 0.4996 0.1043
 1 0.4990 0.1000
 1 0.4982 0.0957
 1 0.4972 0.0915
 1 0.4961 0.0872
 1 0.4948 0.0831
 1 0.4934 0.0789
 1 0.4919 0.0748
 1 0.4902 0.0708
 1 0.4883 0.0669
 1 0.4863 0.0630
 1 0.4842 0.0592
 1 0.4819 0.0555
 1 0.4795 0.0518
 1 0.4770 0.0483
 1 0.4743 0.0448
 1 0.4715 0.0415
 1 0.4686 0.0382
 1 0.4656 0.0351
 1 0.4624 0.0320
 1 0.4592 0.0291
 1 0.4558 0.0263
 1 0.4524 0.0237
 1 0.4488 0.0211
 1 0.4452 0.0187
 1 0.4415 0.0164
 1 0.4377 0.0143
 1 0.4338 0.0123
 1 0.4298 0.0104
 1 0.4258 0.0087
 1 0.4217 0.0072
 1 0.4176 0.0057
 1 0.4134 0.0045
 1 0.4092 0.0034
 1 0.4050 0.0024
 1 0.4007 0.0016
 1 0.3964 0.0010
 1 0.3920 0.0005
 1 0.3877 0.0002
 1 0.3833 0.0000
 1 -0.3833 0.0000
 1 -0.3833 0.0000
 1 -0.3877 0.0002
 1 -0.3920 0.0005
 1 -0.3964 0.0010
 1 -0.4007 0.0016
 1 -0.4050 0.0024
 1 -0.4092 0.0034
 1 -0.4134 0.0045
 1 -0.4176 0.0057
 1 -0.4217 0.0072
 1 -0.4258 0.0087
 1 -0.4298 0.0104
 1 -0.4338 0.0123
 1 -0.4377 0.0143
 1 -0.4415 0.0164
 1 -0.4452 0.0187
 1 -0.4488 0.0211
 1 -0.4524 0.0237
 1 -0.4558 0.0263
 1 -0.4592 0.0291
 1 -0.4624 0.0320
 1 -0.4656 0.0351
 1 -0.4686 0.0382
 1 -0.4715 0.0415
 1 -0.4743 0.0448
 1 -0.4770 0.0483
 1 -0.4795 0.0518
 1 -0.4819 0.0555
 1 -0.4842 0.0592
 1 -0.4863 0.0630
 1 -0.4883 0.0669
 1 -0.4902 0.0708
 1 -0.4919 0.0748
 1 -0.4934 0.0789
 1 -0.4948 0.0831
 1 -0.4961 0.0872
 1 -0.4972 0.0915
 1 -0.4982 0.0957
 1 -0.4990 0.1000
 1 -0.4996 0.1043
 1 -0.5001 0.1087
 1 -0.5004 0.1130
 1 -0.5006 0.1174
112 1251 173
 0 -0.4906 0.8826
 1 -0.4904 0.8866
 1 -0.4901 0.8906
 1 -0.4897 0.8945
 1 -0.4891 0.8985
 1 -0.4884 0.9024
 1 -0.4875 0.9063
 1 -0.4865 0.9102
 1 -0.4853 0.9140
 1 -0.4840 0.9178
 1 -0.4826 0.9215
 1 -0.4810 0.9252
 1 -0.4793 0.9288
 1 -0.4775 0.9324
 1 -0.4756 0.9359
 1 -0.4735 0.9393
 1 -0.4713 0.9426
 1 -0.4689 0.9459
 1 -0.4665 0.9491
 1 -0.4639 0.9521
 1 -0.4613 0.9551
 1 -0.4585 0.9580
 1 -0.4556 0.9608
 1 -0.4526 0.9634
 1 -0.4496 0.9660
 1 -0.4464 0.9685
 1 -0.4431 0.9708
 1 -0.4398 0.9730
 1 -0.4364 0.9751
 1 -0.4329 0.9770
 1 -0.4294 0.9789
 1 -0.4257 0.9806
 1 -0.4221 0.9821
 1 -0.4183 0.9836
 1 -0.4145 0.9849
 1 -0.4107 0.9860
 1 -0.4069 0.9870
 1 -0.4029 0.9879
 1 -0.3990 0.9887
 1 -0.3951 0.9892
 1 -0.3911 0.9897
 1 -0.3871 0.9900
 1 -0.3831 0.9901
 1 0.3831 0.9901
 1 0.3871 0.9900
 1 0.3911 0.9897
 1 0.3951 0.9892
 1 0.3990 0.9887
 1 0.4030 0.9879
 1 0.4069 0.9870
 1 0.4107 0.9860
 1 0.4145 0.9849
 1 0.4183 0.9836
 1 0.4221 0.9821
 1 0.4257 0.9806
 1 0.4294 0.9789
 1 0.4329 0.9770
 1 0.4364 0.9751
 1 0.4398 0.9730
 1 0.4432 0.9708
 1 0.4464 0.9685
 1 0.4496 0.9660
 1 0.4526 0.9634
 1 0.4556 0.9608
 1 0.4585 0.9580
 1 0.4613 0.9551
 1 0.4639 0.9521
 1 0.4665 0.9491
 1 0.4689 0.9459
 1 0.4713 0.9426
 1 0.4735 0.9393
 1 0.4756 0.9359
 1 0.4775 0.9324
 1 0.4793 0.9289
 1 0.4810 0.9252
 1 0.4826 0.9215
 1 0.4840 0.9178
 1 0.4853 0.9140
 1 0.4865 0.9102
 1 0.4875 0.9063
 1 0.4884 0.9024
 1 0.4891 0.8985
 1 0.4897 0.8945
 1 0.4901 0.8906
 1 0.4904 0.8866
 1 0.4906 0.8826
 1 0.4906 0.1176
 1 0.4904 0.1136
 1 0.4901 0.1096
 1 0.4897 0.1056
 1 0.4891 0.1016
 1 0.4884 0.0977
 1 0.4875 0.0938
 1 0.4865 0.0899
 1 0.4853 0.0861
 1 0.4840 0.0823
 1 0.4826 0.0786
 1 0.4810 0.0749
 1 0.4793 0.0713
 1 0.4775 0.0677
 1 0.4756 0.0642
 1 0.4735 0.0608
 1 0.4713 0.0575
 1 0.4689 0.0542
 1 0.4665 0.0511
 1 0.4639 0.0480
 1 0.4613 0.0450
 1 0.4585 0.0421
 1 0.4556 0.0394
 1 0.4526 0.0367
 1 0.4496 0.0341
 1 0.4464 0.0317
 1 0.4432 0.0294
 1 0.4398 0.0271
 1 0.4364 0.0251
 1 0.4329 0.0231
 1 0.4294 0.0213
 1 0.4257 0.0196
 1 0.4221 0.0180
 1 0.4183 0.0166
 1 0.4145 0.0153
 1 0.4107 0.0141
 1 0.4069 0.0131
 1 0.4029 0.0122
 1 0.3990 0.0115
 1 0.3951 0.0109
 1 0.3911 0.0105
 1 0.3871 0.0102
 1 0.3831 0.0100
 1 -0.3831 0.0100
 1 -0.3871 0.0102
 1 -0.3911 0.0105
 1 -0.3951 0.0109
 1 -0.3990 0.0115
 1 -0.4029 0.0122
 1 -0.4069 0.0131
 1 -0.4107 0.0141
 1 -0.4145 0.0153
 1 -0.4183 0.0166
 1 -0.4221 0.0180
 1 -0.4257 0.0196
 1 -0.4294 0.0213
 1 -0.4329 0.0231
 1 -0.4364 0.0251
 1 -0.4398 0.0271
 1 -0.4432 0.0294
 1 -0.4464 0.0317
 1 -0.4496 0.0341
 1 -0.4526 0.0367
 1 -0.4556 0.0394
 1 -0.4585 0.0421
 1 -0.4613 0.0450
 1 -0.4639 0.0480
 1 -0.4665 0.0511
 1 -0.4689 0.0542
 1 -0.4713 0.0575
 1 -0.4735 0.0608
 1 -0.4756 0.0642
 1 -0.4775 0.0677
 1 -0.4793 0.0713
 1 -0.4810 0.0749
 1 -0.4826 0.0786
 1 -0.4840 0.0823
 1 -0.4853 0.0861
 1 -0.4865 0.0899
 1 -0.4875 0.0938
 1 -0.4884 0.0977
 1 -0.4891 0.1016
 1 -0.4897 0.1056
 1 -0.4901 0.1096
 1 -0.4904 0.1136
 1 -0.4906 0.1176
 1 -0.4906 0.8826
112 1466 173
 0 -0.4706 0.8822
 1 -0.4704 0.8855
 1 -0.4702 0.8887
 1 -0.4698 0.8920
 1 -0.4694 0.8952
 1 -0.4688 0.8984
 1 -0.4680 0.9016
 1 -0.4672 0.9048
 1 -0.4663 0.9079
 1 -0.4652 0.9110
 1 -0.4641 0.9141
 1 -0.4628 0.9171
 1 -0.4614 0.9200
 1 -0.4599 0.9229
 1 -0.4583 0.9258
 1 -0.4566 0.9286
 1 -0.4548 0.9313
 1 -0.4529 0.9340
 1 -0.4509 0.9366
 1 -0.4488 0.9391
 1 -0.4466 0.9415
 1 -0.4443 0.9439
 1 -0.4420 0.9461
 1 -0.4396 0.9483
 1 -0.4370 0.9504
 1 -0.4345 0.9524
 1 -0.4318 0.9543
 1 -0.4291 0.9561
 1 -0.4263 0.9578
 1 -0.4234 0.9594
 1 -0.4205 0.9609
 1 -0.4176 0.9623
 1 -0.4146 0.9636
 1 -0.4115 0.9648
 1 -0.4084 0.9658
 1 -0.4053 0.9668
 1 -0.4021 0.9676
 1 -0.3989 0.9683
 1 -0.3957 0.9689
 1 -0.3925 0.9694
 1 -0.3892 0.9698
 1 -0.3860 0.9700
 1 -0.3827 0.9701
 1 0.3827 0.9701
 1 0.3860 0.9700
 1 0.3892 0.9698
 1 0.3925 0.9694
 1 0.3957 0.9689
 1 0.3989 0.9683
 1 0.4021 0.9676
 1 0.4053 0.9668
 1 0.4084 0.9658
 1 0.4115 0.9648
 1 0.4146 0.9636
 1 0.4176 0.9623
 1 0.4205 0.9609
 1 0.4234 0.9594
 1 0.4263 0.9578
 1 0.4291 0.9561
 1 0.4318 0.9543
 1 0.4345 0.9524
 1 0.4370 0.9504
 1 0.4396 0.9483
 1 0.4420 0.9461
 1 0.4443 0.9439
 1 0.4466 0.9415
 1 0.4488 0.9391
 1 0.4509 0.9366
 1 0.4529 0.9340
 1 0.4548 0.9313
 1 0.4566 0.9286
 1 0.4583 0.9258
 1 0.4599 0.9229
 1 0.4614 0.9200
 1 0.4628 0.9171
 1 0.4641 0.9141
 1 0.4652 0.9110
 1 0.4663 0.9079
 1 0.4672 0.9048
 1 0.4680 0.9016
 1 0.4688 0.8984
 1 0.4694 0.8952
 1 0.4698 0.8920
 1 0.4702 0.8887
 1 0.4704 0.8855
 1 0.4706 0.8822
 1 0.4706 0.1179
 1 0.4704 0.1147
 1 0.4702 0.1114
 1 0.4698 0.1082
 1 0.4694 0.1049
 1 0.4688 0.1017
 1 0.4680 0.0985
 1 0.4672 0.0954
 1 0.4663 0.0922
 1 0.4652 0.0891
 1 0.4641 0.0861
 1 0.4628 0.0831
 1 0.4614 0.0801
 1 0.4599 0.0772
 1 0.4583 0.0744
 1 0.4566 0.0716
 1 0.4548 0.0688
 1 0.4529 0.0662
 1 0.4509 0.0636
 1 0.4488 0.0611
 1 0.4466 0.0586
 1 0.4443 0.0563
 1 0.4420 0.0540
 1 0.4396 0.0518
 1 0.4370 0.0497
 1 0.4345 0.0477
 1 0.4318 0.0458
 1 0.4291 0.0440
 1 0.4263 0.0423
 1 0.4234 0.0407
 1 0.4205 0.0392
 1 0.4176 0.0378
 1 0.4146 0.0365
 1 0.4115 0.0354
 1 0.4084 0.0343
 1 0.4053 0.0334
 1 0.4021 0.0325
 1 0.3989 0.0318
 1 0.3957 0.0312
 1 0.3925 0.0307
 1 0.3892 0.0304
 1 0.3860 0.0301
 1 0.3827 0.0300
 1 -0.3827 0.0300
 1 -0.3860 0.0301
 1 -0.3892 0.0304
 1 -0.3925 0.0307
 1 -0.3957 0.0312
 1 -0.3989 0.0318
 1 -0.4021 0.0325
 1 -0.4053 0.0334
 1 -0.4084 0.0343
 1 -0.4115 0.0354
 1 -0.4146 0.0365
 1 -0.4176 0.0378
 1 -0.4205 0.0392
 1 -0.4234 0.0407
 1 -0.4263 0.0423
 1 -0.4291 0.0440
 1 -0.4318 0.0458
 1 -0.4345 0.0477
 1 -0.4370 0.0497
 1 -0.4396 0.0518
 1 -0.4420 0.0540
 1 -0.4443 0.0563
 1 -0.4466 0.0586
 1 -0.4488 0.0611
 1 -0.4509 0.0636
 1 -0.4529 0.0662
 1 -0.4548 0.0688
 1 -0.4566 0.0716
 1 -0.4583 0.0743
 1 -0.4599 0.0772
 1 -0.4614 0.0801
 1 -0.4628 0.0831
 1 -0.4640 0.0861
 1 -0.4652 0.0891
 1 -0.4663 0.0922
 1 -0.4672 0.0954
 1 -0.4680 0.0985
 1 -0.4688 0.1017
 1 -0.4694 0.1049
 1 -0.4698 0.1082
 1 -0.4702 0.1114
 1 -0.4704 0.1147
 1 -0.4706 0.1179
 1 -0.4706 0.8822
112 1251 61
 0 -0.1237 0.7149
 1 -0.1237 0.7130
 1 -0.1237 0.7097
 1 -0.1237 0.7006
 1 -0.1237 0.6905
 1 -0.1237 0.6862
 1 -0.1237 0.6826
 1 -0.1237 0.6800
 1 -0.1237 0.6791
 1 -0.0360 0.6791
 1 -0.1218 0.6791
 1 -0.1237 0.6791
 1 -0.1234 0.6791
 1 -0.1218 0.6791
 1 -0.1192 0.6791
 1 -0.1159 0.6791
 1 -0.1068 0.6791
 1 -0.0960 0.6791
 1 -0.0715 0.6791
 1 -0.0598 0.6791
 1 -0.0497 0.6791
 1 -0.0451 0.6791
 1 -0.0415 0.6791
 1 -0.0386 0.6791
 1 -0.0369 0.6791
 1 -0.0360 0.6791
 1 -0.0360 0.6794
 1 -0.0360 0.6807
 1 -0.0360 0.6836
 1 -0.0360 0.6875
 1 -0.0360 0.6973
 1 -0.0360 0.7071
 1 -0.0360 0.7110
 1 -0.0360 0.7136
 1 -0.0360 0.7153
 1 -0.0360 0.7159
 1 -0.0360 0.7172
 1 -0.0376 0.7225
 1 -0.0409 0.7270
 1 -0.0451 0.7306
 1 -0.0510 0.7329
 1 -0.0572 0.7339
 1 -0.0585 0.7339
 1 -0.0614 0.7339
 1 -0.0660 0.7339
 1 -0.0715 0.7339
 1 -0.0839 0.7339
 1 -0.0901 0.7339
 1 -0.0953 0.7339
 1 -0.0996 0.7339
 1 -0.1019 0.7339
 1 -0.1025 0.7339
 1 -0.1035 0.7339
 1 -0.1068 0.7335
 1 -0.1126 0.7316
 1 -0.1175 0.7283
 1 -0.1215 0.7241
 1 -0.1234 0.7192
 1 -0.1237 0.7163
 1 -0.1237 0.7153
 1 -0.1237 0.7149
112 1251 33
 0 0.0871 0.7463
 1 0.0916 0.7476
 1 0.0955 0.7499
 1 0.0991 0.7528
 1 0.1021 0.7561
 1 0.1044 0.7603
 1 0.1057 0.7649
 1 0.1060 0.7694
 1 0.1057 0.7743
 1 0.1044 0.7789
 1 0.1021 0.7828
 1 0.0991 0.7864
 1 0.0955 0.7893
 1 0.0916 0.7916
 1 0.0871 0.7929
 1 0.0822 0.7933
 1 0.0773 0.7929
 1 0.0730 0.7916
 1 0.0688 0.7893
 1 0.0652 0.7864
 1 0.0623 0.7828
 1 0.0603 0.7789
 1 0.0587 0.7743
 1 0.0583 0.7694
 1 0.0587 0.7649
 1 0.0603 0.7603
 1 0.0623 0.7561
 1 0.0652 0.7528
 1 0.0688 0.7499
 1 0.0730 0.7476
 1 0.0773 0.7463
 1 0.0822 0.7456
 1 0.0871 0.7463
112 1251 33
 0 -0.1874 0.2646
 1 -0.1799 0.2669
 1 -0.1730 0.2705
 1 -0.1671 0.2754
 1 -0.1622 0.2813
 1 -0.1587 0.2881
 1 -0.1564 0.2956
 1 -0.1557 0.3035
 1 -0.1564 0.3116
 1 -0.1587 0.3191
 1 -0.1622 0.3257
 1 -0.1671 0.3315
 1 -0.1730 0.3364
 1 -0.1799 0.3400
 1 -0.1874 0.3423
 1 -0.1952 0.3433
 1 -0.2034 0.3423
 1 -0.2109 0.3400
 1 -0.2174 0.3364
 1 -0.2233 0.3315
 1 -0.2282 0.3257
 1 -0.2317 0.3191
 1 -0.2340 0.3116
 1 -0.2350 0.3035
 1 -0.2340 0.2956
 1 -0.2317 0.2881
 1 -0.2282 0.2813
 1 -0.2233 0.2754
 1 -0.2174 0.2705
 1 -0.2109 0.2669
 1 -0.2034 0.2646
 1 -0.1952 0.2640
 1 -0.1874 0.2646
112 1251 33
 0 0.0104 0.2646
 1 0.0175 0.2669
 1 0.0244 0.2705
 1 0.0303 0.2754
 1 0.0352 0.2813
 1 0.0388 0.2881
 1 0.0410 0.2956
 1 0.0420 0.3035
 1 0.0410 0.3116
 1 0.0388 0.3191
 1 0.0352 0.3257
 1 0.0303 0.3315
 1 0.0244 0.3364
 1 0.0175 0.3400
 1 0.0104 0.3423
 1 0.0022 0.3433
 1 -0.0056 0.3423
 1 -0.0131 0.3400
 1 -0.0200 0.3364
 1 -0.0259 0.3315
 1 -0.0307 0.3257
 1 -0.0343 0.3191
 1 -0.0366 0.3116
 1 -0.0376 0.3035
 1 -0.0366 0.2956
 1 -0.0343 0.2881
 1 -0.0307 0.2813
 1 -0.0259 0.2754
 1 -0.0200 0.2705
 1 -0.0131 0.2669
 1 -0.0056 0.2646
 1 0.0022 0.2640
 1 0.0104 0.2646
112 1251 33
 0 0.2078 0.2646
 1 0.2153 0.2669
 1 0.2218 0.2705
 1 0.2277 0.2754
 1 0.2326 0.2813
 1 0.2362 0.2881
 1 0.2385 0.2956
 1 0.2394 0.3035
 1 0.2385 0.3116
 1 0.2362 0.3191
 1 0.2326 0.3257
 1 0.2277 0.3315
 1 0.2218 0.3364
 1 0.2153 0.3400
 1 0.2078 0.3423
 1 0.1996 0.3433
 1 0.1918 0.3423
 1 0.1843 0.3400
 1 0.1774 0.3364
 1 0.1716 0.3315
 1 0.1670 0.3257
 1 0.1631 0.3191
 1 0.1608 0.3116
 1 0.1601 0.3035
 1 0.1608 0.2956
 1 0.1631 0.2881
 1 0.1670 0.2813
 1 0.1716 0.2754
 1 0.1774 0.2705
 1 0.1843 0.2669
 1 0.1918 0.2646
 1 0.1996 0.2640
 1 0.2078 0.2646
112 1251 33
 0 -0.2520 0.3955
 1 -0.2455 0.3974
 1 -0.2399 0.4007
 1 -0.2347 0.4046
 1 -0.2308 0.4098
 1 -0.2275 0.4154
 1 -0.2255 0.4219
 1 -0.2249 0.4284
 1 -0.2255 0.4353
 1 -0.2275 0.4418
 1 -0.2308 0.4474
 1 -0.2347 0.4526
 1 -0.2399 0.4565
 1 -0.2455 0.4598
 1 -0.2520 0.4617
 1 -0.2588 0.4624
 1 -0.2654 0.4617
 1 -0.2719 0.4598
 1 -0.2774 0.4565
 1 -0.2827 0.4526
 1 -0.2866 0.4474
 1 -0.2898 0.4418
 1 -0.2918 0.4353
 1 -0.2924 0.4284
 1 -0.2918 0.4219
 1 -0.2898 0.4154
 1 -0.2866 0.4098
 1 -0.2827 0.4046
 1 -0.2774 0.4007
 1 -0.2719 0.3974
 1 -0.2654 0.3955
 1 -0.2588 0.3948
 1 -0.2520 0.3955
112 1251 33
 0 -0.0781 0.3955
 1 -0.0719 0.3974
 1 -0.0660 0.4007
 1 -0.0611 0.4046
 1 -0.0569 0.4098
 1 -0.0539 0.4154
 1 -0.0520 0.4219
 1 -0.0513 0.4284
 1 -0.0520 0.4353
 1 -0.0539 0.4418
 1 -0.0569 0.4474
 1 -0.0611 0.4526
 1 -0.0660 0.4565
 1 -0.0719 0.4598
 1 -0.0781 0.4617
 1 -0.0849 0.4624
 1 -0.0918 0.4617
 1 -0.0980 0.4598
 1 -0.1038 0.4565
 1 -0.1087 0.4526
 1 -0.1130 0.4474
 1 -0.1159 0.4418
 1 -0.1179 0.4353
 1 -0.1185 0.4284
 1 -0.1179 0.4219
 1 -0.1159 0.4154
 1 -0.1130 0.4098
 1 -0.1087 0.4046
 1 -0.1038 0.4007
 1 -0.0980 0.3974
 1 -0.0918 0.3955
 1 -0.0849 0.3948
 1 -0.0781 0.3955
112 1251 33
 0 0.0959 0.3955
 1 0.1021 0.3974
 1 0.1079 0.4007
 1 0.1128 0.4046
 1 0.1168 0.4098
 1 0.1200 0.4154
 1 0.1220 0.4219
 1 0.1226 0.4284
 1 0.1220 0.4353
 1 0.1200 0.4418
 1 0.1168 0.4474
 1 0.1128 0.4526
 1 0.1079 0.4565
 1 0.1021 0.4598
 1 0.0959 0.4617
 1 0.0890 0.4624
 1 0.0822 0.4617
 1 0.0760 0.4598
 1 0.0701 0.4565
 1 0.0652 0.4526
 1 0.0610 0.4474
 1 0.0577 0.4418
 1 0.0557 0.4353
 1 0.0551 0.4284
 1 0.0557 0.4219
 1 0.0577 0.4154
 1 0.0610 0.4098
 1 0.0652 0.4046
 1 0.0701 0.4007
 1 0.0760 0.3974
 1 0.0822 0.3955
 1 0.0890 0.3948
 1 0.0959 0.3955
112 1251 33
 0 0.2695 0.3955
 1 0.2760 0.3974
 1 0.2815 0.4007
 1 0.2864 0.4046
 1 0.2907 0.4098
 1 0.2939 0.4154
 1 0.2959 0.4219
 1 0.2965 0.4284
 1 0.2959 0.4353
 1 0.2939 0.4418
 1 0.2907 0.4474
 1 0.2864 0.4526
 1 0.2815 0.4565
 1 0.2760 0.4598
 1 0.2695 0.4617
 1 0.2626 0.4624
 1 0.2561 0.4617
 1 0.2496 0.4598
 1 0.2440 0.4565
 1 0.2388 0.4526
 1 0.2349 0.4474
 1 0.2316 0.4418
 1 0.2296 0.4353
 1 0.2290 0.4284
 1 0.2296 0.4219
 1 0.2316 0.4154
 1 0.2349 0.4098
 1 0.2388 0.4046
 1 0.2440 0.4007
 1 0.2496 0.3974
 1 0.2561 0.3955
 1 0.2626 0.3948
 1 0.2695 0.3955
112 1251 9
 0 0.3488 0.5423
 1 0.3488 0.5838
 1 0.1941 0.5838
 1 0.1941 0.6605
 1 -0.1916 0.6605
 1 -0.1916 0.5838
 1 -0.3463 0.5838
 1 -0.3463 0.5423
 1 0.3488 0.5423
112 1251 35
 0 -0.1032 0.7743
 1 -0.1019 0.7789
 1 -0.0996 0.7828
 1 -0.0967 0.7864
 1 -0.0931 0.7893
 1 -0.0891 0.7916
 1 -0.0846 0.7929
 1 -0.0800 0.7933
 1 -0.0751 0.7929
 1 -0.0705 0.7916
 1 -0.0666 0.7893
 1 -0.0630 0.7864
 1 -0.0601 0.7828
 1 -0.0578 0.7789
 1 -0.0565 0.7743
 1 -0.0559 0.7694
 1 -0.0578 0.7603
 1 -0.0601 0.7561
 1 -0.0630 0.7528
 1 -0.0666 0.7499
 1 -0.0705 0.7476
 1 -0.0751 0.7463
 1 -0.0800 0.7456
 1 -0.0846 0.7463
 1 -0.0891 0.7476
 1 -0.0931 0.7499
 1 -0.0967 0.7528
 1 -0.0996 0.7561
 1 -0.1019 0.7603
 1 -0.1032 0.7649
 1 -0.1038 0.7694
 1 -0.1038 0.7694
 1 -0.1038 0.7707
 1 -0.1037 0.7719
 1 -0.1035 0.7731
112 1251 30
 0 -0.1577 0.2438
 1 -0.2347 0.2438
 1 -0.1577 0.2438
 1 -0.1577 0.2438
 1 -0.2347 0.2438
 1 -0.2399 0.2431
 1 -0.2451 0.2418
 1 -0.2497 0.2398
 1 -0.2543 0.2376
 1 -0.2582 0.2346
 1 -0.2614 0.2314
 1 -0.2641 0.2274
 1 -0.2663 0.2235
 1 -0.2676 0.2193
 1 -0.2683 0.2144
 1 -0.2686 0.2134
 1 -0.2686 0.2134
 1 -0.2686 0.1596
 1 -0.1221 0.1596
 1 -0.1221 0.2160
 1 -0.1231 0.2206
 1 -0.1247 0.2248
 1 -0.1273 0.2288
 1 -0.1303 0.2323
 1 -0.1339 0.2356
 1 -0.1378 0.2385
 1 -0.1423 0.2405
 1 -0.1472 0.2421
 1 -0.1521 0.2434
 1 -0.1577 0.2438
112 1251 30
 0 0.0397 0.2438
 1 -0.0373 0.2438
 1 0.0397 0.2438
 1 0.0397 0.2438
 1 -0.0373 0.2438
 1 -0.0425 0.2431
 1 -0.0477 0.2418
 1 -0.0523 0.2398
 1 -0.0569 0.2376
 1 -0.0608 0.2346
 1 -0.0640 0.2314
 1 -0.0666 0.2274
 1 -0.0689 0.2235
 1 -0.0702 0.2193
 1 -0.0709 0.2144
 1 -0.0712 0.2134
 1 -0.0712 0.2134
 1 -0.0712 0.1596
 1 0.0753 0.1596
 1 0.0753 0.2160
 1 0.0743 0.2206
 1 0.0727 0.2248
 1 0.0701 0.2288
 1 0.0671 0.2323
 1 0.0636 0.2356
 1 0.0596 0.2385
 1 0.0551 0.2405
 1 0.0502 0.2421
 1 0.0453 0.2434
 1 0.0397 0.2438
112 1251 30
 0 0.2371 0.2438
 1 0.1601 0.2438
 1 0.2371 0.2438
 1 0.2371 0.2438
 1 0.1601 0.2438
 1 0.1549 0.2431
 1 0.1497 0.2418
 1 0.1451 0.2398
 1 0.1406 0.2376
 1 0.1366 0.2346
 1 0.1334 0.2314
 1 0.1308 0.2274
 1 0.1285 0.2235
 1 0.1272 0.2193
 1 0.1265 0.2144
 1 0.1262 0.2134
 1 0.1262 0.2134
 1 0.1262 0.1596
 1 0.2727 0.1596
 1 0.2727 0.2160
 1 0.2717 0.2206
 1 0.2701 0.2248
 1 0.2675 0.2288
 1 0.2646 0.2323
 1 0.2610 0.2356
 1 0.2571 0.2385
 1 0.2525 0.2405
 1 0.2476 0.2421
 1 0.2427 0.2434
 1 0.2371 0.2438
112 1251 61
 0 0.0384 0.7149
 1 0.0384 0.7130
 1 0.0384 0.7097
 1 0.0384 0.7006
 1 0.0384 0.6905
 1 0.0384 0.6862
 1 0.0384 0.6826
 1 0.0384 0.6800
 1 0.0384 0.6790
 1 0.1262 0.6790
 1 0.0404 0.6790
 1 0.0384 0.6790
 1 0.0388 0.6790
 1 0.0404 0.6790
 1 0.0430 0.6790
 1 0.0463 0.6790
 1 0.0554 0.6790
 1 0.0662 0.6790
 1 0.0906 0.6790
 1 0.1024 0.6790
 1 0.1125 0.6790
 1 0.1171 0.6790
 1 0.1207 0.6790
 1 0.1236 0.6790
 1 0.1252 0.6790
 1 0.1262 0.6790
 1 0.1262 0.6794
 1 0.1262 0.6807
 1 0.1262 0.6836
 1 0.1262 0.6875
 1 0.1262 0.6973
 1 0.1262 0.7071
 1 0.1262 0.7110
 1 0.1262 0.7136
 1 0.1262 0.7153
 1 0.1262 0.7159
 1 0.1262 0.7172
 1 0.1246 0.7224
 1 0.1213 0.7270
 1 0.1171 0.7306
 1 0.1112 0.7329
 1 0.1050 0.7339
 1 0.1037 0.7339
 1 0.1008 0.7339
 1 0.0962 0.7339
 1 0.0906 0.7339
 1 0.0782 0.7339
 1 0.0720 0.7339
 1 0.0668 0.7339
 1 0.0626 0.7339
 1 0.0603 0.7339
 1 0.0596 0.7339
 1 0.0587 0.7339
 1 0.0554 0.7335
 1 0.0495 0.7316
 1 0.0446 0.7283
 1 0.0407 0.7241
 1 0.0388 0.7192
 1 0.0384 0.7162
 1 0.0384 0.7153
 1 0.0384 0.7149
