SEcl_IS-1
3490 4 1 1 0 0 0 0 0 0 1 1
1.000
112 1466 173
0 -0.5006 0.8828
1 -0.5004 0.8871
1 -0.5001 0.8915
1 -0.4996 0.8958
1 -0.4990 0.9001
1 -0.4982 0.9044
1 -0.4972 0.9087
1 -0.4961 0.9129
1 -0.4948 0.9171
1 -0.4934 0.9212
1 -0.4919 0.9253
1 -0.4902 0.9293
1 -0.4883 0.9333
1 -0.4863 0.9371
1 -0.4842 0.9409
1 -0.4819 0.9447
1 -0.4795 0.9483
1 -0.4770 0.9519
1 -0.4743 0.9553
1 -0.4715 0.9587
1 -0.4686 0.9619
1 -0.4656 0.9651
1 -0.4624 0.9681
1 -0.4592 0.9710
1 -0.4558 0.9738
1 -0.4524 0.9765
1 -0.4488 0.9790
1 -0.4452 0.9814
1 -0.4415 0.9837
1 -0.4377 0.9858
1 -0.4338 0.9878
1 -0.4298 0.9897
1 -0.4258 0.9914
1 -0.4217 0.9930
1 -0.4176 0.9944
1 -0.4134 0.9957
1 -0.4092 0.9968
1 -0.4050 0.9977
1 -0.4007 0.9985
1 -0.3964 0.9992
1 -0.3920 0.9996
1 -0.3877 1.0000
1 -0.3833 1.0001
1 0.3833 1.0001
1 0.3877 1.0000
1 0.3920 0.9996
1 0.3964 0.9992
1 0.4007 0.9985
1 0.4050 0.9977
1 0.4092 0.9968
1 0.4134 0.9957
1 0.4176 0.9944
1 0.4217 0.9930
1 0.4258 0.9914
1 0.4298 0.9897
1 0.4338 0.9878
1 0.4377 0.9858
1 0.4415 0.9837
1 0.4452 0.9814
1 0.4488 0.9790
1 0.4524 0.9765
1 0.4558 0.9738
1 0.4592 0.9710
1 0.4624 0.9681
1 0.4656 0.9651
1 0.4686 0.9619
1 0.4715 0.9587
1 0.4743 0.9553
1 0.4770 0.9519
1 0.4795 0.9483
1 0.4819 0.9447
1 0.4842 0.9409
1 0.4863 0.9371
1 0.4883 0.9333
1 0.4902 0.9293
1 0.4919 0.9253
1 0.4934 0.9212
1 0.4948 0.9171
1 0.4961 0.9129
1 0.4972 0.9087
1 0.4982 0.9044
1 0.4990 0.9001
1 0.4996 0.8958
1 0.5001 0.8915
1 0.5004 0.8871
1 0.5006 0.8828
1 0.5006 0.1174
1 0.5004 0.1130
1 0.5001 0.1087
1 0.4996 0.1043
1 0.4990 0.1000
1 0.4982 0.0957
1 0.4972 0.0915
1 0.4961 0.0872
1 0.4948 0.0831
1 0.4934 0.0789
1 0.4919 0.0748
1 0.4902 0.0708
1 0.4883 0.0669
1 0.4863 0.0630
1 0.4842 0.0592
1 0.4819 0.0555
1 0.4795 0.0518
1 0.4770 0.0483
1 0.4743 0.0448
1 0.4715 0.0415
1 0.4686 0.0382
1 0.4656 0.0351
1 0.4624 0.0320
1 0.4592 0.0291
1 0.4558 0.0263
1 0.4524 0.0237
1 0.4488 0.0211
1 0.4452 0.0187
1 0.4415 0.0164
1 0.4377 0.0143
1 0.4338 0.0123
1 0.4298 0.0104
1 0.4258 0.0087
1 0.4217 0.0072
1 0.4176 0.0057
1 0.4134 0.0045
1 0.4092 0.0034
1 0.4050 0.0024
1 0.4007 0.0016
1 0.3964 0.0010
1 0.3920 0.0005
1 0.3877 0.0002
1 0.3833 0.0000
1 -0.3833 0.0000
1 -0.3833 0.0000
1 -0.3877 0.0002
1 -0.3920 0.0005
1 -0.3964 0.0010
1 -0.4007 0.0016
1 -0.4050 0.0024
1 -0.4092 0.0034
1 -0.4134 0.0045
1 -0.4176 0.0057
1 -0.4217 0.0072
1 -0.4258 0.0087
1 -0.4298 0.0104
1 -0.4338 0.0123
1 -0.4377 0.0143
1 -0.4415 0.0164
1 -0.4452 0.0187
1 -0.4488 0.0211
1 -0.4524 0.0237
1 -0.4558 0.0263
1 -0.4592 0.0291
1 -0.4624 0.0320
1 -0.4656 0.0351
1 -0.4686 0.0382
1 -0.4715 0.0415
1 -0.4743 0.0448
1 -0.4770 0.0483
1 -0.4795 0.0518
1 -0.4819 0.0555
1 -0.4842 0.0592
1 -0.4863 0.0630
1 -0.4883 0.0669
1 -0.4902 0.0708
1 -0.4919 0.0748
1 -0.4934 0.0789
1 -0.4948 0.0831
1 -0.4961 0.0872
1 -0.4972 0.0915
1 -0.4982 0.0957
1 -0.4990 0.1000
1 -0.4996 0.1043
1 -0.5001 0.1087
1 -0.5004 0.1130
1 -0.5006 0.1174
112 1251 173
0 -0.4906 0.8826
1 -0.4904 0.8866
1 -0.4901 0.8906
1 -0.4897 0.8945
1 -0.4891 0.8985
1 -0.4884 0.9024
1 -0.4875 0.9063
1 -0.4865 0.9102
1 -0.4853 0.9140
1 -0.4840 0.9178
1 -0.4826 0.9215
1 -0.4810 0.9252
1 -0.4793 0.9288
1 -0.4775 0.9324
1 -0.4756 0.9359
1 -0.4735 0.9393
1 -0.4713 0.9426
1 -0.4689 0.9459
1 -0.4665 0.9491
1 -0.4639 0.9521
1 -0.4613 0.9551
1 -0.4585 0.9580
1 -0.4556 0.9608
1 -0.4526 0.9634
1 -0.4496 0.9660
1 -0.4464 0.9685
1 -0.4431 0.9708
1 -0.4398 0.9730
1 -0.4364 0.9751
1 -0.4329 0.9770
1 -0.4294 0.9789
1 -0.4257 0.9806
1 -0.4221 0.9821
1 -0.4183 0.9836
1 -0.4145 0.9849
1 -0.4107 0.9860
1 -0.4069 0.9870
1 -0.4029 0.9879
1 -0.3990 0.9887
1 -0.3951 0.9892
1 -0.3911 0.9897
1 -0.3871 0.9900
1 -0.3831 0.9901
1 0.3831 0.9901
1 0.3871 0.9900
1 0.3911 0.9897
1 0.3951 0.9892
1 0.3990 0.9887
1 0.4030 0.9879
1 0.4069 0.9870
1 0.4107 0.9860
1 0.4145 0.9849
1 0.4183 0.9836
1 0.4221 0.9821
1 0.4257 0.9806
1 0.4294 0.9789
1 0.4329 0.9770
1 0.4364 0.9751
1 0.4398 0.9730
1 0.4432 0.9708
1 0.4464 0.9685
1 0.4496 0.9660
1 0.4526 0.9634
1 0.4556 0.9608
1 0.4585 0.9580
1 0.4613 0.9551
1 0.4639 0.9521
1 0.4665 0.9491
1 0.4689 0.9459
1 0.4713 0.9426
1 0.4735 0.9393
1 0.4756 0.9359
1 0.4775 0.9324
1 0.4793 0.9289
1 0.4810 0.9252
1 0.4826 0.9215
1 0.4840 0.9178
1 0.4853 0.9140
1 0.4865 0.9102
1 0.4875 0.9063
1 0.4884 0.9024
1 0.4891 0.8985
1 0.4897 0.8945
1 0.4901 0.8906
1 0.4904 0.8866
1 0.4906 0.8826
1 0.4906 0.1176
1 0.4904 0.1136
1 0.4901 0.1096
1 0.4897 0.1056
1 0.4891 0.1016
1 0.4884 0.0977
1 0.4875 0.0938
1 0.4865 0.0899
1 0.4853 0.0861
1 0.4840 0.0823
1 0.4826 0.0786
1 0.4810 0.0749
1 0.4793 0.0713
1 0.4775 0.0677
1 0.4756 0.0642
1 0.4735 0.0608
1 0.4713 0.0575
1 0.4689 0.0542
1 0.4665 0.0511
1 0.4639 0.0480
1 0.4613 0.0450
1 0.4585 0.0421
1 0.4556 0.0394
1 0.4526 0.0367
1 0.4496 0.0341
1 0.4464 0.0317
1 0.4432 0.0294
1 0.4398 0.0271
1 0.4364 0.0251
1 0.4329 0.0231
1 0.4294 0.0213
1 0.4257 0.0196
1 0.4221 0.0180
1 0.4183 0.0166
1 0.4145 0.0153
1 0.4107 0.0141
1 0.4069 0.0131
1 0.4029 0.0122
1 0.3990 0.0115
1 0.3951 0.0109
1 0.3911 0.0105
1 0.3871 0.0102
1 0.3831 0.0100
1 -0.3831 0.0100
1 -0.3871 0.0102
1 -0.3911 0.0105
1 -0.3951 0.0109
1 -0.3990 0.0115
1 -0.4029 0.0122
1 -0.4069 0.0131
1 -0.4107 0.0141
1 -0.4145 0.0153
1 -0.4183 0.0166
1 -0.4221 0.0180
1 -0.4257 0.0196
1 -0.4294 0.0213
1 -0.4329 0.0231
1 -0.4364 0.0251
1 -0.4398 0.0271
1 -0.4432 0.0294
1 -0.4464 0.0317
1 -0.4496 0.0341
1 -0.4526 0.0367
1 -0.4556 0.0394
1 -0.4585 0.0421
1 -0.4613 0.0450
1 -0.4639 0.0480
1 -0.4665 0.0511
1 -0.4689 0.0542
1 -0.4713 0.0575
1 -0.4735 0.0608
1 -0.4756 0.0642
1 -0.4775 0.0677
1 -0.4793 0.0713
1 -0.4810 0.0749
1 -0.4826 0.0786
1 -0.4840 0.0823
1 -0.4853 0.0861
1 -0.4865 0.0899
1 -0.4875 0.0938
1 -0.4884 0.0977
1 -0.4891 0.1016
1 -0.4897 0.1056
1 -0.4901 0.1096
1 -0.4904 0.1136
1 -0.4906 0.1176
1 -0.4906 0.8826
112 1466 173
0 -0.4706 0.8822
1 -0.4704 0.8855
1 -0.4702 0.8887
1 -0.4698 0.8920
1 -0.4694 0.8952
1 -0.4688 0.8984
1 -0.4680 0.9016
1 -0.4672 0.9048
1 -0.4663 0.9079
1 -0.4652 0.9110
1 -0.4641 0.9141
1 -0.4628 0.9171
1 -0.4614 0.9200
1 -0.4599 0.9229
1 -0.4583 0.9258
1 -0.4566 0.9286
1 -0.4548 0.9313
1 -0.4529 0.9340
1 -0.4509 0.9366
1 -0.4488 0.9391
1 -0.4466 0.9415
1 -0.4443 0.9439
1 -0.4420 0.9461
1 -0.4396 0.9483
1 -0.4370 0.9504
1 -0.4345 0.9524
1 -0.4318 0.9543
1 -0.4291 0.9561
1 -0.4263 0.9578
1 -0.4234 0.9594
1 -0.4205 0.9609
1 -0.4176 0.9623
1 -0.4146 0.9636
1 -0.4115 0.9648
1 -0.4084 0.9658
1 -0.4053 0.9668
1 -0.4021 0.9676
1 -0.3989 0.9683
1 -0.3957 0.9689
1 -0.3925 0.9694
1 -0.3892 0.9698
1 -0.3860 0.9700
1 -0.3827 0.9701
1 0.3827 0.9701
1 0.3860 0.9700
1 0.3892 0.9698
1 0.3925 0.9694
1 0.3957 0.9689
1 0.3989 0.9683
1 0.4021 0.9676
1 0.4053 0.9668
1 0.4084 0.9658
1 0.4115 0.9648
1 0.4146 0.9636
1 0.4176 0.9623
1 0.4205 0.9609
1 0.4234 0.9594
1 0.4263 0.9578
1 0.4291 0.9561
1 0.4318 0.9543
1 0.4345 0.9524
1 0.4370 0.9504
1 0.4396 0.9483
1 0.4420 0.9461
1 0.4443 0.9439
1 0.4466 0.9415
1 0.4488 0.9391
1 0.4509 0.9366
1 0.4529 0.9340
1 0.4548 0.9313
1 0.4566 0.9286
1 0.4583 0.9258
1 0.4599 0.9229
1 0.4614 0.9200
1 0.4628 0.9171
1 0.4641 0.9141
1 0.4652 0.9110
1 0.4663 0.9079
1 0.4672 0.9048
1 0.4680 0.9016
1 0.4688 0.8984
1 0.4694 0.8952
1 0.4698 0.8920
1 0.4702 0.8887
1 0.4704 0.8855
1 0.4706 0.8822
1 0.4706 0.1179
1 0.4704 0.1147
1 0.4702 0.1114
1 0.4698 0.1082
1 0.4694 0.1049
1 0.4688 0.1017
1 0.4680 0.0985
1 0.4672 0.0954
1 0.4663 0.0922
1 0.4652 0.0891
1 0.4641 0.0861
1 0.4628 0.0831
1 0.4614 0.0801
1 0.4599 0.0772
1 0.4583 0.0744
1 0.4566 0.0716
1 0.4548 0.0688
1 0.4529 0.0662
1 0.4509 0.0636
1 0.4488 0.0611
1 0.4466 0.0586
1 0.4443 0.0563
1 0.4420 0.0540
1 0.4396 0.0518
1 0.4370 0.0497
1 0.4345 0.0477
1 0.4318 0.0458
1 0.4291 0.0440
1 0.4263 0.0423
1 0.4234 0.0407
1 0.4205 0.0392
1 0.4176 0.0378
1 0.4146 0.0365
1 0.4115 0.0354
1 0.4084 0.0343
1 0.4053 0.0334
1 0.4021 0.0325
1 0.3989 0.0318
1 0.3957 0.0312
1 0.3925 0.0307
1 0.3892 0.0304
1 0.3860 0.0301
1 0.3827 0.0300
1 -0.3827 0.0300
1 -0.3860 0.0301
1 -0.3892 0.0304
1 -0.3925 0.0307
1 -0.3957 0.0312
1 -0.3989 0.0318
1 -0.4021 0.0325
1 -0.4053 0.0334
1 -0.4084 0.0343
1 -0.4115 0.0354
1 -0.4146 0.0365
1 -0.4176 0.0378
1 -0.4205 0.0392
1 -0.4234 0.0407
1 -0.4263 0.0423
1 -0.4291 0.0440
1 -0.4318 0.0458
1 -0.4345 0.0477
1 -0.4370 0.0497
1 -0.4396 0.0518
1 -0.4420 0.0540
1 -0.4443 0.0563
1 -0.4466 0.0586
1 -0.4488 0.0611
1 -0.4509 0.0636
1 -0.4529 0.0662
1 -0.4548 0.0688
1 -0.4566 0.0716
1 -0.4583 0.0743
1 -0.4599 0.0772
1 -0.4614 0.0801
1 -0.4628 0.0831
1 -0.4640 0.0861
1 -0.4652 0.0891
1 -0.4663 0.0922
1 -0.4672 0.0954
1 -0.4680 0.0985
1 -0.4688 0.1017
1 -0.4694 0.1049
1 -0.4698 0.1082
1 -0.4702 0.1114
1 -0.4704 0.1147
1 -0.4706 0.1179
1 -0.4706 0.8822
112 1251 307
0 0.2254 0.2382
1 0.2254 0.2382
1 0.2310 0.2425
1 0.2254 0.2382
1 0.2323 0.2434
1 0.2469 0.2542
1 0.2531 0.2591
1 0.2584 0.2630
1 0.2620 0.2656
1 0.2629 0.2663
1 0.2633 0.2666
1 0.2633 0.2669
1 0.2626 0.2686
1 0.2620 0.2712
1 0.2613 0.2744
1 0.2600 0.2790
1 0.2587 0.2839
1 0.2571 0.2901
1 0.2554 0.2966
1 0.2515 0.3120
1 0.2466 0.3293
1 0.2417 0.3488
1 0.2362 0.3697
1 0.2303 0.3916
1 0.2244 0.4141
1 0.2124 0.4598
1 0.2065 0.4820
1 0.2009 0.5032
1 0.1957 0.5231
1 0.1908 0.5414
1 0.1866 0.5573
1 0.1846 0.5645
1 0.1830 0.5707
1 0.1817 0.5766
1 0.1804 0.5815
1 0.1794 0.5854
1 0.1784 0.5887
1 0.1778 0.5906
1 0.1774 0.5919
1 0.1774 0.5923
1 0.1778 0.5926
1 0.1791 0.5939
1 0.1833 0.5985
1 0.2003 0.6167
1 0.2159 0.6334
1 0.2300 0.6487
1 0.2424 0.6627
1 0.2535 0.6748
1 0.2626 0.6853
1 0.2665 0.6898
1 0.2698 0.6937
1 0.2727 0.6973
1 0.2753 0.7003
1 0.2776 0.7029
1 0.2789 0.7045
1 0.2802 0.7058
1 0.2809 0.7065
1 0.2809 0.7068
1 0.2812 0.7074
1 0.2828 0.7091
1 0.2881 0.7156
1 0.2975 0.7290
1 0.3057 0.7417
1 0.3129 0.7544
1 0.3181 0.7662
1 0.3223 0.7773
1 0.3249 0.7874
1 0.3262 0.7965
1 0.3259 0.8044
1 0.3240 0.8109
1 0.3204 0.8161
1 0.3155 0.8194
1 0.3089 0.8213
1 0.3011 0.8217
1 0.2920 0.8203
1 0.2819 0.8177
1 0.2708 0.8138
1 0.2587 0.8083
1 0.2463 0.8014
1 0.2336 0.7929
1 0.2202 0.7835
1 0.2133 0.7783
1 0.2117 0.7769
1 0.2114 0.7763
1 0.2111 0.7763
1 0.2104 0.7756
1 0.2091 0.7747
1 0.2071 0.7730
1 0.2049 0.7707
1 0.2019 0.7685
1 0.1983 0.7655
1 0.1944 0.7619
1 0.1898 0.7580
1 0.1794 0.7489
1 0.1673 0.7381
1 0.1533 0.7254
1 0.1380 0.7114
1 0.1210 0.6960
1 0.1030 0.6791
1 0.0982 0.6745
1 0.0972 0.6732
1 0.0968 0.6729
1 0.0965 0.6729
1 0.0952 0.6732
1 0.0929 0.6738
1 0.0900 0.6748
1 0.0858 0.6758
1 0.0809 0.6771
1 0.0753 0.6787
1 0.0691 0.6804
1 0.0619 0.6820
1 0.0459 0.6862
1 0.0277 0.6911
1 0.0078 0.6963
1 -0.0134 0.7019
1 -0.0356 0.7078
1 -0.0813 0.7198
1 -0.1038 0.7257
1 -0.1260 0.7316
1 -0.1469 0.7371
1 -0.1662 0.7424
1 -0.1838 0.7469
1 -0.1988 0.7508
1 -0.2056 0.7525
1 -0.2115 0.7541
1 -0.2167 0.7554
1 -0.2210 0.7567
1 -0.2242 0.7577
1 -0.2268 0.7583
1 -0.2285 0.7587
1 -0.2288 0.7587
1 -0.2291 0.7583
1 -0.2298 0.7574
1 -0.2327 0.7541
1 -0.2366 0.7486
1 -0.2412 0.7424
1 -0.2523 0.7280
1 -0.2572 0.7208
1 -0.2618 0.7149
1 -0.2654 0.7101
1 -0.2667 0.7084
1 -0.2676 0.7071
1 -0.2680 0.7068
1 -0.2673 0.7061
1 -0.2660 0.7055
1 -0.2637 0.7042
1 -0.2608 0.7022
1 -0.2572 0.7003
1 -0.2533 0.6977
1 -0.2484 0.6950
1 -0.2373 0.6882
1 -0.2246 0.6807
1 -0.2102 0.6719
1 -0.1945 0.6624
1 -0.1779 0.6526
1 -0.1433 0.6317
1 -0.1084 0.6109
1 -0.0921 0.6011
1 -0.0764 0.5916
1 -0.0621 0.5828
1 -0.0490 0.5753
1 -0.0379 0.5684
1 -0.0334 0.5658
1 -0.0291 0.5632
1 -0.0255 0.5613
1 -0.0229 0.5593
1 -0.0206 0.5580
1 -0.0193 0.5573
1 -0.0187 0.5567
1 -0.0183 0.5567
1 -0.0187 0.5567
1 -0.0193 0.5560
1 -0.0213 0.5538
1 -0.0301 0.5443
1 -0.0464 0.5257
1 -0.0624 0.5074
1 -0.0774 0.4895
1 -0.0918 0.4718
1 -0.1188 0.4363
1 -0.1443 0.4010
1 -0.1681 0.3648
1 -0.1688 0.3648
1 -0.1711 0.3655
1 -0.1743 0.3661
1 -0.1786 0.3671
1 -0.1838 0.3681
1 -0.1900 0.3697
1 -0.2037 0.3727
1 -0.2350 0.3795
1 -0.2500 0.3828
1 -0.2631 0.3857
1 -0.2686 0.3870
1 -0.2735 0.3880
1 -0.2771 0.3886
1 -0.2794 0.3893
1 -0.2807 0.3896
1 -0.2810 0.3893
1 -0.2823 0.3880
1 -0.2849 0.3847
1 -0.2888 0.3802
1 -0.2983 0.3694
1 -0.3078 0.3586
1 -0.3117 0.3541
1 -0.3143 0.3508
1 -0.3159 0.3492
1 -0.3146 0.3485
1 -0.3123 0.3475
1 -0.3088 0.3462
1 -0.3042 0.3443
1 -0.2986 0.3420
1 -0.2856 0.3368
1 -0.2709 0.3306
1 -0.2402 0.3178
1 -0.2268 0.3120
1 -0.2207 0.3097
1 -0.2158 0.3074
1 -0.2112 0.3058
1 -0.2083 0.3045
1 -0.2060 0.3035
1 -0.2053 0.3031
1 -0.2047 0.3025
1 -0.2034 0.3012
1 -0.1998 0.2976
1 -0.1978 0.2956
1 -0.1942 0.2921
1 -0.1929 0.2907
1 -0.1923 0.2901
1 -0.1919 0.2894
1 -0.1910 0.2875
1 -0.1897 0.2842
1 -0.1880 0.2800
1 -0.1857 0.2748
1 -0.1835 0.2689
1 -0.1776 0.2552
1 -0.1649 0.2245
1 -0.1590 0.2098
1 -0.1534 0.1968
1 -0.1511 0.1915
1 -0.1492 0.1870
1 -0.1479 0.1834
1 -0.1469 0.1808
1 -0.1463 0.1798
1 -0.1446 0.1811
1 -0.1414 0.1840
1 -0.1368 0.1876
1 -0.1260 0.1971
1 -0.1153 0.2066
1 -0.1110 0.2105
1 -0.1077 0.2131
1 -0.1061 0.2147
1 -0.1058 0.2147
1 -0.1061 0.2160
1 -0.1068 0.2183
1 -0.1074 0.2222
1 -0.1087 0.2268
1 -0.1097 0.2323
1 -0.1126 0.2454
1 -0.1159 0.2604
1 -0.1228 0.2917
1 -0.1260 0.3058
1 -0.1273 0.3116
1 -0.1283 0.3169
1 -0.1293 0.3214
1 -0.1299 0.3247
1 -0.1306 0.3266
1 -0.1306 0.3273
1 -0.0944 0.3511
1 -0.0591 0.3766
1 -0.0239 0.4037
1 -0.0059 0.4180
1 0.0120 0.4330
1 0.0303 0.4490
1 0.0489 0.4656
1 0.0580 0.4741
1 0.0606 0.4764
1 0.0610 0.4767
1 0.0613 0.4771
1 0.0616 0.4764
1 0.0626 0.4748
1 0.0639 0.4728
1 0.0655 0.4699
1 0.0678 0.4663
1 0.0701 0.4621
1 0.0730 0.4575
1 0.0796 0.4464
1 0.0874 0.4337
1 0.0962 0.4190
1 0.1363 0.3521
1 0.1572 0.3175
1 0.1670 0.3009
1 0.1765 0.2852
1 0.1850 0.2708
1 0.1928 0.2581
1 0.1993 0.2470
1 0.2022 0.2425
1 0.2049 0.2382
1 0.2068 0.2346
1 0.2084 0.2317
1 0.2098 0.2297
1 0.2107 0.2281
1 0.2111 0.2274
1 0.2114 0.2274
1 0.2117 0.2278
1 0.2130 0.2287
1 0.2146 0.2301
1 0.2192 0.2336
1 0.2254 0.2382
