SEcl_IS-4
3493 10 1 1 0 0 0 0 0 0 1 1
1.000
112 1466 173
0 -0.5006 0.8828
1 -0.5004 0.8871
1 -0.5001 0.8915
1 -0.4996 0.8958
1 -0.4990 0.9001
1 -0.4982 0.9044
1 -0.4972 0.9087
1 -0.4961 0.9129
1 -0.4948 0.9171
1 -0.4934 0.9212
1 -0.4919 0.9253
1 -0.4902 0.9293
1 -0.4883 0.9333
1 -0.4863 0.9371
1 -0.4842 0.9409
1 -0.4819 0.9447
1 -0.4795 0.9483
1 -0.4770 0.9519
1 -0.4743 0.9553
1 -0.4715 0.9587
1 -0.4686 0.9619
1 -0.4656 0.9651
1 -0.4624 0.9681
1 -0.4592 0.9710
1 -0.4558 0.9738
1 -0.4524 0.9765
1 -0.4488 0.9790
1 -0.4452 0.9814
1 -0.4415 0.9837
1 -0.4377 0.9858
1 -0.4338 0.9878
1 -0.4298 0.9897
1 -0.4258 0.9914
1 -0.4217 0.9930
1 -0.4176 0.9944
1 -0.4134 0.9957
1 -0.4092 0.9968
1 -0.4050 0.9977
1 -0.4007 0.9985
1 -0.3964 0.9992
1 -0.3920 0.9996
1 -0.3877 1.0000
1 -0.3833 1.0001
1 0.3833 1.0001
1 0.3877 1.0000
1 0.3920 0.9996
1 0.3964 0.9992
1 0.4007 0.9985
1 0.4050 0.9977
1 0.4092 0.9968
1 0.4134 0.9957
1 0.4176 0.9944
1 0.4217 0.9930
1 0.4258 0.9914
1 0.4298 0.9897
1 0.4338 0.9878
1 0.4377 0.9858
1 0.4415 0.9837
1 0.4452 0.9814
1 0.4488 0.9790
1 0.4524 0.9765
1 0.4558 0.9738
1 0.4592 0.9710
1 0.4624 0.9681
1 0.4656 0.9651
1 0.4686 0.9619
1 0.4715 0.9587
1 0.4743 0.9553
1 0.4770 0.9519
1 0.4795 0.9483
1 0.4819 0.9447
1 0.4842 0.9409
1 0.4863 0.9371
1 0.4883 0.9333
1 0.4902 0.9293
1 0.4919 0.9253
1 0.4934 0.9212
1 0.4948 0.9171
1 0.4961 0.9129
1 0.4972 0.9087
1 0.4982 0.9044
1 0.4990 0.9001
1 0.4996 0.8958
1 0.5001 0.8915
1 0.5004 0.8871
1 0.5006 0.8828
1 0.5006 0.1174
1 0.5004 0.1130
1 0.5001 0.1087
1 0.4996 0.1043
1 0.4990 0.1000
1 0.4982 0.0957
1 0.4972 0.0915
1 0.4961 0.0872
1 0.4948 0.0831
1 0.4934 0.0789
1 0.4919 0.0748
1 0.4902 0.0708
1 0.4883 0.0669
1 0.4863 0.0630
1 0.4842 0.0592
1 0.4819 0.0555
1 0.4795 0.0518
1 0.4770 0.0483
1 0.4743 0.0448
1 0.4715 0.0415
1 0.4686 0.0382
1 0.4656 0.0351
1 0.4624 0.0320
1 0.4592 0.0291
1 0.4558 0.0263
1 0.4524 0.0237
1 0.4488 0.0211
1 0.4452 0.0187
1 0.4415 0.0164
1 0.4377 0.0143
1 0.4338 0.0123
1 0.4298 0.0104
1 0.4258 0.0087
1 0.4217 0.0072
1 0.4176 0.0057
1 0.4134 0.0045
1 0.4092 0.0034
1 0.4050 0.0024
1 0.4007 0.0016
1 0.3964 0.0010
1 0.3920 0.0005
1 0.3877 0.0002
1 0.3833 0.0000
1 -0.3833 0.0000
1 -0.3833 0.0000
1 -0.3877 0.0002
1 -0.3920 0.0005
1 -0.3964 0.0010
1 -0.4007 0.0016
1 -0.4050 0.0024
1 -0.4092 0.0034
1 -0.4134 0.0045
1 -0.4176 0.0057
1 -0.4217 0.0072
1 -0.4258 0.0087
1 -0.4298 0.0104
1 -0.4338 0.0123
1 -0.4377 0.0143
1 -0.4415 0.0164
1 -0.4452 0.0187
1 -0.4488 0.0211
1 -0.4524 0.0237
1 -0.4558 0.0263
1 -0.4592 0.0291
1 -0.4624 0.0320
1 -0.4656 0.0351
1 -0.4686 0.0382
1 -0.4715 0.0415
1 -0.4743 0.0448
1 -0.4770 0.0483
1 -0.4795 0.0518
1 -0.4819 0.0555
1 -0.4842 0.0592
1 -0.4863 0.0630
1 -0.4883 0.0669
1 -0.4902 0.0708
1 -0.4919 0.0748
1 -0.4934 0.0789
1 -0.4948 0.0831
1 -0.4961 0.0872
1 -0.4972 0.0915
1 -0.4982 0.0957
1 -0.4990 0.1000
1 -0.4996 0.1043
1 -0.5001 0.1087
1 -0.5004 0.1130
1 -0.5006 0.1174
112 1251 173
0 -0.4906 0.8826
1 -0.4904 0.8866
1 -0.4901 0.8906
1 -0.4897 0.8945
1 -0.4891 0.8985
1 -0.4884 0.9024
1 -0.4875 0.9063
1 -0.4865 0.9102
1 -0.4853 0.9140
1 -0.4840 0.9178
1 -0.4826 0.9215
1 -0.4810 0.9252
1 -0.4793 0.9288
1 -0.4775 0.9324
1 -0.4756 0.9359
1 -0.4735 0.9393
1 -0.4713 0.9426
1 -0.4689 0.9459
1 -0.4665 0.9491
1 -0.4639 0.9521
1 -0.4613 0.9551
1 -0.4585 0.9580
1 -0.4556 0.9608
1 -0.4526 0.9634
1 -0.4496 0.9660
1 -0.4464 0.9685
1 -0.4431 0.9708
1 -0.4398 0.9730
1 -0.4364 0.9751
1 -0.4329 0.9770
1 -0.4294 0.9789
1 -0.4257 0.9806
1 -0.4221 0.9821
1 -0.4183 0.9836
1 -0.4145 0.9849
1 -0.4107 0.9860
1 -0.4069 0.9870
1 -0.4029 0.9879
1 -0.3990 0.9887
1 -0.3951 0.9892
1 -0.3911 0.9897
1 -0.3871 0.9900
1 -0.3831 0.9901
1 0.3831 0.9901
1 0.3871 0.9900
1 0.3911 0.9897
1 0.3951 0.9892
1 0.3990 0.9887
1 0.4030 0.9879
1 0.4069 0.9870
1 0.4107 0.9860
1 0.4145 0.9849
1 0.4183 0.9836
1 0.4221 0.9821
1 0.4257 0.9806
1 0.4294 0.9789
1 0.4329 0.9770
1 0.4364 0.9751
1 0.4398 0.9730
1 0.4432 0.9708
1 0.4464 0.9685
1 0.4496 0.9660
1 0.4526 0.9634
1 0.4556 0.9608
1 0.4585 0.9580
1 0.4613 0.9551
1 0.4639 0.9521
1 0.4665 0.9491
1 0.4689 0.9459
1 0.4713 0.9426
1 0.4735 0.9393
1 0.4756 0.9359
1 0.4775 0.9324
1 0.4793 0.9289
1 0.4810 0.9252
1 0.4826 0.9215
1 0.4840 0.9178
1 0.4853 0.9140
1 0.4865 0.9102
1 0.4875 0.9063
1 0.4884 0.9024
1 0.4891 0.8985
1 0.4897 0.8945
1 0.4901 0.8906
1 0.4904 0.8866
1 0.4906 0.8826
1 0.4906 0.1176
1 0.4904 0.1136
1 0.4901 0.1096
1 0.4897 0.1056
1 0.4891 0.1016
1 0.4884 0.0977
1 0.4875 0.0938
1 0.4865 0.0899
1 0.4853 0.0861
1 0.4840 0.0823
1 0.4826 0.0786
1 0.4810 0.0749
1 0.4793 0.0713
1 0.4775 0.0677
1 0.4756 0.0642
1 0.4735 0.0608
1 0.4713 0.0575
1 0.4689 0.0542
1 0.4665 0.0511
1 0.4639 0.0480
1 0.4613 0.0450
1 0.4585 0.0421
1 0.4556 0.0394
1 0.4526 0.0367
1 0.4496 0.0341
1 0.4464 0.0317
1 0.4432 0.0294
1 0.4398 0.0271
1 0.4364 0.0251
1 0.4329 0.0231
1 0.4294 0.0213
1 0.4257 0.0196
1 0.4221 0.0180
1 0.4183 0.0166
1 0.4145 0.0153
1 0.4107 0.0141
1 0.4069 0.0131
1 0.4029 0.0122
1 0.3990 0.0115
1 0.3951 0.0109
1 0.3911 0.0105
1 0.3871 0.0102
1 0.3831 0.0100
1 -0.3831 0.0100
1 -0.3871 0.0102
1 -0.3911 0.0105
1 -0.3951 0.0109
1 -0.3990 0.0115
1 -0.4029 0.0122
1 -0.4069 0.0131
1 -0.4107 0.0141
1 -0.4145 0.0153
1 -0.4183 0.0166
1 -0.4221 0.0180
1 -0.4257 0.0196
1 -0.4294 0.0213
1 -0.4329 0.0231
1 -0.4364 0.0251
1 -0.4398 0.0271
1 -0.4432 0.0294
1 -0.4464 0.0317
1 -0.4496 0.0341
1 -0.4526 0.0367
1 -0.4556 0.0394
1 -0.4585 0.0421
1 -0.4613 0.0450
1 -0.4639 0.0480
1 -0.4665 0.0511
1 -0.4689 0.0542
1 -0.4713 0.0575
1 -0.4735 0.0608
1 -0.4756 0.0642
1 -0.4775 0.0677
1 -0.4793 0.0713
1 -0.4810 0.0749
1 -0.4826 0.0786
1 -0.4840 0.0823
1 -0.4853 0.0861
1 -0.4865 0.0899
1 -0.4875 0.0938
1 -0.4884 0.0977
1 -0.4891 0.1016
1 -0.4897 0.1056
1 -0.4901 0.1096
1 -0.4904 0.1136
1 -0.4906 0.1176
1 -0.4906 0.8826
112 1466 173
0 -0.4706 0.8822
1 -0.4704 0.8855
1 -0.4702 0.8887
1 -0.4698 0.8920
1 -0.4694 0.8952
1 -0.4688 0.8984
1 -0.4680 0.9016
1 -0.4672 0.9048
1 -0.4663 0.9079
1 -0.4652 0.9110
1 -0.4641 0.9141
1 -0.4628 0.9171
1 -0.4614 0.9200
1 -0.4599 0.9229
1 -0.4583 0.9258
1 -0.4566 0.9286
1 -0.4548 0.9313
1 -0.4529 0.9340
1 -0.4509 0.9366
1 -0.4488 0.9391
1 -0.4466 0.9415
1 -0.4443 0.9439
1 -0.4420 0.9461
1 -0.4396 0.9483
1 -0.4370 0.9504
1 -0.4345 0.9524
1 -0.4318 0.9543
1 -0.4291 0.9561
1 -0.4263 0.9578
1 -0.4234 0.9594
1 -0.4205 0.9609
1 -0.4176 0.9623
1 -0.4146 0.9636
1 -0.4115 0.9648
1 -0.4084 0.9658
1 -0.4053 0.9668
1 -0.4021 0.9676
1 -0.3989 0.9683
1 -0.3957 0.9689
1 -0.3925 0.9694
1 -0.3892 0.9698
1 -0.3860 0.9700
1 -0.3827 0.9701
1 0.3827 0.9701
1 0.3860 0.9700
1 0.3892 0.9698
1 0.3925 0.9694
1 0.3957 0.9689
1 0.3989 0.9683
1 0.4021 0.9676
1 0.4053 0.9668
1 0.4084 0.9658
1 0.4115 0.9648
1 0.4146 0.9636
1 0.4176 0.9623
1 0.4205 0.9609
1 0.4234 0.9594
1 0.4263 0.9578
1 0.4291 0.9561
1 0.4318 0.9543
1 0.4345 0.9524
1 0.4370 0.9504
1 0.4396 0.9483
1 0.4420 0.9461
1 0.4443 0.9439
1 0.4466 0.9415
1 0.4488 0.9391
1 0.4509 0.9366
1 0.4529 0.9340
1 0.4548 0.9313
1 0.4566 0.9286
1 0.4583 0.9258
1 0.4599 0.9229
1 0.4614 0.9200
1 0.4628 0.9171
1 0.4641 0.9141
1 0.4652 0.9110
1 0.4663 0.9079
1 0.4672 0.9048
1 0.4680 0.9016
1 0.4688 0.8984
1 0.4694 0.8952
1 0.4698 0.8920
1 0.4702 0.8887
1 0.4704 0.8855
1 0.4706 0.8822
1 0.4706 0.1179
1 0.4704 0.1147
1 0.4702 0.1114
1 0.4698 0.1082
1 0.4694 0.1049
1 0.4688 0.1017
1 0.4680 0.0985
1 0.4672 0.0954
1 0.4663 0.0922
1 0.4652 0.0891
1 0.4641 0.0861
1 0.4628 0.0831
1 0.4614 0.0801
1 0.4599 0.0772
1 0.4583 0.0744
1 0.4566 0.0716
1 0.4548 0.0688
1 0.4529 0.0662
1 0.4509 0.0636
1 0.4488 0.0611
1 0.4466 0.0586
1 0.4443 0.0563
1 0.4420 0.0540
1 0.4396 0.0518
1 0.4370 0.0497
1 0.4345 0.0477
1 0.4318 0.0458
1 0.4291 0.0440
1 0.4263 0.0423
1 0.4234 0.0407
1 0.4205 0.0392
1 0.4176 0.0378
1 0.4146 0.0365
1 0.4115 0.0354
1 0.4084 0.0343
1 0.4053 0.0334
1 0.4021 0.0325
1 0.3989 0.0318
1 0.3957 0.0312
1 0.3925 0.0307
1 0.3892 0.0304
1 0.3860 0.0301
1 0.3827 0.0300
1 -0.3827 0.0300
1 -0.3860 0.0301
1 -0.3892 0.0304
1 -0.3925 0.0307
1 -0.3957 0.0312
1 -0.3989 0.0318
1 -0.4021 0.0325
1 -0.4053 0.0334
1 -0.4084 0.0343
1 -0.4115 0.0354
1 -0.4146 0.0365
1 -0.4176 0.0378
1 -0.4205 0.0392
1 -0.4234 0.0407
1 -0.4263 0.0423
1 -0.4291 0.0440
1 -0.4318 0.0458
1 -0.4345 0.0477
1 -0.4370 0.0497
1 -0.4396 0.0518
1 -0.4420 0.0540
1 -0.4443 0.0563
1 -0.4466 0.0586
1 -0.4488 0.0611
1 -0.4509 0.0636
1 -0.4529 0.0662
1 -0.4548 0.0688
1 -0.4566 0.0716
1 -0.4583 0.0743
1 -0.4599 0.0772
1 -0.4614 0.0801
1 -0.4628 0.0831
1 -0.4640 0.0861
1 -0.4652 0.0891
1 -0.4663 0.0922
1 -0.4672 0.0954
1 -0.4680 0.0985
1 -0.4688 0.1017
1 -0.4694 0.1049
1 -0.4698 0.1082
1 -0.4702 0.1114
1 -0.4704 0.1147
1 -0.4706 0.1179
1 -0.4706 0.8822
112 1251 149
0 0.0042 0.6291
1 0.0042 0.6278
1 0.0038 0.6255
1 0.0038 0.6226
1 0.0038 0.6151
1 0.0038 0.6118
1 0.0038 0.6089
1 0.0038 0.6073
1 0.0038 0.6069
1 0.0029 0.6069
1 0.0016 0.6069
1 -0.0069 0.6069
1 -0.0086 0.6069
1 -0.0095 0.6069
1 -0.0095 0.6073
1 -0.0095 0.6086
1 -0.0099 0.6112
1 -0.0099 0.6144
1 -0.0099 0.6216
1 -0.0099 0.6249
1 -0.0099 0.6272
1 -0.0099 0.6281
1 -0.0099 0.6285
1 -0.0102 0.6285
1 -0.0105 0.6285
1 -0.0200 0.6298
1 -0.0285 0.6324
1 -0.0314 0.6334
1 -0.0334 0.6343
1 -0.0366 0.6356
1 -0.0373 0.6360
1 -0.0373 0.6370
1 -0.0369 0.6396
1 -0.0360 0.6533
1 -0.0356 0.6559
1 -0.0356 0.6575
1 -0.0353 0.6578
1 -0.0347 0.6575
1 -0.0314 0.6565
1 -0.0291 0.6559
1 -0.0262 0.6549
1 -0.0177 0.6529
1 -0.0079 0.6520
1 -0.0004 0.6523
1 0.0058 0.6539
1 0.0100 0.6565
1 0.0113 0.6585
1 0.0123 0.6608
1 0.0127 0.6637
1 0.0123 0.6653
1 0.0113 0.6676
1 0.0094 0.6696
1 0.0071 0.6709
1 0.0006 0.6732
1 -0.0076 0.6751
1 -0.0118 0.6761
1 -0.0128 0.6764
1 -0.0144 0.6771
1 -0.0187 0.6784
1 -0.0265 0.6826
1 -0.0298 0.6856
1 -0.0327 0.6888
1 -0.0350 0.6931
1 -0.0369 0.6983
1 -0.0379 0.7042
1 -0.0379 0.7104
1 -0.0373 0.7159
1 -0.0356 0.7208
1 -0.0330 0.7257
1 -0.0301 0.7300
1 -0.0262 0.7339
1 -0.0213 0.7371
1 -0.0161 0.7397
1 -0.0099 0.7417
1 -0.0082 0.7420
1 -0.0073 0.7424
1 -0.0069 0.7424
1 -0.0066 0.7424
1 -0.0063 0.7430
1 -0.0063 0.7446
1 -0.0066 0.7472
1 -0.0066 0.7541
1 -0.0066 0.7606
1 -0.0066 0.7626
1 -0.0066 0.7636
1 -0.0063 0.7636
1 -0.0050 0.7636
1 0.0038 0.7636
1 0.0071 0.7636
1 0.0074 0.7636
1 0.0074 0.7626
1 0.0074 0.7606
1 0.0074 0.7577
1 0.0074 0.7508
1 0.0074 0.7450
1 0.0074 0.7433
1 0.0074 0.7430
1 0.0081 0.7427
1 0.0094 0.7427
1 0.0120 0.7424
1 0.0166 0.7414
1 0.0247 0.7388
1 0.0273 0.7378
1 0.0293 0.7368
1 0.0322 0.7352
1 0.0329 0.7345
1 0.0329 0.7342
1 0.0329 0.7322
1 0.0319 0.7260
1 0.0313 0.7185
1 0.0309 0.7156
1 0.0306 0.7133
1 0.0303 0.7127
1 0.0293 0.7133
1 0.0251 0.7149
1 0.0198 0.7169
1 0.0133 0.7182
1 0.0058 0.7189
1 -0.0024 0.7182
1 -0.0079 0.7162
1 -0.0118 0.7133
1 -0.0135 0.7087
1 -0.0135 0.7065
1 -0.0131 0.7052
1 -0.0121 0.7032
1 -0.0099 0.7016
1 -0.0073 0.7003
1 -0.0007 0.6980
1 0.0071 0.6957
1 0.0113 0.6944
1 0.0130 0.6941
1 0.0149 0.6931
1 0.0192 0.6914
1 0.0267 0.6869
1 0.0299 0.6839
1 0.0326 0.6804
1 0.0348 0.6761
1 0.0361 0.6709
1 0.0368 0.6650
1 0.0365 0.6588
1 0.0352 0.6529
1 0.0332 0.6477
1 0.0303 0.6428
1 0.0267 0.6389
1 0.0221 0.6353
1 0.0169 0.6327
1 0.0113 0.6304
1 0.0048 0.6291
1 0.0042 0.6291
112 1251 51
0 0.1380 0.3381
1 0.1396 0.3312
1 0.1399 0.3276
1 0.1399 0.3266
1 0.1399 0.3260
1 0.1399 0.3247
1 0.1393 0.3198
1 0.1380 0.3149
1 0.1360 0.3106
1 0.1334 0.3067
1 0.1305 0.3031
1 0.1269 0.2999
1 0.1229 0.2973
1 0.1184 0.2953
1 0.1138 0.2940
1 0.1089 0.2934
1 0.1076 0.2934
1 0.1073 0.2934
1 0.1070 0.2934
1 0.1057 0.2934
1 0.1040 0.2934
1 0.0933 0.2934
1 0.0887 0.2934
1 0.0874 0.2934
1 0.0871 0.2934
1 0.0867 0.2940
1 0.0861 0.2953
1 0.0844 0.3002
1 0.0818 0.3067
1 0.0789 0.3142
1 0.0760 0.3211
1 0.0747 0.3234
1 0.0737 0.3253
1 0.0694 0.3332
1 0.0645 0.3416
1 0.0632 0.3436
1 0.0629 0.3443
1 0.0639 0.3443
1 0.0652 0.3443
1 0.0678 0.3443
1 0.0740 0.3443
1 0.0825 0.3443
1 0.0920 0.3443
1 0.1119 0.3443
1 0.1207 0.3443
1 0.1278 0.3443
1 0.1308 0.3443
1 0.1327 0.3443
1 0.1340 0.3443
1 0.1347 0.3443
1 0.1380 0.3381
112 1251 50
0 0.0593 0.4408
1 0.0626 0.4408
1 0.0671 0.4408
1 0.0733 0.4408
1 0.0877 0.4408
1 0.1027 0.4408
1 0.1096 0.4408
1 0.1154 0.4408
1 0.1200 0.4408
1 0.1226 0.4408
1 0.1233 0.4408
1 0.1243 0.4408
1 0.1285 0.4405
1 0.1363 0.4386
1 0.1432 0.4350
1 0.1487 0.4301
1 0.1530 0.4236
1 0.1556 0.4164
1 0.1562 0.4082
1 0.1549 0.4001
1 0.1513 0.3929
1 0.1468 0.3870
1 0.1406 0.3824
1 0.1331 0.3792
1 0.1252 0.3779
1 0.1233 0.3779
1 0.1229 0.3779
1 0.1207 0.3779
1 0.1164 0.3779
1 0.1109 0.3779
1 0.1040 0.3779
1 0.0968 0.3779
1 0.0818 0.3779
1 0.0747 0.3779
1 0.0685 0.3779
1 0.0632 0.3779
1 0.0596 0.3779
1 0.0583 0.3779
1 0.0580 0.3785
1 0.0580 0.3811
1 0.0580 0.3857
1 0.0580 0.3912
1 0.0580 0.3978
1 0.0580 0.4121
1 0.0580 0.4262
1 0.0580 0.4320
1 0.0580 0.4366
1 0.0580 0.4399
1 0.0580 0.4408
1 0.0593 0.4408
112 1251 7
0 0.1298 0.5058
1 0.1298 0.7779
1 0.1621 0.7779
1 0.1621 0.4738
1 0.0564 0.4738
1 0.0564 0.5058
1 0.1298 0.5058
112 1251 208
0 -0.1260 0.8089
1 -0.1277 0.8089
1 -0.1329 0.8089
1 -0.1476 0.8089
1 -0.1538 0.8089
1 -0.1560 0.8089
1 -0.1573 0.8089
1 -0.1577 0.8089
1 -0.1590 0.8089
1 -0.1613 0.8089
1 -0.1652 0.8089
1 -0.1750 0.8089
1 -0.1861 0.8089
1 -0.1965 0.8089
1 -0.2007 0.8089
1 -0.2037 0.8089
1 -0.2056 0.8089
1 -0.2056 0.8076
1 -0.2056 0.8047
1 -0.2056 0.8008
1 -0.2056 0.7962
1 -0.2056 0.7854
1 -0.2056 0.7747
1 -0.2056 0.7698
1 -0.2056 0.7659
1 -0.2056 0.7632
1 -0.2056 0.7619
1 -0.2056 0.7616
1 -0.2043 0.7616
1 -0.2021 0.7616
1 -0.1988 0.7616
1 -0.1910 0.7616
1 -0.1825 0.7616
1 -0.1753 0.7616
1 -0.1724 0.7616
1 -0.1704 0.7616
1 -0.1694 0.7616
1 -0.1697 0.7613
1 -0.1701 0.7603
1 -0.1711 0.7583
1 -0.1737 0.7528
1 -0.1799 0.7404
1 -0.1821 0.7358
1 -0.1828 0.7345
1 -0.1828 0.7339
1 -0.1835 0.7339
1 -0.1857 0.7339
1 -0.1887 0.7339
1 -0.1926 0.7339
1 -0.2115 0.7339
1 -0.2197 0.7339
1 -0.2226 0.7339
1 -0.2242 0.7339
1 -0.2285 0.7345
1 -0.2317 0.7365
1 -0.2334 0.7401
1 -0.2334 0.7420
1 -0.2334 0.7430
1 -0.2334 0.7446
1 -0.2334 0.7499
1 -0.2334 0.7567
1 -0.2334 0.7652
1 -0.2334 0.7845
1 -0.2334 0.8037
1 -0.2334 0.8122
1 -0.2334 0.8194
1 -0.2334 0.8243
1 -0.2334 0.8259
1 -0.2334 0.8269
1 -0.2334 0.8292
1 -0.2317 0.8331
1 -0.2285 0.8354
1 -0.2262 0.8357
1 -0.2252 0.8357
1 -0.2242 0.8357
1 -0.2223 0.8357
1 -0.2197 0.8357
1 -0.2161 0.8357
1 -0.2118 0.8357
1 -0.2063 0.8357
1 -0.2004 0.8357
1 -0.1936 0.8357
1 -0.1861 0.8357
1 -0.1691 0.8357
1 -0.1498 0.8357
1 -0.1286 0.8357
1 -0.1055 0.8357
1 -0.0810 0.8357
1 -0.0555 0.8357
1 -0.0294 0.8357
1 0.0238 0.8357
1 0.0756 0.8357
1 0.1004 0.8357
1 0.1243 0.8357
1 0.1461 0.8357
1 0.1664 0.8357
1 0.1843 0.8357
1 0.1925 0.8357
1 0.1996 0.8357
1 0.2062 0.8357
1 0.2124 0.8357
1 0.2173 0.8357
1 0.2215 0.8357
1 0.2251 0.8357
1 0.2274 0.8357
1 0.2290 0.8357
1 0.2293 0.8357
1 0.2342 0.8350
1 0.2368 0.8327
1 0.2378 0.8285
1 0.2378 0.8272
1 0.2378 0.8265
1 0.2378 0.8252
1 0.2378 0.8207
1 0.2378 0.8141
1 0.2378 0.8060
1 0.2378 0.7965
1 0.2378 0.7769
1 0.2378 0.7675
1 0.2378 0.7587
1 0.2378 0.7515
1 0.2378 0.7459
1 0.2378 0.7427
1 0.2378 0.7417
1 0.2378 0.7397
1 0.2359 0.7362
1 0.2323 0.7342
1 0.2300 0.7339
1 0.2290 0.7339
1 0.2274 0.7339
1 0.2241 0.7339
1 0.2199 0.7339
1 0.2091 0.7339
1 0.1977 0.7339
1 0.1876 0.7339
1 0.1836 0.7339
1 0.1810 0.7339
1 0.1797 0.7339
1 0.1797 0.7342
1 0.1797 0.7355
1 0.1797 0.7375
1 0.1797 0.7427
1 0.1797 0.7551
1 0.1797 0.7600
1 0.1797 0.7613
1 0.1797 0.7616
1 0.1804 0.7616
1 0.1817 0.7616
1 0.1869 0.7616
1 0.2006 0.7616
1 0.2065 0.7616
1 0.2088 0.7616
1 0.2101 0.7616
1 0.2104 0.7616
1 0.2104 0.7629
1 0.2104 0.7652
1 0.2104 0.7691
1 0.2104 0.7789
1 0.2104 0.7897
1 0.2104 0.7998
1 0.2104 0.8040
1 0.2104 0.8070
1 0.2104 0.8089
1 0.2101 0.8089
1 0.2088 0.8089
1 0.2058 0.8089
1 0.2019 0.8089
1 0.1974 0.8089
1 0.1863 0.8089
1 0.1755 0.8089
1 0.1706 0.8089
1 0.1667 0.8089
1 0.1637 0.8089
1 0.1624 0.8089
1 0.1621 0.8089
1 0.1608 0.8089
1 0.1588 0.8089
1 0.1559 0.8089
1 0.1491 0.8089
1 0.1416 0.8089
1 0.1350 0.8089
1 0.1324 0.8089
1 0.1308 0.8089
1 0.1301 0.8089
1 0.1295 0.8089
1 0.1272 0.8089
1 0.1226 0.8089
1 0.1161 0.8089
1 0.1083 0.8089
1 0.0988 0.8089
1 0.0877 0.8089
1 0.0760 0.8089
1 0.0629 0.8089
1 0.0492 0.8089
1 0.0202 0.8089
1 -0.0095 0.8089
1 -0.0389 0.8089
1 -0.0529 0.8089
1 -0.0663 0.8089
1 -0.0787 0.8089
1 -0.0898 0.8089
1 -0.0999 0.8089
1 -0.1087 0.8089
1 -0.1156 0.8089
1 -0.1211 0.8089
1 -0.1244 0.8089
1 -0.1254 0.8089
1 -0.1260 0.8089
112 1251 190
0 -0.1970 0.3953
1 -0.1968 0.3958
1 -0.1970 0.3953
1 -0.1970 0.3953
1 -0.1968 0.3958
1 -0.1965 0.3971
1 -0.1962 0.3991
1 -0.1955 0.4020
1 -0.1936 0.4095
1 -0.1913 0.4193
1 -0.1887 0.4311
1 -0.1857 0.4444
1 -0.1792 0.4728
1 -0.1724 0.5012
1 -0.1694 0.5143
1 -0.1668 0.5260
1 -0.1645 0.5358
1 -0.1626 0.5436
1 -0.1619 0.5462
1 -0.1616 0.5485
1 -0.1613 0.5498
1 -0.1613 0.5502
1 -0.1596 0.5560
1 -0.1577 0.5613
1 -0.1577 0.5619
1 -0.1577 0.5639
1 -0.1577 0.5665
1 -0.1577 0.5707
1 -0.1577 0.5756
1 -0.1577 0.5812
1 -0.1577 0.5877
1 -0.1577 0.5952
1 -0.1577 0.6115
1 -0.1577 0.6298
1 -0.1577 0.6696
1 -0.1577 0.7094
1 -0.1577 0.7277
1 -0.1577 0.7440
1 -0.1577 0.7515
1 -0.1577 0.7580
1 -0.1577 0.7639
1 -0.1577 0.7688
1 -0.1577 0.7727
1 -0.1577 0.7756
1 -0.1577 0.7773
1 -0.1577 0.7779
1 -0.1574 0.7779
1 -0.1564 0.7779
1 -0.1524 0.7779
1 -0.1476 0.7779
1 -0.1413 0.7779
1 -0.1356 0.7779
1 -0.1306 0.7779
1 -0.1266 0.7779
1 -0.1254 0.7779
1 -0.1254 0.7760
1 -0.1254 0.7724
1 -0.1254 0.7675
1 -0.1254 0.7613
1 -0.1254 0.7538
1 -0.1254 0.7456
1 -0.1254 0.7365
1 -0.1254 0.7264
1 -0.1254 0.7156
1 -0.1254 0.6928
1 -0.1254 0.6680
1 -0.1254 0.6425
1 -0.1254 0.6171
1 -0.1254 0.5923
1 -0.1254 0.5691
1 -0.1254 0.5586
1 -0.1254 0.5485
1 -0.1254 0.5394
1 -0.1254 0.5312
1 -0.1254 0.5237
1 -0.1254 0.5175
1 -0.1254 0.5126
1 -0.1254 0.5090
1 -0.1254 0.5068
1 -0.1254 0.5058
1 -0.1247 0.5058
1 -0.1228 0.5058
1 -0.1198 0.5058
1 -0.1159 0.5058
1 -0.1064 0.5058
1 -0.0954 0.5058
1 -0.0843 0.5058
1 -0.0748 0.5058
1 -0.0709 0.5058
1 -0.0679 0.5058
1 -0.0660 0.5058
1 -0.0653 0.5058
1 -0.0653 0.5068
1 -0.0653 0.5084
1 -0.0653 0.5100
1 -0.0653 0.5107
1 -0.0644 0.5195
1 -0.0621 0.5280
1 -0.0582 0.5355
1 -0.0529 0.5420
1 -0.0464 0.5475
1 -0.0392 0.5518
1 -0.0311 0.5544
1 -0.0223 0.5554
1 -0.0216 0.5554
1 -0.0128 0.5544
1 -0.0043 0.5518
1 0.0029 0.5475
1 0.0094 0.5420
1 0.0146 0.5355
1 0.0189 0.5280
1 0.0211 0.5195
1 0.0221 0.5107
1 0.0221 0.5103
1 0.0221 0.5087
1 0.0221 0.5068
1 0.0221 0.5038
1 0.0221 0.4957
1 0.0221 0.4855
1 0.0221 0.4731
1 0.0221 0.4594
1 0.0221 0.4298
1 0.0221 0.4004
1 0.0221 0.3867
1 0.0221 0.3743
1 0.0221 0.3642
1 0.0221 0.3560
1 0.0221 0.3531
1 0.0221 0.3508
1 0.0221 0.3495
1 0.0221 0.3492
1 0.0300 0.3394
1 0.0375 0.3279
1 0.0443 0.3152
1 0.0502 0.3009
1 0.0554 0.2855
1 0.0593 0.2699
1 0.0616 0.2535
1 0.0626 0.2376
1 0.0616 0.2186
1 0.0590 0.2000
1 0.0564 0.1818
1 0.0548 0.1645
1 0.0541 0.1645
1 0.0528 0.1645
1 0.0502 0.1645
1 0.0469 0.1645
1 0.0427 0.1645
1 0.0378 0.1645
1 0.0260 0.1645
1 0.0120 0.1645
1 -0.0037 0.1645
1 -0.0373 0.1645
1 -0.0712 0.1645
1 -0.0869 0.1645
1 -0.1006 0.1645
1 -0.1126 0.1645
1 -0.1175 0.1645
1 -0.1215 0.1645
1 -0.1250 0.1645
1 -0.1273 0.1645
1 -0.1290 0.1645
1 -0.1296 0.1645
1 -0.1296 0.1648
1 -0.1303 0.1664
1 -0.1312 0.1690
1 -0.1322 0.1726
1 -0.1339 0.1769
1 -0.1355 0.1821
1 -0.1374 0.1880
1 -0.1397 0.1945
1 -0.1446 0.2088
1 -0.1502 0.2252
1 -0.1622 0.2604
1 -0.1743 0.2956
1 -0.1799 0.3120
1 -0.1848 0.3263
1 -0.1870 0.3328
1 -0.1890 0.3387
1 -0.1906 0.3436
1 -0.1923 0.3482
1 -0.1932 0.3518
1 -0.1942 0.3540
1 -0.1949 0.3557
1 -0.1949 0.3563
1 -0.1972 0.3655
1 -0.1985 0.3756
1 -0.1985 0.3857
1 -0.1971 0.3951
1 -0.1970 0.3953
112 1466 80
0 -0.0980 0.4738
1 -0.1003 0.4738
1 -0.1038 0.4738
1 -0.1084 0.4738
1 -0.1195 0.4738
1 -0.1316 0.4738
1 -0.1430 0.4738
1 -0.1479 0.4738
1 -0.1515 0.4738
1 -0.1541 0.4738
1 -0.1554 0.4738
1 -0.1554 0.4732
1 -0.1554 0.4705
1 -0.1554 0.4673
1 -0.1554 0.4653
1 -0.1551 0.4653
1 -0.1534 0.4647
1 -0.1508 0.4640
1 -0.1469 0.4627
1 -0.1368 0.4598
1 -0.1257 0.4562
1 -0.1146 0.4529
1 -0.1097 0.4516
1 -0.1058 0.4503
1 -0.1029 0.4493
1 -0.1012 0.4490
1 -0.1009 0.4487
1 -0.1009 0.4480
1 -0.1012 0.4464
1 -0.1016 0.4441
1 -0.1025 0.4379
1 -0.1045 0.4236
1 -0.1055 0.4177
1 -0.1058 0.4154
1 -0.1058 0.4144
1 -0.1061 0.4138
1 -0.1061 0.4115
1 -0.1068 0.4079
1 -0.1078 0.4007
1 -0.1081 0.3948
1 -0.1084 0.3922
1 -0.1084 0.3909
1 -0.1081 0.3886
1 -0.1071 0.3834
1 -0.1048 0.3789
1 -0.1019 0.3753
1 -0.0983 0.3720
1 -0.0941 0.3700
1 -0.0892 0.3687
1 -0.0846 0.3684
1 -0.0800 0.3691
1 -0.0761 0.3707
1 -0.0725 0.3733
1 -0.0696 0.3766
1 -0.0673 0.3811
1 -0.0657 0.3860
1 -0.0657 0.3890
1 -0.0653 0.3906
1 -0.0653 0.3909
1 -0.0653 0.3932
1 -0.0653 0.3971
1 -0.0653 0.4030
1 -0.0653 0.4098
1 -0.0653 0.4265
1 -0.0653 0.4438
1 -0.0653 0.4519
1 -0.0653 0.4591
1 -0.0653 0.4653
1 -0.0653 0.4702
1 -0.0653 0.4728
1 -0.0653 0.4738
1 -0.0660 0.4738
1 -0.0676 0.4738
1 -0.0722 0.4738
1 -0.0784 0.4738
1 -0.0911 0.4738
1 -0.0954 0.4738
1 -0.0967 0.4738
1 -0.0973 0.4738
1 -0.0980 0.4738
