SEcl_IS-13
3502 5 1 1 0 0 0 0 0 0 1 1
1.000
112 1466 173
0 -0.5006 0.8828
1 -0.5004 0.8871
1 -0.5001 0.8915
1 -0.4996 0.8958
1 -0.4990 0.9001
1 -0.4982 0.9044
1 -0.4972 0.9087
1 -0.4961 0.9129
1 -0.4948 0.9171
1 -0.4934 0.9212
1 -0.4919 0.9253
1 -0.4902 0.9293
1 -0.4883 0.9333
1 -0.4863 0.9371
1 -0.4842 0.9409
1 -0.4819 0.9447
1 -0.4795 0.9483
1 -0.4770 0.9519
1 -0.4743 0.9553
1 -0.4715 0.9587
1 -0.4686 0.9619
1 -0.4656 0.9651
1 -0.4624 0.9681
1 -0.4592 0.9710
1 -0.4558 0.9738
1 -0.4524 0.9765
1 -0.4488 0.9790
1 -0.4452 0.9814
1 -0.4415 0.9837
1 -0.4377 0.9858
1 -0.4338 0.9878
1 -0.4298 0.9897
1 -0.4258 0.9914
1 -0.4217 0.9930
1 -0.4176 0.9944
1 -0.4134 0.9957
1 -0.4092 0.9968
1 -0.4050 0.9977
1 -0.4007 0.9985
1 -0.3964 0.9992
1 -0.3920 0.9996
1 -0.3877 1.0000
1 -0.3833 1.0001
1 0.3833 1.0001
1 0.3877 1.0000
1 0.3920 0.9996
1 0.3964 0.9992
1 0.4007 0.9985
1 0.4050 0.9977
1 0.4092 0.9968
1 0.4134 0.9957
1 0.4176 0.9944
1 0.4217 0.9930
1 0.4258 0.9914
1 0.4298 0.9897
1 0.4338 0.9878
1 0.4377 0.9858
1 0.4415 0.9837
1 0.4452 0.9814
1 0.4488 0.9790
1 0.4524 0.9765
1 0.4558 0.9738
1 0.4592 0.9710
1 0.4624 0.9681
1 0.4656 0.9651
1 0.4686 0.9619
1 0.4715 0.9587
1 0.4743 0.9553
1 0.4770 0.9519
1 0.4795 0.9483
1 0.4819 0.9447
1 0.4842 0.9409
1 0.4863 0.9371
1 0.4883 0.9333
1 0.4902 0.9293
1 0.4919 0.9253
1 0.4934 0.9212
1 0.4948 0.9171
1 0.4961 0.9129
1 0.4972 0.9087
1 0.4982 0.9044
1 0.4990 0.9001
1 0.4996 0.8958
1 0.5001 0.8915
1 0.5004 0.8871
1 0.5006 0.8828
1 0.5006 0.1174
1 0.5004 0.1130
1 0.5001 0.1087
1 0.4996 0.1043
1 0.4990 0.1000
1 0.4982 0.0957
1 0.4972 0.0915
1 0.4961 0.0872
1 0.4948 0.0831
1 0.4934 0.0789
1 0.4919 0.0748
1 0.4902 0.0708
1 0.4883 0.0669
1 0.4863 0.0630
1 0.4842 0.0592
1 0.4819 0.0555
1 0.4795 0.0518
1 0.4770 0.0483
1 0.4743 0.0448
1 0.4715 0.0415
1 0.4686 0.0382
1 0.4656 0.0351
1 0.4624 0.0320
1 0.4592 0.0291
1 0.4558 0.0263
1 0.4524 0.0237
1 0.4488 0.0211
1 0.4452 0.0187
1 0.4415 0.0164
1 0.4377 0.0143
1 0.4338 0.0123
1 0.4298 0.0104
1 0.4258 0.0087
1 0.4217 0.0072
1 0.4176 0.0057
1 0.4134 0.0045
1 0.4092 0.0034
1 0.4050 0.0024
1 0.4007 0.0016
1 0.3964 0.0010
1 0.3920 0.0005
1 0.3877 0.0002
1 0.3833 0.0000
1 -0.3833 0.0000
1 -0.3833 0.0000
1 -0.3877 0.0002
1 -0.3920 0.0005
1 -0.3964 0.0010
1 -0.4007 0.0016
1 -0.4050 0.0024
1 -0.4092 0.0034
1 -0.4134 0.0045
1 -0.4176 0.0057
1 -0.4217 0.0072
1 -0.4258 0.0087
1 -0.4298 0.0104
1 -0.4338 0.0123
1 -0.4377 0.0143
1 -0.4415 0.0164
1 -0.4452 0.0187
1 -0.4488 0.0211
1 -0.4524 0.0237
1 -0.4558 0.0263
1 -0.4592 0.0291
1 -0.4624 0.0320
1 -0.4656 0.0351
1 -0.4686 0.0382
1 -0.4715 0.0415
1 -0.4743 0.0448
1 -0.4770 0.0483
1 -0.4795 0.0518
1 -0.4819 0.0555
1 -0.4842 0.0592
1 -0.4863 0.0630
1 -0.4883 0.0669
1 -0.4902 0.0708
1 -0.4919 0.0748
1 -0.4934 0.0789
1 -0.4948 0.0831
1 -0.4961 0.0872
1 -0.4972 0.0915
1 -0.4982 0.0957
1 -0.4990 0.1000
1 -0.4996 0.1043
1 -0.5001 0.1087
1 -0.5004 0.1130
1 -0.5006 0.1174
112 1251 173
0 -0.4906 0.8826
1 -0.4904 0.8866
1 -0.4901 0.8906
1 -0.4897 0.8945
1 -0.4891 0.8985
1 -0.4884 0.9024
1 -0.4875 0.9063
1 -0.4865 0.9102
1 -0.4853 0.9140
1 -0.4840 0.9178
1 -0.4826 0.9215
1 -0.4810 0.9252
1 -0.4793 0.9288
1 -0.4775 0.9324
1 -0.4756 0.9359
1 -0.4735 0.9393
1 -0.4713 0.9426
1 -0.4689 0.9459
1 -0.4665 0.9491
1 -0.4639 0.9521
1 -0.4613 0.9551
1 -0.4585 0.9580
1 -0.4556 0.9608
1 -0.4526 0.9634
1 -0.4496 0.9660
1 -0.4464 0.9685
1 -0.4431 0.9708
1 -0.4398 0.9730
1 -0.4364 0.9751
1 -0.4329 0.9770
1 -0.4294 0.9789
1 -0.4257 0.9806
1 -0.4221 0.9821
1 -0.4183 0.9836
1 -0.4145 0.9849
1 -0.4107 0.9860
1 -0.4069 0.9870
1 -0.4029 0.9879
1 -0.3990 0.9887
1 -0.3951 0.9892
1 -0.3911 0.9897
1 -0.3871 0.9900
1 -0.3831 0.9901
1 0.3831 0.9901
1 0.3871 0.9900
1 0.3911 0.9897
1 0.3951 0.9892
1 0.3990 0.9887
1 0.4030 0.9879
1 0.4069 0.9870
1 0.4107 0.9860
1 0.4145 0.9849
1 0.4183 0.9836
1 0.4221 0.9821
1 0.4257 0.9806
1 0.4294 0.9789
1 0.4329 0.9770
1 0.4364 0.9751
1 0.4398 0.9730
1 0.4432 0.9708
1 0.4464 0.9685
1 0.4496 0.9660
1 0.4526 0.9634
1 0.4556 0.9608
1 0.4585 0.9580
1 0.4613 0.9551
1 0.4639 0.9521
1 0.4665 0.9491
1 0.4689 0.9459
1 0.4713 0.9426
1 0.4735 0.9393
1 0.4756 0.9359
1 0.4775 0.9324
1 0.4793 0.9289
1 0.4810 0.9252
1 0.4826 0.9215
1 0.4840 0.9178
1 0.4853 0.9140
1 0.4865 0.9102
1 0.4875 0.9063
1 0.4884 0.9024
1 0.4891 0.8985
1 0.4897 0.8945
1 0.4901 0.8906
1 0.4904 0.8866
1 0.4906 0.8826
1 0.4906 0.1176
1 0.4904 0.1136
1 0.4901 0.1096
1 0.4897 0.1056
1 0.4891 0.1016
1 0.4884 0.0977
1 0.4875 0.0938
1 0.4865 0.0899
1 0.4853 0.0861
1 0.4840 0.0823
1 0.4826 0.0786
1 0.4810 0.0749
1 0.4793 0.0713
1 0.4775 0.0677
1 0.4756 0.0642
1 0.4735 0.0608
1 0.4713 0.0575
1 0.4689 0.0542
1 0.4665 0.0511
1 0.4639 0.0480
1 0.4613 0.0450
1 0.4585 0.0421
1 0.4556 0.0394
1 0.4526 0.0367
1 0.4496 0.0341
1 0.4464 0.0317
1 0.4432 0.0294
1 0.4398 0.0271
1 0.4364 0.0251
1 0.4329 0.0231
1 0.4294 0.0213
1 0.4257 0.0196
1 0.4221 0.0180
1 0.4183 0.0166
1 0.4145 0.0153
1 0.4107 0.0141
1 0.4069 0.0131
1 0.4029 0.0122
1 0.3990 0.0115
1 0.3951 0.0109
1 0.3911 0.0105
1 0.3871 0.0102
1 0.3831 0.0100
1 -0.3831 0.0100
1 -0.3871 0.0102
1 -0.3911 0.0105
1 -0.3951 0.0109
1 -0.3990 0.0115
1 -0.4029 0.0122
1 -0.4069 0.0131
1 -0.4107 0.0141
1 -0.4145 0.0153
1 -0.4183 0.0166
1 -0.4221 0.0180
1 -0.4257 0.0196
1 -0.4294 0.0213
1 -0.4329 0.0231
1 -0.4364 0.0251
1 -0.4398 0.0271
1 -0.4432 0.0294
1 -0.4464 0.0317
1 -0.4496 0.0341
1 -0.4526 0.0367
1 -0.4556 0.0394
1 -0.4585 0.0421
1 -0.4613 0.0450
1 -0.4639 0.0480
1 -0.4665 0.0511
1 -0.4689 0.0542
1 -0.4713 0.0575
1 -0.4735 0.0608
1 -0.4756 0.0642
1 -0.4775 0.0677
1 -0.4793 0.0713
1 -0.4810 0.0749
1 -0.4826 0.0786
1 -0.4840 0.0823
1 -0.4853 0.0861
1 -0.4865 0.0899
1 -0.4875 0.0938
1 -0.4884 0.0977
1 -0.4891 0.1016
1 -0.4897 0.1056
1 -0.4901 0.1096
1 -0.4904 0.1136
1 -0.4906 0.1176
1 -0.4906 0.8826
112 1466 173
0 -0.4706 0.8822
1 -0.4704 0.8855
1 -0.4702 0.8887
1 -0.4698 0.8920
1 -0.4694 0.8952
1 -0.4688 0.8984
1 -0.4680 0.9016
1 -0.4672 0.9048
1 -0.4663 0.9079
1 -0.4652 0.9110
1 -0.4641 0.9141
1 -0.4628 0.9171
1 -0.4614 0.9200
1 -0.4599 0.9229
1 -0.4583 0.9258
1 -0.4566 0.9286
1 -0.4548 0.9313
1 -0.4529 0.9340
1 -0.4509 0.9366
1 -0.4488 0.9391
1 -0.4466 0.9415
1 -0.4443 0.9439
1 -0.4420 0.9461
1 -0.4396 0.9483
1 -0.4370 0.9504
1 -0.4345 0.9524
1 -0.4318 0.9543
1 -0.4291 0.9561
1 -0.4263 0.9578
1 -0.4234 0.9594
1 -0.4205 0.9609
1 -0.4176 0.9623
1 -0.4146 0.9636
1 -0.4115 0.9648
1 -0.4084 0.9658
1 -0.4053 0.9668
1 -0.4021 0.9676
1 -0.3989 0.9683
1 -0.3957 0.9689
1 -0.3925 0.9694
1 -0.3892 0.9698
1 -0.3860 0.9700
1 -0.3827 0.9701
1 0.3827 0.9701
1 0.3860 0.9700
1 0.3892 0.9698
1 0.3925 0.9694
1 0.3957 0.9689
1 0.3989 0.9683
1 0.4021 0.9676
1 0.4053 0.9668
1 0.4084 0.9658
1 0.4115 0.9648
1 0.4146 0.9636
1 0.4176 0.9623
1 0.4205 0.9609
1 0.4234 0.9594
1 0.4263 0.9578
1 0.4291 0.9561
1 0.4318 0.9543
1 0.4345 0.9524
1 0.4370 0.9504
1 0.4396 0.9483
1 0.4420 0.9461
1 0.4443 0.9439
1 0.4466 0.9415
1 0.4488 0.9391
1 0.4509 0.9366
1 0.4529 0.9340
1 0.4548 0.9313
1 0.4566 0.9286
1 0.4583 0.9258
1 0.4599 0.9229
1 0.4614 0.9200
1 0.4628 0.9171
1 0.4641 0.9141
1 0.4652 0.9110
1 0.4663 0.9079
1 0.4672 0.9048
1 0.4680 0.9016
1 0.4688 0.8984
1 0.4694 0.8952
1 0.4698 0.8920
1 0.4702 0.8887
1 0.4704 0.8855
1 0.4706 0.8822
1 0.4706 0.1179
1 0.4704 0.1147
1 0.4702 0.1114
1 0.4698 0.1082
1 0.4694 0.1049
1 0.4688 0.1017
1 0.4680 0.0985
1 0.4672 0.0954
1 0.4663 0.0922
1 0.4652 0.0891
1 0.4641 0.0861
1 0.4628 0.0831
1 0.4614 0.0801
1 0.4599 0.0772
1 0.4583 0.0744
1 0.4566 0.0716
1 0.4548 0.0688
1 0.4529 0.0662
1 0.4509 0.0636
1 0.4488 0.0611
1 0.4466 0.0586
1 0.4443 0.0563
1 0.4420 0.0540
1 0.4396 0.0518
1 0.4370 0.0497
1 0.4345 0.0477
1 0.4318 0.0458
1 0.4291 0.0440
1 0.4263 0.0423
1 0.4234 0.0407
1 0.4205 0.0392
1 0.4176 0.0378
1 0.4146 0.0365
1 0.4115 0.0354
1 0.4084 0.0343
1 0.4053 0.0334
1 0.4021 0.0325
1 0.3989 0.0318
1 0.3957 0.0312
1 0.3925 0.0307
1 0.3892 0.0304
1 0.3860 0.0301
1 0.3827 0.0300
1 -0.3827 0.0300
1 -0.3860 0.0301
1 -0.3892 0.0304
1 -0.3925 0.0307
1 -0.3957 0.0312
1 -0.3989 0.0318
1 -0.4021 0.0325
1 -0.4053 0.0334
1 -0.4084 0.0343
1 -0.4115 0.0354
1 -0.4146 0.0365
1 -0.4176 0.0378
1 -0.4205 0.0392
1 -0.4234 0.0407
1 -0.4263 0.0423
1 -0.4291 0.0440
1 -0.4318 0.0458
1 -0.4345 0.0477
1 -0.4370 0.0497
1 -0.4396 0.0518
1 -0.4420 0.0540
1 -0.4443 0.0563
1 -0.4466 0.0586
1 -0.4488 0.0611
1 -0.4509 0.0636
1 -0.4529 0.0662
1 -0.4548 0.0688
1 -0.4566 0.0716
1 -0.4583 0.0743
1 -0.4599 0.0772
1 -0.4614 0.0801
1 -0.4628 0.0831
1 -0.4640 0.0861
1 -0.4652 0.0891
1 -0.4663 0.0922
1 -0.4672 0.0954
1 -0.4680 0.0985
1 -0.4688 0.1017
1 -0.4694 0.1049
1 -0.4698 0.1082
1 -0.4702 0.1114
1 -0.4704 0.1147
1 -0.4706 0.1179
1 -0.4706 0.8822
112 1251 350
0 0.1034 0.5414
1 0.1034 0.5420
1 0.1034 0.5443
1 0.1034 0.5479
1 0.1034 0.5524
1 0.1034 0.5580
1 0.1034 0.5645
1 0.1034 0.5789
1 0.1034 0.5939
1 0.1034 0.6082
1 0.1034 0.6148
1 0.1034 0.6206
1 0.1034 0.6255
1 0.1034 0.6295
1 0.1034 0.6321
1 0.1034 0.6334
1 0.1030 0.6337
1 0.1011 0.6353
1 0.0981 0.6376
1 0.0936 0.6409
1 0.0884 0.6451
1 0.0825 0.6497
1 0.0688 0.6601
1 0.0538 0.6716
1 0.0394 0.6826
1 0.0329 0.6879
1 0.0270 0.6924
1 0.0218 0.6964
1 0.0175 0.6996
1 0.0146 0.7019
1 0.0130 0.7029
1 0.0127 0.7042
1 0.0127 0.7058
1 0.0127 0.7081
1 0.0127 0.7143
1 0.0127 0.7225
1 0.0127 0.7394
1 0.0127 0.7469
1 0.0127 0.7528
1 0.0127 0.7548
1 0.0127 0.7557
1 0.0130 0.7561
1 0.0153 0.7561
1 0.0185 0.7561
1 0.0277 0.7561
1 0.0371 0.7561
1 0.0404 0.7561
1 0.0423 0.7561
1 0.0427 0.7564
1 0.0427 0.7577
1 0.0427 0.7603
1 0.0427 0.7639
1 0.0427 0.7717
1 0.0427 0.7753
1 0.0427 0.7783
1 0.0427 0.7802
1 0.0427 0.7805
1 0.0410 0.7805
1 0.0381 0.7805
1 0.0293 0.7805
1 0.0198 0.7805
1 0.0159 0.7805
1 0.0136 0.7805
1 0.0127 0.7805
1 0.0127 0.7822
1 0.0127 0.7861
1 0.0127 0.7913
1 0.0127 0.8040
1 0.0127 0.8102
1 0.0127 0.8155
1 0.0127 0.8190
1 0.0127 0.8203
1 0.0123 0.8203
1 0.0113 0.8203
1 0.0074 0.8203
1 0.0035 0.8203
1 0.0006 0.8203
1 -0.0004 0.8203
1 -0.0030 0.8203
1 -0.0108 0.8203
1 -0.0121 0.8203
1 -0.0128 0.8203
1 -0.0128 0.8197
1 -0.0128 0.8168
1 -0.0128 0.8119
1 -0.0128 0.8060
1 -0.0128 0.7933
1 -0.0128 0.7874
1 -0.0128 0.7831
1 -0.0128 0.7809
1 -0.0131 0.7805
1 -0.0151 0.7805
1 -0.0187 0.7805
1 -0.0278 0.7805
1 -0.0369 0.7805
1 -0.0405 0.7805
1 -0.0425 0.7805
1 -0.0428 0.7805
1 -0.0428 0.7789
1 -0.0428 0.7763
1 -0.0428 0.7727
1 -0.0428 0.7649
1 -0.0428 0.7613
1 -0.0428 0.7584
1 -0.0428 0.7567
1 -0.0428 0.7561
1 -0.0412 0.7561
1 -0.0383 0.7561
1 -0.0291 0.7561
1 -0.0197 0.7561
1 -0.0161 0.7561
1 -0.0135 0.7561
1 -0.0128 0.7561
1 -0.0128 0.7554
1 -0.0128 0.7538
1 -0.0128 0.7489
1 -0.0128 0.7417
1 -0.0128 0.7247
1 -0.0128 0.7166
1 -0.0128 0.7097
1 -0.0128 0.7048
1 -0.0128 0.7035
1 -0.0128 0.7032
1 -0.0135 0.7026
1 -0.0157 0.7009
1 -0.0193 0.6983
1 -0.0239 0.6947
1 -0.0294 0.6905
1 -0.0356 0.6856
1 -0.0497 0.6748
1 -0.0644 0.6634
1 -0.0787 0.6526
1 -0.0852 0.6477
1 -0.0908 0.6432
1 -0.0957 0.6396
1 -0.0996 0.6366
1 -0.1022 0.6344
1 -0.1035 0.6337
1 -0.1035 0.6330
1 -0.1035 0.6311
1 -0.1035 0.6282
1 -0.1035 0.6236
1 -0.1035 0.6184
1 -0.1035 0.6122
1 -0.1035 0.5981
1 -0.1035 0.5831
1 -0.1035 0.5684
1 -0.1035 0.5557
1 -0.1035 0.5505
1 -0.1035 0.5462
1 -0.1035 0.5430
1 -0.1035 0.5414
1 -0.1038 0.5410
1 -0.1048 0.5397
1 -0.1068 0.5378
1 -0.1094 0.5352
1 -0.1130 0.5319
1 -0.1169 0.5276
1 -0.1215 0.5231
1 -0.1267 0.5179
1 -0.1322 0.5123
1 -0.1450 0.4996
1 -0.1590 0.4856
1 -0.1740 0.4705
1 -0.2056 0.4389
1 -0.2213 0.4229
1 -0.2370 0.4076
1 -0.2513 0.3929
1 -0.2647 0.3795
1 -0.2761 0.3681
1 -0.2814 0.3629
1 -0.2859 0.3583
1 -0.2898 0.3544
1 -0.2931 0.3511
1 -0.2954 0.3485
1 -0.2973 0.3469
1 -0.2983 0.3459
1 -0.2986 0.3456
1 -0.2980 0.3456
1 -0.2964 0.3456
1 -0.2938 0.3456
1 -0.2872 0.3456
1 -0.2784 0.3456
1 -0.2686 0.3456
1 -0.2592 0.3456
1 -0.2504 0.3456
1 -0.2435 0.3456
1 -0.2412 0.3456
1 -0.2396 0.3456
1 -0.2389 0.3456
1 -0.2389 0.3446
1 -0.2389 0.3410
1 -0.2389 0.3355
1 -0.2389 0.3279
1 -0.2389 0.3188
1 -0.2389 0.3080
1 -0.2389 0.2966
1 -0.2389 0.2470
1 -0.2389 0.2349
1 -0.2389 0.2239
1 -0.2389 0.2141
1 -0.2389 0.2056
1 -0.2389 0.1987
1 -0.2389 0.1938
1 -0.2389 0.1915
1 -0.2383 0.1912
1 -0.2353 0.1912
1 -0.2301 0.1912
1 -0.2226 0.1912
1 -0.2132 0.1912
1 -0.2024 0.1912
1 -0.1903 0.1912
1 -0.1645 0.1912
1 -0.1378 0.1912
1 -0.1247 0.1912
1 -0.1126 0.1912
1 -0.1019 0.1912
1 -0.0921 0.1912
1 -0.0843 0.1912
1 -0.0787 0.1912
1 -0.0754 0.1912
1 -0.0745 0.1912
1 -0.0745 0.1925
1 -0.0745 0.1955
1 -0.0745 0.1997
1 -0.0745 0.2049
1 -0.0745 0.2111
1 -0.0745 0.2180
1 -0.0745 0.2336
1 -0.0745 0.2496
1 -0.0745 0.2646
1 -0.0745 0.2715
1 -0.0745 0.2774
1 -0.0745 0.2826
1 -0.0745 0.2862
1 -0.0745 0.2888
1 -0.0745 0.2894
1 -0.0741 0.2989
1 -0.0735 0.3080
1 -0.0719 0.3162
1 -0.0696 0.3240
1 -0.0670 0.3312
1 -0.0640 0.3381
1 -0.0604 0.3443
1 -0.0565 0.3501
1 -0.0474 0.3596
1 -0.0373 0.3674
1 -0.0259 0.3730
1 -0.0141 0.3762
1 -0.0017 0.3775
1 0.0107 0.3769
1 0.0224 0.3740
1 0.0339 0.3691
1 0.0446 0.3622
1 0.0541 0.3531
1 0.0583 0.3475
1 0.0619 0.3417
1 0.0652 0.3351
1 0.0681 0.3283
1 0.0707 0.3208
1 0.0724 0.3126
1 0.0737 0.3041
1 0.0743 0.2950
1 0.0747 0.2904
1 0.0747 0.2894
1 0.0747 0.2878
1 0.0747 0.2849
1 0.0747 0.2806
1 0.0747 0.2751
1 0.0747 0.2686
1 0.0747 0.2542
1 0.0747 0.2222
1 0.0747 0.2085
1 0.0747 0.2027
1 0.0747 0.1978
1 0.0747 0.1942
1 0.0747 0.1919
1 0.0747 0.1912
1 0.0753 0.1912
1 0.0763 0.1912
1 0.0808 0.1912
1 0.0874 0.1912
1 0.0962 0.1912
1 0.1063 0.1912
1 0.1177 0.1912
1 0.1301 0.1912
1 0.1566 0.1912
1 0.1833 0.1912
1 0.1957 0.1912
1 0.2071 0.1912
1 0.2172 0.1912
1 0.2261 0.1912
1 0.2326 0.1912
1 0.2368 0.1912
1 0.2381 0.1912
1 0.2388 0.1912
1 0.2388 0.1922
1 0.2388 0.1958
1 0.2388 0.2013
1 0.2388 0.2088
1 0.2388 0.2180
1 0.2388 0.2288
1 0.2388 0.2402
1 0.2388 0.2898
1 0.2388 0.3018
1 0.2388 0.3129
1 0.2388 0.3227
1 0.2388 0.3312
1 0.2388 0.3381
1 0.2388 0.3430
1 0.2388 0.3452
1 0.2391 0.3456
1 0.2401 0.3456
1 0.2420 0.3456
1 0.2447 0.3456
1 0.2482 0.3456
1 0.2564 0.3456
1 0.2659 0.3456
1 0.2757 0.3456
1 0.2848 0.3456
1 0.2923 0.3456
1 0.2949 0.3456
1 0.2972 0.3456
1 0.2982 0.3456
1 0.2985 0.3456
1 0.2975 0.3466
1 0.2959 0.3482
1 0.2933 0.3508
1 0.2900 0.3541
1 0.2864 0.3576
1 0.2819 0.3622
1 0.2770 0.3671
1 0.2714 0.3727
1 0.2590 0.3851
1 0.2453 0.3991
1 0.2303 0.4141
1 0.2146 0.4298
1 0.1827 0.4617
1 0.1673 0.4771
1 0.1526 0.4918
1 0.1393 0.5055
1 0.1272 0.5172
1 0.1220 0.5224
1 0.1174 0.5270
1 0.1135 0.5312
1 0.1099 0.5348
1 0.1070 0.5374
1 0.1050 0.5394
1 0.1037 0.5407
1 0.1034 0.5414
112 1466 34
0 -0.0102 0.4640
1 -0.0200 0.4670
1 -0.0288 0.4715
1 -0.0363 0.4781
1 -0.0425 0.4856
1 -0.0471 0.4944
1 -0.0503 0.5038
1 -0.0513 0.5143
1 -0.0503 0.5244
1 -0.0471 0.5342
1 -0.0425 0.5427
1 -0.0363 0.5505
1 -0.0288 0.5567
1 -0.0200 0.5613
1 -0.0102 0.5642
1 -0.0001 0.5655
1 0.0104 0.5642
1 0.0198 0.5613
1 0.0287 0.5567
1 0.0362 0.5505
1 0.0424 0.5427
1 0.0472 0.5342
1 0.0502 0.5244
1 0.0512 0.5143
1 0.0502 0.5038
1 0.0472 0.4944
1 0.0424 0.4856
1 0.0362 0.4781
1 0.0287 0.4715
1 0.0198 0.4670
1 0.0104 0.4640
1 -0.0001 0.4630
1 0.0104 0.4640
1 -0.0102 0.4640
