SEcl_IS-17
3506 8 1 1 0 0 0 0 0 0 1 1
1.000
112 1466 173
0 -0.5006 0.8828
1 -0.5004 0.8871
1 -0.5001 0.8915
1 -0.4996 0.8958
1 -0.4990 0.9001
1 -0.4982 0.9044
1 -0.4972 0.9087
1 -0.4961 0.9129
1 -0.4948 0.9171
1 -0.4934 0.9212
1 -0.4919 0.9253
1 -0.4902 0.9293
1 -0.4883 0.9333
1 -0.4863 0.9371
1 -0.4842 0.9409
1 -0.4819 0.9447
1 -0.4795 0.9483
1 -0.4770 0.9519
1 -0.4743 0.9553
1 -0.4715 0.9587
1 -0.4686 0.9619
1 -0.4656 0.9651
1 -0.4624 0.9681
1 -0.4592 0.9710
1 -0.4558 0.9738
1 -0.4524 0.9765
1 -0.4488 0.9790
1 -0.4452 0.9814
1 -0.4415 0.9837
1 -0.4377 0.9858
1 -0.4338 0.9878
1 -0.4298 0.9897
1 -0.4258 0.9914
1 -0.4217 0.9930
1 -0.4176 0.9944
1 -0.4134 0.9957
1 -0.4092 0.9968
1 -0.4050 0.9977
1 -0.4007 0.9985
1 -0.3964 0.9992
1 -0.3920 0.9996
1 -0.3877 1.0000
1 -0.3833 1.0001
1 0.3833 1.0001
1 0.3877 1.0000
1 0.3920 0.9996
1 0.3964 0.9992
1 0.4007 0.9985
1 0.4050 0.9977
1 0.4092 0.9968
1 0.4134 0.9957
1 0.4176 0.9944
1 0.4217 0.9930
1 0.4258 0.9914
1 0.4298 0.9897
1 0.4338 0.9878
1 0.4377 0.9858
1 0.4415 0.9837
1 0.4452 0.9814
1 0.4488 0.9790
1 0.4524 0.9765
1 0.4558 0.9738
1 0.4592 0.9710
1 0.4624 0.9681
1 0.4656 0.9651
1 0.4686 0.9619
1 0.4715 0.9587
1 0.4743 0.9553
1 0.4770 0.9519
1 0.4795 0.9483
1 0.4819 0.9447
1 0.4842 0.9409
1 0.4863 0.9371
1 0.4883 0.9333
1 0.4902 0.9293
1 0.4919 0.9253
1 0.4934 0.9212
1 0.4948 0.9171
1 0.4961 0.9129
1 0.4972 0.9087
1 0.4982 0.9044
1 0.4990 0.9001
1 0.4996 0.8958
1 0.5001 0.8915
1 0.5004 0.8871
1 0.5006 0.8828
1 0.5006 0.1174
1 0.5004 0.1130
1 0.5001 0.1087
1 0.4996 0.1043
1 0.4990 0.1000
1 0.4982 0.0957
1 0.4972 0.0915
1 0.4961 0.0872
1 0.4948 0.0831
1 0.4934 0.0789
1 0.4919 0.0748
1 0.4902 0.0708
1 0.4883 0.0669
1 0.4863 0.0630
1 0.4842 0.0592
1 0.4819 0.0555
1 0.4795 0.0518
1 0.4770 0.0483
1 0.4743 0.0448
1 0.4715 0.0415
1 0.4686 0.0382
1 0.4656 0.0351
1 0.4624 0.0320
1 0.4592 0.0291
1 0.4558 0.0263
1 0.4524 0.0237
1 0.4488 0.0211
1 0.4452 0.0187
1 0.4415 0.0164
1 0.4377 0.0143
1 0.4338 0.0123
1 0.4298 0.0104
1 0.4258 0.0087
1 0.4217 0.0072
1 0.4176 0.0057
1 0.4134 0.0045
1 0.4092 0.0034
1 0.4050 0.0024
1 0.4007 0.0016
1 0.3964 0.0010
1 0.3920 0.0005
1 0.3877 0.0002
1 0.3833 0.0000
1 -0.3833 0.0000
1 -0.3833 0.0000
1 -0.3877 0.0002
1 -0.3920 0.0005
1 -0.3964 0.0010
1 -0.4007 0.0016
1 -0.4050 0.0024
1 -0.4092 0.0034
1 -0.4134 0.0045
1 -0.4176 0.0057
1 -0.4217 0.0072
1 -0.4258 0.0087
1 -0.4298 0.0104
1 -0.4338 0.0123
1 -0.4377 0.0143
1 -0.4415 0.0164
1 -0.4452 0.0187
1 -0.4488 0.0211
1 -0.4524 0.0237
1 -0.4558 0.0263
1 -0.4592 0.0291
1 -0.4624 0.0320
1 -0.4656 0.0351
1 -0.4686 0.0382
1 -0.4715 0.0415
1 -0.4743 0.0448
1 -0.4770 0.0483
1 -0.4795 0.0518
1 -0.4819 0.0555
1 -0.4842 0.0592
1 -0.4863 0.0630
1 -0.4883 0.0669
1 -0.4902 0.0708
1 -0.4919 0.0748
1 -0.4934 0.0789
1 -0.4948 0.0831
1 -0.4961 0.0872
1 -0.4972 0.0915
1 -0.4982 0.0957
1 -0.4990 0.1000
1 -0.4996 0.1043
1 -0.5001 0.1087
1 -0.5004 0.1130
1 -0.5006 0.1174
112 1251 173
0 -0.4906 0.8826
1 -0.4904 0.8866
1 -0.4901 0.8906
1 -0.4897 0.8945
1 -0.4891 0.8985
1 -0.4884 0.9024
1 -0.4875 0.9063
1 -0.4865 0.9102
1 -0.4853 0.9140
1 -0.4840 0.9178
1 -0.4826 0.9215
1 -0.4810 0.9252
1 -0.4793 0.9288
1 -0.4775 0.9324
1 -0.4756 0.9359
1 -0.4735 0.9393
1 -0.4713 0.9426
1 -0.4689 0.9459
1 -0.4665 0.9491
1 -0.4639 0.9521
1 -0.4613 0.9551
1 -0.4585 0.9580
1 -0.4556 0.9608
1 -0.4526 0.9634
1 -0.4496 0.9660
1 -0.4464 0.9685
1 -0.4431 0.9708
1 -0.4398 0.9730
1 -0.4364 0.9751
1 -0.4329 0.9770
1 -0.4294 0.9789
1 -0.4257 0.9806
1 -0.4221 0.9821
1 -0.4183 0.9836
1 -0.4145 0.9849
1 -0.4107 0.9860
1 -0.4069 0.9870
1 -0.4029 0.9879
1 -0.3990 0.9887
1 -0.3951 0.9892
1 -0.3911 0.9897
1 -0.3871 0.9900
1 -0.3831 0.9901
1 0.3831 0.9901
1 0.3871 0.9900
1 0.3911 0.9897
1 0.3951 0.9892
1 0.3990 0.9887
1 0.4030 0.9879
1 0.4069 0.9870
1 0.4107 0.9860
1 0.4145 0.9849
1 0.4183 0.9836
1 0.4221 0.9821
1 0.4257 0.9806
1 0.4294 0.9789
1 0.4329 0.9770
1 0.4364 0.9751
1 0.4398 0.9730
1 0.4432 0.9708
1 0.4464 0.9685
1 0.4496 0.9660
1 0.4526 0.9634
1 0.4556 0.9608
1 0.4585 0.9580
1 0.4613 0.9551
1 0.4639 0.9521
1 0.4665 0.9491
1 0.4689 0.9459
1 0.4713 0.9426
1 0.4735 0.9393
1 0.4756 0.9359
1 0.4775 0.9324
1 0.4793 0.9289
1 0.4810 0.9252
1 0.4826 0.9215
1 0.4840 0.9178
1 0.4853 0.9140
1 0.4865 0.9102
1 0.4875 0.9063
1 0.4884 0.9024
1 0.4891 0.8985
1 0.4897 0.8945
1 0.4901 0.8906
1 0.4904 0.8866
1 0.4906 0.8826
1 0.4906 0.1176
1 0.4904 0.1136
1 0.4901 0.1096
1 0.4897 0.1056
1 0.4891 0.1016
1 0.4884 0.0977
1 0.4875 0.0938
1 0.4865 0.0899
1 0.4853 0.0861
1 0.4840 0.0823
1 0.4826 0.0786
1 0.4810 0.0749
1 0.4793 0.0713
1 0.4775 0.0677
1 0.4756 0.0642
1 0.4735 0.0608
1 0.4713 0.0575
1 0.4689 0.0542
1 0.4665 0.0511
1 0.4639 0.0480
1 0.4613 0.0450
1 0.4585 0.0421
1 0.4556 0.0394
1 0.4526 0.0367
1 0.4496 0.0341
1 0.4464 0.0317
1 0.4432 0.0294
1 0.4398 0.0271
1 0.4364 0.0251
1 0.4329 0.0231
1 0.4294 0.0213
1 0.4257 0.0196
1 0.4221 0.0180
1 0.4183 0.0166
1 0.4145 0.0153
1 0.4107 0.0141
1 0.4069 0.0131
1 0.4029 0.0122
1 0.3990 0.0115
1 0.3951 0.0109
1 0.3911 0.0105
1 0.3871 0.0102
1 0.3831 0.0100
1 -0.3831 0.0100
1 -0.3871 0.0102
1 -0.3911 0.0105
1 -0.3951 0.0109
1 -0.3990 0.0115
1 -0.4029 0.0122
1 -0.4069 0.0131
1 -0.4107 0.0141
1 -0.4145 0.0153
1 -0.4183 0.0166
1 -0.4221 0.0180
1 -0.4257 0.0196
1 -0.4294 0.0213
1 -0.4329 0.0231
1 -0.4364 0.0251
1 -0.4398 0.0271
1 -0.4432 0.0294
1 -0.4464 0.0317
1 -0.4496 0.0341
1 -0.4526 0.0367
1 -0.4556 0.0394
1 -0.4585 0.0421
1 -0.4613 0.0450
1 -0.4639 0.0480
1 -0.4665 0.0511
1 -0.4689 0.0542
1 -0.4713 0.0575
1 -0.4735 0.0608
1 -0.4756 0.0642
1 -0.4775 0.0677
1 -0.4793 0.0713
1 -0.4810 0.0749
1 -0.4826 0.0786
1 -0.4840 0.0823
1 -0.4853 0.0861
1 -0.4865 0.0899
1 -0.4875 0.0938
1 -0.4884 0.0977
1 -0.4891 0.1016
1 -0.4897 0.1056
1 -0.4901 0.1096
1 -0.4904 0.1136
1 -0.4906 0.1176
1 -0.4906 0.8826
112 1466 173
0 -0.4706 0.8822
1 -0.4704 0.8855
1 -0.4702 0.8887
1 -0.4698 0.8920
1 -0.4694 0.8952
1 -0.4688 0.8984
1 -0.4680 0.9016
1 -0.4672 0.9048
1 -0.4663 0.9079
1 -0.4652 0.9110
1 -0.4641 0.9141
1 -0.4628 0.9171
1 -0.4614 0.9200
1 -0.4599 0.9229
1 -0.4583 0.9258
1 -0.4566 0.9286
1 -0.4548 0.9313
1 -0.4529 0.9340
1 -0.4509 0.9366
1 -0.4488 0.9391
1 -0.4466 0.9415
1 -0.4443 0.9439
1 -0.4420 0.9461
1 -0.4396 0.9483
1 -0.4370 0.9504
1 -0.4345 0.9524
1 -0.4318 0.9543
1 -0.4291 0.9561
1 -0.4263 0.9578
1 -0.4234 0.9594
1 -0.4205 0.9609
1 -0.4176 0.9623
1 -0.4146 0.9636
1 -0.4115 0.9648
1 -0.4084 0.9658
1 -0.4053 0.9668
1 -0.4021 0.9676
1 -0.3989 0.9683
1 -0.3957 0.9689
1 -0.3925 0.9694
1 -0.3892 0.9698
1 -0.3860 0.9700
1 -0.3827 0.9701
1 0.3827 0.9701
1 0.3860 0.9700
1 0.3892 0.9698
1 0.3925 0.9694
1 0.3957 0.9689
1 0.3989 0.9683
1 0.4021 0.9676
1 0.4053 0.9668
1 0.4084 0.9658
1 0.4115 0.9648
1 0.4146 0.9636
1 0.4176 0.9623
1 0.4205 0.9609
1 0.4234 0.9594
1 0.4263 0.9578
1 0.4291 0.9561
1 0.4318 0.9543
1 0.4345 0.9524
1 0.4370 0.9504
1 0.4396 0.9483
1 0.4420 0.9461
1 0.4443 0.9439
1 0.4466 0.9415
1 0.4488 0.9391
1 0.4509 0.9366
1 0.4529 0.9340
1 0.4548 0.9313
1 0.4566 0.9286
1 0.4583 0.9258
1 0.4599 0.9229
1 0.4614 0.9200
1 0.4628 0.9171
1 0.4641 0.9141
1 0.4652 0.9110
1 0.4663 0.9079
1 0.4672 0.9048
1 0.4680 0.9016
1 0.4688 0.8984
1 0.4694 0.8952
1 0.4698 0.8920
1 0.4702 0.8887
1 0.4704 0.8855
1 0.4706 0.8822
1 0.4706 0.1179
1 0.4704 0.1147
1 0.4702 0.1114
1 0.4698 0.1082
1 0.4694 0.1049
1 0.4688 0.1017
1 0.4680 0.0985
1 0.4672 0.0954
1 0.4663 0.0922
1 0.4652 0.0891
1 0.4641 0.0861
1 0.4628 0.0831
1 0.4614 0.0801
1 0.4599 0.0772
1 0.4583 0.0744
1 0.4566 0.0716
1 0.4548 0.0688
1 0.4529 0.0662
1 0.4509 0.0636
1 0.4488 0.0611
1 0.4466 0.0586
1 0.4443 0.0563
1 0.4420 0.0540
1 0.4396 0.0518
1 0.4370 0.0497
1 0.4345 0.0477
1 0.4318 0.0458
1 0.4291 0.0440
1 0.4263 0.0423
1 0.4234 0.0407
1 0.4205 0.0392
1 0.4176 0.0378
1 0.4146 0.0365
1 0.4115 0.0354
1 0.4084 0.0343
1 0.4053 0.0334
1 0.4021 0.0325
1 0.3989 0.0318
1 0.3957 0.0312
1 0.3925 0.0307
1 0.3892 0.0304
1 0.3860 0.0301
1 0.3827 0.0300
1 -0.3827 0.0300
1 -0.3860 0.0301
1 -0.3892 0.0304
1 -0.3925 0.0307
1 -0.3957 0.0312
1 -0.3989 0.0318
1 -0.4021 0.0325
1 -0.4053 0.0334
1 -0.4084 0.0343
1 -0.4115 0.0354
1 -0.4146 0.0365
1 -0.4176 0.0378
1 -0.4205 0.0392
1 -0.4234 0.0407
1 -0.4263 0.0423
1 -0.4291 0.0440
1 -0.4318 0.0458
1 -0.4345 0.0477
1 -0.4370 0.0497
1 -0.4396 0.0518
1 -0.4420 0.0540
1 -0.4443 0.0563
1 -0.4466 0.0586
1 -0.4488 0.0611
1 -0.4509 0.0636
1 -0.4529 0.0662
1 -0.4548 0.0688
1 -0.4566 0.0716
1 -0.4583 0.0743
1 -0.4599 0.0772
1 -0.4614 0.0801
1 -0.4628 0.0831
1 -0.4640 0.0861
1 -0.4652 0.0891
1 -0.4663 0.0922
1 -0.4672 0.0954
1 -0.4680 0.0985
1 -0.4688 0.1017
1 -0.4694 0.1049
1 -0.4698 0.1082
1 -0.4702 0.1114
1 -0.4704 0.1147
1 -0.4706 0.1179
1 -0.4706 0.8822
112 1251 265
0 -0.1600 0.5769
1 -0.1596 0.5861
1 -0.1590 0.5949
1 -0.1587 0.6021
1 -0.1587 0.6070
1 -0.1583 0.6086
1 -0.1583 0.6089
1 -0.1583 0.6092
1 -0.1557 0.6092
1 -0.1528 0.6092
1 -0.1528 0.6089
1 -0.1525 0.6076
1 -0.1515 0.6047
1 -0.1498 0.5998
1 -0.1482 0.5936
1 -0.1459 0.5861
1 -0.1433 0.5776
1 -0.1378 0.5583
1 -0.1316 0.5381
1 -0.1254 0.5175
1 -0.1224 0.5081
1 -0.1198 0.4993
1 -0.1175 0.4914
1 -0.1156 0.4849
1 -0.1139 0.4794
1 -0.1126 0.4754
1 -0.1120 0.4735
1 -0.1120 0.4725
1 -0.1107 0.4699
1 -0.1084 0.4660
1 -0.1051 0.4634
1 -0.1012 0.4624
1 -0.0967 0.4627
1 -0.0954 0.4630
1 -0.0950 0.4634
1 -0.0940 0.4634
1 -0.0905 0.4647
1 -0.0803 0.4676
1 -0.0787 0.4679
1 -0.0774 0.4684
1 -0.0781 0.4699
1 -0.0790 0.4735
1 -0.0807 0.4797
1 -0.0826 0.4875
1 -0.0852 0.4967
1 -0.0882 0.5074
1 -0.0914 0.5188
1 -0.0983 0.5443
1 -0.1055 0.5704
1 -0.1123 0.5952
1 -0.1153 0.6063
1 -0.1182 0.6164
1 -0.1205 0.6252
1 -0.1224 0.6321
1 -0.1237 0.6370
1 -0.1244 0.6399
1 -0.1247 0.6402
1 -0.1247 0.6409
1 -0.1250 0.6422
1 -0.1267 0.6468
1 -0.1299 0.6549
1 -0.1342 0.6624
1 -0.1387 0.6686
1 -0.1440 0.6742
1 -0.1498 0.6787
1 -0.1560 0.6823
1 -0.1629 0.6849
1 -0.1701 0.6866
1 -0.1778 0.6869
1 -0.1991 0.6869
1 -0.2034 0.6869
1 -0.2069 0.6869
1 -0.2096 0.6869
1 -0.2105 0.6869
1 -0.2105 0.6869
1 -0.2112 0.6869
1 -0.2430 0.6869
1 -0.2507 0.6866
1 -0.2579 0.6849
1 -0.2647 0.6823
1 -0.2709 0.6787
1 -0.2768 0.6742
1 -0.2820 0.6686
1 -0.2869 0.6624
1 -0.2908 0.6549
1 -0.2941 0.6468
1 -0.2957 0.6422
1 -0.2960 0.6409
1 -0.2960 0.6402
1 -0.2964 0.6399
1 -0.2970 0.6370
1 -0.2983 0.6321
1 -0.3003 0.6252
1 -0.3026 0.6164
1 -0.3055 0.6063
1 -0.3084 0.5952
1 -0.3153 0.5704
1 -0.3225 0.5443
1 -0.3293 0.5188
1 -0.3326 0.5074
1 -0.3355 0.4967
1 -0.3381 0.4875
1 -0.3401 0.4797
1 -0.3417 0.4735
1 -0.3430 0.4699
1 -0.3433 0.4684
1 -0.3424 0.4679
1 -0.3404 0.4676
1 -0.3306 0.4647
1 -0.3267 0.4634
1 -0.3257 0.4634
1 -0.3254 0.4630
1 -0.3241 0.4627
1 -0.3195 0.4624
1 -0.3156 0.4634
1 -0.3123 0.4660
1 -0.3101 0.4699
1 -0.3091 0.4725
1 -0.3088 0.4735
1 -0.3081 0.4754
1 -0.3068 0.4794
1 -0.3052 0.4849
1 -0.3032 0.4914
1 -0.3009 0.4993
1 -0.2983 0.5081
1 -0.2954 0.5175
1 -0.2892 0.5381
1 -0.2833 0.5583
1 -0.2774 0.5776
1 -0.2748 0.5861
1 -0.2725 0.5936
1 -0.2709 0.5998
1 -0.2693 0.6047
1 -0.2683 0.6076
1 -0.2680 0.6089
1 -0.2680 0.6092
1 -0.2650 0.6092
1 -0.2624 0.6092
1 -0.2624 0.6086
1 -0.2621 0.6070
1 -0.2621 0.6021
1 -0.2618 0.5949
1 -0.2611 0.5861
1 -0.2608 0.5769
1 -0.2605 0.5678
1 -0.2598 0.5593
1 -0.2595 0.5528
1 -0.2595 0.5505
1 -0.2595 0.5485
1 -0.2595 0.5472
1 -0.2601 0.5450
1 -0.2614 0.5404
1 -0.2634 0.5342
1 -0.2657 0.5260
1 -0.2683 0.5166
1 -0.2716 0.5061
1 -0.2784 0.4823
1 -0.2856 0.4575
1 -0.2928 0.4330
1 -0.2960 0.4219
1 -0.2990 0.4115
1 -0.3019 0.4024
1 -0.3039 0.3945
1 -0.3058 0.3887
1 -0.3068 0.3847
1 -0.3075 0.3828
1 -0.3061 0.3828
1 -0.3042 0.3828
1 -0.2990 0.3828
1 -0.2915 0.3828
1 -0.2742 0.3828
1 -0.2654 0.3828
1 -0.2582 0.3828
1 -0.2523 0.3828
1 -0.2503 0.3828
1 -0.2494 0.3828
1 -0.2487 0.3828
1 -0.2487 0.3811
1 -0.2487 0.3769
1 -0.2481 0.3704
1 -0.2477 0.3616
1 -0.2471 0.3511
1 -0.2468 0.3394
1 -0.2458 0.3267
1 -0.2445 0.2986
1 -0.2428 0.2695
1 -0.2422 0.2555
1 -0.2415 0.2421
1 -0.2409 0.2297
1 -0.2402 0.2183
1 -0.2399 0.2089
1 -0.2393 0.2010
1 -0.2389 0.1955
1 -0.2389 0.1925
1 -0.2379 0.1876
1 -0.2353 0.1837
1 -0.2321 0.1811
1 -0.2282 0.1792
1 -0.2246 0.1788
1 -0.2229 0.1785
1 -0.2197 0.1785
1 -0.2154 0.1785
1 -0.2118 0.1785
1 -0.2109 0.1785
1 -0.2102 0.1785
1 -0.2089 0.1785
1 -0.2053 0.1785
1 -0.2014 0.1785
1 -0.1978 0.1785
1 -0.1962 0.1788
1 -0.1926 0.1792
1 -0.1887 0.1811
1 -0.1854 0.1837
1 -0.1828 0.1876
1 -0.1818 0.1925
1 -0.1818 0.1935
1 -0.1818 0.1955
1 -0.1815 0.2010
1 -0.1812 0.2088
1 -0.1805 0.2183
1 -0.1799 0.2297
1 -0.1792 0.2421
1 -0.1786 0.2555
1 -0.1779 0.2695
1 -0.1763 0.2986
1 -0.1750 0.3266
1 -0.1743 0.3394
1 -0.1737 0.3511
1 -0.1730 0.3616
1 -0.1727 0.3704
1 -0.1724 0.3769
1 -0.1720 0.3811
1 -0.1720 0.3824
1 -0.1720 0.3828
1 -0.1704 0.3828
1 -0.1684 0.3828
1 -0.1629 0.3828
1 -0.1554 0.3828
1 -0.1466 0.3828
1 -0.1293 0.3828
1 -0.1221 0.3828
1 -0.1166 0.3828
1 -0.1133 0.3828
1 -0.1139 0.3847
1 -0.1149 0.3887
1 -0.1169 0.3945
1 -0.1192 0.4024
1 -0.1218 0.4115
1 -0.1247 0.4219
1 -0.1280 0.4330
1 -0.1352 0.4575
1 -0.1423 0.4823
1 -0.1492 0.5061
1 -0.1525 0.5166
1 -0.1551 0.5260
1 -0.1573 0.5342
1 -0.1593 0.5404
1 -0.1606 0.5450
1 -0.1613 0.5472
1 -0.1613 0.5485
1 -0.1613 0.5505
1 -0.1613 0.5528
1 -0.1609 0.5593
1 -0.1606 0.5678
1 -0.1600 0.5769
112 1251 5
0 0.0241 0.7978
1 -0.0154 0.7978
1 -0.0154 0.1867
1 0.0241 0.1867
1 0.0241 0.7978
112 1251 308
0 0.2783 0.5903
1 0.2773 0.5994
1 0.2763 0.6076
1 0.2757 0.6141
1 0.2750 0.6193
1 0.2747 0.6229
1 0.2744 0.6242
1 0.2779 0.6242
1 0.2828 0.6242
1 0.2874 0.6242
1 0.2907 0.6242
1 0.2910 0.6242
1 0.2913 0.6226
1 0.2917 0.6187
1 0.2926 0.6131
1 0.2936 0.6056
1 0.2949 0.5965
1 0.2965 0.5864
1 0.2979 0.5750
1 0.2998 0.5632
1 0.3031 0.5384
1 0.3067 0.5140
1 0.3083 0.5025
1 0.3099 0.4921
1 0.3112 0.4826
1 0.3122 0.4745
1 0.3132 0.4679
1 0.3138 0.4634
1 0.3142 0.4608
1 0.3145 0.4595
1 0.3151 0.4562
1 0.3168 0.4510
1 0.3194 0.4474
1 0.3227 0.4454
1 0.3272 0.4448
1 0.3285 0.4444
1 0.3302 0.4444
1 0.3321 0.4444
1 0.3350 0.4444
1 0.3419 0.4444
1 0.3481 0.4444
1 0.3517 0.4444
1 0.3517 0.4461
1 0.3514 0.4503
1 0.3507 0.4568
1 0.3501 0.4653
1 0.3491 0.4754
1 0.3481 0.4872
1 0.3468 0.4999
1 0.3445 0.5273
1 0.3419 0.5560
1 0.3409 0.5698
1 0.3396 0.5828
1 0.3386 0.5952
1 0.3377 0.6060
1 0.3367 0.6154
1 0.3360 0.6233
1 0.3357 0.6285
1 0.3354 0.6317
1 0.3354 0.6331
1 0.3350 0.6347
1 0.3344 0.6402
1 0.3321 0.6510
1 0.3285 0.6605
1 0.3243 0.6686
1 0.3187 0.6758
1 0.3122 0.6813
1 0.3047 0.6859
1 0.2959 0.6892
1 0.2864 0.6911
1 0.2757 0.6918
1 0.2744 0.6918
1 0.2731 0.6918
1 0.2695 0.6918
1 0.2646 0.6918
1 0.2580 0.6918
1 0.2440 0.6918
1 0.2375 0.6918
1 0.2323 0.6918
1 0.2283 0.6918
1 0.2270 0.6918
1 0.2257 0.6918
1 0.2221 0.6918
1 0.2169 0.6918
1 0.2104 0.6918
1 0.1964 0.6918
1 0.1898 0.6918
1 0.1846 0.6918
1 0.1814 0.6918
1 0.1787 0.6918
1 0.1680 0.6911
1 0.1582 0.6892
1 0.1497 0.6859
1 0.1422 0.6813
1 0.1357 0.6758
1 0.1301 0.6686
1 0.1256 0.6605
1 0.1223 0.6510
1 0.1200 0.6402
1 0.1190 0.6347
1 0.1190 0.6331
1 0.1190 0.6321
1 0.1190 0.6317
1 0.1187 0.6285
1 0.1181 0.6233
1 0.1174 0.6154
1 0.1168 0.6060
1 0.1158 0.5952
1 0.1148 0.5828
1 0.1135 0.5698
1 0.1122 0.5560
1 0.1099 0.5273
1 0.1073 0.4999
1 0.1063 0.4872
1 0.1053 0.4754
1 0.1044 0.4653
1 0.1037 0.4568
1 0.1030 0.4503
1 0.1027 0.4461
1 0.1027 0.4444
1 0.1040 0.4444
1 0.1063 0.4444
1 0.1125 0.4444
1 0.1194 0.4444
1 0.1223 0.4444
1 0.1259 0.4444
1 0.1272 0.4448
1 0.1318 0.4454
1 0.1350 0.4474
1 0.1376 0.4510
1 0.1393 0.4562
1 0.1399 0.4595
1 0.1402 0.4608
1 0.1406 0.4634
1 0.1412 0.4679
1 0.1419 0.4745
1 0.1432 0.4826
1 0.1445 0.4921
1 0.1461 0.5025
1 0.1477 0.5140
1 0.1510 0.5384
1 0.1546 0.5632
1 0.1562 0.5750
1 0.1579 0.5864
1 0.1595 0.5965
1 0.1605 0.6056
1 0.1618 0.6131
1 0.1624 0.6187
1 0.1634 0.6242
1 0.1667 0.6242
1 0.1716 0.6242
1 0.1765 0.6242
1 0.1794 0.6242
1 0.1797 0.6242
1 0.1797 0.6229
1 0.1794 0.6193
1 0.1787 0.6141
1 0.1781 0.6076
1 0.1771 0.5994
1 0.1761 0.5903
1 0.1739 0.5698
1 0.1712 0.5476
1 0.1690 0.5257
1 0.1677 0.5156
1 0.1667 0.5061
1 0.1657 0.4976
1 0.1650 0.4905
1 0.1644 0.4846
1 0.1637 0.4803
1 0.1637 0.4784
1 0.1637 0.4774
1 0.1637 0.4758
1 0.1637 0.4732
1 0.1637 0.4696
1 0.1637 0.4650
1 0.1637 0.4598
1 0.1637 0.4533
1 0.1637 0.4464
1 0.1637 0.4389
1 0.1637 0.4216
1 0.1641 0.4024
1 0.1641 0.3815
1 0.1641 0.3596
1 0.1644 0.3142
1 0.1644 0.2917
1 0.1647 0.2699
1 0.1647 0.2493
1 0.1647 0.2307
1 0.1647 0.2141
1 0.1650 0.2066
1 0.1650 0.2000
1 0.1650 0.1942
1 0.1650 0.1893
1 0.1650 0.1850
1 0.1650 0.1818
1 0.1650 0.1785
1 0.1663 0.1785
1 0.1686 0.1785
1 0.1716 0.1785
1 0.1787 0.1785
1 0.1853 0.1785
1 0.1876 0.1785
1 0.1889 0.1785
1 0.1911 0.1785
1 0.1947 0.1788
1 0.2009 0.1811
1 0.2052 0.1847
1 0.2078 0.1899
1 0.2091 0.1968
1 0.2094 0.1981
1 0.2094 0.1994
1 0.2094 0.2013
1 0.2097 0.2040
1 0.2097 0.2075
1 0.2104 0.2164
1 0.2107 0.2278
1 0.2117 0.2415
1 0.2124 0.2565
1 0.2133 0.2728
1 0.2150 0.3080
1 0.2169 0.3439
1 0.2179 0.3609
1 0.2186 0.3772
1 0.2192 0.3922
1 0.2202 0.4056
1 0.2205 0.4170
1 0.2208 0.4216
1 0.2212 0.4255
1 0.2212 0.4291
1 0.2215 0.4317
1 0.2215 0.4334
1 0.2215 0.4347
1 0.2251 0.4347
1 0.2264 0.4347
1 0.2270 0.4347
1 0.2293 0.4347
1 0.2323 0.4347
1 0.2329 0.4347
1 0.2329 0.4333
1 0.2329 0.4317
1 0.2329 0.4291
1 0.2332 0.4255
1 0.2336 0.4216
1 0.2336 0.4170
1 0.2342 0.4056
1 0.2349 0.3922
1 0.2359 0.3772
1 0.2365 0.3609
1 0.2375 0.3439
1 0.2394 0.3080
1 0.2411 0.2728
1 0.2421 0.2565
1 0.2427 0.2415
1 0.2434 0.2278
1 0.2440 0.2164
1 0.2443 0.2075
1 0.2447 0.2040
1 0.2447 0.2013
1 0.2450 0.1994
1 0.2450 0.1968
1 0.2463 0.1899
1 0.2492 0.1847
1 0.2535 0.1811
1 0.2597 0.1788
1 0.2633 0.1785
1 0.2652 0.1785
1 0.2669 0.1785
1 0.2691 0.1785
1 0.2757 0.1785
1 0.2828 0.1785
1 0.2858 0.1785
1 0.2894 0.1785
1 0.2894 0.1798
1 0.2894 0.1818
1 0.2894 0.1850
1 0.2894 0.1893
1 0.2894 0.1942
1 0.2894 0.2000
1 0.2894 0.2066
1 0.2894 0.2141
1 0.2897 0.2307
1 0.2897 0.2493
1 0.2897 0.2699
1 0.2897 0.2917
1 0.2900 0.3142
1 0.2900 0.3596
1 0.2903 0.3815
1 0.2903 0.4023
1 0.2903 0.4216
1 0.2907 0.4389
1 0.2907 0.4464
1 0.2907 0.4533
1 0.2907 0.4598
1 0.2907 0.4650
1 0.2907 0.4696
1 0.2907 0.4732
1 0.2907 0.4758
1 0.2907 0.4784
1 0.2903 0.4803
1 0.2900 0.4846
1 0.2894 0.4905
1 0.2884 0.4976
1 0.2877 0.5061
1 0.2864 0.5156
1 0.2855 0.5257
1 0.2828 0.5476
1 0.2806 0.5697
1 0.2783 0.5903
112 1251 36
0 -0.2017 0.7975
1 -0.1936 0.7952
1 -0.1864 0.7913
1 -0.1802 0.7861
1 -0.1746 0.7796
1 -0.1707 0.7724
1 -0.1684 0.7642
1 -0.1675 0.7557
1 -0.1684 0.7469
1 -0.1707 0.7388
1 -0.1746 0.7316
1 -0.1802 0.7251
1 -0.1864 0.7199
1 -0.1936 0.7159
1 -0.2017 0.7133
1 -0.2102 0.7127
1 -0.2190 0.7133
1 -0.2272 0.7159
1 -0.2344 0.7199
1 -0.2409 0.7251
1 -0.2461 0.7316
1 -0.2500 0.7388
1 -0.2526 0.7469
1 -0.2533 0.7557
1 -0.2526 0.7642
1 -0.2500 0.7724
1 -0.2461 0.7796
1 -0.2409 0.7861
1 -0.2344 0.7913
1 -0.2272 0.7952
1 -0.2190 0.7975
1 -0.2102 0.7985
1 -0.2047 0.7978
1 -0.2161 0.7978
1 -0.2102 0.7985
1 -0.2017 0.7975
112 1251 34
0 0.2701 0.7571
1 0.2691 0.7482
1 0.2669 0.7401
1 0.2626 0.7329
1 0.2574 0.7267
1 0.2512 0.7212
1 0.2437 0.7172
1 0.2359 0.7150
1 0.2270 0.7140
1 0.2186 0.7150
1 0.2104 0.7172
1 0.2032 0.7212
1 0.1967 0.7267
1 0.1915 0.7329
1 0.1876 0.7401
1 0.1849 0.7482
1 0.1843 0.7571
1 0.1843 0.7571
1 0.1849 0.7655
1 0.1876 0.7737
1 0.1915 0.7809
1 0.1967 0.7874
1 0.2032 0.7926
1 0.2104 0.7965
1 0.2186 0.7991
1 0.2270 0.7998
1 0.2359 0.7991
1 0.2437 0.7965
1 0.2512 0.7926
1 0.2574 0.7874
1 0.2626 0.7809
1 0.2669 0.7737
1 0.2691 0.7655
1 0.2701 0.7571
