SEcl_IS-15
3504 5 1 1 0 0 0 0 0 0 1 1
1.000
112 1466 173
0 -0.5006 0.8828
1 -0.5004 0.8871
1 -0.5001 0.8915
1 -0.4996 0.8958
1 -0.4990 0.9001
1 -0.4982 0.9044
1 -0.4972 0.9087
1 -0.4961 0.9129
1 -0.4948 0.9171
1 -0.4934 0.9212
1 -0.4919 0.9253
1 -0.4902 0.9293
1 -0.4883 0.9333
1 -0.4863 0.9371
1 -0.4842 0.9409
1 -0.4819 0.9447
1 -0.4795 0.9483
1 -0.4770 0.9519
1 -0.4743 0.9553
1 -0.4715 0.9587
1 -0.4686 0.9619
1 -0.4656 0.9651
1 -0.4624 0.9681
1 -0.4592 0.9710
1 -0.4558 0.9738
1 -0.4524 0.9765
1 -0.4488 0.9790
1 -0.4452 0.9814
1 -0.4415 0.9837
1 -0.4377 0.9858
1 -0.4338 0.9878
1 -0.4298 0.9897
1 -0.4258 0.9914
1 -0.4217 0.9930
1 -0.4176 0.9944
1 -0.4134 0.9957
1 -0.4092 0.9968
1 -0.4050 0.9977
1 -0.4007 0.9985
1 -0.3964 0.9992
1 -0.3920 0.9996
1 -0.3877 1.0000
1 -0.3833 1.0001
1 0.3833 1.0001
1 0.3877 1.0000
1 0.3920 0.9996
1 0.3964 0.9992
1 0.4007 0.9985
1 0.4050 0.9977
1 0.4092 0.9968
1 0.4134 0.9957
1 0.4176 0.9944
1 0.4217 0.9930
1 0.4258 0.9914
1 0.4298 0.9897
1 0.4338 0.9878
1 0.4377 0.9858
1 0.4415 0.9837
1 0.4452 0.9814
1 0.4488 0.9790
1 0.4524 0.9765
1 0.4558 0.9738
1 0.4592 0.9710
1 0.4624 0.9681
1 0.4656 0.9651
1 0.4686 0.9619
1 0.4715 0.9587
1 0.4743 0.9553
1 0.4770 0.9519
1 0.4795 0.9483
1 0.4819 0.9447
1 0.4842 0.9409
1 0.4863 0.9371
1 0.4883 0.9333
1 0.4902 0.9293
1 0.4919 0.9253
1 0.4934 0.9212
1 0.4948 0.9171
1 0.4961 0.9129
1 0.4972 0.9087
1 0.4982 0.9044
1 0.4990 0.9001
1 0.4996 0.8958
1 0.5001 0.8915
1 0.5004 0.8871
1 0.5006 0.8828
1 0.5006 0.1174
1 0.5004 0.1130
1 0.5001 0.1087
1 0.4996 0.1043
1 0.4990 0.1000
1 0.4982 0.0957
1 0.4972 0.0915
1 0.4961 0.0872
1 0.4948 0.0831
1 0.4934 0.0789
1 0.4919 0.0748
1 0.4902 0.0708
1 0.4883 0.0669
1 0.4863 0.0630
1 0.4842 0.0592
1 0.4819 0.0555
1 0.4795 0.0518
1 0.4770 0.0483
1 0.4743 0.0448
1 0.4715 0.0415
1 0.4686 0.0382
1 0.4656 0.0351
1 0.4624 0.0320
1 0.4592 0.0291
1 0.4558 0.0263
1 0.4524 0.0237
1 0.4488 0.0211
1 0.4452 0.0187
1 0.4415 0.0164
1 0.4377 0.0143
1 0.4338 0.0123
1 0.4298 0.0104
1 0.4258 0.0087
1 0.4217 0.0072
1 0.4176 0.0057
1 0.4134 0.0045
1 0.4092 0.0034
1 0.4050 0.0024
1 0.4007 0.0016
1 0.3964 0.0010
1 0.3920 0.0005
1 0.3877 0.0002
1 0.3833 0.0000
1 -0.3833 0.0000
1 -0.3833 0.0000
1 -0.3877 0.0002
1 -0.3920 0.0005
1 -0.3964 0.0010
1 -0.4007 0.0016
1 -0.4050 0.0024
1 -0.4092 0.0034
1 -0.4134 0.0045
1 -0.4176 0.0057
1 -0.4217 0.0072
1 -0.4258 0.0087
1 -0.4298 0.0104
1 -0.4338 0.0123
1 -0.4377 0.0143
1 -0.4415 0.0164
1 -0.4452 0.0187
1 -0.4488 0.0211
1 -0.4524 0.0237
1 -0.4558 0.0263
1 -0.4592 0.0291
1 -0.4624 0.0320
1 -0.4656 0.0351
1 -0.4686 0.0382
1 -0.4715 0.0415
1 -0.4743 0.0448
1 -0.4770 0.0483
1 -0.4795 0.0518
1 -0.4819 0.0555
1 -0.4842 0.0592
1 -0.4863 0.0630
1 -0.4883 0.0669
1 -0.4902 0.0708
1 -0.4919 0.0748
1 -0.4934 0.0789
1 -0.4948 0.0831
1 -0.4961 0.0872
1 -0.4972 0.0915
1 -0.4982 0.0957
1 -0.4990 0.1000
1 -0.4996 0.1043
1 -0.5001 0.1087
1 -0.5004 0.1130
1 -0.5006 0.1174
112 1251 173
0 -0.4906 0.8826
1 -0.4904 0.8866
1 -0.4901 0.8906
1 -0.4897 0.8945
1 -0.4891 0.8985
1 -0.4884 0.9024
1 -0.4875 0.9063
1 -0.4865 0.9102
1 -0.4853 0.9140
1 -0.4840 0.9178
1 -0.4826 0.9215
1 -0.4810 0.9252
1 -0.4793 0.9288
1 -0.4775 0.9324
1 -0.4756 0.9359
1 -0.4735 0.9393
1 -0.4713 0.9426
1 -0.4689 0.9459
1 -0.4665 0.9491
1 -0.4639 0.9521
1 -0.4613 0.9551
1 -0.4585 0.9580
1 -0.4556 0.9608
1 -0.4526 0.9634
1 -0.4496 0.9660
1 -0.4464 0.9685
1 -0.4431 0.9708
1 -0.4398 0.9730
1 -0.4364 0.9751
1 -0.4329 0.9770
1 -0.4294 0.9789
1 -0.4257 0.9806
1 -0.4221 0.9821
1 -0.4183 0.9836
1 -0.4145 0.9849
1 -0.4107 0.9860
1 -0.4069 0.9870
1 -0.4029 0.9879
1 -0.3990 0.9887
1 -0.3951 0.9892
1 -0.3911 0.9897
1 -0.3871 0.9900
1 -0.3831 0.9901
1 0.3831 0.9901
1 0.3871 0.9900
1 0.3911 0.9897
1 0.3951 0.9892
1 0.3990 0.9887
1 0.4030 0.9879
1 0.4069 0.9870
1 0.4107 0.9860
1 0.4145 0.9849
1 0.4183 0.9836
1 0.4221 0.9821
1 0.4257 0.9806
1 0.4294 0.9789
1 0.4329 0.9770
1 0.4364 0.9751
1 0.4398 0.9730
1 0.4432 0.9708
1 0.4464 0.9685
1 0.4496 0.9660
1 0.4526 0.9634
1 0.4556 0.9608
1 0.4585 0.9580
1 0.4613 0.9551
1 0.4639 0.9521
1 0.4665 0.9491
1 0.4689 0.9459
1 0.4713 0.9426
1 0.4735 0.9393
1 0.4756 0.9359
1 0.4775 0.9324
1 0.4793 0.9289
1 0.4810 0.9252
1 0.4826 0.9215
1 0.4840 0.9178
1 0.4853 0.9140
1 0.4865 0.9102
1 0.4875 0.9063
1 0.4884 0.9024
1 0.4891 0.8985
1 0.4897 0.8945
1 0.4901 0.8906
1 0.4904 0.8866
1 0.4906 0.8826
1 0.4906 0.1176
1 0.4904 0.1136
1 0.4901 0.1096
1 0.4897 0.1056
1 0.4891 0.1016
1 0.4884 0.0977
1 0.4875 0.0938
1 0.4865 0.0899
1 0.4853 0.0861
1 0.4840 0.0823
1 0.4826 0.0786
1 0.4810 0.0749
1 0.4793 0.0713
1 0.4775 0.0677
1 0.4756 0.0642
1 0.4735 0.0608
1 0.4713 0.0575
1 0.4689 0.0542
1 0.4665 0.0511
1 0.4639 0.0480
1 0.4613 0.0450
1 0.4585 0.0421
1 0.4556 0.0394
1 0.4526 0.0367
1 0.4496 0.0341
1 0.4464 0.0317
1 0.4432 0.0294
1 0.4398 0.0271
1 0.4364 0.0251
1 0.4329 0.0231
1 0.4294 0.0213
1 0.4257 0.0196
1 0.4221 0.0180
1 0.4183 0.0166
1 0.4145 0.0153
1 0.4107 0.0141
1 0.4069 0.0131
1 0.4029 0.0122
1 0.3990 0.0115
1 0.3951 0.0109
1 0.3911 0.0105
1 0.3871 0.0102
1 0.3831 0.0100
1 -0.3831 0.0100
1 -0.3871 0.0102
1 -0.3911 0.0105
1 -0.3951 0.0109
1 -0.3990 0.0115
1 -0.4029 0.0122
1 -0.4069 0.0131
1 -0.4107 0.0141
1 -0.4145 0.0153
1 -0.4183 0.0166
1 -0.4221 0.0180
1 -0.4257 0.0196
1 -0.4294 0.0213
1 -0.4329 0.0231
1 -0.4364 0.0251
1 -0.4398 0.0271
1 -0.4432 0.0294
1 -0.4464 0.0317
1 -0.4496 0.0341
1 -0.4526 0.0367
1 -0.4556 0.0394
1 -0.4585 0.0421
1 -0.4613 0.0450
1 -0.4639 0.0480
1 -0.4665 0.0511
1 -0.4689 0.0542
1 -0.4713 0.0575
1 -0.4735 0.0608
1 -0.4756 0.0642
1 -0.4775 0.0677
1 -0.4793 0.0713
1 -0.4810 0.0749
1 -0.4826 0.0786
1 -0.4840 0.0823
1 -0.4853 0.0861
1 -0.4865 0.0899
1 -0.4875 0.0938
1 -0.4884 0.0977
1 -0.4891 0.1016
1 -0.4897 0.1056
1 -0.4901 0.1096
1 -0.4904 0.1136
1 -0.4906 0.1176
1 -0.4906 0.8826
112 1466 173
0 -0.4706 0.8822
1 -0.4704 0.8855
1 -0.4702 0.8887
1 -0.4698 0.8920
1 -0.4694 0.8952
1 -0.4688 0.8984
1 -0.4680 0.9016
1 -0.4672 0.9048
1 -0.4663 0.9079
1 -0.4652 0.9110
1 -0.4641 0.9141
1 -0.4628 0.9171
1 -0.4614 0.9200
1 -0.4599 0.9229
1 -0.4583 0.9258
1 -0.4566 0.9286
1 -0.4548 0.9313
1 -0.4529 0.9340
1 -0.4509 0.9366
1 -0.4488 0.9391
1 -0.4466 0.9415
1 -0.4443 0.9439
1 -0.4420 0.9461
1 -0.4396 0.9483
1 -0.4370 0.9504
1 -0.4345 0.9524
1 -0.4318 0.9543
1 -0.4291 0.9561
1 -0.4263 0.9578
1 -0.4234 0.9594
1 -0.4205 0.9609
1 -0.4176 0.9623
1 -0.4146 0.9636
1 -0.4115 0.9648
1 -0.4084 0.9658
1 -0.4053 0.9668
1 -0.4021 0.9676
1 -0.3989 0.9683
1 -0.3957 0.9689
1 -0.3925 0.9694
1 -0.3892 0.9698
1 -0.3860 0.9700
1 -0.3827 0.9701
1 0.3827 0.9701
1 0.3860 0.9700
1 0.3892 0.9698
1 0.3925 0.9694
1 0.3957 0.9689
1 0.3989 0.9683
1 0.4021 0.9676
1 0.4053 0.9668
1 0.4084 0.9658
1 0.4115 0.9648
1 0.4146 0.9636
1 0.4176 0.9623
1 0.4205 0.9609
1 0.4234 0.9594
1 0.4263 0.9578
1 0.4291 0.9561
1 0.4318 0.9543
1 0.4345 0.9524
1 0.4370 0.9504
1 0.4396 0.9483
1 0.4420 0.9461
1 0.4443 0.9439
1 0.4466 0.9415
1 0.4488 0.9391
1 0.4509 0.9366
1 0.4529 0.9340
1 0.4548 0.9313
1 0.4566 0.9286
1 0.4583 0.9258
1 0.4599 0.9229
1 0.4614 0.9200
1 0.4628 0.9171
1 0.4641 0.9141
1 0.4652 0.9110
1 0.4663 0.9079
1 0.4672 0.9048
1 0.4680 0.9016
1 0.4688 0.8984
1 0.4694 0.8952
1 0.4698 0.8920
1 0.4702 0.8887
1 0.4704 0.8855
1 0.4706 0.8822
1 0.4706 0.1179
1 0.4704 0.1147
1 0.4702 0.1114
1 0.4698 0.1082
1 0.4694 0.1049
1 0.4688 0.1017
1 0.4680 0.0985
1 0.4672 0.0954
1 0.4663 0.0922
1 0.4652 0.0891
1 0.4641 0.0861
1 0.4628 0.0831
1 0.4614 0.0801
1 0.4599 0.0772
1 0.4583 0.0744
1 0.4566 0.0716
1 0.4548 0.0688
1 0.4529 0.0662
1 0.4509 0.0636
1 0.4488 0.0611
1 0.4466 0.0586
1 0.4443 0.0563
1 0.4420 0.0540
1 0.4396 0.0518
1 0.4370 0.0497
1 0.4345 0.0477
1 0.4318 0.0458
1 0.4291 0.0440
1 0.4263 0.0423
1 0.4234 0.0407
1 0.4205 0.0392
1 0.4176 0.0378
1 0.4146 0.0365
1 0.4115 0.0354
1 0.4084 0.0343
1 0.4053 0.0334
1 0.4021 0.0325
1 0.3989 0.0318
1 0.3957 0.0312
1 0.3925 0.0307
1 0.3892 0.0304
1 0.3860 0.0301
1 0.3827 0.0300
1 -0.3827 0.0300
1 -0.3860 0.0301
1 -0.3892 0.0304
1 -0.3925 0.0307
1 -0.3957 0.0312
1 -0.3989 0.0318
1 -0.4021 0.0325
1 -0.4053 0.0334
1 -0.4084 0.0343
1 -0.4115 0.0354
1 -0.4146 0.0365
1 -0.4176 0.0378
1 -0.4205 0.0392
1 -0.4234 0.0407
1 -0.4263 0.0423
1 -0.4291 0.0440
1 -0.4318 0.0458
1 -0.4345 0.0477
1 -0.4370 0.0497
1 -0.4396 0.0518
1 -0.4420 0.0540
1 -0.4443 0.0563
1 -0.4466 0.0586
1 -0.4488 0.0611
1 -0.4509 0.0636
1 -0.4529 0.0662
1 -0.4548 0.0688
1 -0.4566 0.0716
1 -0.4583 0.0743
1 -0.4599 0.0772
1 -0.4614 0.0801
1 -0.4628 0.0831
1 -0.4640 0.0861
1 -0.4652 0.0891
1 -0.4663 0.0922
1 -0.4672 0.0954
1 -0.4680 0.0985
1 -0.4688 0.1017
1 -0.4694 0.1049
1 -0.4698 0.1082
1 -0.4702 0.1114
1 -0.4704 0.1147
1 -0.4706 0.1179
1 -0.4706 0.8822
112 1251 208
0 -0.0197 0.5433
1 -0.0082 0.5541
1 0.0029 0.5645
1 0.0130 0.5740
1 0.0224 0.5831
1 0.0312 0.5913
1 0.0394 0.5988
1 0.0463 0.6056
1 0.0525 0.6112
1 0.0574 0.6158
1 0.0613 0.6197
1 0.0639 0.6220
1 0.0652 0.6233
1 0.0655 0.6236
1 0.0649 0.6242
1 0.0629 0.6275
1 0.0551 0.6415
1 0.0489 0.6565
1 0.0446 0.6722
1 0.0423 0.6888
1 0.0420 0.6973
1 0.0420 0.6996
1 0.0420 0.7039
1 0.0427 0.7120
1 0.0453 0.7280
1 0.0495 0.7433
1 0.0554 0.7580
1 0.0632 0.7717
1 0.0724 0.7841
1 0.0828 0.7955
1 0.0945 0.8057
1 0.1073 0.8145
1 0.1213 0.8217
1 0.1223 0.8223
1 0.1223 0.8220
1 0.1223 0.8217
1 0.1223 0.8190
1 0.1223 0.8148
1 0.1223 0.8089
1 0.1223 0.8021
1 0.1223 0.7942
1 0.1223 0.7756
1 0.1223 0.7557
1 0.1223 0.7358
1 0.1223 0.7176
1 0.1223 0.7097
1 0.1223 0.7026
1 0.1223 0.6970
1 0.1223 0.6928
1 0.1223 0.6902
1 0.1223 0.6895
1 0.1229 0.6892
1 0.1242 0.6885
1 0.1262 0.6872
1 0.1285 0.6859
1 0.1350 0.6823
1 0.1425 0.6778
1 0.1507 0.6732
1 0.1588 0.6686
1 0.1660 0.6644
1 0.1719 0.6608
1 0.1738 0.6598
1 0.1755 0.6588
1 0.1761 0.6585
1 0.1765 0.6582
1 0.1771 0.6588
1 0.1787 0.6595
1 0.1833 0.6624
1 0.1898 0.6660
1 0.2058 0.6755
1 0.2140 0.6800
1 0.2208 0.6840
1 0.2264 0.6872
1 0.2283 0.6882
1 0.2296 0.6892
1 0.2303 0.6895
1 0.2303 0.6902
1 0.2303 0.6924
1 0.2303 0.6967
1 0.2303 0.7022
1 0.2303 0.7091
1 0.2303 0.7169
1 0.2303 0.7257
1 0.2303 0.7450
1 0.2303 0.7652
1 0.2303 0.7845
1 0.2303 0.7936
1 0.2303 0.8014
1 0.2303 0.8086
1 0.2303 0.8145
1 0.2303 0.8187
1 0.2303 0.8213
1 0.2303 0.8220
1 0.2303 0.8223
1 0.2309 0.8220
1 0.2378 0.8187
1 0.2515 0.8106
1 0.2636 0.8011
1 0.2750 0.7903
1 0.2848 0.7786
1 0.2933 0.7655
1 0.3001 0.7512
1 0.3053 0.7365
1 0.3089 0.7208
1 0.3106 0.7045
1 0.3106 0.7003
1 0.3106 0.6950
1 0.3099 0.6840
1 0.3080 0.6729
1 0.3057 0.6624
1 0.3021 0.6523
1 0.2982 0.6425
1 0.2933 0.6330
1 0.2877 0.6242
1 0.2815 0.6158
1 0.2747 0.6079
1 0.2672 0.6004
1 0.2593 0.5936
1 0.2509 0.5874
1 0.2417 0.5818
1 0.2323 0.5772
1 0.2225 0.5730
1 0.2123 0.5697
1 0.2019 0.5675
1 0.1908 0.5658
1 0.1797 0.5648
1 0.1771 0.5648
1 0.1761 0.5648
1 0.1748 0.5648
1 0.1729 0.5648
1 0.1689 0.5652
1 0.1533 0.5668
1 0.1386 0.5704
1 0.1379 0.5697
1 0.1360 0.5678
1 0.1327 0.5642
1 0.1285 0.5596
1 0.1233 0.5541
1 0.1171 0.5472
1 0.1099 0.5397
1 0.1017 0.5309
1 0.0929 0.5214
1 0.0835 0.5113
1 0.0733 0.5002
1 0.0626 0.4888
1 0.0515 0.4764
1 0.0397 0.4640
1 0.0149 0.4376
1 -0.0105 0.4099
1 -0.0366 0.3821
1 -0.0624 0.3541
1 -0.0875 0.3270
1 -0.1117 0.3009
1 -0.1234 0.2885
1 -0.1342 0.2767
1 -0.1446 0.2653
1 -0.1544 0.2549
1 -0.1636 0.2451
1 -0.1717 0.2363
1 -0.1792 0.2281
1 -0.1861 0.2209
1 -0.1916 0.2147
1 -0.1962 0.2098
1 -0.1998 0.2059
1 -0.2021 0.2036
1 -0.2034 0.2023
1 -0.2037 0.2020
1 -0.2043 0.2010
1 -0.2109 0.1955
1 -0.2184 0.1912
1 -0.2262 0.1886
1 -0.2347 0.1870
1 -0.2435 0.1870
1 -0.2523 0.1886
1 -0.2615 0.1919
1 -0.2703 0.1964
1 -0.2787 0.2026
1 -0.2869 0.2102
1 -0.2934 0.2186
1 -0.2987 0.2271
1 -0.3026 0.2363
1 -0.3045 0.2451
1 -0.3052 0.2539
1 -0.3045 0.2624
1 -0.3022 0.2705
1 -0.2983 0.2784
1 -0.2934 0.2852
1 -0.2902 0.2885
1 -0.2895 0.2891
1 -0.2876 0.2908
1 -0.2846 0.2937
1 -0.2804 0.2976
1 -0.2752 0.3025
1 -0.2690 0.3087
1 -0.2615 0.3155
1 -0.2533 0.3234
1 -0.2442 0.3319
1 -0.2344 0.3410
1 -0.2239 0.3508
1 -0.2128 0.3612
1 -0.2011 0.3723
1 -0.1890 0.3837
1 -0.1636 0.4076
1 -0.1371 0.4327
1 -0.0833 0.4836
1 -0.0569 0.5084
1 -0.0317 0.5319
1 -0.0197 0.5433
112 1466 33
0 -0.2654 0.2552
1 -0.2641 0.2601
1 -0.2614 0.2646
1 -0.2585 0.2682
1 -0.2546 0.2715
1 -0.2504 0.2738
1 -0.2455 0.2754
1 -0.2402 0.2761
1 -0.2350 0.2754
1 -0.2301 0.2738
1 -0.2259 0.2715
1 -0.2220 0.2682
1 -0.2187 0.2646
1 -0.2164 0.2601
1 -0.2148 0.2552
1 -0.2145 0.2500
1 -0.2148 0.2447
1 -0.2164 0.2402
1 -0.2187 0.2356
1 -0.2220 0.2320
1 -0.2259 0.2288
1 -0.2301 0.2265
1 -0.2350 0.2248
1 -0.2402 0.2242
1 -0.2455 0.2248
1 -0.2504 0.2265
1 -0.2546 0.2288
1 -0.2585 0.2320
1 -0.2614 0.2356
1 -0.2641 0.2402
1 -0.2654 0.2447
1 -0.2660 0.2500
1 -0.2654 0.2552
