SEcl_IS-19
3508 6 1 1 0 0 0 0 0 0 1 1
1.000
112 1466 173
0 -0.5006 0.8828
1 -0.5004 0.8871
1 -0.5001 0.8915
1 -0.4996 0.8958
1 -0.4990 0.9001
1 -0.4982 0.9044
1 -0.4972 0.9087
1 -0.4961 0.9129
1 -0.4948 0.9171
1 -0.4934 0.9212
1 -0.4919 0.9253
1 -0.4902 0.9293
1 -0.4883 0.9333
1 -0.4863 0.9371
1 -0.4842 0.9409
1 -0.4819 0.9447
1 -0.4795 0.9483
1 -0.4770 0.9519
1 -0.4743 0.9553
1 -0.4715 0.9587
1 -0.4686 0.9619
1 -0.4656 0.9651
1 -0.4624 0.9681
1 -0.4592 0.9710
1 -0.4558 0.9738
1 -0.4524 0.9765
1 -0.4488 0.9790
1 -0.4452 0.9814
1 -0.4415 0.9837
1 -0.4377 0.9858
1 -0.4338 0.9878
1 -0.4298 0.9897
1 -0.4258 0.9914
1 -0.4217 0.9930
1 -0.4176 0.9944
1 -0.4134 0.9957
1 -0.4092 0.9968
1 -0.4050 0.9977
1 -0.4007 0.9985
1 -0.3964 0.9992
1 -0.3920 0.9996
1 -0.3877 1.0000
1 -0.3833 1.0001
1 0.3833 1.0001
1 0.3877 1.0000
1 0.3920 0.9996
1 0.3964 0.9992
1 0.4007 0.9985
1 0.4050 0.9977
1 0.4092 0.9968
1 0.4134 0.9957
1 0.4176 0.9944
1 0.4217 0.9930
1 0.4258 0.9914
1 0.4298 0.9897
1 0.4338 0.9878
1 0.4377 0.9858
1 0.4415 0.9837
1 0.4452 0.9814
1 0.4488 0.9790
1 0.4524 0.9765
1 0.4558 0.9738
1 0.4592 0.9710
1 0.4624 0.9681
1 0.4656 0.9651
1 0.4686 0.9619
1 0.4715 0.9587
1 0.4743 0.9553
1 0.4770 0.9519
1 0.4795 0.9483
1 0.4819 0.9447
1 0.4842 0.9409
1 0.4863 0.9371
1 0.4883 0.9333
1 0.4902 0.9293
1 0.4919 0.9253
1 0.4934 0.9212
1 0.4948 0.9171
1 0.4961 0.9129
1 0.4972 0.9087
1 0.4982 0.9044
1 0.4990 0.9001
1 0.4996 0.8958
1 0.5001 0.8915
1 0.5004 0.8871
1 0.5006 0.8828
1 0.5006 0.1174
1 0.5004 0.1130
1 0.5001 0.1087
1 0.4996 0.1043
1 0.4990 0.1000
1 0.4982 0.0957
1 0.4972 0.0915
1 0.4961 0.0872
1 0.4948 0.0831
1 0.4934 0.0789
1 0.4919 0.0748
1 0.4902 0.0708
1 0.4883 0.0669
1 0.4863 0.0630
1 0.4842 0.0592
1 0.4819 0.0555
1 0.4795 0.0518
1 0.4770 0.0483
1 0.4743 0.0448
1 0.4715 0.0415
1 0.4686 0.0382
1 0.4656 0.0351
1 0.4624 0.0320
1 0.4592 0.0291
1 0.4558 0.0263
1 0.4524 0.0237
1 0.4488 0.0211
1 0.4452 0.0187
1 0.4415 0.0164
1 0.4377 0.0143
1 0.4338 0.0123
1 0.4298 0.0104
1 0.4258 0.0087
1 0.4217 0.0072
1 0.4176 0.0057
1 0.4134 0.0045
1 0.4092 0.0034
1 0.4050 0.0024
1 0.4007 0.0016
1 0.3964 0.0010
1 0.3920 0.0005
1 0.3877 0.0002
1 0.3833 0.0000
1 -0.3833 0.0000
1 -0.3833 0.0000
1 -0.3877 0.0002
1 -0.3920 0.0005
1 -0.3964 0.0010
1 -0.4007 0.0016
1 -0.4050 0.0024
1 -0.4092 0.0034
1 -0.4134 0.0045
1 -0.4176 0.0057
1 -0.4217 0.0072
1 -0.4258 0.0087
1 -0.4298 0.0104
1 -0.4338 0.0123
1 -0.4377 0.0143
1 -0.4415 0.0164
1 -0.4452 0.0187
1 -0.4488 0.0211
1 -0.4524 0.0237
1 -0.4558 0.0263
1 -0.4592 0.0291
1 -0.4624 0.0320
1 -0.4656 0.0351
1 -0.4686 0.0382
1 -0.4715 0.0415
1 -0.4743 0.0448
1 -0.4770 0.0483
1 -0.4795 0.0518
1 -0.4819 0.0555
1 -0.4842 0.0592
1 -0.4863 0.0630
1 -0.4883 0.0669
1 -0.4902 0.0708
1 -0.4919 0.0748
1 -0.4934 0.0789
1 -0.4948 0.0831
1 -0.4961 0.0872
1 -0.4972 0.0915
1 -0.4982 0.0957
1 -0.4990 0.1000
1 -0.4996 0.1043
1 -0.5001 0.1087
1 -0.5004 0.1130
1 -0.5006 0.1174
112 1251 173
0 -0.4906 0.8826
1 -0.4904 0.8866
1 -0.4901 0.8906
1 -0.4897 0.8945
1 -0.4891 0.8985
1 -0.4884 0.9024
1 -0.4875 0.9063
1 -0.4865 0.9102
1 -0.4853 0.9140
1 -0.4840 0.9178
1 -0.4826 0.9215
1 -0.4810 0.9252
1 -0.4793 0.9288
1 -0.4775 0.9324
1 -0.4756 0.9359
1 -0.4735 0.9393
1 -0.4713 0.9426
1 -0.4689 0.9459
1 -0.4665 0.9491
1 -0.4639 0.9521
1 -0.4613 0.9551
1 -0.4585 0.9580
1 -0.4556 0.9608
1 -0.4526 0.9634
1 -0.4496 0.9660
1 -0.4464 0.9685
1 -0.4431 0.9708
1 -0.4398 0.9730
1 -0.4364 0.9751
1 -0.4329 0.9770
1 -0.4294 0.9789
1 -0.4257 0.9806
1 -0.4221 0.9821
1 -0.4183 0.9836
1 -0.4145 0.9849
1 -0.4107 0.9860
1 -0.4069 0.9870
1 -0.4029 0.9879
1 -0.3990 0.9887
1 -0.3951 0.9892
1 -0.3911 0.9897
1 -0.3871 0.9900
1 -0.3831 0.9901
1 0.3831 0.9901
1 0.3871 0.9900
1 0.3911 0.9897
1 0.3951 0.9892
1 0.3990 0.9887
1 0.4030 0.9879
1 0.4069 0.9870
1 0.4107 0.9860
1 0.4145 0.9849
1 0.4183 0.9836
1 0.4221 0.9821
1 0.4257 0.9806
1 0.4294 0.9789
1 0.4329 0.9770
1 0.4364 0.9751
1 0.4398 0.9730
1 0.4432 0.9708
1 0.4464 0.9685
1 0.4496 0.9660
1 0.4526 0.9634
1 0.4556 0.9608
1 0.4585 0.9580
1 0.4613 0.9551
1 0.4639 0.9521
1 0.4665 0.9491
1 0.4689 0.9459
1 0.4713 0.9426
1 0.4735 0.9393
1 0.4756 0.9359
1 0.4775 0.9324
1 0.4793 0.9289
1 0.4810 0.9252
1 0.4826 0.9215
1 0.4840 0.9178
1 0.4853 0.9140
1 0.4865 0.9102
1 0.4875 0.9063
1 0.4884 0.9024
1 0.4891 0.8985
1 0.4897 0.8945
1 0.4901 0.8906
1 0.4904 0.8866
1 0.4906 0.8826
1 0.4906 0.1176
1 0.4904 0.1136
1 0.4901 0.1096
1 0.4897 0.1056
1 0.4891 0.1016
1 0.4884 0.0977
1 0.4875 0.0938
1 0.4865 0.0899
1 0.4853 0.0861
1 0.4840 0.0823
1 0.4826 0.0786
1 0.4810 0.0749
1 0.4793 0.0713
1 0.4775 0.0677
1 0.4756 0.0642
1 0.4735 0.0608
1 0.4713 0.0575
1 0.4689 0.0542
1 0.4665 0.0511
1 0.4639 0.0480
1 0.4613 0.0450
1 0.4585 0.0421
1 0.4556 0.0394
1 0.4526 0.0367
1 0.4496 0.0341
1 0.4464 0.0317
1 0.4432 0.0294
1 0.4398 0.0271
1 0.4364 0.0251
1 0.4329 0.0231
1 0.4294 0.0213
1 0.4257 0.0196
1 0.4221 0.0180
1 0.4183 0.0166
1 0.4145 0.0153
1 0.4107 0.0141
1 0.4069 0.0131
1 0.4029 0.0122
1 0.3990 0.0115
1 0.3951 0.0109
1 0.3911 0.0105
1 0.3871 0.0102
1 0.3831 0.0100
1 -0.3831 0.0100
1 -0.3871 0.0102
1 -0.3911 0.0105
1 -0.3951 0.0109
1 -0.3990 0.0115
1 -0.4029 0.0122
1 -0.4069 0.0131
1 -0.4107 0.0141
1 -0.4145 0.0153
1 -0.4183 0.0166
1 -0.4221 0.0180
1 -0.4257 0.0196
1 -0.4294 0.0213
1 -0.4329 0.0231
1 -0.4364 0.0251
1 -0.4398 0.0271
1 -0.4432 0.0294
1 -0.4464 0.0317
1 -0.4496 0.0341
1 -0.4526 0.0367
1 -0.4556 0.0394
1 -0.4585 0.0421
1 -0.4613 0.0450
1 -0.4639 0.0480
1 -0.4665 0.0511
1 -0.4689 0.0542
1 -0.4713 0.0575
1 -0.4735 0.0608
1 -0.4756 0.0642
1 -0.4775 0.0677
1 -0.4793 0.0713
1 -0.4810 0.0749
1 -0.4826 0.0786
1 -0.4840 0.0823
1 -0.4853 0.0861
1 -0.4865 0.0899
1 -0.4875 0.0938
1 -0.4884 0.0977
1 -0.4891 0.1016
1 -0.4897 0.1056
1 -0.4901 0.1096
1 -0.4904 0.1136
1 -0.4906 0.1176
1 -0.4906 0.8826
112 1466 173
0 -0.4706 0.8822
1 -0.4704 0.8855
1 -0.4702 0.8887
1 -0.4698 0.8920
1 -0.4694 0.8952
1 -0.4688 0.8984
1 -0.4680 0.9016
1 -0.4672 0.9048
1 -0.4663 0.9079
1 -0.4652 0.9110
1 -0.4641 0.9141
1 -0.4628 0.9171
1 -0.4614 0.9200
1 -0.4599 0.9229
1 -0.4583 0.9258
1 -0.4566 0.9286
1 -0.4548 0.9313
1 -0.4529 0.9340
1 -0.4509 0.9366
1 -0.4488 0.9391
1 -0.4466 0.9415
1 -0.4443 0.9439
1 -0.4420 0.9461
1 -0.4396 0.9483
1 -0.4370 0.9504
1 -0.4345 0.9524
1 -0.4318 0.9543
1 -0.4291 0.9561
1 -0.4263 0.9578
1 -0.4234 0.9594
1 -0.4205 0.9609
1 -0.4176 0.9623
1 -0.4146 0.9636
1 -0.4115 0.9648
1 -0.4084 0.9658
1 -0.4053 0.9668
1 -0.4021 0.9676
1 -0.3989 0.9683
1 -0.3957 0.9689
1 -0.3925 0.9694
1 -0.3892 0.9698
1 -0.3860 0.9700
1 -0.3827 0.9701
1 0.3827 0.9701
1 0.3860 0.9700
1 0.3892 0.9698
1 0.3925 0.9694
1 0.3957 0.9689
1 0.3989 0.9683
1 0.4021 0.9676
1 0.4053 0.9668
1 0.4084 0.9658
1 0.4115 0.9648
1 0.4146 0.9636
1 0.4176 0.9623
1 0.4205 0.9609
1 0.4234 0.9594
1 0.4263 0.9578
1 0.4291 0.9561
1 0.4318 0.9543
1 0.4345 0.9524
1 0.4370 0.9504
1 0.4396 0.9483
1 0.4420 0.9461
1 0.4443 0.9439
1 0.4466 0.9415
1 0.4488 0.9391
1 0.4509 0.9366
1 0.4529 0.9340
1 0.4548 0.9313
1 0.4566 0.9286
1 0.4583 0.9258
1 0.4599 0.9229
1 0.4614 0.9200
1 0.4628 0.9171
1 0.4641 0.9141
1 0.4652 0.9110
1 0.4663 0.9079
1 0.4672 0.9048
1 0.4680 0.9016
1 0.4688 0.8984
1 0.4694 0.8952
1 0.4698 0.8920
1 0.4702 0.8887
1 0.4704 0.8855
1 0.4706 0.8822
1 0.4706 0.1179
1 0.4704 0.1147
1 0.4702 0.1114
1 0.4698 0.1082
1 0.4694 0.1049
1 0.4688 0.1017
1 0.4680 0.0985
1 0.4672 0.0954
1 0.4663 0.0922
1 0.4652 0.0891
1 0.4641 0.0861
1 0.4628 0.0831
1 0.4614 0.0801
1 0.4599 0.0772
1 0.4583 0.0744
1 0.4566 0.0716
1 0.4548 0.0688
1 0.4529 0.0662
1 0.4509 0.0636
1 0.4488 0.0611
1 0.4466 0.0586
1 0.4443 0.0563
1 0.4420 0.0540
1 0.4396 0.0518
1 0.4370 0.0497
1 0.4345 0.0477
1 0.4318 0.0458
1 0.4291 0.0440
1 0.4263 0.0423
1 0.4234 0.0407
1 0.4205 0.0392
1 0.4176 0.0378
1 0.4146 0.0365
1 0.4115 0.0354
1 0.4084 0.0343
1 0.4053 0.0334
1 0.4021 0.0325
1 0.3989 0.0318
1 0.3957 0.0312
1 0.3925 0.0307
1 0.3892 0.0304
1 0.3860 0.0301
1 0.3827 0.0300
1 -0.3827 0.0300
1 -0.3860 0.0301
1 -0.3892 0.0304
1 -0.3925 0.0307
1 -0.3957 0.0312
1 -0.3989 0.0318
1 -0.4021 0.0325
1 -0.4053 0.0334
1 -0.4084 0.0343
1 -0.4115 0.0354
1 -0.4146 0.0365
1 -0.4176 0.0378
1 -0.4205 0.0392
1 -0.4234 0.0407
1 -0.4263 0.0423
1 -0.4291 0.0440
1 -0.4318 0.0458
1 -0.4345 0.0477
1 -0.4370 0.0497
1 -0.4396 0.0518
1 -0.4420 0.0540
1 -0.4443 0.0563
1 -0.4466 0.0586
1 -0.4488 0.0611
1 -0.4509 0.0636
1 -0.4529 0.0662
1 -0.4548 0.0688
1 -0.4566 0.0716
1 -0.4583 0.0743
1 -0.4599 0.0772
1 -0.4614 0.0801
1 -0.4628 0.0831
1 -0.4640 0.0861
1 -0.4652 0.0891
1 -0.4663 0.0922
1 -0.4672 0.0954
1 -0.4680 0.0985
1 -0.4688 0.1017
1 -0.4694 0.1049
1 -0.4698 0.1082
1 -0.4702 0.1114
1 -0.4704 0.1147
1 -0.4706 0.1179
1 -0.4706 0.8822
112 1251 55
0 -0.0314 0.1769
1 -0.0314 0.1769
1 -0.0471 0.1821
1 -0.0631 0.1893
1 -0.0784 0.1987
1 -0.0856 0.2040
1 -0.0921 0.2098
1 -0.0983 0.2160
1 -0.1035 0.2226
1 -0.1058 0.2262
1 -0.1071 0.2281
1 -0.1087 0.2314
1 -0.1123 0.2386
1 -0.1156 0.2467
1 -0.1189 0.2555
1 -0.1218 0.2653
1 -0.1247 0.2757
1 -0.1277 0.2872
1 -0.1326 0.3113
1 -0.1371 0.3377
1 -0.1410 0.3655
1 -0.1443 0.3939
1 -0.1466 0.4229
1 -0.1482 0.4513
1 -0.1492 0.4794
1 -0.1492 0.4862
1 -0.1492 0.4878
1 -0.1492 0.4885
1 -0.1492 0.4888
1 -0.1492 0.4901
1 -0.1485 0.5175
1 -0.1472 0.5459
1 -0.1453 0.5750
1 -0.1423 0.6037
1 -0.1384 0.6318
1 -0.1342 0.6585
1 -0.1293 0.6833
1 -0.1267 0.6951
1 -0.1237 0.7062
1 -0.1208 0.7166
1 -0.1179 0.7261
1 -0.1146 0.7345
1 -0.1110 0.7424
1 -0.1078 0.7492
1 -0.1061 0.7518
1 -0.1051 0.7535
1 -0.0999 0.7603
1 -0.0944 0.7668
1 -0.0879 0.7727
1 -0.0735 0.7832
1 -0.0575 0.7916
1 -0.0415 0.7982
1 -0.0337 0.8008
1 -0.0317 0.8014
1 -0.0314 0.8014
112 1251 75
0 0.0169 0.8070
1 0.0195 0.8070
1 0.0202 0.8070
1 0.0211 0.8070
1 0.0234 0.8070
1 0.0332 0.8067
1 0.0521 0.8050
1 0.0609 0.8034
1 0.0691 0.8014
1 0.0766 0.7988
1 0.0828 0.7952
1 0.0874 0.7910
1 0.0910 0.7861
1 0.0926 0.7802
1 0.0926 0.7786
1 0.0926 0.7779
1 0.0926 0.7766
1 0.0926 0.7737
1 0.0926 0.7695
1 0.0926 0.7639
1 0.0926 0.7574
1 0.0926 0.7502
1 0.0926 0.7420
1 0.0926 0.7244
1 0.0926 0.6882
1 0.0926 0.6719
1 0.0926 0.6647
1 0.0926 0.6588
1 0.0926 0.6536
1 0.0926 0.6497
1 0.0926 0.6474
1 0.0926 0.6464
1 0.0916 0.6412
1 0.0893 0.6366
1 0.0854 0.6327
1 0.0805 0.6291
1 0.0747 0.6265
1 0.0678 0.6242
1 0.0531 0.6210
1 0.0375 0.6197
1 0.0339 0.6197
1 0.0329 0.6197
1 0.0326 0.6197
1 0.0313 0.6197
1 0.0293 0.6197
1 0.0264 0.6197
1 0.0189 0.6197
1 0.0117 0.6197
1 0.0087 0.6197
1 0.0065 0.6197
1 0.0055 0.6197
1 0.0055 0.6216
1 0.0055 0.6259
1 0.0055 0.6318
1 0.0055 0.6396
1 0.0055 0.6487
1 0.0055 0.6592
1 0.0055 0.6706
1 0.0055 0.6954
1 0.0055 0.7215
1 0.0055 0.7469
1 0.0055 0.7587
1 0.0055 0.7698
1 0.0055 0.7799
1 0.0055 0.7884
1 0.0055 0.7956
1 0.0055 0.8011
1 0.0055 0.8044
1 0.0055 0.8057
1 0.0149 0.8067
1 0.0169 0.8070
1 0.0234 0.8070
1 0.0332 0.8067
1 0.0446 0.8057
1 0.0521 0.8050
112 1251 75
0 0.0169 0.1713
1 0.0195 0.1713
1 0.0202 0.1713
1 0.0211 0.1713
1 0.0234 0.1713
1 0.0332 0.1717
1 0.0521 0.1733
1 0.0609 0.1749
1 0.0691 0.1769
1 0.0766 0.1795
1 0.0828 0.1831
1 0.0874 0.1873
1 0.0910 0.1922
1 0.0926 0.1981
1 0.0926 0.1997
1 0.0926 0.2004
1 0.0926 0.2017
1 0.0926 0.2046
1 0.0926 0.2089
1 0.0926 0.2144
1 0.0926 0.2209
1 0.0926 0.2281
1 0.0926 0.2363
1 0.0926 0.2539
1 0.0926 0.2901
1 0.0926 0.3064
1 0.0926 0.3136
1 0.0926 0.3195
1 0.0926 0.3247
1 0.0926 0.3286
1 0.0926 0.3309
1 0.0926 0.3319
1 0.0916 0.3371
1 0.0893 0.3417
1 0.0854 0.3456
1 0.0805 0.3492
1 0.0747 0.3518
1 0.0678 0.3541
1 0.0531 0.3573
1 0.0375 0.3586
1 0.0339 0.3586
1 0.0329 0.3586
1 0.0326 0.3586
1 0.0313 0.3586
1 0.0293 0.3586
1 0.0264 0.3586
1 0.0189 0.3586
1 0.0117 0.3586
1 0.0087 0.3586
1 0.0065 0.3586
1 0.0055 0.3586
1 0.0055 0.3567
1 0.0055 0.3524
1 0.0055 0.3466
1 0.0055 0.3387
1 0.0055 0.3296
1 0.0055 0.3191
1 0.0055 0.3077
1 0.0055 0.2829
1 0.0055 0.2568
1 0.0055 0.2314
1 0.0055 0.2196
1 0.0055 0.2085
1 0.0055 0.1984
1 0.0055 0.1899
1 0.0055 0.1828
1 0.0055 0.1772
1 0.0055 0.1739
1 0.0055 0.1726
1 0.0149 0.1717
1 0.0169 0.1713
1 0.0234 0.1713
1 0.0332 0.1717
1 0.0446 0.1726
1 0.0521 0.1733
