SEcl_IS-12
3501 9 1 1 0 0 0 0 0 0 1 1
1.000
112 1466 173
0 -0.5006 0.8828
1 -0.5004 0.8871
1 -0.5001 0.8915
1 -0.4996 0.8958
1 -0.4990 0.9001
1 -0.4982 0.9044
1 -0.4972 0.9087
1 -0.4961 0.9129
1 -0.4948 0.9171
1 -0.4934 0.9212
1 -0.4919 0.9253
1 -0.4902 0.9293
1 -0.4883 0.9333
1 -0.4863 0.9371
1 -0.4842 0.9409
1 -0.4819 0.9447
1 -0.4795 0.9483
1 -0.4770 0.9519
1 -0.4743 0.9553
1 -0.4715 0.9587
1 -0.4686 0.9619
1 -0.4656 0.9651
1 -0.4624 0.9681
1 -0.4592 0.9710
1 -0.4558 0.9738
1 -0.4524 0.9765
1 -0.4488 0.9790
1 -0.4452 0.9814
1 -0.4415 0.9837
1 -0.4377 0.9858
1 -0.4338 0.9878
1 -0.4298 0.9897
1 -0.4258 0.9914
1 -0.4217 0.9930
1 -0.4176 0.9944
1 -0.4134 0.9957
1 -0.4092 0.9968
1 -0.4050 0.9977
1 -0.4007 0.9985
1 -0.3964 0.9992
1 -0.3920 0.9996
1 -0.3877 1.0000
1 -0.3833 1.0001
1 0.3833 1.0001
1 0.3877 1.0000
1 0.3920 0.9996
1 0.3964 0.9992
1 0.4007 0.9985
1 0.4050 0.9977
1 0.4092 0.9968
1 0.4134 0.9957
1 0.4176 0.9944
1 0.4217 0.9930
1 0.4258 0.9914
1 0.4298 0.9897
1 0.4338 0.9878
1 0.4377 0.9858
1 0.4415 0.9837
1 0.4452 0.9814
1 0.4488 0.9790
1 0.4524 0.9765
1 0.4558 0.9738
1 0.4592 0.9710
1 0.4624 0.9681
1 0.4656 0.9651
1 0.4686 0.9619
1 0.4715 0.9587
1 0.4743 0.9553
1 0.4770 0.9519
1 0.4795 0.9483
1 0.4819 0.9447
1 0.4842 0.9409
1 0.4863 0.9371
1 0.4883 0.9333
1 0.4902 0.9293
1 0.4919 0.9253
1 0.4934 0.9212
1 0.4948 0.9171
1 0.4961 0.9129
1 0.4972 0.9087
1 0.4982 0.9044
1 0.4990 0.9001
1 0.4996 0.8958
1 0.5001 0.8915
1 0.5004 0.8871
1 0.5006 0.8828
1 0.5006 0.1174
1 0.5004 0.1130
1 0.5001 0.1087
1 0.4996 0.1043
1 0.4990 0.1000
1 0.4982 0.0957
1 0.4972 0.0915
1 0.4961 0.0872
1 0.4948 0.0831
1 0.4934 0.0789
1 0.4919 0.0748
1 0.4902 0.0708
1 0.4883 0.0669
1 0.4863 0.0630
1 0.4842 0.0592
1 0.4819 0.0555
1 0.4795 0.0518
1 0.4770 0.0483
1 0.4743 0.0448
1 0.4715 0.0415
1 0.4686 0.0382
1 0.4656 0.0351
1 0.4624 0.0320
1 0.4592 0.0291
1 0.4558 0.0263
1 0.4524 0.0237
1 0.4488 0.0211
1 0.4452 0.0187
1 0.4415 0.0164
1 0.4377 0.0143
1 0.4338 0.0123
1 0.4298 0.0104
1 0.4258 0.0087
1 0.4217 0.0072
1 0.4176 0.0057
1 0.4134 0.0045
1 0.4092 0.0034
1 0.4050 0.0024
1 0.4007 0.0016
1 0.3964 0.0010
1 0.3920 0.0005
1 0.3877 0.0002
1 0.3833 0.0000
1 -0.3833 0.0000
1 -0.3833 0.0000
1 -0.3877 0.0002
1 -0.3920 0.0005
1 -0.3964 0.0010
1 -0.4007 0.0016
1 -0.4050 0.0024
1 -0.4092 0.0034
1 -0.4134 0.0045
1 -0.4176 0.0057
1 -0.4217 0.0072
1 -0.4258 0.0087
1 -0.4298 0.0104
1 -0.4338 0.0123
1 -0.4377 0.0143
1 -0.4415 0.0164
1 -0.4452 0.0187
1 -0.4488 0.0211
1 -0.4524 0.0237
1 -0.4558 0.0263
1 -0.4592 0.0291
1 -0.4624 0.0320
1 -0.4656 0.0351
1 -0.4686 0.0382
1 -0.4715 0.0415
1 -0.4743 0.0448
1 -0.4770 0.0483
1 -0.4795 0.0518
1 -0.4819 0.0555
1 -0.4842 0.0592
1 -0.4863 0.0630
1 -0.4883 0.0669
1 -0.4902 0.0708
1 -0.4919 0.0748
1 -0.4934 0.0789
1 -0.4948 0.0831
1 -0.4961 0.0872
1 -0.4972 0.0915
1 -0.4982 0.0957
1 -0.4990 0.1000
1 -0.4996 0.1043
1 -0.5001 0.1087
1 -0.5004 0.1130
1 -0.5006 0.1174
112 1251 173
0 -0.4906 0.8826
1 -0.4904 0.8866
1 -0.4901 0.8906
1 -0.4897 0.8945
1 -0.4891 0.8985
1 -0.4884 0.9024
1 -0.4875 0.9063
1 -0.4865 0.9102
1 -0.4853 0.9140
1 -0.4840 0.9178
1 -0.4826 0.9215
1 -0.4810 0.9252
1 -0.4793 0.9288
1 -0.4775 0.9324
1 -0.4756 0.9359
1 -0.4735 0.9393
1 -0.4713 0.9426
1 -0.4689 0.9459
1 -0.4665 0.9491
1 -0.4639 0.9521
1 -0.4613 0.9551
1 -0.4585 0.9580
1 -0.4556 0.9608
1 -0.4526 0.9634
1 -0.4496 0.9660
1 -0.4464 0.9685
1 -0.4431 0.9708
1 -0.4398 0.9730
1 -0.4364 0.9751
1 -0.4329 0.9770
1 -0.4294 0.9789
1 -0.4257 0.9806
1 -0.4221 0.9821
1 -0.4183 0.9836
1 -0.4145 0.9849
1 -0.4107 0.9860
1 -0.4069 0.9870
1 -0.4029 0.9879
1 -0.3990 0.9887
1 -0.3951 0.9892
1 -0.3911 0.9897
1 -0.3871 0.9900
1 -0.3831 0.9901
1 0.3831 0.9901
1 0.3871 0.9900
1 0.3911 0.9897
1 0.3951 0.9892
1 0.3990 0.9887
1 0.4030 0.9879
1 0.4069 0.9870
1 0.4107 0.9860
1 0.4145 0.9849
1 0.4183 0.9836
1 0.4221 0.9821
1 0.4257 0.9806
1 0.4294 0.9789
1 0.4329 0.9770
1 0.4364 0.9751
1 0.4398 0.9730
1 0.4432 0.9708
1 0.4464 0.9685
1 0.4496 0.9660
1 0.4526 0.9634
1 0.4556 0.9608
1 0.4585 0.9580
1 0.4613 0.9551
1 0.4639 0.9521
1 0.4665 0.9491
1 0.4689 0.9459
1 0.4713 0.9426
1 0.4735 0.9393
1 0.4756 0.9359
1 0.4775 0.9324
1 0.4793 0.9289
1 0.4810 0.9252
1 0.4826 0.9215
1 0.4840 0.9178
1 0.4853 0.9140
1 0.4865 0.9102
1 0.4875 0.9063
1 0.4884 0.9024
1 0.4891 0.8985
1 0.4897 0.8945
1 0.4901 0.8906
1 0.4904 0.8866
1 0.4906 0.8826
1 0.4906 0.1176
1 0.4904 0.1136
1 0.4901 0.1096
1 0.4897 0.1056
1 0.4891 0.1016
1 0.4884 0.0977
1 0.4875 0.0938
1 0.4865 0.0899
1 0.4853 0.0861
1 0.4840 0.0823
1 0.4826 0.0786
1 0.4810 0.0749
1 0.4793 0.0713
1 0.4775 0.0677
1 0.4756 0.0642
1 0.4735 0.0608
1 0.4713 0.0575
1 0.4689 0.0542
1 0.4665 0.0511
1 0.4639 0.0480
1 0.4613 0.0450
1 0.4585 0.0421
1 0.4556 0.0394
1 0.4526 0.0367
1 0.4496 0.0341
1 0.4464 0.0317
1 0.4432 0.0294
1 0.4398 0.0271
1 0.4364 0.0251
1 0.4329 0.0231
1 0.4294 0.0213
1 0.4257 0.0196
1 0.4221 0.0180
1 0.4183 0.0166
1 0.4145 0.0153
1 0.4107 0.0141
1 0.4069 0.0131
1 0.4029 0.0122
1 0.3990 0.0115
1 0.3951 0.0109
1 0.3911 0.0105
1 0.3871 0.0102
1 0.3831 0.0100
1 -0.3831 0.0100
1 -0.3871 0.0102
1 -0.3911 0.0105
1 -0.3951 0.0109
1 -0.3990 0.0115
1 -0.4029 0.0122
1 -0.4069 0.0131
1 -0.4107 0.0141
1 -0.4145 0.0153
1 -0.4183 0.0166
1 -0.4221 0.0180
1 -0.4257 0.0196
1 -0.4294 0.0213
1 -0.4329 0.0231
1 -0.4364 0.0251
1 -0.4398 0.0271
1 -0.4432 0.0294
1 -0.4464 0.0317
1 -0.4496 0.0341
1 -0.4526 0.0367
1 -0.4556 0.0394
1 -0.4585 0.0421
1 -0.4613 0.0450
1 -0.4639 0.0480
1 -0.4665 0.0511
1 -0.4689 0.0542
1 -0.4713 0.0575
1 -0.4735 0.0608
1 -0.4756 0.0642
1 -0.4775 0.0677
1 -0.4793 0.0713
1 -0.4810 0.0749
1 -0.4826 0.0786
1 -0.4840 0.0823
1 -0.4853 0.0861
1 -0.4865 0.0899
1 -0.4875 0.0938
1 -0.4884 0.0977
1 -0.4891 0.1016
1 -0.4897 0.1056
1 -0.4901 0.1096
1 -0.4904 0.1136
1 -0.4906 0.1176
1 -0.4906 0.8826
112 1466 173
0 -0.4706 0.8822
1 -0.4704 0.8855
1 -0.4702 0.8887
1 -0.4698 0.8920
1 -0.4694 0.8952
1 -0.4688 0.8984
1 -0.4680 0.9016
1 -0.4672 0.9048
1 -0.4663 0.9079
1 -0.4652 0.9110
1 -0.4641 0.9141
1 -0.4628 0.9171
1 -0.4614 0.9200
1 -0.4599 0.9229
1 -0.4583 0.9258
1 -0.4566 0.9286
1 -0.4548 0.9313
1 -0.4529 0.9340
1 -0.4509 0.9366
1 -0.4488 0.9391
1 -0.4466 0.9415
1 -0.4443 0.9439
1 -0.4420 0.9461
1 -0.4396 0.9483
1 -0.4370 0.9504
1 -0.4345 0.9524
1 -0.4318 0.9543
1 -0.4291 0.9561
1 -0.4263 0.9578
1 -0.4234 0.9594
1 -0.4205 0.9609
1 -0.4176 0.9623
1 -0.4146 0.9636
1 -0.4115 0.9648
1 -0.4084 0.9658
1 -0.4053 0.9668
1 -0.4021 0.9676
1 -0.3989 0.9683
1 -0.3957 0.9689
1 -0.3925 0.9694
1 -0.3892 0.9698
1 -0.3860 0.9700
1 -0.3827 0.9701
1 0.3827 0.9701
1 0.3860 0.9700
1 0.3892 0.9698
1 0.3925 0.9694
1 0.3957 0.9689
1 0.3989 0.9683
1 0.4021 0.9676
1 0.4053 0.9668
1 0.4084 0.9658
1 0.4115 0.9648
1 0.4146 0.9636
1 0.4176 0.9623
1 0.4205 0.9609
1 0.4234 0.9594
1 0.4263 0.9578
1 0.4291 0.9561
1 0.4318 0.9543
1 0.4345 0.9524
1 0.4370 0.9504
1 0.4396 0.9483
1 0.4420 0.9461
1 0.4443 0.9439
1 0.4466 0.9415
1 0.4488 0.9391
1 0.4509 0.9366
1 0.4529 0.9340
1 0.4548 0.9313
1 0.4566 0.9286
1 0.4583 0.9258
1 0.4599 0.9229
1 0.4614 0.9200
1 0.4628 0.9171
1 0.4641 0.9141
1 0.4652 0.9110
1 0.4663 0.9079
1 0.4672 0.9048
1 0.4680 0.9016
1 0.4688 0.8984
1 0.4694 0.8952
1 0.4698 0.8920
1 0.4702 0.8887
1 0.4704 0.8855
1 0.4706 0.8822
1 0.4706 0.1179
1 0.4704 0.1147
1 0.4702 0.1114
1 0.4698 0.1082
1 0.4694 0.1049
1 0.4688 0.1017
1 0.4680 0.0985
1 0.4672 0.0954
1 0.4663 0.0922
1 0.4652 0.0891
1 0.4641 0.0861
1 0.4628 0.0831
1 0.4614 0.0801
1 0.4599 0.0772
1 0.4583 0.0744
1 0.4566 0.0716
1 0.4548 0.0688
1 0.4529 0.0662
1 0.4509 0.0636
1 0.4488 0.0611
1 0.4466 0.0586
1 0.4443 0.0563
1 0.4420 0.0540
1 0.4396 0.0518
1 0.4370 0.0497
1 0.4345 0.0477
1 0.4318 0.0458
1 0.4291 0.0440
1 0.4263 0.0423
1 0.4234 0.0407
1 0.4205 0.0392
1 0.4176 0.0378
1 0.4146 0.0365
1 0.4115 0.0354
1 0.4084 0.0343
1 0.4053 0.0334
1 0.4021 0.0325
1 0.3989 0.0318
1 0.3957 0.0312
1 0.3925 0.0307
1 0.3892 0.0304
1 0.3860 0.0301
1 0.3827 0.0300
1 -0.3827 0.0300
1 -0.3860 0.0301
1 -0.3892 0.0304
1 -0.3925 0.0307
1 -0.3957 0.0312
1 -0.3989 0.0318
1 -0.4021 0.0325
1 -0.4053 0.0334
1 -0.4084 0.0343
1 -0.4115 0.0354
1 -0.4146 0.0365
1 -0.4176 0.0378
1 -0.4205 0.0392
1 -0.4234 0.0407
1 -0.4263 0.0423
1 -0.4291 0.0440
1 -0.4318 0.0458
1 -0.4345 0.0477
1 -0.4370 0.0497
1 -0.4396 0.0518
1 -0.4420 0.0540
1 -0.4443 0.0563
1 -0.4466 0.0586
1 -0.4488 0.0611
1 -0.4509 0.0636
1 -0.4529 0.0662
1 -0.4548 0.0688
1 -0.4566 0.0716
1 -0.4583 0.0743
1 -0.4599 0.0772
1 -0.4614 0.0801
1 -0.4628 0.0831
1 -0.4640 0.0861
1 -0.4652 0.0891
1 -0.4663 0.0922
1 -0.4672 0.0954
1 -0.4680 0.0985
1 -0.4688 0.1017
1 -0.4694 0.1049
1 -0.4698 0.1082
1 -0.4702 0.1114
1 -0.4704 0.1147
1 -0.4706 0.1179
1 -0.4706 0.8822
112 1251 212
0 -0.1857 0.7920
1 -0.1792 0.7946
1 -0.1717 0.7965
1 -0.1639 0.7985
1 -0.1551 0.7998
1 -0.1456 0.8011
1 -0.1352 0.8017
1 -0.1241 0.8021
1 -0.1182 0.8021
1 -0.1169 0.8021
1 -0.1162 0.8021
1 -0.1149 0.8021
1 -0.1120 0.8021
1 -0.1081 0.8021
1 -0.1029 0.8021
1 -0.0967 0.8021
1 -0.0898 0.8021
1 -0.0820 0.8021
1 -0.0653 0.8021
1 -0.0307 0.8021
1 -0.0151 0.8021
1 -0.0086 0.8021
1 -0.0027 0.8021
1 0.0022 0.8021
1 0.0058 0.8021
1 0.0081 0.8021
1 0.0091 0.8021
1 0.0097 0.8021
1 0.0120 0.8021
1 0.0156 0.8021
1 0.0205 0.8021
1 0.0264 0.8021
1 0.0332 0.8021
1 0.0485 0.8021
1 0.0831 0.8021
1 0.1001 0.8021
1 0.1076 0.8021
1 0.1148 0.8021
1 0.1207 0.8021
1 0.1259 0.8021
1 0.1301 0.8021
1 0.1327 0.8021
1 0.1340 0.8021
1 0.1347 0.8021
1 0.1363 0.8021
1 0.1422 0.8021
1 0.1533 0.8017
1 0.1637 0.8011
1 0.1732 0.7998
1 0.1820 0.7985
1 0.1902 0.7965
1 0.1977 0.7946
1 0.2045 0.7920
1 0.2107 0.7890
1 0.2163 0.7858
1 0.2212 0.7822
1 0.2297 0.7737
1 0.2362 0.7636
1 0.2407 0.7515
1 0.2443 0.7381
1 0.2463 0.7228
1 0.2466 0.7185
1 0.2469 0.7176
1 0.2469 0.7172
1 0.2469 0.7169
1 0.2469 0.7153
1 0.2476 0.7110
1 0.2479 0.7052
1 0.2489 0.6977
1 0.2499 0.6885
1 0.2509 0.6781
1 0.2518 0.6663
1 0.2531 0.6536
1 0.2544 0.6399
1 0.2571 0.6115
1 0.2593 0.5818
1 0.2616 0.5524
1 0.2626 0.5387
1 0.2636 0.5254
1 0.2642 0.5130
1 0.2649 0.5015
1 0.2652 0.4914
1 0.2652 0.4826
1 0.2652 0.4820
1 0.2652 0.4793
1 0.2652 0.4751
1 0.2652 0.4699
1 0.2652 0.4630
1 0.2652 0.4555
1 0.2652 0.4382
1 0.2652 0.3994
1 0.2652 0.3805
1 0.2652 0.3720
1 0.2652 0.3638
1 0.2652 0.3570
1 0.2652 0.3511
1 0.2652 0.3465
1 0.2652 0.3436
1 0.2652 0.3420
1 0.2652 0.3413
1 0.2652 0.3394
1 0.2646 0.3312
1 0.2629 0.3230
1 0.2603 0.3155
1 0.2571 0.3087
1 0.2528 0.3022
1 0.2479 0.2966
1 0.2420 0.2920
1 0.2358 0.2885
1 0.2283 0.2858
1 0.2205 0.2845
1 0.2186 0.2845
1 0.2179 0.2845
1 0.2176 0.2845
1 0.2153 0.2845
1 0.2107 0.2845
1 0.2042 0.2845
1 0.1954 0.2845
1 0.1853 0.2845
1 0.1735 0.2845
1 0.1608 0.2845
1 0.1327 0.2845
1 0.1037 0.2845
1 0.0750 0.2845
1 0.0616 0.2845
1 0.0492 0.2845
1 0.0381 0.2845
1 0.0283 0.2845
1 0.0202 0.2845
1 0.0143 0.2845
1 0.0104 0.2845
1 0.0094 0.2845
1 0.0091 0.2845
1 0.0087 0.2845
1 0.0078 0.2845
1 0.0038 0.2845
1 -0.0024 0.2845
1 -0.0102 0.2845
1 -0.0200 0.2845
1 -0.0314 0.2845
1 -0.0438 0.2845
1 -0.0572 0.2845
1 -0.0856 0.2845
1 -0.1149 0.2845
1 -0.1427 0.2845
1 -0.1557 0.2845
1 -0.1671 0.2845
1 -0.1776 0.2845
1 -0.1861 0.2845
1 -0.1929 0.2845
1 -0.1975 0.2845
1 -0.1998 0.2845
1 -0.2004 0.2845
1 -0.2027 0.2845
1 -0.2105 0.2858
1 -0.2177 0.2878
1 -0.2242 0.2911
1 -0.2298 0.2956
1 -0.2347 0.3009
1 -0.2389 0.3071
1 -0.2422 0.3139
1 -0.2448 0.3217
1 -0.2464 0.3299
1 -0.2474 0.3390
1 -0.2474 0.3413
1 -0.2474 0.3420
1 -0.2474 0.3436
1 -0.2474 0.3465
1 -0.2474 0.3511
1 -0.2474 0.3570
1 -0.2474 0.3638
1 -0.2474 0.3720
1 -0.2474 0.3805
1 -0.2474 0.3994
1 -0.2474 0.4382
1 -0.2474 0.4555
1 -0.2474 0.4630
1 -0.2474 0.4699
1 -0.2474 0.4751
1 -0.2474 0.4793
1 -0.2474 0.4820
1 -0.2474 0.4826
1 -0.2471 0.4914
1 -0.2468 0.5015
1 -0.2461 0.5130
1 -0.2455 0.5254
1 -0.2445 0.5387
1 -0.2432 0.5524
1 -0.2409 0.5818
1 -0.2380 0.6115
1 -0.2350 0.6399
1 -0.2337 0.6536
1 -0.2324 0.6663
1 -0.2311 0.6781
1 -0.2298 0.6885
1 -0.2288 0.6977
1 -0.2282 0.7052
1 -0.2275 0.7110
1 -0.2269 0.7153
1 -0.2269 0.7169
1 -0.2265 0.7172
1 -0.2265 0.7176
1 -0.2265 0.7185
1 -0.2262 0.7228
1 -0.2239 0.7381
1 -0.2207 0.7515
1 -0.2161 0.7632
1 -0.2099 0.7737
1 -0.2021 0.7822
1 -0.1972 0.7858
1 -0.1916 0.7890
1 -0.1857 0.7920
112 1251 13
0 -0.1433 0.2389
1 -0.1433 0.1909
1 0.1611 0.1909
1 0.1611 0.2389
1 0.2081 0.2389
1 0.2081 0.1909
1 0.2952 0.1909
1 0.2952 0.1586
1 -0.2735 0.1586
1 -0.2735 0.1909
1 -0.1903 0.1909
1 -0.1903 0.2389
1 -0.1433 0.2389
112 1466 73
0 0.1954 0.3700
1 0.1954 0.3704
1 0.1954 0.3700
1 0.1951 0.3668
1 0.1941 0.3635
1 0.1905 0.3583
1 0.1849 0.3547
1 0.1820 0.3537
1 0.1787 0.3534
1 0.1778 0.3534
1 0.1758 0.3534
1 0.1725 0.3534
1 0.1686 0.3534
1 0.1585 0.3534
1 0.1468 0.3534
1 0.1350 0.3534
1 0.1246 0.3534
1 0.1207 0.3534
1 0.1174 0.3534
1 0.1154 0.3534
1 0.1148 0.3534
1 0.1112 0.3537
1 0.1083 0.3547
1 0.1027 0.3583
1 0.0994 0.3635
1 0.0985 0.3668
1 0.0981 0.3700
1 0.0981 0.3704
1 0.0981 0.3717
1 0.0981 0.3756
1 0.0981 0.3811
1 0.0981 0.3873
1 0.0981 0.3935
1 0.0981 0.3991
1 0.0981 0.4030
1 0.0981 0.4043
1 0.0981 0.4046
1 0.0985 0.4079
1 0.0994 0.4112
1 0.1027 0.4164
1 0.1083 0.4200
1 0.1112 0.4209
1 0.1148 0.4213
1 0.1154 0.4213
1 0.1174 0.4213
1 0.1207 0.4213
1 0.1246 0.4213
1 0.1350 0.4213
1 0.1468 0.4213
1 0.1585 0.4213
1 0.1686 0.4213
1 0.1725 0.4213
1 0.1758 0.4213
1 0.1778 0.4213
1 0.1787 0.4213
1 0.1820 0.4209
1 0.1849 0.4200
1 0.1905 0.4164
1 0.1941 0.4112
1 0.1951 0.4079
1 0.1954 0.4046
1 0.1954 0.4043
1 0.1954 0.4030
1 0.1954 0.3991
1 0.1954 0.3935
1 0.1954 0.3873
1 0.1954 0.3811
1 0.1954 0.3756
1 0.1954 0.3717
1 0.1954 0.3704
1 0.1954 0.3700
1 0.1951 0.3668
1 0.1954 0.3700
112 1466 73
0 -0.0820 0.3700
1 -0.0820 0.3704
1 -0.0820 0.3700
1 -0.0823 0.3668
1 -0.0833 0.3635
1 -0.0869 0.3583
1 -0.0921 0.3547
1 -0.0954 0.3537
1 -0.0986 0.3534
1 -0.0993 0.3534
1 -0.1012 0.3534
1 -0.1045 0.3534
1 -0.1087 0.3534
1 -0.1189 0.3534
1 -0.1306 0.3534
1 -0.1423 0.3534
1 -0.1525 0.3534
1 -0.1567 0.3534
1 -0.1600 0.3534
1 -0.1619 0.3534
1 -0.1626 0.3534
1 -0.1658 0.3537
1 -0.1691 0.3547
1 -0.1743 0.3583
1 -0.1779 0.3635
1 -0.1789 0.3668
1 -0.1792 0.3700
1 -0.1792 0.3704
1 -0.1792 0.3717
1 -0.1792 0.3756
1 -0.1792 0.3811
1 -0.1792 0.3873
1 -0.1792 0.3935
1 -0.1792 0.3991
1 -0.1792 0.4030
1 -0.1792 0.4043
1 -0.1792 0.4046
1 -0.1789 0.4079
1 -0.1779 0.4112
1 -0.1743 0.4164
1 -0.1691 0.4200
1 -0.1658 0.4209
1 -0.1626 0.4213
1 -0.1619 0.4213
1 -0.1600 0.4213
1 -0.1567 0.4213
1 -0.1525 0.4213
1 -0.1423 0.4213
1 -0.1306 0.4213
1 -0.1189 0.4213
1 -0.1087 0.4213
1 -0.1045 0.4213
1 -0.1012 0.4213
1 -0.0993 0.4213
1 -0.0986 0.4213
1 -0.0954 0.4209
1 -0.0921 0.4200
1 -0.0869 0.4164
1 -0.0833 0.4112
1 -0.0823 0.4079
1 -0.0820 0.4046
1 -0.0820 0.4043
1 -0.0820 0.4030
1 -0.0820 0.3991
1 -0.0820 0.3935
1 -0.0820 0.3873
1 -0.0820 0.3811
1 -0.0820 0.3756
1 -0.0820 0.3717
1 -0.0820 0.3704
1 -0.0820 0.3700
1 -0.0823 0.3668
1 -0.0820 0.3700
112 1466 138
0 -0.0079 0.6742
1 -0.0144 0.6742
1 -0.0219 0.6742
1 -0.0301 0.6742
1 -0.0480 0.6742
1 -0.0676 0.6742
1 -0.1064 0.6742
1 -0.1241 0.6742
1 -0.1319 0.6742
1 -0.1391 0.6742
1 -0.1453 0.6742
1 -0.1508 0.6742
1 -0.1551 0.6742
1 -0.1580 0.6742
1 -0.1616 0.6742
1 -0.1645 0.6735
1 -0.1675 0.6725
1 -0.1704 0.6706
1 -0.1724 0.6683
1 -0.1740 0.6650
1 -0.1746 0.6614
1 -0.1746 0.6595
1 -0.1750 0.6565
1 -0.1753 0.6526
1 -0.1756 0.6474
1 -0.1760 0.6412
1 -0.1766 0.6347
1 -0.1776 0.6190
1 -0.1789 0.6017
1 -0.1802 0.5838
1 -0.1815 0.5655
1 -0.1825 0.5482
1 -0.1838 0.5325
1 -0.1841 0.5260
1 -0.1844 0.5198
1 -0.1848 0.5149
1 -0.1851 0.5107
1 -0.1854 0.5077
1 -0.1854 0.5058
1 -0.1854 0.5032
1 -0.1848 0.5002
1 -0.1838 0.4979
1 -0.1818 0.4960
1 -0.1795 0.4947
1 -0.1766 0.4937
1 -0.1750 0.4937
1 -0.1727 0.4937
1 -0.1694 0.4937
1 -0.1649 0.4937
1 -0.1590 0.4937
1 -0.1521 0.4937
1 -0.1443 0.4937
1 -0.1358 0.4937
1 -0.1166 0.4937
1 -0.0957 0.4937
1 -0.0741 0.4937
1 -0.0533 0.4937
1 -0.0337 0.4937
1 -0.0249 0.4937
1 -0.0167 0.4937
1 -0.0092 0.4937
1 -0.0030 0.4937
1 0.0019 0.4937
1 0.0058 0.4937
1 0.0081 0.4937
1 0.0097 0.4937
1 0.0120 0.4937
1 0.0159 0.4937
1 0.0208 0.4937
1 0.0270 0.4937
1 0.0345 0.4937
1 0.0423 0.4937
1 0.0515 0.4937
1 0.0711 0.4937
1 0.0919 0.4937
1 0.1340 0.4937
1 0.1533 0.4937
1 0.1618 0.4937
1 0.1696 0.4937
1 0.1765 0.4937
1 0.1823 0.4937
1 0.1869 0.4937
1 0.1898 0.4937
1 0.1918 0.4937
1 0.1941 0.4937
1 0.1970 0.4947
1 0.1993 0.4960
1 0.2009 0.4979
1 0.2022 0.5002
1 0.2029 0.5032
1 0.2029 0.5077
1 0.2026 0.5107
1 0.2022 0.5149
1 0.2019 0.5198
1 0.2016 0.5260
1 0.2013 0.5325
1 0.2003 0.5482
1 0.1990 0.5655
1 0.1980 0.5838
1 0.1967 0.6017
1 0.1957 0.6190
1 0.1947 0.6347
1 0.1941 0.6412
1 0.1938 0.6474
1 0.1934 0.6526
1 0.1931 0.6565
1 0.1931 0.6595
1 0.1928 0.6614
1 0.1925 0.6650
1 0.1908 0.6683
1 0.1885 0.6706
1 0.1859 0.6725
1 0.1830 0.6735
1 0.1797 0.6742
1 0.1784 0.6742
1 0.1761 0.6742
1 0.1732 0.6742
1 0.1690 0.6742
1 0.1637 0.6742
1 0.1572 0.6742
1 0.1500 0.6742
1 0.1422 0.6742
1 0.1246 0.6742
1 0.0854 0.6742
1 0.0662 0.6742
1 0.0482 0.6742
1 0.0401 0.6742
1 0.0326 0.6742
1 0.0257 0.6742
1 0.0202 0.6742
1 0.0153 0.6742
1 0.0120 0.6742
1 0.0097 0.6742
1 0.0081 0.6742
1 0.0061 0.6742
1 0.0025 0.6742
1 -0.0020 0.6742
1 -0.0079 0.6742
112 1466 68
0 -0.0079 0.7156
1 -0.0164 0.7156
1 -0.0239 0.7156
1 -0.0304 0.7156
1 -0.0356 0.7156
1 -0.0386 0.7156
1 -0.0399 0.7156
1 -0.0435 0.7159
1 -0.0467 0.7172
1 -0.0500 0.7189
1 -0.0526 0.7208
1 -0.0549 0.7237
1 -0.0565 0.7267
1 -0.0575 0.7299
1 -0.0578 0.7335
1 -0.0578 0.7358
1 -0.0578 0.7401
1 -0.0578 0.7446
1 -0.0578 0.7459
1 -0.0578 0.7466
1 -0.0575 0.7502
1 -0.0565 0.7534
1 -0.0549 0.7567
1 -0.0526 0.7593
1 -0.0500 0.7616
1 -0.0467 0.7632
1 -0.0435 0.7642
1 -0.0399 0.7645
1 -0.0356 0.7645
1 -0.0304 0.7645
1 -0.0239 0.7645
1 -0.0164 0.7645
1 -0.0079 0.7645
1 0.0110 0.7645
1 0.0296 0.7645
1 0.0381 0.7645
1 0.0456 0.7645
1 0.0521 0.7645
1 0.0574 0.7645
1 0.0603 0.7645
1 0.0616 0.7645
1 0.0652 0.7642
1 0.0685 0.7632
1 0.0717 0.7616
1 0.0743 0.7593
1 0.0766 0.7567
1 0.0782 0.7534
1 0.0792 0.7502
1 0.0796 0.7466
1 0.0796 0.7401
1 0.0796 0.7358
1 0.0796 0.7342
1 0.0796 0.7335
1 0.0792 0.7299
1 0.0782 0.7267
1 0.0766 0.7237
1 0.0743 0.7208
1 0.0717 0.7189
1 0.0685 0.7172
1 0.0652 0.7159
1 0.0616 0.7156
1 0.0574 0.7156
1 0.0521 0.7156
1 0.0456 0.7156
1 0.0381 0.7156
1 0.0296 0.7156
1 0.0110 0.7156
1 -0.0079 0.7156
