SEcl_IS-18
3507 8 1 1 0 0 0 0 0 0 1 1
1.000
112 1466 173
0 -0.5006 0.8828
1 -0.5004 0.8871
1 -0.5001 0.8915
1 -0.4996 0.8958
1 -0.4990 0.9001
1 -0.4982 0.9044
1 -0.4972 0.9087
1 -0.4961 0.9129
1 -0.4948 0.9171
1 -0.4934 0.9212
1 -0.4919 0.9253
1 -0.4902 0.9293
1 -0.4883 0.9333
1 -0.4863 0.9371
1 -0.4842 0.9409
1 -0.4819 0.9447
1 -0.4795 0.9483
1 -0.4770 0.9519
1 -0.4743 0.9553
1 -0.4715 0.9587
1 -0.4686 0.9619
1 -0.4656 0.9651
1 -0.4624 0.9681
1 -0.4592 0.9710
1 -0.4558 0.9738
1 -0.4524 0.9765
1 -0.4488 0.9790
1 -0.4452 0.9814
1 -0.4415 0.9837
1 -0.4377 0.9858
1 -0.4338 0.9878
1 -0.4298 0.9897
1 -0.4258 0.9914
1 -0.4217 0.9930
1 -0.4176 0.9944
1 -0.4134 0.9957
1 -0.4092 0.9968
1 -0.4050 0.9977
1 -0.4007 0.9985
1 -0.3964 0.9992
1 -0.3920 0.9996
1 -0.3877 1.0000
1 -0.3833 1.0001
1 0.3833 1.0001
1 0.3877 1.0000
1 0.3920 0.9996
1 0.3964 0.9992
1 0.4007 0.9985
1 0.4050 0.9977
1 0.4092 0.9968
1 0.4134 0.9957
1 0.4176 0.9944
1 0.4217 0.9930
1 0.4258 0.9914
1 0.4298 0.9897
1 0.4338 0.9878
1 0.4377 0.9858
1 0.4415 0.9837
1 0.4452 0.9814
1 0.4488 0.9790
1 0.4524 0.9765
1 0.4558 0.9738
1 0.4592 0.9710
1 0.4624 0.9681
1 0.4656 0.9651
1 0.4686 0.9619
1 0.4715 0.9587
1 0.4743 0.9553
1 0.4770 0.9519
1 0.4795 0.9483
1 0.4819 0.9447
1 0.4842 0.9409
1 0.4863 0.9371
1 0.4883 0.9333
1 0.4902 0.9293
1 0.4919 0.9253
1 0.4934 0.9212
1 0.4948 0.9171
1 0.4961 0.9129
1 0.4972 0.9087
1 0.4982 0.9044
1 0.4990 0.9001
1 0.4996 0.8958
1 0.5001 0.8915
1 0.5004 0.8871
1 0.5006 0.8828
1 0.5006 0.1174
1 0.5004 0.1130
1 0.5001 0.1087
1 0.4996 0.1043
1 0.4990 0.1000
1 0.4982 0.0957
1 0.4972 0.0915
1 0.4961 0.0872
1 0.4948 0.0831
1 0.4934 0.0789
1 0.4919 0.0748
1 0.4902 0.0708
1 0.4883 0.0669
1 0.4863 0.0630
1 0.4842 0.0592
1 0.4819 0.0555
1 0.4795 0.0518
1 0.4770 0.0483
1 0.4743 0.0448
1 0.4715 0.0415
1 0.4686 0.0382
1 0.4656 0.0351
1 0.4624 0.0320
1 0.4592 0.0291
1 0.4558 0.0263
1 0.4524 0.0237
1 0.4488 0.0211
1 0.4452 0.0187
1 0.4415 0.0164
1 0.4377 0.0143
1 0.4338 0.0123
1 0.4298 0.0104
1 0.4258 0.0087
1 0.4217 0.0072
1 0.4176 0.0057
1 0.4134 0.0045
1 0.4092 0.0034
1 0.4050 0.0024
1 0.4007 0.0016
1 0.3964 0.0010
1 0.3920 0.0005
1 0.3877 0.0002
1 0.3833 0.0000
1 -0.3833 0.0000
1 -0.3833 0.0000
1 -0.3877 0.0002
1 -0.3920 0.0005
1 -0.3964 0.0010
1 -0.4007 0.0016
1 -0.4050 0.0024
1 -0.4092 0.0034
1 -0.4134 0.0045
1 -0.4176 0.0057
1 -0.4217 0.0072
1 -0.4258 0.0087
1 -0.4298 0.0104
1 -0.4338 0.0123
1 -0.4377 0.0143
1 -0.4415 0.0164
1 -0.4452 0.0187
1 -0.4488 0.0211
1 -0.4524 0.0237
1 -0.4558 0.0263
1 -0.4592 0.0291
1 -0.4624 0.0320
1 -0.4656 0.0351
1 -0.4686 0.0382
1 -0.4715 0.0415
1 -0.4743 0.0448
1 -0.4770 0.0483
1 -0.4795 0.0518
1 -0.4819 0.0555
1 -0.4842 0.0592
1 -0.4863 0.0630
1 -0.4883 0.0669
1 -0.4902 0.0708
1 -0.4919 0.0748
1 -0.4934 0.0789
1 -0.4948 0.0831
1 -0.4961 0.0872
1 -0.4972 0.0915
1 -0.4982 0.0957
1 -0.4990 0.1000
1 -0.4996 0.1043
1 -0.5001 0.1087
1 -0.5004 0.1130
1 -0.5006 0.1174
112 1251 173
0 -0.4906 0.8826
1 -0.4904 0.8866
1 -0.4901 0.8906
1 -0.4897 0.8945
1 -0.4891 0.8985
1 -0.4884 0.9024
1 -0.4875 0.9063
1 -0.4865 0.9102
1 -0.4853 0.9140
1 -0.4840 0.9178
1 -0.4826 0.9215
1 -0.4810 0.9252
1 -0.4793 0.9288
1 -0.4775 0.9324
1 -0.4756 0.9359
1 -0.4735 0.9393
1 -0.4713 0.9426
1 -0.4689 0.9459
1 -0.4665 0.9491
1 -0.4639 0.9521
1 -0.4613 0.9551
1 -0.4585 0.9580
1 -0.4556 0.9608
1 -0.4526 0.9634
1 -0.4496 0.9660
1 -0.4464 0.9685
1 -0.4431 0.9708
1 -0.4398 0.9730
1 -0.4364 0.9751
1 -0.4329 0.9770
1 -0.4294 0.9789
1 -0.4257 0.9806
1 -0.4221 0.9821
1 -0.4183 0.9836
1 -0.4145 0.9849
1 -0.4107 0.9860
1 -0.4069 0.9870
1 -0.4029 0.9879
1 -0.3990 0.9887
1 -0.3951 0.9892
1 -0.3911 0.9897
1 -0.3871 0.9900
1 -0.3831 0.9901
1 0.3831 0.9901
1 0.3871 0.9900
1 0.3911 0.9897
1 0.3951 0.9892
1 0.3990 0.9887
1 0.4030 0.9879
1 0.4069 0.9870
1 0.4107 0.9860
1 0.4145 0.9849
1 0.4183 0.9836
1 0.4221 0.9821
1 0.4257 0.9806
1 0.4294 0.9789
1 0.4329 0.9770
1 0.4364 0.9751
1 0.4398 0.9730
1 0.4432 0.9708
1 0.4464 0.9685
1 0.4496 0.9660
1 0.4526 0.9634
1 0.4556 0.9608
1 0.4585 0.9580
1 0.4613 0.9551
1 0.4639 0.9521
1 0.4665 0.9491
1 0.4689 0.9459
1 0.4713 0.9426
1 0.4735 0.9393
1 0.4756 0.9359
1 0.4775 0.9324
1 0.4793 0.9289
1 0.4810 0.9252
1 0.4826 0.9215
1 0.4840 0.9178
1 0.4853 0.9140
1 0.4865 0.9102
1 0.4875 0.9063
1 0.4884 0.9024
1 0.4891 0.8985
1 0.4897 0.8945
1 0.4901 0.8906
1 0.4904 0.8866
1 0.4906 0.8826
1 0.4906 0.1176
1 0.4904 0.1136
1 0.4901 0.1096
1 0.4897 0.1056
1 0.4891 0.1016
1 0.4884 0.0977
1 0.4875 0.0938
1 0.4865 0.0899
1 0.4853 0.0861
1 0.4840 0.0823
1 0.4826 0.0786
1 0.4810 0.0749
1 0.4793 0.0713
1 0.4775 0.0677
1 0.4756 0.0642
1 0.4735 0.0608
1 0.4713 0.0575
1 0.4689 0.0542
1 0.4665 0.0511
1 0.4639 0.0480
1 0.4613 0.0450
1 0.4585 0.0421
1 0.4556 0.0394
1 0.4526 0.0367
1 0.4496 0.0341
1 0.4464 0.0317
1 0.4432 0.0294
1 0.4398 0.0271
1 0.4364 0.0251
1 0.4329 0.0231
1 0.4294 0.0213
1 0.4257 0.0196
1 0.4221 0.0180
1 0.4183 0.0166
1 0.4145 0.0153
1 0.4107 0.0141
1 0.4069 0.0131
1 0.4029 0.0122
1 0.3990 0.0115
1 0.3951 0.0109
1 0.3911 0.0105
1 0.3871 0.0102
1 0.3831 0.0100
1 -0.3831 0.0100
1 -0.3871 0.0102
1 -0.3911 0.0105
1 -0.3951 0.0109
1 -0.3990 0.0115
1 -0.4029 0.0122
1 -0.4069 0.0131
1 -0.4107 0.0141
1 -0.4145 0.0153
1 -0.4183 0.0166
1 -0.4221 0.0180
1 -0.4257 0.0196
1 -0.4294 0.0213
1 -0.4329 0.0231
1 -0.4364 0.0251
1 -0.4398 0.0271
1 -0.4432 0.0294
1 -0.4464 0.0317
1 -0.4496 0.0341
1 -0.4526 0.0367
1 -0.4556 0.0394
1 -0.4585 0.0421
1 -0.4613 0.0450
1 -0.4639 0.0480
1 -0.4665 0.0511
1 -0.4689 0.0542
1 -0.4713 0.0575
1 -0.4735 0.0608
1 -0.4756 0.0642
1 -0.4775 0.0677
1 -0.4793 0.0713
1 -0.4810 0.0749
1 -0.4826 0.0786
1 -0.4840 0.0823
1 -0.4853 0.0861
1 -0.4865 0.0899
1 -0.4875 0.0938
1 -0.4884 0.0977
1 -0.4891 0.1016
1 -0.4897 0.1056
1 -0.4901 0.1096
1 -0.4904 0.1136
1 -0.4906 0.1176
1 -0.4906 0.8826
112 1466 173
0 -0.4706 0.8822
1 -0.4704 0.8855
1 -0.4702 0.8887
1 -0.4698 0.8920
1 -0.4694 0.8952
1 -0.4688 0.8984
1 -0.4680 0.9016
1 -0.4672 0.9048
1 -0.4663 0.9079
1 -0.4652 0.9110
1 -0.4641 0.9141
1 -0.4628 0.9171
1 -0.4614 0.9200
1 -0.4599 0.9229
1 -0.4583 0.9258
1 -0.4566 0.9286
1 -0.4548 0.9313
1 -0.4529 0.9340
1 -0.4509 0.9366
1 -0.4488 0.9391
1 -0.4466 0.9415
1 -0.4443 0.9439
1 -0.4420 0.9461
1 -0.4396 0.9483
1 -0.4370 0.9504
1 -0.4345 0.9524
1 -0.4318 0.9543
1 -0.4291 0.9561
1 -0.4263 0.9578
1 -0.4234 0.9594
1 -0.4205 0.9609
1 -0.4176 0.9623
1 -0.4146 0.9636
1 -0.4115 0.9648
1 -0.4084 0.9658
1 -0.4053 0.9668
1 -0.4021 0.9676
1 -0.3989 0.9683
1 -0.3957 0.9689
1 -0.3925 0.9694
1 -0.3892 0.9698
1 -0.3860 0.9700
1 -0.3827 0.9701
1 0.3827 0.9701
1 0.3860 0.9700
1 0.3892 0.9698
1 0.3925 0.9694
1 0.3957 0.9689
1 0.3989 0.9683
1 0.4021 0.9676
1 0.4053 0.9668
1 0.4084 0.9658
1 0.4115 0.9648
1 0.4146 0.9636
1 0.4176 0.9623
1 0.4205 0.9609
1 0.4234 0.9594
1 0.4263 0.9578
1 0.4291 0.9561
1 0.4318 0.9543
1 0.4345 0.9524
1 0.4370 0.9504
1 0.4396 0.9483
1 0.4420 0.9461
1 0.4443 0.9439
1 0.4466 0.9415
1 0.4488 0.9391
1 0.4509 0.9366
1 0.4529 0.9340
1 0.4548 0.9313
1 0.4566 0.9286
1 0.4583 0.9258
1 0.4599 0.9229
1 0.4614 0.9200
1 0.4628 0.9171
1 0.4641 0.9141
1 0.4652 0.9110
1 0.4663 0.9079
1 0.4672 0.9048
1 0.4680 0.9016
1 0.4688 0.8984
1 0.4694 0.8952
1 0.4698 0.8920
1 0.4702 0.8887
1 0.4704 0.8855
1 0.4706 0.8822
1 0.4706 0.1179
1 0.4704 0.1147
1 0.4702 0.1114
1 0.4698 0.1082
1 0.4694 0.1049
1 0.4688 0.1017
1 0.4680 0.0985
1 0.4672 0.0954
1 0.4663 0.0922
1 0.4652 0.0891
1 0.4641 0.0861
1 0.4628 0.0831
1 0.4614 0.0801
1 0.4599 0.0772
1 0.4583 0.0744
1 0.4566 0.0716
1 0.4548 0.0688
1 0.4529 0.0662
1 0.4509 0.0636
1 0.4488 0.0611
1 0.4466 0.0586
1 0.4443 0.0563
1 0.4420 0.0540
1 0.4396 0.0518
1 0.4370 0.0497
1 0.4345 0.0477
1 0.4318 0.0458
1 0.4291 0.0440
1 0.4263 0.0423
1 0.4234 0.0407
1 0.4205 0.0392
1 0.4176 0.0378
1 0.4146 0.0365
1 0.4115 0.0354
1 0.4084 0.0343
1 0.4053 0.0334
1 0.4021 0.0325
1 0.3989 0.0318
1 0.3957 0.0312
1 0.3925 0.0307
1 0.3892 0.0304
1 0.3860 0.0301
1 0.3827 0.0300
1 -0.3827 0.0300
1 -0.3860 0.0301
1 -0.3892 0.0304
1 -0.3925 0.0307
1 -0.3957 0.0312
1 -0.3989 0.0318
1 -0.4021 0.0325
1 -0.4053 0.0334
1 -0.4084 0.0343
1 -0.4115 0.0354
1 -0.4146 0.0365
1 -0.4176 0.0378
1 -0.4205 0.0392
1 -0.4234 0.0407
1 -0.4263 0.0423
1 -0.4291 0.0440
1 -0.4318 0.0458
1 -0.4345 0.0477
1 -0.4370 0.0497
1 -0.4396 0.0518
1 -0.4420 0.0540
1 -0.4443 0.0563
1 -0.4466 0.0586
1 -0.4488 0.0611
1 -0.4509 0.0636
1 -0.4529 0.0662
1 -0.4548 0.0688
1 -0.4566 0.0716
1 -0.4583 0.0743
1 -0.4599 0.0772
1 -0.4614 0.0801
1 -0.4628 0.0831
1 -0.4640 0.0861
1 -0.4652 0.0891
1 -0.4663 0.0922
1 -0.4672 0.0954
1 -0.4680 0.0985
1 -0.4688 0.1017
1 -0.4694 0.1049
1 -0.4698 0.1082
1 -0.4702 0.1114
1 -0.4704 0.1147
1 -0.4706 0.1179
1 -0.4706 0.8822
112 1251 32
0 -0.0298 0.7577
1 -0.0298 0.7577
1 -0.0275 0.7642
1 -0.0242 0.7701
1 -0.0200 0.7753
1 -0.0147 0.7796
1 -0.0089 0.7828
1 -0.0023 0.7848
1 0.0045 0.7858
1 0.0117 0.7848
1 0.0182 0.7828
1 0.0241 0.7796
1 0.0293 0.7753
1 0.0335 0.7701
1 0.0368 0.7642
1 0.0388 0.7577
1 0.0388 0.7437
1 0.0368 0.7371
1 0.0335 0.7309
1 0.0293 0.7261
1 0.0241 0.7215
1 0.0182 0.7185
1 0.0117 0.7163
1 0.0045 0.7156
1 -0.0023 0.7163
1 -0.0089 0.7185
1 -0.0147 0.7215
1 -0.0200 0.7261
1 -0.0242 0.7309
1 -0.0275 0.7371
1 -0.0298 0.7437
1 -0.0304 0.7505
112 1251 200
0 -0.1763 0.4797
1 -0.1750 0.4846
1 -0.1727 0.4892
1 -0.1694 0.4934
1 -0.1655 0.4970
1 -0.1613 0.4996
1 -0.1564 0.5016
1 -0.1511 0.5025
1 -0.1485 0.5029
1 -0.1472 0.5029
1 -0.1433 0.5029
1 -0.1374 0.5029
1 -0.1299 0.5029
1 -0.1208 0.5029
1 -0.1104 0.5029
1 -0.0989 0.5029
1 -0.0754 0.5029
1 -0.0523 0.5029
1 -0.0415 0.5029
1 -0.0320 0.5029
1 -0.0242 0.5029
1 -0.0180 0.5029
1 -0.0138 0.5029
1 -0.0121 0.5029
1 -0.0121 0.5035
1 -0.0121 0.5058
1 -0.0121 0.5091
1 -0.0121 0.5140
1 -0.0121 0.5195
1 -0.0121 0.5260
1 -0.0121 0.5554
1 -0.0121 0.5691
1 -0.0121 0.5750
1 -0.0121 0.5802
1 -0.0121 0.5841
1 -0.0121 0.5867
1 -0.0121 0.5880
1 -0.0134 0.5887
1 -0.0203 0.5942
1 -0.0255 0.6011
1 -0.0291 0.6092
1 -0.0304 0.6180
1 -0.0298 0.6246
1 -0.0281 0.6308
1 -0.0255 0.6363
1 -0.0219 0.6415
1 -0.0174 0.6461
1 -0.0121 0.6494
1 -0.0063 0.6520
1 0.0003 0.6533
1 0.0068 0.6536
1 0.0133 0.6526
1 0.0195 0.6504
1 0.0251 0.6471
1 0.0296 0.6432
1 0.0335 0.6383
1 0.0368 0.6327
1 0.0388 0.6265
1 0.0397 0.6200
1 0.0394 0.6148
1 0.0371 0.6060
1 0.0329 0.5981
1 0.0267 0.5916
1 0.0231 0.5890
1 0.0211 0.5880
1 0.0202 0.5874
1 0.0202 0.5870
1 0.0202 0.5854
1 0.0202 0.5825
1 0.0202 0.5779
1 0.0202 0.5727
1 0.0202 0.5596
1 0.0202 0.5450
1 0.0202 0.5306
1 0.0202 0.5175
1 0.0202 0.5123
1 0.0202 0.5078
1 0.0202 0.5048
1 0.0202 0.5032
1 0.0205 0.5029
1 0.0231 0.5029
1 0.0280 0.5029
1 0.0348 0.5029
1 0.0433 0.5029
1 0.0531 0.5029
1 0.0642 0.5029
1 0.0756 0.5029
1 0.0995 0.5029
1 0.1220 0.5029
1 0.1321 0.5029
1 0.1409 0.5029
1 0.1481 0.5029
1 0.1530 0.5029
1 0.1559 0.5029
1 0.1566 0.5029
1 0.1575 0.5029
1 0.1631 0.5022
1 0.1680 0.5006
1 0.1725 0.4980
1 0.1765 0.4947
1 0.1797 0.4908
1 0.1823 0.4862
1 0.1843 0.4813
1 0.1849 0.4761
1 0.1853 0.4745
1 0.1853 0.4738
1 0.1853 0.4725
1 0.1853 0.4699
1 0.1853 0.4660
1 0.1853 0.4614
1 0.1853 0.4555
1 0.1853 0.4490
1 0.1853 0.4415
1 0.1853 0.4337
1 0.1853 0.4157
1 0.1853 0.3955
1 0.1853 0.3743
1 0.1853 0.3302
1 0.1853 0.3087
1 0.1853 0.2881
1 0.1853 0.2692
1 0.1853 0.2607
1 0.1853 0.2526
1 0.1853 0.2454
1 0.1853 0.2392
1 0.1853 0.2337
1 0.1853 0.2291
1 0.1853 0.2255
1 0.1853 0.2232
1 0.1853 0.2209
1 0.1846 0.2157
1 0.1830 0.2105
1 0.1804 0.2059
1 0.1771 0.2020
1 0.1732 0.1984
1 0.1690 0.1958
1 0.1641 0.1942
1 0.1585 0.1932
1 0.1562 0.1932
1 0.1549 0.1932
1 0.1523 0.1932
1 0.1481 0.1932
1 0.1425 0.1932
1 0.1360 0.1932
1 0.1285 0.1932
1 0.1197 0.1932
1 0.1102 0.1932
1 0.0998 0.1932
1 0.0887 0.1932
1 0.0652 0.1932
1 0.0394 0.1932
1 -0.0138 0.1932
1 -0.0399 0.1932
1 -0.0650 0.1932
1 -0.0882 0.1932
1 -0.0986 0.1932
1 -0.1084 0.1932
1 -0.1172 0.1932
1 -0.1254 0.1932
1 -0.1322 0.1932
1 -0.1381 0.1932
1 -0.1427 0.1932
1 -0.1459 0.1932
1 -0.1479 0.1932
1 -0.1485 0.1932
1 -0.1541 0.1935
1 -0.1590 0.1951
1 -0.1635 0.1974
1 -0.1678 0.2007
1 -0.1711 0.2046
1 -0.1740 0.2089
1 -0.1759 0.2137
1 -0.1769 0.2190
1 -0.1769 0.2216
1 -0.1769 0.2226
1 -0.1769 0.2245
1 -0.1769 0.2278
1 -0.1769 0.2320
1 -0.1769 0.2372
1 -0.1769 0.2431
1 -0.1769 0.2503
1 -0.1769 0.2578
1 -0.1769 0.2751
1 -0.1769 0.2947
1 -0.1769 0.3156
1 -0.1769 0.3596
1 -0.1769 0.3815
1 -0.1769 0.4024
1 -0.1769 0.4219
1 -0.1769 0.4389
1 -0.1769 0.4467
1 -0.1769 0.4536
1 -0.1769 0.4595
1 -0.1769 0.4647
1 -0.1769 0.4686
1 -0.1769 0.4715
1 -0.1769 0.4735
1 -0.1769 0.4741
1 -0.1763 0.4797
1 -0.1769 0.4741
112 1251 5
0 -0.3274 0.5665
1 -0.3274 0.6011
1 0.3494 0.8073
1 0.3494 0.7727
1 -0.3274 0.5665
112 1466 133
0 0.1292 0.4010
1 0.1292 0.4138
1 0.1292 0.4190
1 0.1292 0.4232
1 0.1292 0.4268
1 0.1292 0.4291
1 0.1288 0.4334
1 0.1272 0.4373
1 0.1249 0.4405
1 0.1217 0.4431
1 0.1177 0.4445
1 0.1138 0.4448
1 0.1115 0.4448
1 0.1086 0.4448
1 0.1047 0.4448
1 0.1001 0.4448
1 0.0890 0.4448
1 0.0763 0.4448
1 0.0502 0.4448
1 0.0384 0.4448
1 0.0335 0.4448
1 0.0290 0.4448
1 0.0254 0.4448
1 0.0225 0.4448
1 0.0202 0.4448
0 -0.0121 0.4448
1 -0.0121 0.4402
1 -0.0121 0.4360
1 -0.0121 0.4301
1 -0.0121 0.4236
1 -0.0121 0.4157
1 -0.0121 0.4076
1 -0.0121 0.3893
1 -0.0121 0.3518
1 -0.0121 0.3348
1 -0.0121 0.3276
1 -0.0121 0.3211
1 -0.0121 0.3159
1 -0.0121 0.3120
1 -0.0121 0.3087
1 -0.0144 0.3087
1 -0.0170 0.3087
1 -0.0206 0.3087
1 -0.0252 0.3087
1 -0.0301 0.3087
1 -0.0418 0.3087
1 -0.0679 0.3087
1 -0.0803 0.3087
1 -0.0914 0.3087
1 -0.0960 0.3087
1 -0.0999 0.3087
1 -0.1032 0.3087
1 -0.1051 0.3087
1 -0.1091 0.3090
1 -0.1130 0.3103
1 -0.1162 0.3129
1 -0.1188 0.3162
1 -0.1201 0.3201
1 -0.1205 0.3240
1 -0.1205 0.3267
1 -0.1205 0.3299
1 -0.1205 0.3345
1 -0.1205 0.3397
1 -0.1205 0.3524
1 -0.1205 0.3668
1 -0.1205 0.3965
1 -0.1205 0.4099
1 -0.1205 0.4154
1 -0.1205 0.4206
1 -0.1205 0.4245
1 -0.1205 0.4278
1 -0.1205 0.4304
1 -0.1198 0.4347
1 -0.1182 0.4386
1 -0.1153 0.4415
1 -0.1117 0.4435
1 -0.1077 0.4448
1 -0.1045 0.4448
1 -0.1022 0.4448
1 -0.0989 0.4448
1 -0.0947 0.4448
1 -0.0843 0.4448
1 -0.0722 0.4448
1 -0.0591 0.4448
1 -0.0461 0.4448
1 -0.0340 0.4448
1 -0.0236 0.4448
1 -0.0193 0.4448
1 -0.0161 0.4448
1 -0.0138 0.4448
1 -0.0121 0.4448
0 0.0202 0.4448
1 0.0202 0.4415
1 0.0202 0.4373
1 0.0202 0.4321
1 0.0202 0.4258
1 0.0202 0.4183
1 0.0202 0.4017
1 0.0202 0.3639
1 0.0202 0.3459
1 0.0202 0.3374
1 0.0202 0.3299
1 0.0202 0.3231
1 0.0202 0.3175
1 0.0202 0.3133
1 0.0202 0.3087
1 0.0218 0.3087
1 0.0244 0.3087
1 0.0277 0.3087
1 0.0319 0.3087
1 0.0420 0.3087
1 0.0544 0.3087
1 0.0675 0.3087
1 0.0805 0.3087
1 0.0929 0.3087
1 0.1031 0.3087
1 0.1073 0.3087
1 0.1106 0.3087
1 0.1132 0.3087
1 0.1161 0.3087
1 0.1203 0.3097
1 0.1239 0.3120
1 0.1265 0.3149
1 0.1285 0.3188
1 0.1292 0.3231
1 0.1292 0.3257
1 0.1292 0.3286
1 0.1292 0.3329
1 0.1292 0.3377
1 0.1292 0.3436
1 0.1292 0.3570
1 0.1292 0.3867
1 0.1292 0.4010
112 1466 71
0 -0.1198 0.4347
1 -0.1182 0.4386
1 -0.1153 0.4415
1 -0.1117 0.4435
1 -0.1077 0.4448
1 -0.1058 0.4448
1 -0.1045 0.4448
1 -0.1022 0.4448
1 -0.0989 0.4448
1 -0.0947 0.4448
1 -0.0843 0.4448
1 -0.0722 0.4448
1 -0.0591 0.4448
1 -0.0461 0.4448
1 -0.0340 0.4448
1 -0.0236 0.4448
1 -0.0193 0.4448
1 -0.0161 0.4448
1 -0.0138 0.4448
1 -0.0121 0.4448
1 -0.0121 0.4431
1 -0.0121 0.4402
1 -0.0121 0.4360
1 -0.0121 0.4301
1 -0.0121 0.4236
1 -0.0121 0.4157
1 -0.0121 0.4076
1 -0.0121 0.3893
1 -0.0121 0.3518
1 -0.0121 0.3348
1 -0.0121 0.3276
1 -0.0121 0.3211
1 -0.0121 0.3159
1 -0.0121 0.3120
1 -0.0121 0.3094
1 -0.0121 0.3087
1 -0.0125 0.3087
1 -0.0144 0.3087
1 -0.0170 0.3087
1 -0.0206 0.3087
1 -0.0252 0.3087
1 -0.0301 0.3087
1 -0.0418 0.3087
1 -0.0679 0.3087
1 -0.0803 0.3087
1 -0.0914 0.3087
1 -0.0960 0.3087
1 -0.0999 0.3087
1 -0.1032 0.3087
1 -0.1051 0.3087
1 -0.1091 0.3090
1 -0.1130 0.3103
1 -0.1162 0.3129
1 -0.1188 0.3162
1 -0.1201 0.3201
1 -0.1205 0.3240
1 -0.1205 0.3267
1 -0.1205 0.3299
1 -0.1205 0.3345
1 -0.1205 0.3397
1 -0.1205 0.3524
1 -0.1205 0.3668
1 -0.1205 0.3965
1 -0.1205 0.4099
1 -0.1205 0.4154
1 -0.1205 0.4206
1 -0.1205 0.4245
1 -0.1205 0.4278
1 -0.1205 0.4298
1 -0.1205 0.4304
1 -0.1198 0.4347
