SEcl_IS-16
3505 5 1 1 0 0 0 0 0 0 1 1
1.000
112 1466 173
0 -0.5006 0.8828
1 -0.5004 0.8871
1 -0.5001 0.8915
1 -0.4996 0.8958
1 -0.4990 0.9001
1 -0.4982 0.9044
1 -0.4972 0.9087
1 -0.4961 0.9129
1 -0.4948 0.9171
1 -0.4934 0.9212
1 -0.4919 0.9253
1 -0.4902 0.9293
1 -0.4883 0.9333
1 -0.4863 0.9371
1 -0.4842 0.9409
1 -0.4819 0.9447
1 -0.4795 0.9483
1 -0.4770 0.9519
1 -0.4743 0.9553
1 -0.4715 0.9587
1 -0.4686 0.9619
1 -0.4656 0.9651
1 -0.4624 0.9681
1 -0.4592 0.9710
1 -0.4558 0.9738
1 -0.4524 0.9765
1 -0.4488 0.9790
1 -0.4452 0.9814
1 -0.4415 0.9837
1 -0.4377 0.9858
1 -0.4338 0.9878
1 -0.4298 0.9897
1 -0.4258 0.9914
1 -0.4217 0.9930
1 -0.4176 0.9944
1 -0.4134 0.9957
1 -0.4092 0.9968
1 -0.4050 0.9977
1 -0.4007 0.9985
1 -0.3964 0.9992
1 -0.3920 0.9996
1 -0.3877 1.0000
1 -0.3833 1.0001
1 0.3833 1.0001
1 0.3877 1.0000
1 0.3920 0.9996
1 0.3964 0.9992
1 0.4007 0.9985
1 0.4050 0.9977
1 0.4092 0.9968
1 0.4134 0.9957
1 0.4176 0.9944
1 0.4217 0.9930
1 0.4258 0.9914
1 0.4298 0.9897
1 0.4338 0.9878
1 0.4377 0.9858
1 0.4415 0.9837
1 0.4452 0.9814
1 0.4488 0.9790
1 0.4524 0.9765
1 0.4558 0.9738
1 0.4592 0.9710
1 0.4624 0.9681
1 0.4656 0.9651
1 0.4686 0.9619
1 0.4715 0.9587
1 0.4743 0.9553
1 0.4770 0.9519
1 0.4795 0.9483
1 0.4819 0.9447
1 0.4842 0.9409
1 0.4863 0.9371
1 0.4883 0.9333
1 0.4902 0.9293
1 0.4919 0.9253
1 0.4934 0.9212
1 0.4948 0.9171
1 0.4961 0.9129
1 0.4972 0.9087
1 0.4982 0.9044
1 0.4990 0.9001
1 0.4996 0.8958
1 0.5001 0.8915
1 0.5004 0.8871
1 0.5006 0.8828
1 0.5006 0.1174
1 0.5004 0.1130
1 0.5001 0.1087
1 0.4996 0.1043
1 0.4990 0.1000
1 0.4982 0.0957
1 0.4972 0.0915
1 0.4961 0.0872
1 0.4948 0.0831
1 0.4934 0.0789
1 0.4919 0.0748
1 0.4902 0.0708
1 0.4883 0.0669
1 0.4863 0.0630
1 0.4842 0.0592
1 0.4819 0.0555
1 0.4795 0.0518
1 0.4770 0.0483
1 0.4743 0.0448
1 0.4715 0.0415
1 0.4686 0.0382
1 0.4656 0.0351
1 0.4624 0.0320
1 0.4592 0.0291
1 0.4558 0.0263
1 0.4524 0.0237
1 0.4488 0.0211
1 0.4452 0.0187
1 0.4415 0.0164
1 0.4377 0.0143
1 0.4338 0.0123
1 0.4298 0.0104
1 0.4258 0.0087
1 0.4217 0.0072
1 0.4176 0.0057
1 0.4134 0.0045
1 0.4092 0.0034
1 0.4050 0.0024
1 0.4007 0.0016
1 0.3964 0.0010
1 0.3920 0.0005
1 0.3877 0.0002
1 0.3833 0.0000
1 -0.3833 0.0000
1 -0.3833 0.0000
1 -0.3877 0.0002
1 -0.3920 0.0005
1 -0.3964 0.0010
1 -0.4007 0.0016
1 -0.4050 0.0024
1 -0.4092 0.0034
1 -0.4134 0.0045
1 -0.4176 0.0057
1 -0.4217 0.0072
1 -0.4258 0.0087
1 -0.4298 0.0104
1 -0.4338 0.0123
1 -0.4377 0.0143
1 -0.4415 0.0164
1 -0.4452 0.0187
1 -0.4488 0.0211
1 -0.4524 0.0237
1 -0.4558 0.0263
1 -0.4592 0.0291
1 -0.4624 0.0320
1 -0.4656 0.0351
1 -0.4686 0.0382
1 -0.4715 0.0415
1 -0.4743 0.0448
1 -0.4770 0.0483
1 -0.4795 0.0518
1 -0.4819 0.0555
1 -0.4842 0.0592
1 -0.4863 0.0630
1 -0.4883 0.0669
1 -0.4902 0.0708
1 -0.4919 0.0748
1 -0.4934 0.0789
1 -0.4948 0.0831
1 -0.4961 0.0872
1 -0.4972 0.0915
1 -0.4982 0.0957
1 -0.4990 0.1000
1 -0.4996 0.1043
1 -0.5001 0.1087
1 -0.5004 0.1130
1 -0.5006 0.1174
112 1251 173
0 -0.4906 0.8826
1 -0.4904 0.8866
1 -0.4901 0.8906
1 -0.4897 0.8945
1 -0.4891 0.8985
1 -0.4884 0.9024
1 -0.4875 0.9063
1 -0.4865 0.9102
1 -0.4853 0.9140
1 -0.4840 0.9178
1 -0.4826 0.9215
1 -0.4810 0.9252
1 -0.4793 0.9288
1 -0.4775 0.9324
1 -0.4756 0.9359
1 -0.4735 0.9393
1 -0.4713 0.9426
1 -0.4689 0.9459
1 -0.4665 0.9491
1 -0.4639 0.9521
1 -0.4613 0.9551
1 -0.4585 0.9580
1 -0.4556 0.9608
1 -0.4526 0.9634
1 -0.4496 0.9660
1 -0.4464 0.9685
1 -0.4431 0.9708
1 -0.4398 0.9730
1 -0.4364 0.9751
1 -0.4329 0.9770
1 -0.4294 0.9789
1 -0.4257 0.9806
1 -0.4221 0.9821
1 -0.4183 0.9836
1 -0.4145 0.9849
1 -0.4107 0.9860
1 -0.4069 0.9870
1 -0.4029 0.9879
1 -0.3990 0.9887
1 -0.3951 0.9892
1 -0.3911 0.9897
1 -0.3871 0.9900
1 -0.3831 0.9901
1 0.3831 0.9901
1 0.3871 0.9900
1 0.3911 0.9897
1 0.3951 0.9892
1 0.3990 0.9887
1 0.4030 0.9879
1 0.4069 0.9870
1 0.4107 0.9860
1 0.4145 0.9849
1 0.4183 0.9836
1 0.4221 0.9821
1 0.4257 0.9806
1 0.4294 0.9789
1 0.4329 0.9770
1 0.4364 0.9751
1 0.4398 0.9730
1 0.4432 0.9708
1 0.4464 0.9685
1 0.4496 0.9660
1 0.4526 0.9634
1 0.4556 0.9608
1 0.4585 0.9580
1 0.4613 0.9551
1 0.4639 0.9521
1 0.4665 0.9491
1 0.4689 0.9459
1 0.4713 0.9426
1 0.4735 0.9393
1 0.4756 0.9359
1 0.4775 0.9324
1 0.4793 0.9289
1 0.4810 0.9252
1 0.4826 0.9215
1 0.4840 0.9178
1 0.4853 0.9140
1 0.4865 0.9102
1 0.4875 0.9063
1 0.4884 0.9024
1 0.4891 0.8985
1 0.4897 0.8945
1 0.4901 0.8906
1 0.4904 0.8866
1 0.4906 0.8826
1 0.4906 0.1176
1 0.4904 0.1136
1 0.4901 0.1096
1 0.4897 0.1056
1 0.4891 0.1016
1 0.4884 0.0977
1 0.4875 0.0938
1 0.4865 0.0899
1 0.4853 0.0861
1 0.4840 0.0823
1 0.4826 0.0786
1 0.4810 0.0749
1 0.4793 0.0713
1 0.4775 0.0677
1 0.4756 0.0642
1 0.4735 0.0608
1 0.4713 0.0575
1 0.4689 0.0542
1 0.4665 0.0511
1 0.4639 0.0480
1 0.4613 0.0450
1 0.4585 0.0421
1 0.4556 0.0394
1 0.4526 0.0367
1 0.4496 0.0341
1 0.4464 0.0317
1 0.4432 0.0294
1 0.4398 0.0271
1 0.4364 0.0251
1 0.4329 0.0231
1 0.4294 0.0213
1 0.4257 0.0196
1 0.4221 0.0180
1 0.4183 0.0166
1 0.4145 0.0153
1 0.4107 0.0141
1 0.4069 0.0131
1 0.4029 0.0122
1 0.3990 0.0115
1 0.3951 0.0109
1 0.3911 0.0105
1 0.3871 0.0102
1 0.3831 0.0100
1 -0.3831 0.0100
1 -0.3871 0.0102
1 -0.3911 0.0105
1 -0.3951 0.0109
1 -0.3990 0.0115
1 -0.4029 0.0122
1 -0.4069 0.0131
1 -0.4107 0.0141
1 -0.4145 0.0153
1 -0.4183 0.0166
1 -0.4221 0.0180
1 -0.4257 0.0196
1 -0.4294 0.0213
1 -0.4329 0.0231
1 -0.4364 0.0251
1 -0.4398 0.0271
1 -0.4432 0.0294
1 -0.4464 0.0317
1 -0.4496 0.0341
1 -0.4526 0.0367
1 -0.4556 0.0394
1 -0.4585 0.0421
1 -0.4613 0.0450
1 -0.4639 0.0480
1 -0.4665 0.0511
1 -0.4689 0.0542
1 -0.4713 0.0575
1 -0.4735 0.0608
1 -0.4756 0.0642
1 -0.4775 0.0677
1 -0.4793 0.0713
1 -0.4810 0.0749
1 -0.4826 0.0786
1 -0.4840 0.0823
1 -0.4853 0.0861
1 -0.4865 0.0899
1 -0.4875 0.0938
1 -0.4884 0.0977
1 -0.4891 0.1016
1 -0.4897 0.1056
1 -0.4901 0.1096
1 -0.4904 0.1136
1 -0.4906 0.1176
1 -0.4906 0.8826
112 1466 173
0 -0.4706 0.8822
1 -0.4704 0.8855
1 -0.4702 0.8887
1 -0.4698 0.8920
1 -0.4694 0.8952
1 -0.4688 0.8984
1 -0.4680 0.9016
1 -0.4672 0.9048
1 -0.4663 0.9079
1 -0.4652 0.9110
1 -0.4641 0.9141
1 -0.4628 0.9171
1 -0.4614 0.9200
1 -0.4599 0.9229
1 -0.4583 0.9258
1 -0.4566 0.9286
1 -0.4548 0.9313
1 -0.4529 0.9340
1 -0.4509 0.9366
1 -0.4488 0.9391
1 -0.4466 0.9415
1 -0.4443 0.9439
1 -0.4420 0.9461
1 -0.4396 0.9483
1 -0.4370 0.9504
1 -0.4345 0.9524
1 -0.4318 0.9543
1 -0.4291 0.9561
1 -0.4263 0.9578
1 -0.4234 0.9594
1 -0.4205 0.9609
1 -0.4176 0.9623
1 -0.4146 0.9636
1 -0.4115 0.9648
1 -0.4084 0.9658
1 -0.4053 0.9668
1 -0.4021 0.9676
1 -0.3989 0.9683
1 -0.3957 0.9689
1 -0.3925 0.9694
1 -0.3892 0.9698
1 -0.3860 0.9700
1 -0.3827 0.9701
1 0.3827 0.9701
1 0.3860 0.9700
1 0.3892 0.9698
1 0.3925 0.9694
1 0.3957 0.9689
1 0.3989 0.9683
1 0.4021 0.9676
1 0.4053 0.9668
1 0.4084 0.9658
1 0.4115 0.9648
1 0.4146 0.9636
1 0.4176 0.9623
1 0.4205 0.9609
1 0.4234 0.9594
1 0.4263 0.9578
1 0.4291 0.9561
1 0.4318 0.9543
1 0.4345 0.9524
1 0.4370 0.9504
1 0.4396 0.9483
1 0.4420 0.9461
1 0.4443 0.9439
1 0.4466 0.9415
1 0.4488 0.9391
1 0.4509 0.9366
1 0.4529 0.9340
1 0.4548 0.9313
1 0.4566 0.9286
1 0.4583 0.9258
1 0.4599 0.9229
1 0.4614 0.9200
1 0.4628 0.9171
1 0.4641 0.9141
1 0.4652 0.9110
1 0.4663 0.9079
1 0.4672 0.9048
1 0.4680 0.9016
1 0.4688 0.8984
1 0.4694 0.8952
1 0.4698 0.8920
1 0.4702 0.8887
1 0.4704 0.8855
1 0.4706 0.8822
1 0.4706 0.1179
1 0.4704 0.1147
1 0.4702 0.1114
1 0.4698 0.1082
1 0.4694 0.1049
1 0.4688 0.1017
1 0.4680 0.0985
1 0.4672 0.0954
1 0.4663 0.0922
1 0.4652 0.0891
1 0.4641 0.0861
1 0.4628 0.0831
1 0.4614 0.0801
1 0.4599 0.0772
1 0.4583 0.0744
1 0.4566 0.0716
1 0.4548 0.0688
1 0.4529 0.0662
1 0.4509 0.0636
1 0.4488 0.0611
1 0.4466 0.0586
1 0.4443 0.0563
1 0.4420 0.0540
1 0.4396 0.0518
1 0.4370 0.0497
1 0.4345 0.0477
1 0.4318 0.0458
1 0.4291 0.0440
1 0.4263 0.0423
1 0.4234 0.0407
1 0.4205 0.0392
1 0.4176 0.0378
1 0.4146 0.0365
1 0.4115 0.0354
1 0.4084 0.0343
1 0.4053 0.0334
1 0.4021 0.0325
1 0.3989 0.0318
1 0.3957 0.0312
1 0.3925 0.0307
1 0.3892 0.0304
1 0.3860 0.0301
1 0.3827 0.0300
1 -0.3827 0.0300
1 -0.3860 0.0301
1 -0.3892 0.0304
1 -0.3925 0.0307
1 -0.3957 0.0312
1 -0.3989 0.0318
1 -0.4021 0.0325
1 -0.4053 0.0334
1 -0.4084 0.0343
1 -0.4115 0.0354
1 -0.4146 0.0365
1 -0.4176 0.0378
1 -0.4205 0.0392
1 -0.4234 0.0407
1 -0.4263 0.0423
1 -0.4291 0.0440
1 -0.4318 0.0458
1 -0.4345 0.0477
1 -0.4370 0.0497
1 -0.4396 0.0518
1 -0.4420 0.0540
1 -0.4443 0.0563
1 -0.4466 0.0586
1 -0.4488 0.0611
1 -0.4509 0.0636
1 -0.4529 0.0662
1 -0.4548 0.0688
1 -0.4566 0.0716
1 -0.4583 0.0743
1 -0.4599 0.0772
1 -0.4614 0.0801
1 -0.4628 0.0831
1 -0.4640 0.0861
1 -0.4652 0.0891
1 -0.4663 0.0922
1 -0.4672 0.0954
1 -0.4680 0.0985
1 -0.4688 0.1017
1 -0.4694 0.1049
1 -0.4698 0.1082
1 -0.4702 0.1114
1 -0.4704 0.1147
1 -0.4706 0.1179
1 -0.4706 0.8822
112 1251 141
0 -0.2442 0.7447
1 0.2535 0.7447
1 0.2535 0.7447
1 0.2552 0.7446
1 0.2569 0.7443
1 0.2586 0.7440
1 0.2603 0.7435
1 0.2619 0.7429
1 0.2635 0.7422
1 0.2650 0.7414
1 0.2665 0.7404
1 0.2679 0.7394
1 0.2692 0.7382
1 0.2704 0.7370
1 0.2715 0.7357
1 0.2725 0.7343
1 0.2735 0.7328
1 0.2743 0.7313
1 0.2750 0.7297
1 0.2755 0.7281
1 0.2760 0.7264
1 0.2760 0.7231
1 0.2760 0.7120
1 0.2760 0.6986
1 0.2760 0.6836
1 0.2760 0.6670
1 0.2760 0.6487
1 0.2760 0.6291
1 0.2760 0.6089
1 0.2760 0.5874
1 0.2760 0.5423
1 0.2760 0.4960
1 0.2760 0.4497
1 0.2760 0.4050
1 0.2760 0.3834
1 0.2760 0.3629
1 0.2760 0.3433
1 0.2760 0.3253
1 0.2760 0.3087
1 0.2760 0.2934
1 0.2760 0.2803
1 0.2760 0.2689
1 0.2760 0.2598
1 0.2760 0.2532
1 0.2760 0.2509
1 0.2760 0.2490
1 0.2760 0.2480
1 0.2760 0.2477
1 0.2757 0.2431
1 0.2740 0.2389
1 0.2721 0.2350
1 0.2691 0.2317
1 0.2659 0.2288
1 0.2620 0.2268
1 0.2577 0.2255
1 0.2531 0.2248
1 0.2528 0.2248
1 0.2518 0.2248
1 0.2499 0.2248
1 0.2476 0.2248
1 0.2407 0.2248
1 0.2316 0.2248
1 0.2205 0.2248
1 0.2071 0.2248
1 0.1921 0.2248
1 0.1755 0.2248
1 0.1572 0.2248
1 0.1376 0.2248
1 0.1171 0.2248
1 0.0955 0.2248
1 0.0505 0.2248
1 0.0042 0.2248
1 -0.0425 0.2248
1 -0.0872 0.2248
1 -0.1087 0.2248
1 -0.1293 0.2248
1 -0.1489 0.2248
1 -0.1671 0.2248
1 -0.1838 0.2248
1 -0.1991 0.2248
1 -0.2122 0.2248
1 -0.2236 0.2248
1 -0.2327 0.2248
1 -0.2393 0.2248
1 -0.2419 0.2248
1 -0.2435 0.2248
1 -0.2445 0.2248
1 -0.2448 0.2248
1 -0.2497 0.2255
1 -0.2539 0.2268
1 -0.2579 0.2288
1 -0.2611 0.2317
1 -0.2641 0.2350
1 -0.2660 0.2389
1 -0.2673 0.2431
1 -0.2676 0.2477
1 -0.2676 0.2480
1 -0.2676 0.2490
1 -0.2676 0.2509
1 -0.2676 0.2532
1 -0.2676 0.2598
1 -0.2676 0.2689
1 -0.2676 0.2803
1 -0.2676 0.2934
1 -0.2676 0.3087
1 -0.2676 0.3253
1 -0.2676 0.3433
1 -0.2676 0.3629
1 -0.2676 0.3834
1 -0.2676 0.4050
1 -0.2676 0.4497
1 -0.2676 0.4960
1 -0.2676 0.5423
1 -0.2676 0.5874
1 -0.2676 0.6089
1 -0.2676 0.6291
1 -0.2676 0.6487
1 -0.2676 0.6670
1 -0.2676 0.6836
1 -0.2676 0.6986
1 -0.2676 0.7120
1 -0.2676 0.7231
1 -0.2676 0.7264
1 -0.2676 0.7264
1 -0.2672 0.7281
1 -0.2666 0.7298
1 -0.2659 0.7314
1 -0.2650 0.7330
1 -0.2641 0.7345
1 -0.2630 0.7359
1 -0.2618 0.7373
1 -0.2605 0.7385
1 -0.2592 0.7397
1 -0.2577 0.7407
1 -0.2562 0.7416
1 -0.2546 0.7425
1 -0.2530 0.7431
1 -0.2513 0.7437
1 -0.2496 0.7441
1 -0.2478 0.7444
1 -0.2460 0.7446
112 1462 13
0 0.0622 0.6905
1 0.0622 0.5538
1 0.1977 0.5538
1 0.1977 0.4373
1 0.0622 0.4373
1 0.0622 0.3018
1 -0.0539 0.3018
1 -0.0539 0.4373
1 -0.1893 0.4373
1 -0.1893 0.5538
1 -0.0539 0.5538
1 -0.0539 0.6905
1 0.0622 0.6905
