SEcl_IT-3
3513 8 1 1 0 0 0 0 0 0 1 1
1.000
112 1255 173
0 -0.5006 0.8828
1 -0.5004 0.8871
1 -0.5001 0.8915
1 -0.4996 0.8958
1 -0.4990 0.9001
1 -0.4982 0.9044
1 -0.4972 0.9087
1 -0.4961 0.9129
1 -0.4948 0.9171
1 -0.4934 0.9212
1 -0.4919 0.9253
1 -0.4902 0.9293
1 -0.4883 0.9333
1 -0.4863 0.9371
1 -0.4842 0.9409
1 -0.4819 0.9447
1 -0.4795 0.9483
1 -0.4770 0.9519
1 -0.4743 0.9553
1 -0.4715 0.9587
1 -0.4686 0.9619
1 -0.4656 0.9651
1 -0.4624 0.9681
1 -0.4592 0.9710
1 -0.4558 0.9738
1 -0.4524 0.9765
1 -0.4488 0.9790
1 -0.4452 0.9814
1 -0.4415 0.9837
1 -0.4377 0.9858
1 -0.4338 0.9878
1 -0.4298 0.9897
1 -0.4258 0.9914
1 -0.4217 0.9930
1 -0.4176 0.9944
1 -0.4134 0.9957
1 -0.4092 0.9968
1 -0.4050 0.9977
1 -0.4007 0.9985
1 -0.3964 0.9992
1 -0.3920 0.9996
1 -0.3877 1.0000
1 -0.3833 1.0001
1 0.3833 1.0001
1 0.3877 1.0000
1 0.3920 0.9996
1 0.3964 0.9992
1 0.4007 0.9985
1 0.4050 0.9977
1 0.4092 0.9968
1 0.4134 0.9957
1 0.4176 0.9944
1 0.4217 0.9930
1 0.4258 0.9914
1 0.4298 0.9897
1 0.4338 0.9878
1 0.4377 0.9858
1 0.4415 0.9837
1 0.4452 0.9814
1 0.4488 0.9790
1 0.4524 0.9765
1 0.4558 0.9738
1 0.4592 0.9710
1 0.4624 0.9681
1 0.4656 0.9651
1 0.4686 0.9619
1 0.4715 0.9587
1 0.4743 0.9553
1 0.4770 0.9519
1 0.4795 0.9483
1 0.4819 0.9447
1 0.4842 0.9409
1 0.4863 0.9371
1 0.4883 0.9333
1 0.4902 0.9293
1 0.4919 0.9253
1 0.4934 0.9212
1 0.4948 0.9171
1 0.4961 0.9129
1 0.4972 0.9087
1 0.4982 0.9044
1 0.4990 0.9001
1 0.4996 0.8958
1 0.5001 0.8915
1 0.5004 0.8871
1 0.5006 0.8828
1 0.5006 0.1174
1 0.5004 0.1130
1 0.5001 0.1087
1 0.4996 0.1043
1 0.4990 0.1000
1 0.4982 0.0957
1 0.4972 0.0915
1 0.4961 0.0872
1 0.4948 0.0831
1 0.4934 0.0789
1 0.4919 0.0748
1 0.4902 0.0708
1 0.4883 0.0669
1 0.4863 0.0630
1 0.4842 0.0592
1 0.4819 0.0555
1 0.4795 0.0518
1 0.4770 0.0483
1 0.4743 0.0448
1 0.4715 0.0415
1 0.4686 0.0382
1 0.4656 0.0351
1 0.4624 0.0320
1 0.4592 0.0291
1 0.4558 0.0263
1 0.4524 0.0237
1 0.4488 0.0211
1 0.4452 0.0187
1 0.4415 0.0164
1 0.4377 0.0143
1 0.4338 0.0123
1 0.4298 0.0104
1 0.4258 0.0087
1 0.4217 0.0072
1 0.4176 0.0057
1 0.4134 0.0045
1 0.4092 0.0034
1 0.4050 0.0024
1 0.4007 0.0016
1 0.3964 0.0010
1 0.3920 0.0005
1 0.3877 0.0002
1 0.3833 0.0000
1 -0.3833 0.0000
1 -0.3833 0.0000
1 -0.3877 0.0002
1 -0.3920 0.0005
1 -0.3964 0.0010
1 -0.4007 0.0016
1 -0.4050 0.0024
1 -0.4092 0.0034
1 -0.4134 0.0045
1 -0.4176 0.0057
1 -0.4217 0.0072
1 -0.4258 0.0087
1 -0.4298 0.0104
1 -0.4338 0.0123
1 -0.4377 0.0143
1 -0.4415 0.0164
1 -0.4452 0.0187
1 -0.4488 0.0211
1 -0.4524 0.0237
1 -0.4558 0.0263
1 -0.4592 0.0291
1 -0.4624 0.0320
1 -0.4656 0.0351
1 -0.4686 0.0382
1 -0.4715 0.0415
1 -0.4743 0.0448
1 -0.4770 0.0483
1 -0.4795 0.0518
1 -0.4819 0.0555
1 -0.4842 0.0592
1 -0.4863 0.0630
1 -0.4883 0.0669
1 -0.4902 0.0708
1 -0.4919 0.0748
1 -0.4934 0.0789
1 -0.4948 0.0831
1 -0.4961 0.0872
1 -0.4972 0.0915
1 -0.4982 0.0957
1 -0.4990 0.1000
1 -0.4996 0.1043
1 -0.5001 0.1087
1 -0.5004 0.1130
1 -0.5006 0.1174
112 1251 173
0 -0.4906 0.8826
1 -0.4904 0.8866
1 -0.4901 0.8906
1 -0.4897 0.8945
1 -0.4891 0.8985
1 -0.4884 0.9024
1 -0.4875 0.9063
1 -0.4865 0.9102
1 -0.4853 0.9140
1 -0.4840 0.9178
1 -0.4826 0.9215
1 -0.4810 0.9252
1 -0.4793 0.9288
1 -0.4775 0.9324
1 -0.4756 0.9359
1 -0.4735 0.9393
1 -0.4713 0.9426
1 -0.4689 0.9459
1 -0.4665 0.9491
1 -0.4639 0.9521
1 -0.4613 0.9551
1 -0.4585 0.9580
1 -0.4556 0.9608
1 -0.4526 0.9634
1 -0.4496 0.9660
1 -0.4464 0.9685
1 -0.4431 0.9708
1 -0.4398 0.9730
1 -0.4364 0.9751
1 -0.4329 0.9770
1 -0.4294 0.9789
1 -0.4257 0.9806
1 -0.4221 0.9821
1 -0.4183 0.9836
1 -0.4145 0.9849
1 -0.4107 0.9860
1 -0.4069 0.9870
1 -0.4029 0.9879
1 -0.3990 0.9887
1 -0.3951 0.9892
1 -0.3911 0.9897
1 -0.3871 0.9900
1 -0.3831 0.9901
1 0.3831 0.9901
1 0.3871 0.9900
1 0.3911 0.9897
1 0.3951 0.9892
1 0.3990 0.9887
1 0.4030 0.9879
1 0.4069 0.9870
1 0.4107 0.9860
1 0.4145 0.9849
1 0.4183 0.9836
1 0.4221 0.9821
1 0.4257 0.9806
1 0.4294 0.9789
1 0.4329 0.9770
1 0.4364 0.9751
1 0.4398 0.9730
1 0.4432 0.9708
1 0.4464 0.9685
1 0.4496 0.9660
1 0.4526 0.9634
1 0.4556 0.9608
1 0.4585 0.9580
1 0.4613 0.9551
1 0.4639 0.9521
1 0.4665 0.9491
1 0.4689 0.9459
1 0.4713 0.9426
1 0.4735 0.9393
1 0.4756 0.9359
1 0.4775 0.9324
1 0.4793 0.9289
1 0.4810 0.9252
1 0.4826 0.9215
1 0.4840 0.9178
1 0.4853 0.9140
1 0.4865 0.9102
1 0.4875 0.9063
1 0.4884 0.9024
1 0.4891 0.8985
1 0.4897 0.8945
1 0.4901 0.8906
1 0.4904 0.8866
1 0.4906 0.8826
1 0.4906 0.1176
1 0.4904 0.1136
1 0.4901 0.1096
1 0.4897 0.1056
1 0.4891 0.1016
1 0.4884 0.0977
1 0.4875 0.0938
1 0.4865 0.0899
1 0.4853 0.0861
1 0.4840 0.0823
1 0.4826 0.0786
1 0.4810 0.0749
1 0.4793 0.0713
1 0.4775 0.0677
1 0.4756 0.0642
1 0.4735 0.0608
1 0.4713 0.0575
1 0.4689 0.0542
1 0.4665 0.0511
1 0.4639 0.0480
1 0.4613 0.0450
1 0.4585 0.0421
1 0.4556 0.0394
1 0.4526 0.0367
1 0.4496 0.0341
1 0.4464 0.0317
1 0.4432 0.0294
1 0.4398 0.0271
1 0.4364 0.0251
1 0.4329 0.0231
1 0.4294 0.0213
1 0.4257 0.0196
1 0.4221 0.0180
1 0.4183 0.0166
1 0.4145 0.0153
1 0.4107 0.0141
1 0.4069 0.0131
1 0.4029 0.0122
1 0.3990 0.0115
1 0.3951 0.0109
1 0.3911 0.0105
1 0.3871 0.0102
1 0.3831 0.0100
1 -0.3831 0.0100
1 -0.3871 0.0102
1 -0.3911 0.0105
1 -0.3951 0.0109
1 -0.3990 0.0115
1 -0.4029 0.0122
1 -0.4069 0.0131
1 -0.4107 0.0141
1 -0.4145 0.0153
1 -0.4183 0.0166
1 -0.4221 0.0180
1 -0.4257 0.0196
1 -0.4294 0.0213
1 -0.4329 0.0231
1 -0.4364 0.0251
1 -0.4398 0.0271
1 -0.4432 0.0294
1 -0.4464 0.0317
1 -0.4496 0.0341
1 -0.4526 0.0367
1 -0.4556 0.0394
1 -0.4585 0.0421
1 -0.4613 0.0450
1 -0.4639 0.0480
1 -0.4665 0.0511
1 -0.4689 0.0542
1 -0.4713 0.0575
1 -0.4735 0.0608
1 -0.4756 0.0642
1 -0.4775 0.0677
1 -0.4793 0.0713
1 -0.4810 0.0749
1 -0.4826 0.0786
1 -0.4840 0.0823
1 -0.4853 0.0861
1 -0.4865 0.0899
1 -0.4875 0.0938
1 -0.4884 0.0977
1 -0.4891 0.1016
1 -0.4897 0.1056
1 -0.4901 0.1096
1 -0.4904 0.1136
1 -0.4906 0.1176
1 -0.4906 0.8826
112 1255 173
0 -0.4706 0.8822
1 -0.4704 0.8855
1 -0.4702 0.8887
1 -0.4698 0.8920
1 -0.4694 0.8952
1 -0.4688 0.8984
1 -0.4680 0.9016
1 -0.4672 0.9048
1 -0.4663 0.9079
1 -0.4652 0.9110
1 -0.4641 0.9141
1 -0.4628 0.9171
1 -0.4614 0.9200
1 -0.4599 0.9229
1 -0.4583 0.9258
1 -0.4566 0.9286
1 -0.4548 0.9313
1 -0.4529 0.9340
1 -0.4509 0.9366
1 -0.4488 0.9391
1 -0.4466 0.9415
1 -0.4443 0.9439
1 -0.4420 0.9461
1 -0.4396 0.9483
1 -0.4370 0.9504
1 -0.4345 0.9524
1 -0.4318 0.9543
1 -0.4291 0.9561
1 -0.4263 0.9578
1 -0.4234 0.9594
1 -0.4205 0.9609
1 -0.4176 0.9623
1 -0.4146 0.9636
1 -0.4115 0.9648
1 -0.4084 0.9658
1 -0.4053 0.9668
1 -0.4021 0.9676
1 -0.3989 0.9683
1 -0.3957 0.9689
1 -0.3925 0.9694
1 -0.3892 0.9698
1 -0.3860 0.9700
1 -0.3827 0.9701
1 0.3827 0.9701
1 0.3860 0.9700
1 0.3892 0.9698
1 0.3925 0.9694
1 0.3957 0.9689
1 0.3989 0.9683
1 0.4021 0.9676
1 0.4053 0.9668
1 0.4084 0.9658
1 0.4115 0.9648
1 0.4146 0.9636
1 0.4176 0.9623
1 0.4205 0.9609
1 0.4234 0.9594
1 0.4263 0.9578
1 0.4291 0.9561
1 0.4318 0.9543
1 0.4345 0.9524
1 0.4370 0.9504
1 0.4396 0.9483
1 0.4420 0.9461
1 0.4443 0.9439
1 0.4466 0.9415
1 0.4488 0.9391
1 0.4509 0.9366
1 0.4529 0.9340
1 0.4548 0.9313
1 0.4566 0.9286
1 0.4583 0.9258
1 0.4599 0.9229
1 0.4614 0.9200
1 0.4628 0.9171
1 0.4641 0.9141
1 0.4652 0.9110
1 0.4663 0.9079
1 0.4672 0.9048
1 0.4680 0.9016
1 0.4688 0.8984
1 0.4694 0.8952
1 0.4698 0.8920
1 0.4702 0.8887
1 0.4704 0.8855
1 0.4706 0.8822
1 0.4706 0.1179
1 0.4704 0.1147
1 0.4702 0.1114
1 0.4698 0.1082
1 0.4694 0.1049
1 0.4688 0.1017
1 0.4680 0.0985
1 0.4672 0.0954
1 0.4663 0.0922
1 0.4652 0.0891
1 0.4641 0.0861
1 0.4628 0.0831
1 0.4614 0.0801
1 0.4599 0.0772
1 0.4583 0.0744
1 0.4566 0.0716
1 0.4548 0.0688
1 0.4529 0.0662
1 0.4509 0.0636
1 0.4488 0.0611
1 0.4466 0.0586
1 0.4443 0.0563
1 0.4420 0.0540
1 0.4396 0.0518
1 0.4370 0.0497
1 0.4345 0.0477
1 0.4318 0.0458
1 0.4291 0.0440
1 0.4263 0.0423
1 0.4234 0.0407
1 0.4205 0.0392
1 0.4176 0.0378
1 0.4146 0.0365
1 0.4115 0.0354
1 0.4084 0.0343
1 0.4053 0.0334
1 0.4021 0.0325
1 0.3989 0.0318
1 0.3957 0.0312
1 0.3925 0.0307
1 0.3892 0.0304
1 0.3860 0.0301
1 0.3827 0.0300
1 -0.3827 0.0300
1 -0.3860 0.0301
1 -0.3892 0.0304
1 -0.3925 0.0307
1 -0.3957 0.0312
1 -0.3989 0.0318
1 -0.4021 0.0325
1 -0.4053 0.0334
1 -0.4084 0.0343
1 -0.4115 0.0354
1 -0.4146 0.0365
1 -0.4176 0.0378
1 -0.4205 0.0392
1 -0.4234 0.0407
1 -0.4263 0.0423
1 -0.4291 0.0440
1 -0.4318 0.0458
1 -0.4345 0.0477
1 -0.4370 0.0497
1 -0.4396 0.0518
1 -0.4420 0.0540
1 -0.4443 0.0563
1 -0.4466 0.0586
1 -0.4488 0.0611
1 -0.4509 0.0636
1 -0.4529 0.0662
1 -0.4548 0.0688
1 -0.4566 0.0716
1 -0.4583 0.0743
1 -0.4599 0.0772
1 -0.4614 0.0801
1 -0.4628 0.0831
1 -0.4640 0.0861
1 -0.4652 0.0891
1 -0.4663 0.0922
1 -0.4672 0.0954
1 -0.4680 0.0985
1 -0.4688 0.1017
1 -0.4694 0.1049
1 -0.4698 0.1082
1 -0.4702 0.1114
1 -0.4704 0.1147
1 -0.4706 0.1179
1 -0.4706 0.8822
112 1251 152
0 -0.1528 0.7236
1 -0.1434 0.7189
1 -0.1336 0.7153
1 -0.1238 0.7134
1 -0.1132 0.7130
1 -0.1030 0.7145
1 -0.0932 0.7173
1 -0.0838 0.7216
1 -0.0744 0.7263
1 -0.0642 0.7322
1 -0.0524 0.7385
1 -0.0399 0.7440
1 -0.0261 0.7483
1 -0.0109 0.7510
1 0.0060 0.7510
1 0.0213 0.7487
1 0.0350 0.7443
1 0.0480 0.7389
1 0.0597 0.7330
1 0.0699 0.7271
1 0.0797 0.7220
1 0.0891 0.7177
1 0.0989 0.7149
1 0.1095 0.7130
1 0.1201 0.7134
1 0.1299 0.7153
1 0.1393 0.7185
1 0.1577 0.7279
1 0.1628 0.7310
1 0.1683 0.7341
1 0.1805 0.7400
1 0.1934 0.7455
1 0.2079 0.7494
1 0.2236 0.7514
1 0.2279 0.7514
1 0.2346 0.7514
1 0.2464 0.7506
1 0.2569 0.7490
1 0.2663 0.7467
1 0.2750 0.7443
1 0.2824 0.7412
1 0.2958 0.7345
1 0.3067 0.7275
1 0.3091 0.7259
1 0.3107 0.7247
1 0.3142 0.7224
1 0.3205 0.7185
1 0.3271 0.7157
1 0.3346 0.7138
1 0.3432 0.7130
1 0.3440 0.7130
1 0.3440 0.7122
1 0.3440 0.7094
1 0.3440 0.7051
1 0.3440 0.7000
1 0.3440 0.6887
1 0.3440 0.6832
1 0.3440 0.6789
1 0.3440 0.6757
1 0.3440 0.6746
1 0.3357 0.6749
1 0.3287 0.6757
1 0.3158 0.6793
1 0.3044 0.6836
1 0.2950 0.6891
1 0.2773 0.7004
1 0.2679 0.7055
1 0.2565 0.7098
1 0.2499 0.7110
1 0.2424 0.7122
1 0.2338 0.7130
1 0.2295 0.7130
1 0.2271 0.7130
1 0.2260 0.7130
1 0.2154 0.7118
1 0.2056 0.7091
1 0.1962 0.7051
1 0.1868 0.7004
1 0.1770 0.6949
1 0.1656 0.6887
1 0.1530 0.6828
1 0.1397 0.6781
1 0.1248 0.6753
1 0.1170 0.6746
1 0.1083 0.6749
1 0.0927 0.6769
1 0.0781 0.6808
1 0.0652 0.6863
1 0.0531 0.6926
1 0.0425 0.6985
1 0.0331 0.7036
1 0.0236 0.7079
1 0.0138 0.7110
1 0.0040 0.7126
1 -0.0065 0.7130
1 -0.0167 0.7110
1 -0.0265 0.7079
1 -0.0359 0.7040
1 -0.0454 0.6989
1 -0.0501 0.6961
1 -0.0559 0.6930
1 -0.0677 0.6867
1 -0.0803 0.6812
1 -0.0944 0.6773
1 -0.1101 0.6749
1 -0.1265 0.6753
1 -0.1418 0.6781
1 -0.1555 0.6824
1 -0.1681 0.6883
1 -0.1795 0.6945
1 -0.1896 0.7000
1 -0.1991 0.7047
1 -0.2085 0.7091
1 -0.2183 0.7118
1 -0.2285 0.7130
1 -0.2390 0.7126
1 -0.2492 0.7102
1 -0.2587 0.7067
1 -0.2775 0.6973
1 -0.2885 0.6910
1 -0.3006 0.6851
1 -0.3139 0.6796
1 -0.3284 0.6761
1 -0.3445 0.6746
1 -0.3453 0.6746
1 -0.3457 0.6746
1 -0.3457 0.6749
1 -0.3457 0.6753
1 -0.3457 0.6781
1 -0.3457 0.6824
1 -0.3457 0.6875
1 -0.3457 0.6993
1 -0.3457 0.7044
1 -0.3457 0.7091
1 -0.3457 0.7118
1 -0.3457 0.7130
1 -0.3351 0.7138
1 -0.3253 0.7165
1 -0.3159 0.7200
1 -0.3065 0.7247
1 -0.2967 0.7302
1 -0.2853 0.7365
1 -0.2732 0.7424
1 -0.2594 0.7471
1 -0.2449 0.7506
1 -0.2285 0.7514
1 -0.2124 0.7498
1 -0.1983 0.7459
1 -0.1849 0.7408
1 -0.1732 0.7345
1 -0.1622 0.7287
1 -0.1528 0.7236
112 1251 112
0 -0.1967 0.5620
1 -0.1998 0.5652
1 -0.2026 0.5679
1 -0.2041 0.5699
1 -0.2053 0.5707
1 -0.2069 0.5722
1 -0.2104 0.5750
1 -0.2171 0.5777
1 -0.2230 0.5785
1 -0.2234 0.5785
1 -0.2249 0.5789
1 -0.2277 0.5789
1 -0.2312 0.5793
1 -0.2398 0.5801
1 -0.2508 0.5809
1 -0.2755 0.5824
1 -0.2873 0.5836
1 -0.2975 0.5844
1 -0.3057 0.5848
1 -0.3084 0.5852
1 -0.3104 0.5852
1 -0.3131 0.5852
1 -0.3155 0.5840
1 -0.3175 0.5820
1 -0.3186 0.5797
1 -0.3186 0.5765
1 -0.3179 0.5738
1 -0.3167 0.5703
1 -0.3143 0.5644
1 -0.3116 0.5569
1 -0.3084 0.5487
1 -0.3022 0.5311
1 -0.2990 0.5232
1 -0.2967 0.5169
1 -0.2951 0.5126
1 -0.2947 0.5115
1 -0.2943 0.5111
1 -0.2943 0.5111
1 -0.2947 0.5111
1 -0.2947 0.5115
1 -0.2947 0.5111
1 -0.2943 0.5111
1 -0.2928 0.5118
1 -0.2884 0.5142
1 -0.2818 0.5173
1 -0.2732 0.5213
1 -0.2547 0.5303
1 -0.2457 0.5350
1 -0.2379 0.5385
1 -0.2320 0.5416
1 -0.2281 0.5432
1 -0.2273 0.5436
1 -0.2265 0.5424
1 -0.2253 0.5401
1 -0.2234 0.5373
1 -0.2214 0.5338
1 -0.2159 0.5248
1 -0.2092 0.5146
1 -0.2022 0.5032
1 -0.1951 0.4918
1 -0.1889 0.4813
1 -0.1834 0.4726
1 -0.1810 0.4691
1 -0.1794 0.4660
1 -0.1779 0.4640
1 -0.1771 0.4628
1 -0.1759 0.4613
1 -0.1728 0.4573
1 -0.1689 0.4542
1 -0.1638 0.4515
1 -0.1579 0.4491
1 -0.1508 0.4468
1 -0.1500 0.4464
1 -0.1485 0.4460
1 -0.1426 0.4440
1 -0.1351 0.4413
1 -0.1285 0.4393
1 -0.1261 0.4385
1 -0.1246 0.4377
1 -0.1242 0.4377
1 -0.1222 0.4393
1 -0.1183 0.4428
1 -0.1128 0.4472
1 -0.0999 0.4581
1 -0.0865 0.4691
1 -0.0810 0.4734
1 -0.0771 0.4766
1 -0.0752 0.4781
1 -0.0744 0.4789
1 -0.0728 0.4805
1 -0.0642 0.4856
1 -0.0646 0.4856
1 -0.0657 0.4860
1 -0.0704 0.4868
1 -0.0775 0.4883
1 -0.0861 0.4899
1 -0.1057 0.4934
1 -0.1151 0.4950
1 -0.1234 0.4966
1 -0.1297 0.4977
1 -0.1332 0.4985
1 -0.1344 0.4989
1 -0.1355 0.5001
1 -0.1371 0.5017
1 -0.1398 0.5044
1 -0.1430 0.5075
1 -0.1508 0.5154
1 -0.1598 0.5248
1 -0.1696 0.5350
1 -0.1798 0.5448
1 -0.1889 0.5542
1 -0.1967 0.5620
112 1251 237
0 0.1593 0.4664
1 0.1538 0.4715
1 0.1519 0.4730
1 0.1507 0.4738
1 0.1503 0.4746
1 0.1487 0.4758
1 0.1421 0.4801
1 0.1346 0.4836
1 0.1264 0.4856
1 0.1162 0.4868
1 0.1040 0.4868
1 0.1005 0.4868
1 0.0997 0.4868
1 0.0981 0.4868
1 0.0958 0.4868
1 0.0887 0.4868
1 0.0793 0.4868
1 0.0683 0.4864
1 0.0566 0.4864
1 0.0331 0.4860
1 0.0233 0.4856
1 0.0158 0.4856
1 0.0131 0.4856
1 0.0115 0.4856
1 0.0107 0.4856
1 0.0095 0.4856
1 0.0072 0.4856
1 -0.0097 0.4844
1 -0.0238 0.4817
1 -0.0359 0.4785
1 -0.0458 0.4738
1 -0.0540 0.4687
1 -0.0559 0.4675
1 -0.0567 0.4668
1 -0.0579 0.4660
1 -0.0595 0.4644
1 -0.0622 0.4620
1 -0.0657 0.4593
1 -0.0740 0.4526
1 -0.0842 0.4440
1 -0.0955 0.4350
1 -0.1183 0.4166
1 -0.1281 0.4087
1 -0.1355 0.4021
1 -0.1387 0.3997
1 -0.1406 0.3981
1 -0.1422 0.3970
1 -0.1426 0.3966
1 -0.1434 0.3966
1 -0.1449 0.3966
1 -0.1477 0.3966
1 -0.1512 0.3966
1 -0.1606 0.3962
1 -0.1720 0.3962
1 -0.1979 0.3958
1 -0.2104 0.3954
1 -0.2218 0.3954
1 -0.2308 0.3950
1 -0.2343 0.3950
1 -0.2371 0.3950
1 -0.2387 0.3950
1 -0.2394 0.3950
1 -0.2406 0.3950
1 -0.2434 0.3946
1 -0.2481 0.3938
1 -0.2520 0.3923
1 -0.2524 0.3923
1 -0.2536 0.3915
1 -0.2555 0.3907
1 -0.2583 0.3891
1 -0.2665 0.3852
1 -0.2763 0.3801
1 -0.2994 0.3679
1 -0.3112 0.3621
1 -0.3218 0.3566
1 -0.3308 0.3519
1 -0.3343 0.3503
1 -0.3371 0.3487
1 -0.3394 0.3476
1 -0.3402 0.3472
1 -0.3402 0.3464
1 -0.3382 0.3432
1 -0.3351 0.3385
1 -0.3312 0.3323
1 -0.3265 0.3252
1 -0.3171 0.3099
1 -0.3124 0.3033
1 -0.3084 0.2974
1 -0.3057 0.2927
1 -0.3041 0.2907
1 -0.3026 0.2884
1 -0.3002 0.2868
1 -0.2979 0.2860
1 -0.2955 0.2864
1 -0.2932 0.2876
1 -0.2912 0.2895
1 -0.2892 0.2919
1 -0.2853 0.2966
1 -0.2802 0.3025
1 -0.2743 0.3095
1 -0.2614 0.3248
1 -0.2555 0.3323
1 -0.2500 0.3385
1 -0.2461 0.3436
1 -0.2434 0.3464
1 -0.2426 0.3472
1 -0.2414 0.3472
1 -0.2390 0.3468
1 -0.2355 0.3468
1 -0.2316 0.3464
1 -0.2210 0.3456
1 -0.2085 0.3444
1 -0.1947 0.3436
1 -0.1673 0.3417
1 -0.1559 0.3405
1 -0.1465 0.3401
1 -0.1430 0.3397
1 -0.1406 0.3393
1 -0.1387 0.3393
1 -0.1320 0.3393
1 -0.1253 0.3413
1 -0.1183 0.3456
1 -0.1159 0.3472
1 -0.1132 0.3491
1 -0.1057 0.3538
1 -0.0963 0.3601
1 -0.0861 0.3668
1 -0.0650 0.3809
1 -0.0559 0.3868
1 -0.0481 0.3919
1 -0.0454 0.3938
1 -0.0430 0.3954
1 -0.0414 0.3962
1 -0.0410 0.3966
1 -0.0403 0.3966
1 -0.0383 0.3966
1 -0.0348 0.3966
1 -0.0301 0.3966
1 -0.0242 0.3962
1 -0.0171 0.3962
1 -0.0014 0.3958
1 0.0166 0.3950
1 0.0354 0.3946
1 0.0538 0.3942
1 0.0707 0.3934
1 0.0781 0.3934
1 0.0844 0.3930
1 0.0899 0.3930
1 0.0942 0.3930
1 0.0974 0.3926
1 0.0989 0.3926
1 0.0985 0.3930
1 0.0962 0.3950
1 0.0930 0.3977
1 0.0840 0.4056
1 0.0738 0.4142
1 0.0691 0.4177
1 0.0652 0.4213
1 0.0625 0.4236
1 0.0609 0.4248
1 0.0613 0.4252
1 0.0621 0.4256
1 0.0652 0.4275
1 0.0742 0.4330
1 0.0778 0.4350
1 0.0785 0.4354
1 0.0793 0.4350
1 0.0817 0.4334
1 0.0852 0.4315
1 0.0899 0.4287
1 0.0954 0.4252
1 0.1021 0.4217
1 0.1091 0.4174
1 0.1252 0.4075
1 0.1601 0.3872
1 0.1762 0.3774
1 0.1836 0.3730
1 0.1903 0.3691
1 0.1962 0.3656
1 0.2009 0.3629
1 0.2048 0.3605
1 0.2071 0.3589
1 0.2099 0.3578
1 0.2150 0.3562
1 0.2189 0.3558
1 0.2205 0.3562
1 0.2220 0.3566
1 0.2244 0.3578
1 0.2283 0.3589
1 0.2330 0.3609
1 0.2448 0.3652
1 0.2589 0.3703
1 0.2907 0.3817
1 0.3056 0.3872
1 0.3189 0.3919
1 0.3248 0.3942
1 0.3295 0.3958
1 0.3338 0.3974
1 0.3365 0.3985
1 0.3381 0.3989
1 0.3385 0.3993
1 0.3397 0.3997
1 0.3408 0.4005
1 0.3424 0.4036
1 0.3428 0.4072
1 0.3428 0.4075
1 0.3428 0.4095
1 0.3424 0.4150
1 0.3412 0.4291
1 0.3412 0.4319
1 0.3408 0.4334
1 0.3408 0.4342
1 0.3405 0.4342
1 0.3389 0.4338
1 0.3361 0.4334
1 0.3322 0.4326
1 0.3271 0.4315
1 0.3216 0.4303
1 0.3083 0.4275
1 0.2930 0.4240
1 0.2620 0.4174
1 0.2479 0.4142
1 0.2362 0.4119
1 0.2315 0.4107
1 0.2275 0.4099
1 0.2252 0.4095
1 0.2236 0.4091
1 0.2232 0.4091
1 0.2224 0.4099
1 0.2209 0.4115
1 0.2189 0.4134
1 0.2122 0.4189
1 0.2044 0.4264
1 0.1852 0.4432
1 0.1758 0.4519
1 0.1593 0.4664
1 0.1593 0.4664
112 1251 60
0 0.2428 0.5358
1 0.2373 0.5405
1 0.2315 0.5444
1 0.2248 0.5471
1 0.2177 0.5491
1 0.2103 0.5499
1 0.2017 0.5495
1 0.1938 0.5475
1 0.1868 0.5444
1 0.1801 0.5401
1 0.1742 0.5346
1 0.1695 0.5283
1 0.1656 0.5213
1 0.1632 0.5134
1 0.1621 0.5052
1 0.1625 0.4969
1 0.1640 0.4891
1 0.1672 0.4817
1 0.1711 0.4750
1 0.1766 0.4687
1 0.1825 0.4640
1 0.1895 0.4601
1 0.1974 0.4573
1 0.2056 0.4558
1 0.2146 0.4562
1 0.2232 0.4581
1 0.2315 0.4617
1 0.2385 0.4664
1 0.2420 0.4691
1 0.2424 0.4699
1 0.2424 0.4695
1 0.2428 0.4691
1 0.2448 0.4679
1 0.2471 0.4656
1 0.2538 0.4601
1 0.2601 0.4550
1 0.2624 0.4530
1 0.2632 0.4522
1 0.2636 0.4522
1 0.2636 0.4530
1 0.2652 0.4570
1 0.2675 0.4636
1 0.2703 0.4715
1 0.2766 0.4887
1 0.2793 0.4966
1 0.2813 0.5020
1 0.2820 0.5040
1 0.2824 0.5056
1 0.2805 0.5060
1 0.2773 0.5060
1 0.2691 0.5067
1 0.2609 0.5075
1 0.2577 0.5075
1 0.2562 0.5075
1 0.2558 0.5079
1 0.2554 0.5107
1 0.2534 0.5177
1 0.2507 0.5244
1 0.2471 0.5303
1 0.2428 0.5358
112 1251 83
0 -0.0026 0.5601
1 0.0836 0.5616
1 0.0836 0.5616
1 0.0854 0.5610
1 0.0871 0.5603
1 0.0888 0.5593
1 0.0903 0.5583
1 0.0918 0.5571
1 0.0931 0.5558
1 0.0944 0.5544
1 0.0955 0.5529
1 0.0965 0.5513
1 0.0974 0.5496
1 0.0981 0.5479
1 0.0986 0.5461
1 0.0990 0.5443
1 0.0993 0.5424
1 0.0993 0.5405
1 0.0993 0.5387
1 0.0990 0.5368
1 0.0986 0.5350
1 0.0981 0.5332
1 0.0974 0.5314
1 0.0966 0.5297
1 0.0956 0.5281
1 0.0945 0.5266
1 0.0932 0.5252
1 0.0919 0.5239
1 0.0904 0.5227
1 0.0889 0.5217
1 0.0873 0.5207
1 0.0855 0.5200
1 0.0838 0.5193
1 0.0820 0.5188
1 0.0801 0.5185
1 0.0801 0.5185
1 0.0676 0.5184
1 0.0551 0.5181
1 0.0427 0.5178
1 0.0302 0.5173
1 0.0177 0.5168
1 0.0052 0.5162
1 0.0052 0.5162
1 0.0036 0.5158
1 0.0019 0.5157
1 0.0003 0.5157
1 -0.0014 0.5158
1 -0.0030 0.5161
1 -0.0046 0.5166
1 -0.0046 0.5166
1 -0.0064 0.5170
1 -0.0081 0.5176
1 -0.0098 0.5183
1 -0.0114 0.5192
1 -0.0129 0.5202
1 -0.0144 0.5213
1 -0.0157 0.5225
1 -0.0170 0.5239
1 -0.0181 0.5253
1 -0.0191 0.5269
1 -0.0200 0.5285
1 -0.0207 0.5302
1 -0.0213 0.5319
1 -0.0218 0.5337
1 -0.0221 0.5355
1 -0.0222 0.5373
1 -0.0222 0.5392
1 -0.0220 0.5410
1 -0.0217 0.5428
1 -0.0213 0.5446
1 -0.0207 0.5463
1 -0.0199 0.5480
1 -0.0190 0.5496
1 -0.0180 0.5511
1 -0.0169 0.5525
1 -0.0156 0.5539
1 -0.0143 0.5551
1 -0.0128 0.5562
1 -0.0113 0.5572
1 -0.0096 0.5581
1 -0.0080 0.5588
1 -0.0062 0.5594
1 -0.0044 0.5598
