SEcl_IT-2
3512 6 1 1 0 0 0 0 0 0 1 1
1.000
112 1255 173
0 -0.5006 0.8828
1 -0.5004 0.8871
1 -0.5001 0.8915
1 -0.4996 0.8958
1 -0.4990 0.9001
1 -0.4982 0.9044
1 -0.4972 0.9087
1 -0.4961 0.9129
1 -0.4948 0.9171
1 -0.4934 0.9212
1 -0.4919 0.9253
1 -0.4902 0.9293
1 -0.4883 0.9333
1 -0.4863 0.9371
1 -0.4842 0.9409
1 -0.4819 0.9447
1 -0.4795 0.9483
1 -0.4770 0.9519
1 -0.4743 0.9553
1 -0.4715 0.9587
1 -0.4686 0.9619
1 -0.4656 0.9651
1 -0.4624 0.9681
1 -0.4592 0.9710
1 -0.4558 0.9738
1 -0.4524 0.9765
1 -0.4488 0.9790
1 -0.4452 0.9814
1 -0.4415 0.9837
1 -0.4377 0.9858
1 -0.4338 0.9878
1 -0.4298 0.9897
1 -0.4258 0.9914
1 -0.4217 0.9930
1 -0.4176 0.9944
1 -0.4134 0.9957
1 -0.4092 0.9968
1 -0.4050 0.9977
1 -0.4007 0.9985
1 -0.3964 0.9992
1 -0.3920 0.9996
1 -0.3877 1.0000
1 -0.3833 1.0001
1 0.3833 1.0001
1 0.3877 1.0000
1 0.3920 0.9996
1 0.3964 0.9992
1 0.4007 0.9985
1 0.4050 0.9977
1 0.4092 0.9968
1 0.4134 0.9957
1 0.4176 0.9944
1 0.4217 0.9930
1 0.4258 0.9914
1 0.4298 0.9897
1 0.4338 0.9878
1 0.4377 0.9858
1 0.4415 0.9837
1 0.4452 0.9814
1 0.4488 0.9790
1 0.4524 0.9765
1 0.4558 0.9738
1 0.4592 0.9710
1 0.4624 0.9681
1 0.4656 0.9651
1 0.4686 0.9619
1 0.4715 0.9587
1 0.4743 0.9553
1 0.4770 0.9519
1 0.4795 0.9483
1 0.4819 0.9447
1 0.4842 0.9409
1 0.4863 0.9371
1 0.4883 0.9333
1 0.4902 0.9293
1 0.4919 0.9253
1 0.4934 0.9212
1 0.4948 0.9171
1 0.4961 0.9129
1 0.4972 0.9087
1 0.4982 0.9044
1 0.4990 0.9001
1 0.4996 0.8958
1 0.5001 0.8915
1 0.5004 0.8871
1 0.5006 0.8828
1 0.5006 0.1174
1 0.5004 0.1130
1 0.5001 0.1087
1 0.4996 0.1043
1 0.4990 0.1000
1 0.4982 0.0957
1 0.4972 0.0915
1 0.4961 0.0872
1 0.4948 0.0831
1 0.4934 0.0789
1 0.4919 0.0748
1 0.4902 0.0708
1 0.4883 0.0669
1 0.4863 0.0630
1 0.4842 0.0592
1 0.4819 0.0555
1 0.4795 0.0518
1 0.4770 0.0483
1 0.4743 0.0448
1 0.4715 0.0415
1 0.4686 0.0382
1 0.4656 0.0351
1 0.4624 0.0320
1 0.4592 0.0291
1 0.4558 0.0263
1 0.4524 0.0237
1 0.4488 0.0211
1 0.4452 0.0187
1 0.4415 0.0164
1 0.4377 0.0143
1 0.4338 0.0123
1 0.4298 0.0104
1 0.4258 0.0087
1 0.4217 0.0072
1 0.4176 0.0057
1 0.4134 0.0045
1 0.4092 0.0034
1 0.4050 0.0024
1 0.4007 0.0016
1 0.3964 0.0010
1 0.3920 0.0005
1 0.3877 0.0002
1 0.3833 0.0000
1 -0.3833 0.0000
1 -0.3833 0.0000
1 -0.3877 0.0002
1 -0.3920 0.0005
1 -0.3964 0.0010
1 -0.4007 0.0016
1 -0.4050 0.0024
1 -0.4092 0.0034
1 -0.4134 0.0045
1 -0.4176 0.0057
1 -0.4217 0.0072
1 -0.4258 0.0087
1 -0.4298 0.0104
1 -0.4338 0.0123
1 -0.4377 0.0143
1 -0.4415 0.0164
1 -0.4452 0.0187
1 -0.4488 0.0211
1 -0.4524 0.0237
1 -0.4558 0.0263
1 -0.4592 0.0291
1 -0.4624 0.0320
1 -0.4656 0.0351
1 -0.4686 0.0382
1 -0.4715 0.0415
1 -0.4743 0.0448
1 -0.4770 0.0483
1 -0.4795 0.0518
1 -0.4819 0.0555
1 -0.4842 0.0592
1 -0.4863 0.0630
1 -0.4883 0.0669
1 -0.4902 0.0708
1 -0.4919 0.0748
1 -0.4934 0.0789
1 -0.4948 0.0831
1 -0.4961 0.0872
1 -0.4972 0.0915
1 -0.4982 0.0957
1 -0.4990 0.1000
1 -0.4996 0.1043
1 -0.5001 0.1087
1 -0.5004 0.1130
1 -0.5006 0.1174
112 1251 173
0 -0.4906 0.8826
1 -0.4904 0.8866
1 -0.4901 0.8906
1 -0.4897 0.8945
1 -0.4891 0.8985
1 -0.4884 0.9024
1 -0.4875 0.9063
1 -0.4865 0.9102
1 -0.4853 0.9140
1 -0.4840 0.9178
1 -0.4826 0.9215
1 -0.4810 0.9252
1 -0.4793 0.9288
1 -0.4775 0.9324
1 -0.4756 0.9359
1 -0.4735 0.9393
1 -0.4713 0.9426
1 -0.4689 0.9459
1 -0.4665 0.9491
1 -0.4639 0.9521
1 -0.4613 0.9551
1 -0.4585 0.9580
1 -0.4556 0.9608
1 -0.4526 0.9634
1 -0.4496 0.9660
1 -0.4464 0.9685
1 -0.4431 0.9708
1 -0.4398 0.9730
1 -0.4364 0.9751
1 -0.4329 0.9770
1 -0.4294 0.9789
1 -0.4257 0.9806
1 -0.4221 0.9821
1 -0.4183 0.9836
1 -0.4145 0.9849
1 -0.4107 0.9860
1 -0.4069 0.9870
1 -0.4029 0.9879
1 -0.3990 0.9887
1 -0.3951 0.9892
1 -0.3911 0.9897
1 -0.3871 0.9900
1 -0.3831 0.9901
1 0.3831 0.9901
1 0.3871 0.9900
1 0.3911 0.9897
1 0.3951 0.9892
1 0.3990 0.9887
1 0.4030 0.9879
1 0.4069 0.9870
1 0.4107 0.9860
1 0.4145 0.9849
1 0.4183 0.9836
1 0.4221 0.9821
1 0.4257 0.9806
1 0.4294 0.9789
1 0.4329 0.9770
1 0.4364 0.9751
1 0.4398 0.9730
1 0.4432 0.9708
1 0.4464 0.9685
1 0.4496 0.9660
1 0.4526 0.9634
1 0.4556 0.9608
1 0.4585 0.9580
1 0.4613 0.9551
1 0.4639 0.9521
1 0.4665 0.9491
1 0.4689 0.9459
1 0.4713 0.9426
1 0.4735 0.9393
1 0.4756 0.9359
1 0.4775 0.9324
1 0.4793 0.9289
1 0.4810 0.9252
1 0.4826 0.9215
1 0.4840 0.9178
1 0.4853 0.9140
1 0.4865 0.9102
1 0.4875 0.9063
1 0.4884 0.9024
1 0.4891 0.8985
1 0.4897 0.8945
1 0.4901 0.8906
1 0.4904 0.8866
1 0.4906 0.8826
1 0.4906 0.1176
1 0.4904 0.1136
1 0.4901 0.1096
1 0.4897 0.1056
1 0.4891 0.1016
1 0.4884 0.0977
1 0.4875 0.0938
1 0.4865 0.0899
1 0.4853 0.0861
1 0.4840 0.0823
1 0.4826 0.0786
1 0.4810 0.0749
1 0.4793 0.0713
1 0.4775 0.0677
1 0.4756 0.0642
1 0.4735 0.0608
1 0.4713 0.0575
1 0.4689 0.0542
1 0.4665 0.0511
1 0.4639 0.0480
1 0.4613 0.0450
1 0.4585 0.0421
1 0.4556 0.0394
1 0.4526 0.0367
1 0.4496 0.0341
1 0.4464 0.0317
1 0.4432 0.0294
1 0.4398 0.0271
1 0.4364 0.0251
1 0.4329 0.0231
1 0.4294 0.0213
1 0.4257 0.0196
1 0.4221 0.0180
1 0.4183 0.0166
1 0.4145 0.0153
1 0.4107 0.0141
1 0.4069 0.0131
1 0.4029 0.0122
1 0.3990 0.0115
1 0.3951 0.0109
1 0.3911 0.0105
1 0.3871 0.0102
1 0.3831 0.0100
1 -0.3831 0.0100
1 -0.3871 0.0102
1 -0.3911 0.0105
1 -0.3951 0.0109
1 -0.3990 0.0115
1 -0.4029 0.0122
1 -0.4069 0.0131
1 -0.4107 0.0141
1 -0.4145 0.0153
1 -0.4183 0.0166
1 -0.4221 0.0180
1 -0.4257 0.0196
1 -0.4294 0.0213
1 -0.4329 0.0231
1 -0.4364 0.0251
1 -0.4398 0.0271
1 -0.4432 0.0294
1 -0.4464 0.0317
1 -0.4496 0.0341
1 -0.4526 0.0367
1 -0.4556 0.0394
1 -0.4585 0.0421
1 -0.4613 0.0450
1 -0.4639 0.0480
1 -0.4665 0.0511
1 -0.4689 0.0542
1 -0.4713 0.0575
1 -0.4735 0.0608
1 -0.4756 0.0642
1 -0.4775 0.0677
1 -0.4793 0.0713
1 -0.4810 0.0749
1 -0.4826 0.0786
1 -0.4840 0.0823
1 -0.4853 0.0861
1 -0.4865 0.0899
1 -0.4875 0.0938
1 -0.4884 0.0977
1 -0.4891 0.1016
1 -0.4897 0.1056
1 -0.4901 0.1096
1 -0.4904 0.1136
1 -0.4906 0.1176
1 -0.4906 0.8826
112 1255 173
0 -0.4706 0.8822
1 -0.4704 0.8855
1 -0.4702 0.8887
1 -0.4698 0.8920
1 -0.4694 0.8952
1 -0.4688 0.8984
1 -0.4680 0.9016
1 -0.4672 0.9048
1 -0.4663 0.9079
1 -0.4652 0.9110
1 -0.4641 0.9141
1 -0.4628 0.9171
1 -0.4614 0.9200
1 -0.4599 0.9229
1 -0.4583 0.9258
1 -0.4566 0.9286
1 -0.4548 0.9313
1 -0.4529 0.9340
1 -0.4509 0.9366
1 -0.4488 0.9391
1 -0.4466 0.9415
1 -0.4443 0.9439
1 -0.4420 0.9461
1 -0.4396 0.9483
1 -0.4370 0.9504
1 -0.4345 0.9524
1 -0.4318 0.9543
1 -0.4291 0.9561
1 -0.4263 0.9578
1 -0.4234 0.9594
1 -0.4205 0.9609
1 -0.4176 0.9623
1 -0.4146 0.9636
1 -0.4115 0.9648
1 -0.4084 0.9658
1 -0.4053 0.9668
1 -0.4021 0.9676
1 -0.3989 0.9683
1 -0.3957 0.9689
1 -0.3925 0.9694
1 -0.3892 0.9698
1 -0.3860 0.9700
1 -0.3827 0.9701
1 0.3827 0.9701
1 0.3860 0.9700
1 0.3892 0.9698
1 0.3925 0.9694
1 0.3957 0.9689
1 0.3989 0.9683
1 0.4021 0.9676
1 0.4053 0.9668
1 0.4084 0.9658
1 0.4115 0.9648
1 0.4146 0.9636
1 0.4176 0.9623
1 0.4205 0.9609
1 0.4234 0.9594
1 0.4263 0.9578
1 0.4291 0.9561
1 0.4318 0.9543
1 0.4345 0.9524
1 0.4370 0.9504
1 0.4396 0.9483
1 0.4420 0.9461
1 0.4443 0.9439
1 0.4466 0.9415
1 0.4488 0.9391
1 0.4509 0.9366
1 0.4529 0.9340
1 0.4548 0.9313
1 0.4566 0.9286
1 0.4583 0.9258
1 0.4599 0.9229
1 0.4614 0.9200
1 0.4628 0.9171
1 0.4641 0.9141
1 0.4652 0.9110
1 0.4663 0.9079
1 0.4672 0.9048
1 0.4680 0.9016
1 0.4688 0.8984
1 0.4694 0.8952
1 0.4698 0.8920
1 0.4702 0.8887
1 0.4704 0.8855
1 0.4706 0.8822
1 0.4706 0.1179
1 0.4704 0.1147
1 0.4702 0.1114
1 0.4698 0.1082
1 0.4694 0.1049
1 0.4688 0.1017
1 0.4680 0.0985
1 0.4672 0.0954
1 0.4663 0.0922
1 0.4652 0.0891
1 0.4641 0.0861
1 0.4628 0.0831
1 0.4614 0.0801
1 0.4599 0.0772
1 0.4583 0.0744
1 0.4566 0.0716
1 0.4548 0.0688
1 0.4529 0.0662
1 0.4509 0.0636
1 0.4488 0.0611
1 0.4466 0.0586
1 0.4443 0.0563
1 0.4420 0.0540
1 0.4396 0.0518
1 0.4370 0.0497
1 0.4345 0.0477
1 0.4318 0.0458
1 0.4291 0.0440
1 0.4263 0.0423
1 0.4234 0.0407
1 0.4205 0.0392
1 0.4176 0.0378
1 0.4146 0.0365
1 0.4115 0.0354
1 0.4084 0.0343
1 0.4053 0.0334
1 0.4021 0.0325
1 0.3989 0.0318
1 0.3957 0.0312
1 0.3925 0.0307
1 0.3892 0.0304
1 0.3860 0.0301
1 0.3827 0.0300
1 -0.3827 0.0300
1 -0.3860 0.0301
1 -0.3892 0.0304
1 -0.3925 0.0307
1 -0.3957 0.0312
1 -0.3989 0.0318
1 -0.4021 0.0325
1 -0.4053 0.0334
1 -0.4084 0.0343
1 -0.4115 0.0354
1 -0.4146 0.0365
1 -0.4176 0.0378
1 -0.4205 0.0392
1 -0.4234 0.0407
1 -0.4263 0.0423
1 -0.4291 0.0440
1 -0.4318 0.0458
1 -0.4345 0.0477
1 -0.4370 0.0497
1 -0.4396 0.0518
1 -0.4420 0.0540
1 -0.4443 0.0563
1 -0.4466 0.0586
1 -0.4488 0.0611
1 -0.4509 0.0636
1 -0.4529 0.0662
1 -0.4548 0.0688
1 -0.4566 0.0716
1 -0.4583 0.0743
1 -0.4599 0.0772
1 -0.4614 0.0801
1 -0.4628 0.0831
1 -0.4640 0.0861
1 -0.4652 0.0891
1 -0.4663 0.0922
1 -0.4672 0.0954
1 -0.4680 0.0985
1 -0.4688 0.1017
1 -0.4694 0.1049
1 -0.4698 0.1082
1 -0.4702 0.1114
1 -0.4704 0.1147
1 -0.4706 0.1179
1 -0.4706 0.8822
112 1251 173
0 -0.1046 0.4620
1 -0.1155 0.4683
1 -0.1273 0.4722
1 -0.1394 0.4738
1 -0.1489 0.4726
1 -0.1583 0.4699
1 -0.1673 0.4652
1 -0.1759 0.4593
1 -0.1841 0.4519
1 -0.1924 0.4436
1 -0.2081 0.4248
1 -0.2371 0.3848
1 -0.2504 0.3672
1 -0.2571 0.3593
1 -0.2637 0.3530
1 -0.2673 0.3652
1 -0.2700 0.3774
1 -0.2720 0.3899
1 -0.2724 0.4024
1 -0.2720 0.4193
1 -0.2704 0.4350
1 -0.2677 0.4503
1 -0.2641 0.4644
1 -0.2598 0.4777
1 -0.2547 0.4903
1 -0.2484 0.5020
1 -0.2414 0.5130
1 -0.2335 0.5236
1 -0.2249 0.5334
1 -0.2159 0.5428
1 -0.2057 0.5518
1 -0.1841 0.5683
1 -0.1598 0.5836
1 -0.1743 0.5887
1 -0.1877 0.5961
1 -0.1994 0.6055
1 -0.2096 0.6165
1 -0.2183 0.6295
1 -0.2245 0.6432
1 -0.2281 0.6585
1 -0.2296 0.6746
1 -0.2292 0.6840
1 -0.2277 0.6934
1 -0.2253 0.7024
1 -0.2222 0.7110
1 -0.2183 0.7193
1 -0.2136 0.7271
1 -0.2081 0.7345
1 -0.2022 0.7412
1 -0.1955 0.7471
1 -0.1881 0.7526
1 -0.1802 0.7573
1 -0.1720 0.7612
1 -0.1634 0.7643
1 -0.1543 0.7667
1 -0.1449 0.7683
1 -0.1355 0.7687
1 -0.1351 0.7687
1 -0.1344 0.7687
1 -0.1320 0.7687
1 -0.1281 0.7687
1 -0.1226 0.7687
1 -0.1163 0.7687
1 -0.1085 0.7687
1 -0.0998 0.7687
1 -0.0900 0.7687
1 -0.0681 0.7687
1 -0.0434 0.7687
1 -0.0175 0.7687
1 0.0095 0.7687
1 0.0366 0.7687
1 0.0629 0.7687
1 0.0876 0.7687
1 0.1095 0.7687
1 0.1189 0.7687
1 0.1280 0.7687
1 0.1358 0.7687
1 0.1421 0.7687
1 0.1476 0.7687
1 0.1515 0.7687
1 0.1538 0.7687
1 0.1546 0.7687
1 0.1593 0.7679
1 0.1632 0.7663
1 0.1656 0.7636
1 0.1672 0.7600
1 0.1676 0.7561
1 0.1668 0.7522
1 0.1652 0.7487
1 0.1625 0.7451
1 0.1621 0.7447
1 0.1605 0.7436
1 0.1585 0.7416
1 0.1562 0.7389
1 0.1495 0.7326
1 0.1421 0.7251
1 0.1346 0.7177
1 0.1283 0.7114
1 0.1256 0.7091
1 0.1236 0.7071
1 0.1225 0.7055
1 0.1217 0.7051
1 0.1178 0.7008
1 0.1146 0.6969
1 0.1099 0.6887
1 0.1080 0.6804
1 0.1072 0.6714
1 0.1072 0.6706
1 0.1072 0.6683
1 0.1072 0.6644
1 0.1072 0.6593
1 0.1072 0.6467
1 0.1072 0.6326
1 0.1072 0.6181
1 0.1072 0.6055
1 0.1072 0.6005
1 0.1072 0.5965
1 0.1072 0.5942
1 0.1072 0.5934
1 0.1240 0.5867
1 0.1405 0.5793
1 0.1558 0.5714
1 0.1703 0.5628
1 0.1836 0.5534
1 0.1962 0.5436
1 0.2079 0.5326
1 0.2185 0.5213
1 0.2283 0.5091
1 0.2366 0.4965
1 0.2436 0.4828
1 0.2499 0.4683
1 0.2546 0.4530
1 0.2581 0.4370
1 0.2601 0.4201
1 0.2609 0.4024
1 0.2597 0.3840
1 0.2562 0.3664
1 0.2448 0.3821
1 0.2326 0.3993
1 0.2197 0.4170
1 0.2056 0.4342
1 0.1907 0.4499
1 0.1825 0.4566
1 0.1742 0.4624
1 0.1656 0.4671
1 0.1566 0.4707
1 0.1476 0.4730
1 0.1378 0.4738
1 0.1252 0.4722
1 0.1134 0.4683
1 0.1021 0.4620
1 0.0919 0.4534
1 0.0821 0.4436
1 0.0727 0.4326
1 0.0558 0.4091
1 0.0405 0.3852
1 0.0331 0.3742
1 0.0260 0.3644
1 0.0193 0.3562
1 0.0127 0.3499
1 0.0060 0.3456
1 -0.0007 0.3440
1 -0.0065 0.3456
1 -0.0128 0.3499
1 -0.0191 0.3562
1 -0.0261 0.3644
1 -0.0332 0.3742
1 -0.0406 0.3852
1 -0.0567 0.4091
1 -0.0744 0.4326
1 -0.0838 0.4436
1 -0.0940 0.4534
1 -0.1046 0.4620
112 1255 33
0 -0.0955 0.6828
1 -0.0979 0.6902
1 -0.1014 0.6973
1 -0.1065 0.7036
1 -0.1124 0.7083
1 -0.1195 0.7122
1 -0.1273 0.7145
1 -0.1355 0.7153
1 -0.1438 0.7145
1 -0.1512 0.7122
1 -0.1583 0.7083
1 -0.1641 0.7036
1 -0.1692 0.6973
1 -0.1732 0.6902
1 -0.1755 0.6828
1 -0.1763 0.6746
1 -0.1755 0.6663
1 -0.1732 0.6585
1 -0.1692 0.6518
1 -0.1641 0.6455
1 -0.1583 0.6404
1 -0.1512 0.6369
1 -0.1438 0.6346
1 -0.1355 0.6338
1 -0.1273 0.6346
1 -0.1195 0.6369
1 -0.1124 0.6404
1 -0.1065 0.6455
1 -0.1014 0.6518
1 -0.0979 0.6585
1 -0.0955 0.6663
1 -0.0944 0.6746
1 -0.0955 0.6828
112 1251 99
0 0.0895 0.3668
1 0.1017 0.3860
1 0.1076 0.3946
1 0.1138 0.4021
1 0.1201 0.4083
1 0.1264 0.4126
1 0.1330 0.4154
1 0.1397 0.4158
1 0.1452 0.4150
1 0.1511 0.4130
1 0.1562 0.4099
1 0.1613 0.4064
1 0.1715 0.3962
1 0.1809 0.3840
1 0.1903 0.3703
1 0.2095 0.3401
1 0.2193 0.3256
1 0.2299 0.3127
1 0.2193 0.2985
1 0.2075 0.2852
1 0.1950 0.2727
1 0.1813 0.2609
1 0.1668 0.2495
1 0.1522 0.2393
1 0.1370 0.2295
1 0.1217 0.2209
1 0.1064 0.2131
1 0.1044 0.2123
1 0.1040 0.2119
1 0.1028 0.2119
1 0.1013 0.2119
1 0.0981 0.2119
1 0.0903 0.2119
1 0.0793 0.2119
1 0.0660 0.2119
1 0.0507 0.2119
1 0.0338 0.2119
1 0.0158 0.2119
1 -0.0218 0.2119
1 -0.0583 0.2119
1 -0.0748 0.2119
1 -0.0901 0.2119
1 -0.1030 0.2119
1 -0.1136 0.2119
1 -0.1179 0.2119
1 -0.1210 0.2119
1 -0.1238 0.2119
1 -0.1253 0.2119
1 -0.1257 0.2119
1 -0.1289 0.2135
1 -0.1359 0.2170
1 -0.1500 0.2248
1 -0.1638 0.2339
1 -0.1771 0.2433
1 -0.1904 0.2538
1 -0.2030 0.2648
1 -0.2147 0.2766
1 -0.2257 0.2887
1 -0.2359 0.3017
1 -0.2387 0.3052
1 -0.2398 0.3068
1 -0.2402 0.3076
1 -0.2394 0.3083
1 -0.2336 0.3146
1 -0.2222 0.3291
1 -0.2112 0.3444
1 -0.1896 0.3758
1 -0.1791 0.3903
1 -0.1681 0.4021
1 -0.1626 0.4072
1 -0.1571 0.4111
1 -0.1516 0.4142
1 -0.1461 0.4162
1 -0.1402 0.4170
1 -0.1332 0.4162
1 -0.1265 0.4134
1 -0.1199 0.4087
1 -0.1136 0.4021
1 -0.1073 0.3946
1 -0.1014 0.3856
1 -0.0952 0.3762
1 -0.0830 0.3554
1 -0.0693 0.3342
1 -0.0622 0.3244
1 -0.0544 0.3150
1 -0.0461 0.3068
1 -0.0371 0.2997
1 -0.0273 0.2938
1 -0.0171 0.2899
1 -0.0058 0.2880
1 0.0064 0.2880
1 0.0174 0.2903
1 0.0280 0.2946
1 0.0374 0.3005
1 0.0464 0.3076
1 0.0546 0.3162
1 0.0625 0.3256
1 0.0766 0.3456
1 0.0895 0.3668
