IT-3514
3514 1120 1 1 0 0 0 0 0 0 1 1
1.0000
112 1255 174
 0 -0.5006 0.8828
 1 -0.5004 0.8871
 1 -0.5001 0.8915
 1 -0.4996 0.8958
 1 -0.4990 0.9001
 1 -0.4982 0.9044
 1 -0.4972 0.9087
 1 -0.4961 0.9129
 1 -0.4948 0.9171
 1 -0.4934 0.9212
 1 -0.4919 0.9253
 1 -0.4902 0.9293
 1 -0.4883 0.9333
 1 -0.4863 0.9371
 1 -0.4842 0.9409
 1 -0.4819 0.9447
 1 -0.4795 0.9483
 1 -0.4770 0.9519
 1 -0.4743 0.9553
 1 -0.4715 0.9587
 1 -0.4686 0.9619
 1 -0.4656 0.9651
 1 -0.4624 0.9681
 1 -0.4592 0.9710
 1 -0.4558 0.9738
 1 -0.4524 0.9765
 1 -0.4488 0.9790
 1 -0.4452 0.9814
 1 -0.4415 0.9837
 1 -0.4377 0.9858
 1 -0.4338 0.9878
 1 -0.4298 0.9897
 1 -0.4258 0.9914
 1 -0.4217 0.9930
 1 -0.4176 0.9944
 1 -0.4134 0.9957
 1 -0.4092 0.9968
 1 -0.4050 0.9977
 1 -0.4007 0.9985
 1 -0.3964 0.9992
 1 -0.3920 0.9996
 1 -0.3877 1.0000
 1 -0.3833 1.0001
 1 0.3833 1.0001
 1 0.3877 1.0000
 1 0.3920 0.9996
 1 0.3964 0.9992
 1 0.4007 0.9985
 1 0.4050 0.9977
 1 0.4092 0.9968
 1 0.4134 0.9957
 1 0.4176 0.9944
 1 0.4217 0.9930
 1 0.4258 0.9914
 1 0.4298 0.9897
 1 0.4338 0.9878
 1 0.4377 0.9858
 1 0.4415 0.9837
 1 0.4452 0.9814
 1 0.4488 0.9790
 1 0.4524 0.9765
 1 0.4558 0.9738
 1 0.4592 0.9710
 1 0.4624 0.9681
 1 0.4656 0.9651
 1 0.4686 0.9619
 1 0.4715 0.9587
 1 0.4743 0.9553
 1 0.4770 0.9519
 1 0.4795 0.9483
 1 0.4819 0.9447
 1 0.4842 0.9409
 1 0.4863 0.9371
 1 0.4883 0.9333
 1 0.4902 0.9293
 1 0.4919 0.9253
 1 0.4934 0.9212
 1 0.4948 0.9171
 1 0.4961 0.9129
 1 0.4972 0.9087
 1 0.4982 0.9044
 1 0.4990 0.9001
 1 0.4996 0.8958
 1 0.5001 0.8915
 1 0.5004 0.8871
 1 0.5006 0.8828
 1 0.5006 0.1174
 1 0.5004 0.1130
 1 0.5001 0.1087
 1 0.4996 0.1043
 1 0.4990 0.1000
 1 0.4982 0.0957
 1 0.4972 0.0915
 1 0.4961 0.0872
 1 0.4948 0.0831
 1 0.4934 0.0789
 1 0.4919 0.0748
 1 0.4902 0.0708
 1 0.4883 0.0669
 1 0.4863 0.0630
 1 0.4842 0.0592
 1 0.4819 0.0555
 1 0.4795 0.0518
 1 0.4770 0.0483
 1 0.4743 0.0448
 1 0.4715 0.0415
 1 0.4686 0.0382
 1 0.4656 0.0351
 1 0.4624 0.0320
 1 0.4592 0.0291
 1 0.4558 0.0263
 1 0.4524 0.0237
 1 0.4488 0.0211
 1 0.4452 0.0187
 1 0.4415 0.0164
 1 0.4377 0.0143
 1 0.4338 0.0123
 1 0.4298 0.0104
 1 0.4258 0.0087
 1 0.4217 0.0072
 1 0.4176 0.0057
 1 0.4134 0.0045
 1 0.4092 0.0034
 1 0.4050 0.0024
 1 0.4007 0.0016
 1 0.3964 0.0010
 1 0.3920 0.0005
 1 0.3877 0.0002
 1 0.3833 0.0000
 1 -0.3833 0.0000
 1 -0.3833 0.0000
 1 -0.3877 0.0002
 1 -0.3920 0.0005
 1 -0.3964 0.0010
 1 -0.4007 0.0016
 1 -0.4050 0.0024
 1 -0.4092 0.0034
 1 -0.4134 0.0045
 1 -0.4176 0.0057
 1 -0.4217 0.0072
 1 -0.4258 0.0087
 1 -0.4298 0.0104
 1 -0.4338 0.0123
 1 -0.4377 0.0143
 1 -0.4415 0.0164
 1 -0.4452 0.0187
 1 -0.4488 0.0211
 1 -0.4524 0.0237
 1 -0.4558 0.0263
 1 -0.4592 0.0291
 1 -0.4624 0.0320
 1 -0.4656 0.0351
 1 -0.4686 0.0382
 1 -0.4715 0.0415
 1 -0.4743 0.0448
 1 -0.4770 0.0483
 1 -0.4795 0.0518
 1 -0.4819 0.0555
 1 -0.4842 0.0592
 1 -0.4863 0.0630
 1 -0.4883 0.0669
 1 -0.4902 0.0708
 1 -0.4919 0.0748
 1 -0.4934 0.0789
 1 -0.4948 0.0831
 1 -0.4961 0.0872
 1 -0.4972 0.0915
 1 -0.4982 0.0957
 1 -0.4990 0.1000
 1 -0.4996 0.1043
 1 -0.5001 0.1087
 1 -0.5004 0.1130
 1 -0.5006 0.1174
 1 -0.5006 0.8828
112 1251 173
 0 -0.4906 0.8826
 1 -0.4904 0.8866
 1 -0.4901 0.8906
 1 -0.4897 0.8945
 1 -0.4891 0.8985
 1 -0.4884 0.9024
 1 -0.4875 0.9063
 1 -0.4865 0.9102
 1 -0.4853 0.9140
 1 -0.4840 0.9178
 1 -0.4826 0.9215
 1 -0.4810 0.9252
 1 -0.4793 0.9288
 1 -0.4775 0.9324
 1 -0.4756 0.9359
 1 -0.4735 0.9393
 1 -0.4713 0.9426
 1 -0.4689 0.9459
 1 -0.4665 0.9491
 1 -0.4639 0.9521
 1 -0.4613 0.9551
 1 -0.4585 0.9580
 1 -0.4556 0.9608
 1 -0.4526 0.9634
 1 -0.4496 0.9660
 1 -0.4464 0.9685
 1 -0.4431 0.9708
 1 -0.4398 0.9730
 1 -0.4364 0.9751
 1 -0.4329 0.9770
 1 -0.4294 0.9789
 1 -0.4257 0.9806
 1 -0.4221 0.9821
 1 -0.4183 0.9836
 1 -0.4145 0.9849
 1 -0.4107 0.9860
 1 -0.4069 0.9870
 1 -0.4029 0.9879
 1 -0.3990 0.9887
 1 -0.3951 0.9892
 1 -0.3911 0.9897
 1 -0.3871 0.9900
 1 -0.3831 0.9901
 1 0.3831 0.9901
 1 0.3871 0.9900
 1 0.3911 0.9897
 1 0.3951 0.9892
 1 0.3990 0.9887
 1 0.4030 0.9879
 1 0.4069 0.9870
 1 0.4107 0.9860
 1 0.4145 0.9849
 1 0.4183 0.9836
 1 0.4221 0.9821
 1 0.4257 0.9806
 1 0.4294 0.9789
 1 0.4329 0.9770
 1 0.4364 0.9751
 1 0.4398 0.9730
 1 0.4432 0.9708
 1 0.4464 0.9685
 1 0.4496 0.9660
 1 0.4526 0.9634
 1 0.4556 0.9608
 1 0.4585 0.9580
 1 0.4613 0.9551
 1 0.4639 0.9521
 1 0.4665 0.9491
 1 0.4689 0.9459
 1 0.4713 0.9426
 1 0.4735 0.9393
 1 0.4756 0.9359
 1 0.4775 0.9324
 1 0.4793 0.9289
 1 0.4810 0.9252
 1 0.4826 0.9215
 1 0.4840 0.9178
 1 0.4853 0.9140
 1 0.4865 0.9102
 1 0.4875 0.9063
 1 0.4884 0.9024
 1 0.4891 0.8985
 1 0.4897 0.8945
 1 0.4901 0.8906
 1 0.4904 0.8866
 1 0.4906 0.8826
 1 0.4906 0.1176
 1 0.4904 0.1136
 1 0.4901 0.1096
 1 0.4897 0.1056
 1 0.4891 0.1016
 1 0.4884 0.0977
 1 0.4875 0.0938
 1 0.4865 0.0899
 1 0.4853 0.0861
 1 0.4840 0.0823
 1 0.4826 0.0786
 1 0.4810 0.0749
 1 0.4793 0.0713
 1 0.4775 0.0677
 1 0.4756 0.0642
 1 0.4735 0.0608
 1 0.4713 0.0575
 1 0.4689 0.0542
 1 0.4665 0.0511
 1 0.4639 0.0480
 1 0.4613 0.0450
 1 0.4585 0.0421
 1 0.4556 0.0394
 1 0.4526 0.0367
 1 0.4496 0.0341
 1 0.4464 0.0317
 1 0.4432 0.0294
 1 0.4398 0.0271
 1 0.4364 0.0251
 1 0.4329 0.0231
 1 0.4294 0.0213
 1 0.4257 0.0196
 1 0.4221 0.0180
 1 0.4183 0.0166
 1 0.4145 0.0153
 1 0.4107 0.0141
 1 0.4069 0.0131
 1 0.4029 0.0122
 1 0.3990 0.0115
 1 0.3951 0.0109
 1 0.3911 0.0105
 1 0.3871 0.0102
 1 0.3831 0.0100
 1 -0.3831 0.0100
 1 -0.3871 0.0102
 1 -0.3911 0.0105
 1 -0.3951 0.0109
 1 -0.3990 0.0115
 1 -0.4029 0.0122
 1 -0.4069 0.0131
 1 -0.4107 0.0141
 1 -0.4145 0.0153
 1 -0.4183 0.0166
 1 -0.4221 0.0180
 1 -0.4257 0.0196
 1 -0.4294 0.0213
 1 -0.4329 0.0231
 1 -0.4364 0.0251
 1 -0.4398 0.0271
 1 -0.4432 0.0294
 1 -0.4464 0.0317
 1 -0.4496 0.0341
 1 -0.4526 0.0367
 1 -0.4556 0.0394
 1 -0.4585 0.0421
 1 -0.4613 0.0450
 1 -0.4639 0.0480
 1 -0.4665 0.0511
 1 -0.4689 0.0542
 1 -0.4713 0.0575
 1 -0.4735 0.0608
 1 -0.4756 0.0642
 1 -0.4775 0.0677
 1 -0.4793 0.0713
 1 -0.4810 0.0749
 1 -0.4826 0.0786
 1 -0.4840 0.0823
 1 -0.4853 0.0861
 1 -0.4865 0.0899
 1 -0.4875 0.0938
 1 -0.4884 0.0977
 1 -0.4891 0.1016
 1 -0.4897 0.1056
 1 -0.4901 0.1096
 1 -0.4904 0.1136
 1 -0.4906 0.1176
 1 -0.4906 0.8826
112 1255 173
 0 -0.4706 0.8822
 1 -0.4704 0.8855
 1 -0.4702 0.8887
 1 -0.4698 0.8920
 1 -0.4694 0.8952
 1 -0.4688 0.8984
 1 -0.4680 0.9016
 1 -0.4672 0.9048
 1 -0.4663 0.9079
 1 -0.4652 0.9110
 1 -0.4641 0.9141
 1 -0.4628 0.9171
 1 -0.4614 0.9200
 1 -0.4599 0.9229
 1 -0.4583 0.9258
 1 -0.4566 0.9286
 1 -0.4548 0.9313
 1 -0.4529 0.9340
 1 -0.4509 0.9366
 1 -0.4488 0.9391
 1 -0.4466 0.9415
 1 -0.4443 0.9439
 1 -0.4420 0.9461
 1 -0.4396 0.9483
 1 -0.4370 0.9504
 1 -0.4345 0.9524
 1 -0.4318 0.9543
 1 -0.4291 0.9561
 1 -0.4263 0.9578
 1 -0.4234 0.9594
 1 -0.4205 0.9609
 1 -0.4176 0.9623
 1 -0.4146 0.9636
 1 -0.4115 0.9648
 1 -0.4084 0.9658
 1 -0.4053 0.9668
 1 -0.4021 0.9676
 1 -0.3989 0.9683
 1 -0.3957 0.9689
 1 -0.3925 0.9694
 1 -0.3892 0.9698
 1 -0.3860 0.9700
 1 -0.3827 0.9701
 1 0.3827 0.9701
 1 0.3860 0.9700
 1 0.3892 0.9698
 1 0.3925 0.9694
 1 0.3957 0.9689
 1 0.3989 0.9683
 1 0.4021 0.9676
 1 0.4053 0.9668
 1 0.4084 0.9658
 1 0.4115 0.9648
 1 0.4146 0.9636
 1 0.4176 0.9623
 1 0.4205 0.9609
 1 0.4234 0.9594
 1 0.4263 0.9578
 1 0.4291 0.9561
 1 0.4318 0.9543
 1 0.4345 0.9524
 1 0.4370 0.9504
 1 0.4396 0.9483
 1 0.4420 0.9461
 1 0.4443 0.9439
 1 0.4466 0.9415
 1 0.4488 0.9391
 1 0.4509 0.9366
 1 0.4529 0.9340
 1 0.4548 0.9313
 1 0.4566 0.9286
 1 0.4583 0.9258
 1 0.4599 0.9229
 1 0.4614 0.9200
 1 0.4628 0.9171
 1 0.4641 0.9141
 1 0.4652 0.9110
 1 0.4663 0.9079
 1 0.4672 0.9048
 1 0.4680 0.9016
 1 0.4688 0.8984
 1 0.4694 0.8952
 1 0.4698 0.8920
 1 0.4702 0.8887
 1 0.4704 0.8855
 1 0.4706 0.8822
 1 0.4706 0.1179
 1 0.4704 0.1147
 1 0.4702 0.1114
 1 0.4698 0.1082
 1 0.4694 0.1049
 1 0.4688 0.1017
 1 0.4680 0.0985
 1 0.4672 0.0954
 1 0.4663 0.0922
 1 0.4652 0.0891
 1 0.4641 0.0861
 1 0.4628 0.0831
 1 0.4614 0.0801
 1 0.4599 0.0772
 1 0.4583 0.0744
 1 0.4566 0.0716
 1 0.4548 0.0688
 1 0.4529 0.0662
 1 0.4509 0.0636
 1 0.4488 0.0611
 1 0.4466 0.0586
 1 0.4443 0.0563
 1 0.4420 0.0540
 1 0.4396 0.0518
 1 0.4370 0.0497
 1 0.4345 0.0477
 1 0.4318 0.0458
 1 0.4291 0.0440
 1 0.4263 0.0423
 1 0.4234 0.0407
 1 0.4205 0.0392
 1 0.4176 0.0378
 1 0.4146 0.0365
 1 0.4115 0.0354
 1 0.4084 0.0343
 1 0.4053 0.0334
 1 0.4021 0.0325
 1 0.3989 0.0318
 1 0.3957 0.0312
 1 0.3925 0.0307
 1 0.3892 0.0304
 1 0.3860 0.0301
 1 0.3827 0.0300
 1 -0.3827 0.0300
 1 -0.3860 0.0301
 1 -0.3892 0.0304
 1 -0.3925 0.0307
 1 -0.3957 0.0312
 1 -0.3989 0.0318
 1 -0.4021 0.0325
 1 -0.4053 0.0334
 1 -0.4084 0.0343
 1 -0.4115 0.0354
 1 -0.4146 0.0365
 1 -0.4176 0.0378
 1 -0.4205 0.0392
 1 -0.4234 0.0407
 1 -0.4263 0.0423
 1 -0.4291 0.0440
 1 -0.4318 0.0458
 1 -0.4345 0.0477
 1 -0.4370 0.0497
 1 -0.4396 0.0518
 1 -0.4420 0.0540
 1 -0.4443 0.0563
 1 -0.4466 0.0586
 1 -0.4488 0.0611
 1 -0.4509 0.0636
 1 -0.4529 0.0662
 1 -0.4548 0.0688
 1 -0.4566 0.0716
 1 -0.4583 0.0743
 1 -0.4599 0.0772
 1 -0.4614 0.0801
 1 -0.4628 0.0831
 1 -0.4640 0.0861
 1 -0.4652 0.0891
 1 -0.4663 0.0922
 1 -0.4672 0.0954
 1 -0.4680 0.0985
 1 -0.4688 0.1017
 1 -0.4694 0.1049
 1 -0.4698 0.1082
 1 -0.4702 0.1114
 1 -0.4704 0.1147
 1 -0.4706 0.1179
 1 -0.4706 0.8822
112 1251 7
 0 0.1677 0.5824
 1 0.1684 0.1615
 1 0.2524 0.1616
 1 0.2517 0.5825
 1 0.2152 0.6942
 1 0.2040 0.6941
 1 0.1677 0.5824
112 1251 130
 0 -0.0264 0.7533
 1 -0.0265 0.7572
 1 -0.0268 0.7612
 1 -0.0273 0.7650
 1 -0.0280 0.7688
 1 -0.0288 0.7726
 1 -0.0299 0.7763
 1 -0.0311 0.7799
 1 -0.0325 0.7834
 1 -0.0340 0.7868
 1 -0.0357 0.7902
 1 -0.0376 0.7934
 1 -0.0396 0.7965
 1 -0.0417 0.7996
 1 -0.0440 0.8025
 1 -0.0465 0.8053
 1 -0.0490 0.8080
 1 -0.0517 0.8106
 1 -0.0545 0.8131
 1 -0.0574 0.8154
 1 -0.0604 0.8175
 1 -0.0635 0.8196
 1 -0.0668 0.8215
 1 -0.0701 0.8232
 1 -0.0735 0.8248
 1 -0.0770 0.8262
 1 -0.0806 0.8274
 1 -0.0842 0.8285
 1 -0.0879 0.8294
 1 -0.0917 0.8301
 1 -0.0956 0.8306
 1 -0.0995 0.8310
 1 -0.1035 0.8311
 1 -0.1075 0.8311
 1 -0.1114 0.8308
 1 -0.1153 0.8304
 1 -0.1191 0.8297
 1 -0.1229 0.8289
 1 -0.1266 0.8279
 1 -0.1302 0.8267
 1 -0.1337 0.8254
 1 -0.1372 0.8239
 1 -0.1406 0.8222
 1 -0.1438 0.8204
 1 -0.1470 0.8184
 1 -0.1501 0.8163
 1 -0.1530 0.8141
 1 -0.1559 0.8117
 1 -0.1586 0.8092
 1 -0.1612 0.8065
 1 -0.1637 0.8038
 1 -0.1660 0.8009
 1 -0.1682 0.7979
 1 -0.1703 0.7948
 1 -0.1722 0.7916
 1 -0.1740 0.7883
 1 -0.1756 0.7849
 1 -0.1771 0.7814
 1 -0.1784 0.7778
 1 -0.1795 0.7742
 1 -0.1804 0.7705
 1 -0.1812 0.7667
 1 -0.1818 0.7629
 1 -0.1822 0.7590
 1 -0.1823 0.7550
 1 -0.1823 0.7510
 1 -0.1821 0.7471
 1 -0.1817 0.7432
 1 -0.1811 0.7393
 1 -0.1804 0.7355
 1 -0.1794 0.7318
 1 -0.1783 0.7282
 1 -0.1770 0.7247
 1 -0.1755 0.7212
 1 -0.1739 0.7178
 1 -0.1721 0.7145
 1 -0.1702 0.7113
 1 -0.1681 0.7082
 1 -0.1659 0.7052
 1 -0.1635 0.7024
 1 -0.1610 0.6996
 1 -0.1584 0.6970
 1 -0.1557 0.6945
 1 -0.1528 0.6921
 1 -0.1499 0.6898
 1 -0.1468 0.6877
 1 -0.1436 0.6858
 1 -0.1403 0.6840
 1 -0.1370 0.6823
 1 -0.1335 0.6808
 1 -0.1300 0.6795
 1 -0.1263 0.6783
 1 -0.1226 0.6774
 1 -0.1189 0.6765
 1 -0.1151 0.6759
 1 -0.1112 0.6755
 1 -0.1072 0.6752
 1 -0.1032 0.6752
 1 -0.0993 0.6754
 1 -0.0954 0.6757
 1 -0.0915 0.6763
 1 -0.0877 0.6770
 1 -0.0840 0.6779
 1 -0.0803 0.6790
 1 -0.0768 0.6802
 1 -0.0733 0.6816
 1 -0.0699 0.6832
 1 -0.0665 0.6850
 1 -0.0633 0.6869
 1 -0.0602 0.6889
 1 -0.0572 0.6911
 1 -0.0543 0.6934
 1 -0.0515 0.6959
 1 -0.0488 0.6984
 1 -0.0463 0.7012
 1 -0.0439 0.7040
 1 -0.0416 0.7069
 1 -0.0395 0.7100
 1 -0.0375 0.7131
 1 -0.0356 0.7164
 1 -0.0339 0.7197
 1 -0.0324 0.7231
 1 -0.0310 0.7267
 1 -0.0298 0.7302
 1 -0.0288 0.7339
 1 -0.0279 0.7377
 1 -0.0273 0.7415
 1 -0.0268 0.7453
 1 -0.0265 0.7493
 1 -0.0264 0.7533
112 1251 7
 0 0.0206 0.8081
 1 0.0206 0.7528
 1 0.0795 0.7529
 1 0.0911 0.7325
 1 0.4030 0.7180
 1 0.4028 0.8304
 1 0.0206 0.8081
112 1251 430
 0 -0.1718 0.3020
 1 -0.1723 0.3021
 1 -0.1736 0.3024
 1 -0.1757 0.3028
 1 -0.1785 0.3033
 1 -0.1820 0.3040
 1 -0.1861 0.3048
 1 -0.1908 0.3057
 1 -0.1960 0.3066
 1 -0.2016 0.3077
 1 -0.2075 0.3089
 1 -0.2138 0.3101
 1 -0.2204 0.3113
 1 -0.2272 0.3126
 1 -0.2340 0.3139
 1 -0.2410 0.3153
 1 -0.2480 0.3166
 1 -0.2550 0.3179
 1 -0.2618 0.3193
 1 -0.2685 0.3205
 1 -0.2750 0.3218
 1 -0.2812 0.3230
 1 -0.2870 0.3241
 1 -0.2925 0.3251
 1 -0.2975 0.3261
 1 -0.3020 0.3269
 1 -0.3059 0.3277
 1 -0.3091 0.3283
 1 -0.3117 0.3288
 1 -0.3135 0.3291
 1 -0.3145 0.3293
 1 -0.3147 0.3295
 1 -0.3141 0.3310
 1 -0.3130 0.3341
 1 -0.3113 0.3387
 1 -0.3091 0.3447
 1 -0.3065 0.3520
 1 -0.3034 0.3604
 1 -0.3000 0.3699
 1 -0.2962 0.3803
 1 -0.2921 0.3916
 1 -0.2878 0.4035
 1 -0.2833 0.4160
 1 -0.2786 0.4289
 1 -0.2737 0.4422
 1 -0.2688 0.4558
 1 -0.2639 0.4694
 1 -0.2589 0.4831
 1 -0.2540 0.4966
 1 -0.2492 0.5099
 1 -0.2445 0.5228
 1 -0.2400 0.5353
 1 -0.2357 0.5471
 1 -0.2316 0.5583
 1 -0.2278 0.5687
 1 -0.2244 0.5781
 1 -0.2214 0.5864
 1 -0.2188 0.5936
 1 -0.2166 0.5995
 1 -0.2150 0.6041
 1 -0.2139 0.6071
 1 -0.2134 0.6084
 1 -0.2121 0.6117
 1 -0.2102 0.6159
 1 -0.2079 0.6199
 1 -0.2055 0.6236
 1 -0.2028 0.6271
 1 -0.1999 0.6303
 1 -0.1969 0.6332
 1 -0.1936 0.6358
 1 -0.1901 0.6382
 1 -0.1866 0.6402
 1 -0.1828 0.6420
 1 -0.1789 0.6435
 1 -0.1749 0.6447
 1 -0.1708 0.6456
 1 -0.1666 0.6462
 1 -0.1623 0.6465
 1 -0.1579 0.6465
 1 -0.1534 0.6461
 1 -0.1489 0.6454
 1 -0.1444 0.6445
 1 -0.1399 0.6432
 1 -0.1353 0.6415
 1 -0.1307 0.6395
 1 -0.1261 0.6372
 1 -0.1216 0.6346
 1 -0.1171 0.6316
 1 -0.1126 0.6282
 1 -0.1082 0.6245
 1 -0.1039 0.6205
 1 -0.0997 0.6161
 1 -0.0958 0.6116
 1 -0.0955 0.6113
 1 -0.0947 0.6102
 1 -0.0933 0.6086
 1 -0.0915 0.6064
 1 -0.0893 0.6038
 1 -0.0867 0.6006
 1 -0.0837 0.5971
 1 -0.0804 0.5931
 1 -0.0769 0.5889
 1 -0.0731 0.5843
 1 -0.0692 0.5796
 1 -0.0650 0.5746
 1 -0.0608 0.5695
 1 -0.0565 0.5643
 1 -0.0521 0.5590
 1 -0.0477 0.5537
 1 -0.0433 0.5485
 1 -0.0390 0.5433
 1 -0.0348 0.5383
 1 -0.0308 0.5334
 1 -0.0269 0.5287
 1 -0.0233 0.5243
 1 -0.0199 0.5202
 1 -0.0167 0.5165
 1 -0.0140 0.5131
 1 -0.0115 0.5102
 1 -0.0095 0.5078
 1 -0.0079 0.5059
 1 -0.0068 0.5045
 1 -0.0062 0.5038
 1 -0.0061 0.5038
 1 -0.0055 0.5049
 1 -0.0044 0.5071
 1 -0.0028 0.5102
 1 -0.0008 0.5143
 1 0.0018 0.5193
 1 0.0047 0.5250
 1 0.0079 0.5314
 1 0.0115 0.5385
 1 0.0153 0.5461
 1 0.0194 0.5541
 1 0.0237 0.5625
 1 0.0281 0.5712
 1 0.0327 0.5802
 1 0.0373 0.5893
 1 0.0419 0.5985
 1 0.0466 0.6076
 1 0.0512 0.6167
 1 0.0557 0.6256
 1 0.0601 0.6343
 1 0.0644 0.6426
 1 0.0684 0.6506
 1 0.0722 0.6581
 1 0.0757 0.6650
 1 0.0789 0.6712
 1 0.0817 0.6768
 1 0.0841 0.6816
 1 0.0861 0.6855
 1 0.0876 0.6885
 1 0.0886 0.6904
 1 0.0890 0.6912
 1 0.0891 0.6912
 1 0.0895 0.6910
 1 0.0901 0.6907
 1 0.0910 0.6902
 1 0.0921 0.6896
 1 0.0934 0.6889
 1 0.0949 0.6881
 1 0.0965 0.6873
 1 0.0983 0.6863
 1 0.1002 0.6853
 1 0.1023 0.6842
 1 0.1044 0.6830
 1 0.1066 0.6819
 1 0.1088 0.6807
 1 0.1111 0.6795
 1 0.1134 0.6782
 1 0.1156 0.6770
 1 0.1179 0.6758
 1 0.1201 0.6746
 1 0.1222 0.6735
 1 0.1242 0.6724
 1 0.1262 0.6714
 1 0.1280 0.6704
 1 0.1297 0.6695
 1 0.1312 0.6687
 1 0.1325 0.6680
 1 0.1336 0.6674
 1 0.1345 0.6669
 1 0.1351 0.6666
 1 0.1355 0.6664
 1 0.1358 0.6662
 1 0.1372 0.6654
 1 0.1385 0.6647
 1 0.1398 0.6638
 1 0.1410 0.6630
 1 0.1421 0.6622
 1 0.1431 0.6613
 1 0.1441 0.6604
 1 0.1450 0.6595
 1 0.1458 0.6585
 1 0.1466 0.6575
 1 0.1473 0.6565
 1 0.1480 0.6555
 1 0.1485 0.6545
 1 0.1490 0.6534
 1 0.1494 0.6523
 1 0.1498 0.6511
 1 0.1500 0.6500
 1 0.1503 0.6487
 1 0.1504 0.6475
 1 0.1504 0.6462
 1 0.1504 0.6449
 1 0.1503 0.6436
 1 0.1502 0.6422
 1 0.1499 0.6407
 1 0.1496 0.6393
 1 0.1492 0.6378
 1 0.1488 0.6362
 1 0.1482 0.6346
 1 0.1476 0.6330
 1 0.1469 0.6313
 1 0.1465 0.6303
 1 0.1459 0.6291
 1 0.1449 0.6268
 1 0.1434 0.6235
 1 0.1415 0.6192
 1 0.1392 0.6140
 1 0.1365 0.6081
 1 0.1335 0.6014
 1 0.1303 0.5941
 1 0.1268 0.5862
 1 0.1230 0.5779
 1 0.1191 0.5692
 1 0.1151 0.5602
 1 0.1110 0.5510
 1 0.1068 0.5416
 1 0.1026 0.5321
 1 0.0983 0.5227
 1 0.0942 0.5134
 1 0.0901 0.5042
 1 0.0861 0.4953
 1 0.0822 0.4867
 1 0.0786 0.4786
 1 0.0752 0.4709
 1 0.0720 0.4638
 1 0.0691 0.4574
 1 0.0666 0.4517
 1 0.0644 0.4469
 1 0.0626 0.4429
 1 0.0613 0.4399
 1 0.0605 0.4380
 1 0.0601 0.4372
 1 0.0583 0.4333
 1 0.0560 0.4290
 1 0.0536 0.4250
 1 0.0512 0.4213
 1 0.0486 0.4178
 1 0.0459 0.4146
 1 0.0431 0.4117
 1 0.0403 0.4091
 1 0.0373 0.4067
 1 0.0343 0.4046
 1 0.0312 0.4028
 1 0.0280 0.4013
 1 0.0248 0.4000
 1 0.0215 0.3989
 1 0.0181 0.3982
 1 0.0147 0.3977
 1 0.0113 0.3974
 1 0.0078 0.3974
 1 0.0042 0.3977
 1 0.0007 0.3982
 1 -0.0029 0.3990
 1 -0.0065 0.4000
 1 -0.0102 0.4013
 1 -0.0138 0.4028
 1 -0.0175 0.4046
 1 -0.0211 0.4066
 1 -0.0248 0.4089
 1 -0.0284 0.4114
 1 -0.0321 0.4141
 1 -0.0357 0.4171
 1 -0.0385 0.4196
 1 -0.0387 0.4198
 1 -0.0392 0.4203
 1 -0.0400 0.4210
 1 -0.0410 0.4219
 1 -0.0422 0.4230
 1 -0.0436 0.4243
 1 -0.0452 0.4257
 1 -0.0470 0.4274
 1 -0.0489 0.4291
 1 -0.0509 0.4309
 1 -0.0531 0.4329
 1 -0.0553 0.4349
 1 -0.0575 0.4370
 1 -0.0599 0.4391
 1 -0.0622 0.4412
 1 -0.0645 0.4434
 1 -0.0669 0.4455
 1 -0.0691 0.4476
 1 -0.0714 0.4496
 1 -0.0735 0.4516
 1 -0.0756 0.4534
 1 -0.0775 0.4552
 1 -0.0793 0.4568
 1 -0.0809 0.4583
 1 -0.0824 0.4597
 1 -0.0837 0.4608
 1 -0.0847 0.4618
 1 -0.0855 0.4625
 1 -0.0861 0.4630
 1 -0.0864 0.4633
 1 -0.0864 0.4634
 1 -0.0868 0.4637
 1 -0.0876 0.4644
 1 -0.0886 0.4654
 1 -0.0900 0.4666
 1 -0.0916 0.4681
 1 -0.0935 0.4698
 1 -0.0956 0.4718
 1 -0.0979 0.4739
 1 -0.1003 0.4761
 1 -0.1029 0.4785
 1 -0.1057 0.4810
 1 -0.1085 0.4836
 1 -0.1114 0.4862
 1 -0.1143 0.4889
 1 -0.1172 0.4916
 1 -0.1202 0.4943
 1 -0.1231 0.4970
 1 -0.1259 0.4996
 1 -0.1287 0.5021
 1 -0.1314 0.5046
 1 -0.1339 0.5069
 1 -0.1363 0.5091
 1 -0.1385 0.5111
 1 -0.1404 0.5129
 1 -0.1422 0.5145
 1 -0.1437 0.5159
 1 -0.1449 0.5170
 1 -0.1458 0.5178
 1 -0.1464 0.5183
 1 -0.1466 0.5185
 1 -0.1466 0.5185
 1 -0.1467 0.5184
 1 -0.1468 0.5182
 1 -0.1469 0.5180
 1 -0.1471 0.5177
 1 -0.1473 0.5173
 1 -0.1475 0.5169
 1 -0.1477 0.5165
 1 -0.1480 0.5160
 1 -0.1482 0.5155
 1 -0.1485 0.5149
 1 -0.1488 0.5144
 1 -0.1492 0.5138
 1 -0.1495 0.5132
 1 -0.1498 0.5126
 1 -0.1501 0.5120
 1 -0.1505 0.5114
 1 -0.1508 0.5108
 1 -0.1511 0.5102
 1 -0.1514 0.5096
 1 -0.1517 0.5091
 1 -0.1520 0.5086
 1 -0.1522 0.5081
 1 -0.1525 0.5076
 1 -0.1527 0.5072
 1 -0.1528 0.5069
 1 -0.1530 0.5066
 1 -0.1531 0.5064
 1 -0.1532 0.5062
 1 -0.1533 0.5061
 1 -0.1533 0.5061
 1 -0.1531 0.5058
 1 -0.1527 0.5052
 1 -0.1521 0.5043
 1 -0.1513 0.5030
 1 -0.1504 0.5016
 1 -0.1493 0.4998
 1 -0.1480 0.4979
 1 -0.1467 0.4957
 1 -0.1452 0.4934
 1 -0.1436 0.4910
 1 -0.1420 0.4884
 1 -0.1403 0.4857
 1 -0.1385 0.4830
 1 -0.1367 0.4802
 1 -0.1349 0.4774
 1 -0.1331 0.4745
 1 -0.1314 0.4717
 1 -0.1296 0.4690
 1 -0.1279 0.4663
 1 -0.1262 0.4637
 1 -0.1247 0.4613
 1 -0.1232 0.4589
 1 -0.1218 0.4568
 1 -0.1206 0.4548
 1 -0.1195 0.4531
 1 -0.1185 0.4516
 1 -0.1177 0.4503
 1 -0.1171 0.4494
 1 -0.1167 0.4487
 1 -0.1165 0.4484
 1 -0.1166 0.4482
 1 -0.1169 0.4472
 1 -0.1176 0.4453
 1 -0.1186 0.4427
 1 -0.1199 0.4393
 1 -0.1214 0.4353
 1 -0.1232 0.4308
 1 -0.1251 0.4256
 1 -0.1272 0.4200
 1 -0.1295 0.4140
 1 -0.1319 0.4077
 1 -0.1344 0.4011
 1 -0.1370 0.3942
 1 -0.1396 0.3872
 1 -0.1423 0.3801
 1 -0.1450 0.3729
 1 -0.1477 0.3658
 1 -0.1504 0.3587
 1 -0.1530 0.3518
 1 -0.1556 0.3451
 1 -0.1580 0.3386
 1 -0.1603 0.3325
 1 -0.1625 0.3267
 1 -0.1645 0.3215
 1 -0.1663 0.3167
 1 -0.1679 0.3124
 1 -0.1692 0.3089
 1 -0.1703 0.3060
 1 -0.1711 0.3038
 1 -0.1717 0.3025
 1 -0.1718 0.3020
112 1251 5
 0 -0.1748 0.2661
 1 -0.1683 0.1610
 1 -0.3073 0.1608
 1 -0.3194 0.2938
 1 -0.1748 0.2661
4 1 1
 0 -0.5006 0.8828
 1 -0.5004 0.8871
 1 -0.5001 0.8915
 1 -0.4996 0.8958
 1 -0.4990 0.9001
 1 -0.4982 0.9044
 1 -0.4972 0.9087
 1 -0.4961 0.9129
 1 -0.4948 0.9171
 1 -0.4934 0.9212
 1 -0.4919 0.9253
 1 -0.4902 0.9293
 1 -0.4883 0.9333
 1 -0.4863 0.9371
 1 -0.4842 0.9409
 1 -0.4819 0.9447
 1 -0.4795 0.9483
 1 -0.4770 0.9519
 1 -0.4743 0.9553
 1 -0.4715 0.9587
 1 -0.4686 0.9619
 1 -0.4656 0.9651
 1 -0.4624 0.9681
 1 -0.4592 0.9710
 1 -0.4558 0.9738
 1 -0.4524 0.9765
 1 -0.4488 0.9790
 1 -0.4452 0.9814
 1 -0.4415 0.9837
 1 -0.4377 0.9858
 1 -0.4338 0.9878
 1 -0.4298 0.9897
 1 -0.4258 0.9914
 1 -0.4217 0.9930
 1 -0.4176 0.9944
 1 -0.4134 0.9957
 1 -0.4092 0.9968
 1 -0.4050 0.9977
 1 -0.4007 0.9985
 1 -0.3964 0.9992
 1 -0.3920 0.9996
 1 -0.3877 1.0000
 1 -0.3833 1.0001
 1 0.3833 1.0001
 1 0.3877 1.0000
 1 0.3920 0.9996
 1 0.3964 0.9992
 1 0.4007 0.9985
 1 0.4050 0.9977
 1 0.4092 0.9968
 1 0.4134 0.9957
 1 0.4176 0.9944
 1 0.4217 0.9930
 1 0.4258 0.9914
 1 0.4298 0.9897
 1 0.4338 0.9878
 1 0.4377 0.9858
 1 0.4415 0.9837
 1 0.4452 0.9814
 1 0.4488 0.9790
 1 0.4524 0.9765
 1 0.4558 0.9738
 1 0.4592 0.9710
 1 0.4624 0.9681
 1 0.4656 0.9651
 1 0.4686 0.9619
 1 0.4715 0.9587
 1 0.4743 0.9553
 1 0.4770 0.9519
 1 0.4795 0.9483
 1 0.4819 0.9447
 1 0.4842 0.9409
 1 0.4863 0.9371
 1 0.4883 0.9333
 1 0.4902 0.9293
 1 0.4919 0.9253
 1 0.4934 0.9212
 1 0.4948 0.9171
 1 0.4961 0.9129
 1 0.4972 0.9087
 1 0.4982 0.9044
 1 0.4990 0.9001
 1 0.4996 0.8958
 1 0.5001 0.8915
 1 0.5004 0.8871
 1 0.5006 0.8828
 1 0.5006 0.1174
 1 0.5004 0.1130
 1 0.5001 0.1087
 1 0.4996 0.1043
 1 0.4990 0.1000
 1 0.4982 0.0957
 1 0.4972 0.0915
 1 0.4961 0.0872
 1 0.4948 0.0831
 1 0.4934 0.0789
 1 0.4919 0.0748
 1 0.4902 0.0708
 1 0.4883 0.0669
 1 0.4863 0.0630
 1 0.4842 0.0592
 1 0.4819 0.0555
 1 0.4795 0.0518
 1 0.4770 0.0483
 1 0.4743 0.0448
 1 0.4715 0.0415
 1 0.4686 0.0382
 1 0.4656 0.0351
 1 0.4624 0.0320
 1 0.4592 0.0291
 1 0.4558 0.0263
 1 0.4524 0.0237
 1 0.4488 0.0211
 1 0.4452 0.0187
 1 0.4415 0.0164
 1 0.4377 0.0143
 1 0.4338 0.0123
 1 0.4298 0.0104
 1 0.4258 0.0087
 1 0.4217 0.0072
 1 0.4176 0.0057
 1 0.4134 0.0045
 1 0.4092 0.0034
 1 0.4050 0.0024
 1 0.4007 0.0016
 1 0.3964 0.0010
 1 0.3920 0.0005
 1 0.3877 0.0002
 1 0.3833 0.0000
 1 -0.3833 0.0000
 1 -0.3833 0.0000
 1 -0.3877 0.0002
 1 -0.3920 0.0005
 1 -0.3964 0.0010
 1 -0.4007 0.0016
 1 -0.4050 0.0024
 1 -0.4092 0.0034
 1 -0.4134 0.0045
 1 -0.4176 0.0057
 1 -0.4217 0.0072
 1 -0.4258 0.0087
 1 -0.4298 0.0104
 1 -0.4338 0.0123
 1 -0.4377 0.0143
 1 -0.4415 0.0164
 1 -0.4452 0.0187
 1 -0.4488 0.0211
 1 -0.4524 0.0237
 1 -0.4558 0.0263
 1 -0.4592 0.0291
 1 -0.4624 0.0320
 1 -0.4656 0.0351
 1 -0.4686 0.0382
 1 -0.4715 0.0415
 1 -0.4743 0.0448
 1 -0.4770 0.0483
 1 -0.4795 0.0518
 1 -0.4819 0.0555
 1 -0.4842 0.0592
 1 -0.4863 0.0630
 1 -0.4883 0.0669
 1 -0.4902 0.0708
 1 -0.4919 0.0748
 1 -0.4934 0.0789
 1 -0.4948 0.0831
 1 -0.4961 0.0872
 1 -0.4972 0.0915
 1 -0.4982 0.0957
 1 -0.4990 0.1000
 1 -0.4996 0.1043
 1 -0.5001 0.1087
 1 -0.5004 0.1130
 1 -0.5006 0.1174
 1 -0.5006 0.8828
 1 -0.5006 0.8828
4 1 1
 0 -0.4906 0.8826
 1 -0.4904 0.8866
 1 -0.4901 0.8906
 1 -0.4897 0.8945
 1 -0.4891 0.8985
 1 -0.4884 0.9024
 1 -0.4875 0.9063
 1 -0.4865 0.9102
 1 -0.4853 0.9140
 1 -0.4840 0.9178
 1 -0.4826 0.9215
 1 -0.4810 0.9252
 1 -0.4793 0.9288
 1 -0.4775 0.9324
 1 -0.4756 0.9359
 1 -0.4735 0.9393
 1 -0.4713 0.9426
 1 -0.4689 0.9459
 1 -0.4665 0.9491
 1 -0.4639 0.9521
 1 -0.4613 0.9551
 1 -0.4585 0.9580
 1 -0.4556 0.9608
 1 -0.4526 0.9634
 1 -0.4496 0.9660
 1 -0.4464 0.9685
 1 -0.4431 0.9708
 1 -0.4398 0.9730
 1 -0.4364 0.9751
 1 -0.4329 0.9770
 1 -0.4294 0.9789
 1 -0.4257 0.9806
 1 -0.4221 0.9821
 1 -0.4183 0.9836
 1 -0.4145 0.9849
 1 -0.4107 0.9860
 1 -0.4069 0.9870
 1 -0.4029 0.9879
 1 -0.3990 0.9887
 1 -0.3951 0.9892
 1 -0.3911 0.9897
 1 -0.3871 0.9900
 1 -0.3831 0.9901
 1 0.3831 0.9901
 1 0.3871 0.9900
 1 0.3911 0.9897
 1 0.3951 0.9892
 1 0.3990 0.9887
 1 0.4030 0.9879
 1 0.4069 0.9870
 1 0.4107 0.9860
 1 0.4145 0.9849
 1 0.4183 0.9836
 1 0.4221 0.9821
 1 0.4257 0.9806
 1 0.4294 0.9789
 1 0.4329 0.9770
 1 0.4364 0.9751
 1 0.4398 0.9730
 1 0.4432 0.9708
 1 0.4464 0.9685
 1 0.4496 0.9660
 1 0.4526 0.9634
 1 0.4556 0.9608
 1 0.4585 0.9580
 1 0.4613 0.9551
 1 0.4639 0.9521
 1 0.4665 0.9491
 1 0.4689 0.9459
 1 0.4713 0.9426
 1 0.4735 0.9393
 1 0.4756 0.9359
 1 0.4775 0.9324
 1 0.4793 0.9289
 1 0.4810 0.9252
 1 0.4826 0.9215
 1 0.4840 0.9178
 1 0.4853 0.9140
 1 0.4865 0.9102
 1 0.4875 0.9063
 1 0.4884 0.9024
 1 0.4891 0.8985
 1 0.4897 0.8945
 1 0.4901 0.8906
 1 0.4904 0.8866
 1 0.4906 0.8826
 1 0.4906 0.1176
 1 0.4904 0.1136
 1 0.4901 0.1096
 1 0.4897 0.1056
 1 0.4891 0.1016
 1 0.4884 0.0977
 1 0.4875 0.0938
 1 0.4865 0.0899
 1 0.4853 0.0861
 1 0.4840 0.0823
 1 0.4826 0.0786
 1 0.4810 0.0749
 1 0.4793 0.0713
 1 0.4775 0.0677
 1 0.4756 0.0642
 1 0.4735 0.0608
 1 0.4713 0.0575
 1 0.4689 0.0542
 1 0.4665 0.0511
 1 0.4639 0.0480
 1 0.4613 0.0450
 1 0.4585 0.0421
 1 0.4556 0.0394
 1 0.4526 0.0367
 1 0.4496 0.0341
 1 0.4464 0.0317
 1 0.4432 0.0294
 1 0.4398 0.0271
 1 0.4364 0.0251
 1 0.4329 0.0231
 1 0.4294 0.0213
 1 0.4257 0.0196
 1 0.4221 0.0180
 1 0.4183 0.0166
 1 0.4145 0.0153
 1 0.4107 0.0141
 1 0.4069 0.0131
 1 0.4029 0.0122
 1 0.3990 0.0115
 1 0.3951 0.0109
 1 0.3911 0.0105
 1 0.3871 0.0102
 1 0.3831 0.0100
 1 -0.3831 0.0100
 1 -0.3871 0.0102
 1 -0.3911 0.0105
 1 -0.3951 0.0109
 1 -0.3990 0.0115
 1 -0.4029 0.0122
 1 -0.4069 0.0131
 1 -0.4107 0.0141
 1 -0.4145 0.0153
 1 -0.4183 0.0166
 1 -0.4221 0.0180
 1 -0.4257 0.0196
 1 -0.4294 0.0213
 1 -0.4329 0.0231
 1 -0.4364 0.0251
 1 -0.4398 0.0271
 1 -0.4432 0.0294
 1 -0.4464 0.0317
 1 -0.4496 0.0341
 1 -0.4526 0.0367
 1 -0.4556 0.0394
 1 -0.4585 0.0421
 1 -0.4613 0.0450
 1 -0.4639 0.0480
 1 -0.4665 0.0511
 1 -0.4689 0.0542
 1 -0.4713 0.0575
 1 -0.4735 0.0608
 1 -0.4756 0.0642
 1 -0.4775 0.0677
 1 -0.4793 0.0713
 1 -0.4810 0.0749
 1 -0.4826 0.0786
 1 -0.4840 0.0823
 1 -0.4853 0.0861
 1 -0.4865 0.0899
 1 -0.4875 0.0938
 1 -0.4884 0.0977
 1 -0.4891 0.1016
 1 -0.4897 0.1056
 1 -0.4901 0.1096
 1 -0.4904 0.1136
 1 -0.4906 0.1176
 1 -0.4906 0.8826
 1 -0.4906 0.8826
 1 -0.4906 0.8826
4 1 1
 0 -0.4706 0.8822
 1 -0.4704 0.8855
 1 -0.4702 0.8887
 1 -0.4698 0.8920
 1 -0.4694 0.8952
 1 -0.4688 0.8984
 1 -0.4680 0.9016
 1 -0.4672 0.9048
 1 -0.4663 0.9079
 1 -0.4652 0.9110
 1 -0.4641 0.9141
 1 -0.4628 0.9171
 1 -0.4614 0.9200
 1 -0.4599 0.9229
 1 -0.4583 0.9258
 1 -0.4566 0.9286
 1 -0.4548 0.9313
 1 -0.4529 0.9340
 1 -0.4509 0.9366
 1 -0.4488 0.9391
 1 -0.4466 0.9415
 1 -0.4443 0.9439
 1 -0.4420 0.9461
 1 -0.4396 0.9483
 1 -0.4370 0.9504
 1 -0.4345 0.9524
 1 -0.4318 0.9543
 1 -0.4291 0.9561
 1 -0.4263 0.9578
 1 -0.4234 0.9594
 1 -0.4205 0.9609
 1 -0.4176 0.9623
 1 -0.4146 0.9636
 1 -0.4115 0.9648
 1 -0.4084 0.9658
 1 -0.4053 0.9668
 1 -0.4021 0.9676
 1 -0.3989 0.9683
 1 -0.3957 0.9689
 1 -0.3925 0.9694
 1 -0.3892 0.9698
 1 -0.3860 0.9700
 1 -0.3827 0.9701
 1 0.3827 0.9701
 1 0.3860 0.9700
 1 0.3892 0.9698
 1 0.3925 0.9694
 1 0.3957 0.9689
 1 0.3989 0.9683
 1 0.4021 0.9676
 1 0.4053 0.9668
 1 0.4084 0.9658
 1 0.4115 0.9648
 1 0.4146 0.9636
 1 0.4176 0.9623
 1 0.4205 0.9609
 1 0.4234 0.9594
 1 0.4263 0.9578
 1 0.4291 0.9561
 1 0.4318 0.9543
 1 0.4345 0.9524
 1 0.4370 0.9504
 1 0.4396 0.9483
 1 0.4420 0.9461
 1 0.4443 0.9439
 1 0.4466 0.9415
 1 0.4488 0.9391
 1 0.4509 0.9366
 1 0.4529 0.9340
 1 0.4548 0.9313
 1 0.4566 0.9286
 1 0.4583 0.9258
 1 0.4599 0.9229
 1 0.4614 0.9200
 1 0.4628 0.9171
 1 0.4641 0.9141
 1 0.4652 0.9110
 1 0.4663 0.9079
 1 0.4672 0.9048
 1 0.4680 0.9016
 1 0.4688 0.8984
 1 0.4694 0.8952
 1 0.4698 0.8920
 1 0.4702 0.8887
 1 0.4704 0.8855
 1 0.4706 0.8822
 1 0.4706 0.1179
 1 0.4704 0.1147
 1 0.4702 0.1114
 1 0.4698 0.1082
 1 0.4694 0.1049
 1 0.4688 0.1017
 1 0.4680 0.0985
 1 0.4672 0.0954
 1 0.4663 0.0922
 1 0.4652 0.0891
 1 0.4641 0.0861
 1 0.4628 0.0831
 1 0.4614 0.0801
 1 0.4599 0.0772
 1 0.4583 0.0744
 1 0.4566 0.0716
 1 0.4548 0.0688
 1 0.4529 0.0662
 1 0.4509 0.0636
 1 0.4488 0.0611
 1 0.4466 0.0586
 1 0.4443 0.0563
 1 0.4420 0.0540
 1 0.4396 0.0518
 1 0.4370 0.0497
 1 0.4345 0.0477
 1 0.4318 0.0458
 1 0.4291 0.0440
 1 0.4263 0.0423
 1 0.4234 0.0407
 1 0.4205 0.0392
 1 0.4176 0.0378
 1 0.4146 0.0365
 1 0.4115 0.0354
 1 0.4084 0.0343
 1 0.4053 0.0334
 1 0.4021 0.0325
 1 0.3989 0.0318
 1 0.3957 0.0312
 1 0.3925 0.0307
 1 0.3892 0.0304
 1 0.3860 0.0301
 1 0.3827 0.0300
 1 -0.3827 0.0300
 1 -0.3860 0.0301
 1 -0.3892 0.0304
 1 -0.3925 0.0307
 1 -0.3957 0.0312
 1 -0.3989 0.0318
 1 -0.4021 0.0325
 1 -0.4053 0.0334
 1 -0.4084 0.0343
 1 -0.4115 0.0354
 1 -0.4146 0.0365
 1 -0.4176 0.0378
 1 -0.4205 0.0392
 1 -0.4234 0.0407
 1 -0.4263 0.0423
 1 -0.4291 0.0440
 1 -0.4318 0.0458
 1 -0.4345 0.0477
 1 -0.4370 0.0497
 1 -0.4396 0.0518
 1 -0.4420 0.0540
 1 -0.4443 0.0563
 1 -0.4466 0.0586
 1 -0.4488 0.0611
 1 -0.4509 0.0636
 1 -0.4529 0.0662
 1 -0.4548 0.0688
 1 -0.4566 0.0716
 1 -0.4583 0.0743
 1 -0.4599 0.0772
 1 -0.4614 0.0801
 1 -0.4628 0.0831
 1 -0.4640 0.0861
 1 -0.4652 0.0891
 1 -0.4663 0.0922
 1 -0.4672 0.0954
 1 -0.4680 0.0985
 1 -0.4688 0.1017
 1 -0.4694 0.1049
 1 -0.4698 0.1082
 1 -0.4702 0.1114
 1 -0.4704 0.1147
 1 -0.4706 0.1179
 1 -0.4706 0.8822
 1 -0.4706 0.8822
 1 -0.4706 0.8822
4 1 1
 0 0.1677 0.5824
 1 0.1684 0.1615
 1 0.2524 0.1616
 1 0.2517 0.5825
 1 0.2152 0.6942
 1 0.2040 0.6941
 1 0.1677 0.5824
4 1 1
 0 -0.0264 0.7533
 1 -0.0265 0.7572
 1 -0.0268 0.7612
 1 -0.0273 0.7650
 1 -0.0280 0.7688
 1 -0.0288 0.7726
 1 -0.0299 0.7763
 1 -0.0311 0.7799
 1 -0.0325 0.7834
 1 -0.0340 0.7868
 1 -0.0357 0.7902
 1 -0.0376 0.7934
 1 -0.0396 0.7965
 1 -0.0417 0.7996
 1 -0.0440 0.8025
 1 -0.0465 0.8053
 1 -0.0490 0.8080
 1 -0.0517 0.8106
 1 -0.0545 0.8131
 1 -0.0574 0.8154
 1 -0.0604 0.8175
 1 -0.0635 0.8196
 1 -0.0668 0.8215
 1 -0.0701 0.8232
 1 -0.0735 0.8248
 1 -0.0770 0.8262
 1 -0.0806 0.8274
 1 -0.0842 0.8285
 1 -0.0879 0.8294
 1 -0.0917 0.8301
 1 -0.0956 0.8306
 1 -0.0995 0.8310
 1 -0.1035 0.8311
 1 -0.1075 0.8311
 1 -0.1114 0.8308
 1 -0.1153 0.8304
 1 -0.1191 0.8297
 1 -0.1229 0.8289
 1 -0.1266 0.8279
 1 -0.1302 0.8267
 1 -0.1337 0.8254
 1 -0.1372 0.8239
 1 -0.1406 0.8222
 1 -0.1438 0.8204
 1 -0.1470 0.8184
 1 -0.1501 0.8163
 1 -0.1530 0.8141
 1 -0.1559 0.8117
 1 -0.1586 0.8092
 1 -0.1612 0.8065
 1 -0.1637 0.8038
 1 -0.1660 0.8009
 1 -0.1682 0.7979
 1 -0.1703 0.7948
 1 -0.1722 0.7916
 1 -0.1740 0.7883
 1 -0.1756 0.7849
 1 -0.1771 0.7814
 1 -0.1784 0.7778
 1 -0.1795 0.7742
 1 -0.1804 0.7705
 1 -0.1812 0.7667
 1 -0.1818 0.7629
 1 -0.1822 0.7590
 1 -0.1823 0.7550
 1 -0.1823 0.7510
 1 -0.1821 0.7471
 1 -0.1817 0.7432
 1 -0.1811 0.7393
 1 -0.1804 0.7355
 1 -0.1794 0.7318
 1 -0.1783 0.7282
 1 -0.1770 0.7247
 1 -0.1755 0.7212
 1 -0.1739 0.7178
 1 -0.1721 0.7145
 1 -0.1702 0.7113
 1 -0.1681 0.7082
 1 -0.1659 0.7052
 1 -0.1635 0.7024
 1 -0.1610 0.6996
 1 -0.1584 0.6970
 1 -0.1557 0.6945
 1 -0.1528 0.6921
 1 -0.1499 0.6898
 1 -0.1468 0.6877
 1 -0.1436 0.6858
 1 -0.1403 0.6840
 1 -0.1370 0.6823
 1 -0.1335 0.6808
 1 -0.1300 0.6795
 1 -0.1263 0.6783
 1 -0.1226 0.6774
 1 -0.1189 0.6765
 1 -0.1151 0.6759
 1 -0.1112 0.6755
 1 -0.1072 0.6752
 1 -0.1032 0.6752
 1 -0.0993 0.6754
 1 -0.0954 0.6757
 1 -0.0915 0.6763
 1 -0.0877 0.6770
 1 -0.0840 0.6779
 1 -0.0803 0.6790
 1 -0.0768 0.6802
 1 -0.0733 0.6816
 1 -0.0699 0.6832
 1 -0.0665 0.6850
 1 -0.0633 0.6869
 1 -0.0602 0.6889
 1 -0.0572 0.6911
 1 -0.0543 0.6934
 1 -0.0515 0.6959
 1 -0.0488 0.6984
 1 -0.0463 0.7012
 1 -0.0439 0.7040
 1 -0.0416 0.7069
 1 -0.0395 0.7100
 1 -0.0375 0.7131
 1 -0.0356 0.7164
 1 -0.0339 0.7197
 1 -0.0324 0.7231
 1 -0.0310 0.7267
 1 -0.0298 0.7302
 1 -0.0288 0.7339
 1 -0.0279 0.7377
 1 -0.0273 0.7415
 1 -0.0268 0.7453
 1 -0.0265 0.7493
 1 -0.0264 0.7533
4 1 1
 0 0.0206 0.8081
 1 0.0206 0.7528
 1 0.0795 0.7529
 1 0.0911 0.7325
 1 0.4030 0.7180
 1 0.4028 0.8304
 1 0.0206 0.8081
4 1 1
 0 -0.1718 0.3020
 1 -0.1723 0.3021
 1 -0.1736 0.3024
 1 -0.1757 0.3028
 1 -0.1785 0.3033
 1 -0.1820 0.3040
 1 -0.1861 0.3048
 1 -0.1908 0.3057
 1 -0.1960 0.3066
 1 -0.2016 0.3077
 1 -0.2075 0.3089
 1 -0.2138 0.3101
 1 -0.2204 0.3113
 1 -0.2272 0.3126
 1 -0.2340 0.3139
 1 -0.2410 0.3153
 1 -0.2480 0.3166
 1 -0.2550 0.3179
 1 -0.2618 0.3193
 1 -0.2685 0.3205
 1 -0.2750 0.3218
 1 -0.2812 0.3230
 1 -0.2870 0.3241
 1 -0.2925 0.3251
 1 -0.2975 0.3261
 1 -0.3020 0.3269
 1 -0.3059 0.3277
 1 -0.3091 0.3283
 1 -0.3117 0.3288
 1 -0.3135 0.3291
 1 -0.3145 0.3293
 1 -0.3147 0.3295
 1 -0.3141 0.3310
 1 -0.3130 0.3341
 1 -0.3113 0.3387
 1 -0.3091 0.3447
 1 -0.3065 0.3520
 1 -0.3034 0.3604
 1 -0.3000 0.3699
 1 -0.2962 0.3803
 1 -0.2921 0.3916
 1 -0.2878 0.4035
 1 -0.2833 0.4160
 1 -0.2786 0.4289
 1 -0.2737 0.4422
 1 -0.2688 0.4558
 1 -0.2639 0.4694
 1 -0.2589 0.4831
 1 -0.2540 0.4966
 1 -0.2492 0.5099
 1 -0.2445 0.5228
 1 -0.2400 0.5353
 1 -0.2357 0.5471
 1 -0.2316 0.5583
 1 -0.2278 0.5687
 1 -0.2244 0.5781
 1 -0.2214 0.5864
 1 -0.2188 0.5936
 1 -0.2166 0.5995
 1 -0.2150 0.6041
 1 -0.2139 0.6071
 1 -0.2134 0.6084
 1 -0.2121 0.6117
 1 -0.2102 0.6159
 1 -0.2079 0.6199
 1 -0.2055 0.6236
 1 -0.2028 0.6271
 1 -0.1999 0.6303
 1 -0.1969 0.6332
 1 -0.1936 0.6358
 1 -0.1901 0.6382
 1 -0.1866 0.6402
 1 -0.1828 0.6420
 1 -0.1789 0.6435
 1 -0.1749 0.6447
 1 -0.1708 0.6456
 1 -0.1666 0.6462
 1 -0.1623 0.6465
 1 -0.1579 0.6465
 1 -0.1534 0.6461
 1 -0.1489 0.6454
 1 -0.1444 0.6445
 1 -0.1399 0.6432
 1 -0.1353 0.6415
 1 -0.1307 0.6395
 1 -0.1261 0.6372
 1 -0.1216 0.6346
 1 -0.1171 0.6316
 1 -0.1126 0.6282
 1 -0.1082 0.6245
 1 -0.1039 0.6205
 1 -0.0997 0.6161
 1 -0.0958 0.6116
 1 -0.0955 0.6113
 1 -0.0947 0.6102
 1 -0.0933 0.6086
 1 -0.0915 0.6064
 1 -0.0893 0.6038
 1 -0.0867 0.6006
 1 -0.0837 0.5971
 1 -0.0804 0.5931
 1 -0.0769 0.5889
 1 -0.0731 0.5843
 1 -0.0692 0.5796
 1 -0.0650 0.5746
 1 -0.0608 0.5695
 1 -0.0565 0.5643
 1 -0.0521 0.5590
 1 -0.0477 0.5537
 1 -0.0433 0.5485
 1 -0.0390 0.5433
 1 -0.0348 0.5383
 1 -0.0308 0.5334
 1 -0.0269 0.5287
 1 -0.0233 0.5243
 1 -0.0199 0.5202
 1 -0.0167 0.5165
 1 -0.0140 0.5131
 1 -0.0115 0.5102
 1 -0.0095 0.5078
 1 -0.0079 0.5059
 1 -0.0068 0.5045
 1 -0.0062 0.5038
 1 -0.0061 0.5038
 1 -0.0055 0.5049
 1 -0.0044 0.5071
 1 -0.0028 0.5102
 1 -0.0008 0.5143
 1 0.0018 0.5193
 1 0.0047 0.5250
 1 0.0079 0.5314
 1 0.0115 0.5385
 1 0.0153 0.5461
 1 0.0194 0.5541
 1 0.0237 0.5625
 1 0.0281 0.5712
 1 0.0327 0.5802
 1 0.0373 0.5893
 1 0.0419 0.5985
 1 0.0466 0.6076
 1 0.0512 0.6167
 1 0.0557 0.6256
 1 0.0601 0.6343
 1 0.0644 0.6426
 1 0.0684 0.6506
 1 0.0722 0.6581
 1 0.0757 0.6650
 1 0.0789 0.6712
 1 0.0817 0.6768
 1 0.0841 0.6816
 1 0.0861 0.6855
 1 0.0876 0.6885
 1 0.0886 0.6904
 1 0.0890 0.6912
 1 0.0891 0.6912
 1 0.0895 0.6910
 1 0.0901 0.6907
 1 0.0910 0.6902
 1 0.0921 0.6896
 1 0.0934 0.6889
 1 0.0949 0.6881
 1 0.0965 0.6873
 1 0.0983 0.6863
 1 0.1002 0.6853
 1 0.1023 0.6842
 1 0.1044 0.6830
 1 0.1066 0.6819
 1 0.1088 0.6807
 1 0.1111 0.6795
 1 0.1134 0.6782
 1 0.1156 0.6770
 1 0.1179 0.6758
 1 0.1201 0.6746
 1 0.1222 0.6735
 1 0.1242 0.6724
 1 0.1262 0.6714
 1 0.1280 0.6704
 1 0.1297 0.6695
 1 0.1312 0.6687
 1 0.1325 0.6680
 1 0.1336 0.6674
 1 0.1345 0.6669
 1 0.1351 0.6666
 1 0.1355 0.6664
 1 0.1358 0.6662
 1 0.1372 0.6654
 1 0.1385 0.6647
 1 0.1398 0.6638
 1 0.1410 0.6630
 1 0.1421 0.6622
 1 0.1431 0.6613
 1 0.1441 0.6604
 1 0.1450 0.6595
 1 0.1458 0.6585
 1 0.1466 0.6575
 1 0.1473 0.6565
 1 0.1480 0.6555
 1 0.1485 0.6545
 1 0.1490 0.6534
 1 0.1494 0.6523
 1 0.1498 0.6511
 1 0.1500 0.6500
 1 0.1503 0.6487
 1 0.1504 0.6475
 1 0.1504 0.6462
 1 0.1504 0.6449
 1 0.1503 0.6436
 1 0.1502 0.6422
 1 0.1499 0.6407
 1 0.1496 0.6393
 1 0.1492 0.6378
 1 0.1488 0.6362
 1 0.1482 0.6346
 1 0.1476 0.6330
 1 0.1469 0.6313
 1 0.1465 0.6303
 1 0.1459 0.6291
 1 0.1449 0.6268
 1 0.1434 0.6235
 1 0.1415 0.6192
 1 0.1392 0.6140
 1 0.1365 0.6081
 1 0.1335 0.6014
 1 0.1303 0.5941
 1 0.1268 0.5862
 1 0.1230 0.5779
 1 0.1191 0.5692
 1 0.1151 0.5602
 1 0.1110 0.5510
 1 0.1068 0.5416
 1 0.1026 0.5321
 1 0.0983 0.5227
 1 0.0942 0.5134
 1 0.0901 0.5042
 1 0.0861 0.4953
 1 0.0822 0.4867
 1 0.0786 0.4786
 1 0.0752 0.4709
 1 0.0720 0.4638
 1 0.0691 0.4574
 1 0.0666 0.4517
 1 0.0644 0.4469
 1 0.0626 0.4429
 1 0.0613 0.4399
 1 0.0605 0.4380
 1 0.0601 0.4372
 1 0.0583 0.4333
 1 0.0560 0.4290
 1 0.0536 0.4250
 1 0.0512 0.4213
 1 0.0486 0.4178
 1 0.0459 0.4146
 1 0.0431 0.4117
 1 0.0403 0.4091
 1 0.0373 0.4067
 1 0.0343 0.4046
 1 0.0312 0.4028
 1 0.0280 0.4013
 1 0.0248 0.4000
 1 0.0215 0.3989
 1 0.0181 0.3982
 1 0.0147 0.3977
 1 0.0113 0.3974
 1 0.0078 0.3974
 1 0.0042 0.3977
 1 0.0007 0.3982
 1 -0.0029 0.3990
 1 -0.0065 0.4000
 1 -0.0102 0.4013
 1 -0.0138 0.4028
 1 -0.0175 0.4046
 1 -0.0211 0.4066
 1 -0.0248 0.4089
 1 -0.0284 0.4114
 1 -0.0321 0.4141
 1 -0.0357 0.4171
 1 -0.0385 0.4196
 1 -0.0387 0.4198
 1 -0.0392 0.4203
 1 -0.0400 0.4210
 1 -0.0410 0.4219
 1 -0.0422 0.4230
 1 -0.0436 0.4243
 1 -0.0452 0.4257
 1 -0.0470 0.4274
 1 -0.0489 0.4291
 1 -0.0509 0.4309
 1 -0.0531 0.4329
 1 -0.0553 0.4349
 1 -0.0575 0.4370
 1 -0.0599 0.4391
 1 -0.0622 0.4412
 1 -0.0645 0.4434
 1 -0.0669 0.4455
 1 -0.0691 0.4476
 1 -0.0714 0.4496
 1 -0.0735 0.4516
 1 -0.0756 0.4534
 1 -0.0775 0.4552
 1 -0.0793 0.4568
 1 -0.0809 0.4583
 1 -0.0824 0.4597
 1 -0.0837 0.4608
 1 -0.0847 0.4618
 1 -0.0855 0.4625
 1 -0.0861 0.4630
 1 -0.0864 0.4633
 1 -0.0864 0.4634
 1 -0.0868 0.4637
 1 -0.0876 0.4644
 1 -0.0886 0.4654
 1 -0.0900 0.4666
 1 -0.0916 0.4681
 1 -0.0935 0.4698
 1 -0.0956 0.4718
 1 -0.0979 0.4739
 1 -0.1003 0.4761
 1 -0.1029 0.4785
 1 -0.1057 0.4810
 1 -0.1085 0.4836
 1 -0.1114 0.4862
 1 -0.1143 0.4889
 1 -0.1172 0.4916
 1 -0.1202 0.4943
 1 -0.1231 0.4970
 1 -0.1259 0.4996
 1 -0.1287 0.5021
 1 -0.1314 0.5046
 1 -0.1339 0.5069
 1 -0.1363 0.5091
 1 -0.1385 0.5111
 1 -0.1404 0.5129
 1 -0.1422 0.5145
 1 -0.1437 0.5159
 1 -0.1449 0.5170
 1 -0.1458 0.5178
 1 -0.1464 0.5183
 1 -0.1466 0.5185
 1 -0.1466 0.5185
 1 -0.1467 0.5184
 1 -0.1468 0.5182
 1 -0.1469 0.5180
 1 -0.1471 0.5177
 1 -0.1473 0.5173
 1 -0.1475 0.5169
 1 -0.1477 0.5165
 1 -0.1480 0.5160
 1 -0.1482 0.5155
 1 -0.1485 0.5149
 1 -0.1488 0.5144
 1 -0.1492 0.5138
 1 -0.1495 0.5132
 1 -0.1498 0.5126
 1 -0.1501 0.5120
 1 -0.1505 0.5114
 1 -0.1508 0.5108
 1 -0.1511 0.5102
 1 -0.1514 0.5096
 1 -0.1517 0.5091
 1 -0.1520 0.5086
 1 -0.1522 0.5081
 1 -0.1525 0.5076
 1 -0.1527 0.5072
 1 -0.1528 0.5069
 1 -0.1530 0.5066
 1 -0.1531 0.5064
 1 -0.1532 0.5062
 1 -0.1533 0.5061
 1 -0.1533 0.5061
 1 -0.1531 0.5058
 1 -0.1527 0.5052
 1 -0.1521 0.5043
 1 -0.1513 0.5030
 1 -0.1504 0.5016
 1 -0.1493 0.4998
 1 -0.1480 0.4979
 1 -0.1467 0.4957
 1 -0.1452 0.4934
 1 -0.1436 0.4910
 1 -0.1420 0.4884
 1 -0.1403 0.4857
 1 -0.1385 0.4830
 1 -0.1367 0.4802
 1 -0.1349 0.4774
 1 -0.1331 0.4745
 1 -0.1314 0.4717
 1 -0.1296 0.4690
 1 -0.1279 0.4663
 1 -0.1262 0.4637
 1 -0.1247 0.4613
 1 -0.1232 0.4589
 1 -0.1218 0.4568
 1 -0.1206 0.4548
 1 -0.1195 0.4531
 1 -0.1185 0.4516
 1 -0.1177 0.4503
 1 -0.1171 0.4494
 1 -0.1167 0.4487
 1 -0.1165 0.4484
 1 -0.1166 0.4482
 1 -0.1169 0.4472
 1 -0.1176 0.4453
 1 -0.1186 0.4427
 1 -0.1199 0.4393
 1 -0.1214 0.4353
 1 -0.1232 0.4308
 1 -0.1251 0.4256
 1 -0.1272 0.4200
 1 -0.1295 0.4140
 1 -0.1319 0.4077
 1 -0.1344 0.4011
 1 -0.1370 0.3942
 1 -0.1396 0.3872
 1 -0.1423 0.3801
 1 -0.1450 0.3729
 1 -0.1477 0.3658
 1 -0.1504 0.3587
 1 -0.1530 0.3518
 1 -0.1556 0.3451
 1 -0.1580 0.3386
 1 -0.1603 0.3325
 1 -0.1625 0.3267
 1 -0.1645 0.3215
 1 -0.1663 0.3167
 1 -0.1679 0.3124
 1 -0.1692 0.3089
 1 -0.1703 0.3060
 1 -0.1711 0.3038
 1 -0.1717 0.3025
 1 -0.1718 0.3020
4 1 1
 0 -0.1748 0.2661
 1 -0.1683 0.1610
 1 -0.3073 0.1608
 1 -0.3194 0.2938
 1 -0.1748 0.2661
