SEcl_IT-1
3511 7 1 1 0 0 0 0 0 0 1 1
1.000
112 1255 173
0 -0.5006 0.8828
1 -0.5004 0.8871
1 -0.5001 0.8915
1 -0.4996 0.8958
1 -0.4990 0.9001
1 -0.4982 0.9044
1 -0.4972 0.9087
1 -0.4961 0.9129
1 -0.4948 0.9171
1 -0.4934 0.9212
1 -0.4919 0.9253
1 -0.4902 0.9293
1 -0.4883 0.9333
1 -0.4863 0.9371
1 -0.4842 0.9409
1 -0.4819 0.9447
1 -0.4795 0.9483
1 -0.4770 0.9519
1 -0.4743 0.9553
1 -0.4715 0.9587
1 -0.4686 0.9619
1 -0.4656 0.9651
1 -0.4624 0.9681
1 -0.4592 0.9710
1 -0.4558 0.9738
1 -0.4524 0.9765
1 -0.4488 0.9790
1 -0.4452 0.9814
1 -0.4415 0.9837
1 -0.4377 0.9858
1 -0.4338 0.9878
1 -0.4298 0.9897
1 -0.4258 0.9914
1 -0.4217 0.9930
1 -0.4176 0.9944
1 -0.4134 0.9957
1 -0.4092 0.9968
1 -0.4050 0.9977
1 -0.4007 0.9985
1 -0.3964 0.9992
1 -0.3920 0.9996
1 -0.3877 1.0000
1 -0.3833 1.0001
1 0.3833 1.0001
1 0.3877 1.0000
1 0.3920 0.9996
1 0.3964 0.9992
1 0.4007 0.9985
1 0.4050 0.9977
1 0.4092 0.9968
1 0.4134 0.9957
1 0.4176 0.9944
1 0.4217 0.9930
1 0.4258 0.9914
1 0.4298 0.9897
1 0.4338 0.9878
1 0.4377 0.9858
1 0.4415 0.9837
1 0.4452 0.9814
1 0.4488 0.9790
1 0.4524 0.9765
1 0.4558 0.9738
1 0.4592 0.9710
1 0.4624 0.9681
1 0.4656 0.9651
1 0.4686 0.9619
1 0.4715 0.9587
1 0.4743 0.9553
1 0.4770 0.9519
1 0.4795 0.9483
1 0.4819 0.9447
1 0.4842 0.9409
1 0.4863 0.9371
1 0.4883 0.9333
1 0.4902 0.9293
1 0.4919 0.9253
1 0.4934 0.9212
1 0.4948 0.9171
1 0.4961 0.9129
1 0.4972 0.9087
1 0.4982 0.9044
1 0.4990 0.9001
1 0.4996 0.8958
1 0.5001 0.8915
1 0.5004 0.8871
1 0.5006 0.8828
1 0.5006 0.1174
1 0.5004 0.1130
1 0.5001 0.1087
1 0.4996 0.1043
1 0.4990 0.1000
1 0.4982 0.0957
1 0.4972 0.0915
1 0.4961 0.0872
1 0.4948 0.0831
1 0.4934 0.0789
1 0.4919 0.0748
1 0.4902 0.0708
1 0.4883 0.0669
1 0.4863 0.0630
1 0.4842 0.0592
1 0.4819 0.0555
1 0.4795 0.0518
1 0.4770 0.0483
1 0.4743 0.0448
1 0.4715 0.0415
1 0.4686 0.0382
1 0.4656 0.0351
1 0.4624 0.0320
1 0.4592 0.0291
1 0.4558 0.0263
1 0.4524 0.0237
1 0.4488 0.0211
1 0.4452 0.0187
1 0.4415 0.0164
1 0.4377 0.0143
1 0.4338 0.0123
1 0.4298 0.0104
1 0.4258 0.0087
1 0.4217 0.0072
1 0.4176 0.0057
1 0.4134 0.0045
1 0.4092 0.0034
1 0.4050 0.0024
1 0.4007 0.0016
1 0.3964 0.0010
1 0.3920 0.0005
1 0.3877 0.0002
1 0.3833 0.0000
1 -0.3833 0.0000
1 -0.3833 0.0000
1 -0.3877 0.0002
1 -0.3920 0.0005
1 -0.3964 0.0010
1 -0.4007 0.0016
1 -0.4050 0.0024
1 -0.4092 0.0034
1 -0.4134 0.0045
1 -0.4176 0.0057
1 -0.4217 0.0072
1 -0.4258 0.0087
1 -0.4298 0.0104
1 -0.4338 0.0123
1 -0.4377 0.0143
1 -0.4415 0.0164
1 -0.4452 0.0187
1 -0.4488 0.0211
1 -0.4524 0.0237
1 -0.4558 0.0263
1 -0.4592 0.0291
1 -0.4624 0.0320
1 -0.4656 0.0351
1 -0.4686 0.0382
1 -0.4715 0.0415
1 -0.4743 0.0448
1 -0.4770 0.0483
1 -0.4795 0.0518
1 -0.4819 0.0555
1 -0.4842 0.0592
1 -0.4863 0.0630
1 -0.4883 0.0669
1 -0.4902 0.0708
1 -0.4919 0.0748
1 -0.4934 0.0789
1 -0.4948 0.0831
1 -0.4961 0.0872
1 -0.4972 0.0915
1 -0.4982 0.0957
1 -0.4990 0.1000
1 -0.4996 0.1043
1 -0.5001 0.1087
1 -0.5004 0.1130
1 -0.5006 0.1174
112 1251 173
0 -0.4906 0.8826
1 -0.4904 0.8866
1 -0.4901 0.8906
1 -0.4897 0.8945
1 -0.4891 0.8985
1 -0.4884 0.9024
1 -0.4875 0.9063
1 -0.4865 0.9102
1 -0.4853 0.9140
1 -0.4840 0.9178
1 -0.4826 0.9215
1 -0.4810 0.9252
1 -0.4793 0.9288
1 -0.4775 0.9324
1 -0.4756 0.9359
1 -0.4735 0.9393
1 -0.4713 0.9426
1 -0.4689 0.9459
1 -0.4665 0.9491
1 -0.4639 0.9521
1 -0.4613 0.9551
1 -0.4585 0.9580
1 -0.4556 0.9608
1 -0.4526 0.9634
1 -0.4496 0.9660
1 -0.4464 0.9685
1 -0.4431 0.9708
1 -0.4398 0.9730
1 -0.4364 0.9751
1 -0.4329 0.9770
1 -0.4294 0.9789
1 -0.4257 0.9806
1 -0.4221 0.9821
1 -0.4183 0.9836
1 -0.4145 0.9849
1 -0.4107 0.9860
1 -0.4069 0.9870
1 -0.4029 0.9879
1 -0.3990 0.9887
1 -0.3951 0.9892
1 -0.3911 0.9897
1 -0.3871 0.9900
1 -0.3831 0.9901
1 0.3831 0.9901
1 0.3871 0.9900
1 0.3911 0.9897
1 0.3951 0.9892
1 0.3990 0.9887
1 0.4030 0.9879
1 0.4069 0.9870
1 0.4107 0.9860
1 0.4145 0.9849
1 0.4183 0.9836
1 0.4221 0.9821
1 0.4257 0.9806
1 0.4294 0.9789
1 0.4329 0.9770
1 0.4364 0.9751
1 0.4398 0.9730
1 0.4432 0.9708
1 0.4464 0.9685
1 0.4496 0.9660
1 0.4526 0.9634
1 0.4556 0.9608
1 0.4585 0.9580
1 0.4613 0.9551
1 0.4639 0.9521
1 0.4665 0.9491
1 0.4689 0.9459
1 0.4713 0.9426
1 0.4735 0.9393
1 0.4756 0.9359
1 0.4775 0.9324
1 0.4793 0.9289
1 0.4810 0.9252
1 0.4826 0.9215
1 0.4840 0.9178
1 0.4853 0.9140
1 0.4865 0.9102
1 0.4875 0.9063
1 0.4884 0.9024
1 0.4891 0.8985
1 0.4897 0.8945
1 0.4901 0.8906
1 0.4904 0.8866
1 0.4906 0.8826
1 0.4906 0.1176
1 0.4904 0.1136
1 0.4901 0.1096
1 0.4897 0.1056
1 0.4891 0.1016
1 0.4884 0.0977
1 0.4875 0.0938
1 0.4865 0.0899
1 0.4853 0.0861
1 0.4840 0.0823
1 0.4826 0.0786
1 0.4810 0.0749
1 0.4793 0.0713
1 0.4775 0.0677
1 0.4756 0.0642
1 0.4735 0.0608
1 0.4713 0.0575
1 0.4689 0.0542
1 0.4665 0.0511
1 0.4639 0.0480
1 0.4613 0.0450
1 0.4585 0.0421
1 0.4556 0.0394
1 0.4526 0.0367
1 0.4496 0.0341
1 0.4464 0.0317
1 0.4432 0.0294
1 0.4398 0.0271
1 0.4364 0.0251
1 0.4329 0.0231
1 0.4294 0.0213
1 0.4257 0.0196
1 0.4221 0.0180
1 0.4183 0.0166
1 0.4145 0.0153
1 0.4107 0.0141
1 0.4069 0.0131
1 0.4029 0.0122
1 0.3990 0.0115
1 0.3951 0.0109
1 0.3911 0.0105
1 0.3871 0.0102
1 0.3831 0.0100
1 -0.3831 0.0100
1 -0.3871 0.0102
1 -0.3911 0.0105
1 -0.3951 0.0109
1 -0.3990 0.0115
1 -0.4029 0.0122
1 -0.4069 0.0131
1 -0.4107 0.0141
1 -0.4145 0.0153
1 -0.4183 0.0166
1 -0.4221 0.0180
1 -0.4257 0.0196
1 -0.4294 0.0213
1 -0.4329 0.0231
1 -0.4364 0.0251
1 -0.4398 0.0271
1 -0.4432 0.0294
1 -0.4464 0.0317
1 -0.4496 0.0341
1 -0.4526 0.0367
1 -0.4556 0.0394
1 -0.4585 0.0421
1 -0.4613 0.0450
1 -0.4639 0.0480
1 -0.4665 0.0511
1 -0.4689 0.0542
1 -0.4713 0.0575
1 -0.4735 0.0608
1 -0.4756 0.0642
1 -0.4775 0.0677
1 -0.4793 0.0713
1 -0.4810 0.0749
1 -0.4826 0.0786
1 -0.4840 0.0823
1 -0.4853 0.0861
1 -0.4865 0.0899
1 -0.4875 0.0938
1 -0.4884 0.0977
1 -0.4891 0.1016
1 -0.4897 0.1056
1 -0.4901 0.1096
1 -0.4904 0.1136
1 -0.4906 0.1176
1 -0.4906 0.8826
112 1255 173
0 -0.4706 0.8822
1 -0.4704 0.8855
1 -0.4702 0.8887
1 -0.4698 0.8920
1 -0.4694 0.8952
1 -0.4688 0.8984
1 -0.4680 0.9016
1 -0.4672 0.9048
1 -0.4663 0.9079
1 -0.4652 0.9110
1 -0.4641 0.9141
1 -0.4628 0.9171
1 -0.4614 0.9200
1 -0.4599 0.9229
1 -0.4583 0.9258
1 -0.4566 0.9286
1 -0.4548 0.9313
1 -0.4529 0.9340
1 -0.4509 0.9366
1 -0.4488 0.9391
1 -0.4466 0.9415
1 -0.4443 0.9439
1 -0.4420 0.9461
1 -0.4396 0.9483
1 -0.4370 0.9504
1 -0.4345 0.9524
1 -0.4318 0.9543
1 -0.4291 0.9561
1 -0.4263 0.9578
1 -0.4234 0.9594
1 -0.4205 0.9609
1 -0.4176 0.9623
1 -0.4146 0.9636
1 -0.4115 0.9648
1 -0.4084 0.9658
1 -0.4053 0.9668
1 -0.4021 0.9676
1 -0.3989 0.9683
1 -0.3957 0.9689
1 -0.3925 0.9694
1 -0.3892 0.9698
1 -0.3860 0.9700
1 -0.3827 0.9701
1 0.3827 0.9701
1 0.3860 0.9700
1 0.3892 0.9698
1 0.3925 0.9694
1 0.3957 0.9689
1 0.3989 0.9683
1 0.4021 0.9676
1 0.4053 0.9668
1 0.4084 0.9658
1 0.4115 0.9648
1 0.4146 0.9636
1 0.4176 0.9623
1 0.4205 0.9609
1 0.4234 0.9594
1 0.4263 0.9578
1 0.4291 0.9561
1 0.4318 0.9543
1 0.4345 0.9524
1 0.4370 0.9504
1 0.4396 0.9483
1 0.4420 0.9461
1 0.4443 0.9439
1 0.4466 0.9415
1 0.4488 0.9391
1 0.4509 0.9366
1 0.4529 0.9340
1 0.4548 0.9313
1 0.4566 0.9286
1 0.4583 0.9258
1 0.4599 0.9229
1 0.4614 0.9200
1 0.4628 0.9171
1 0.4641 0.9141
1 0.4652 0.9110
1 0.4663 0.9079
1 0.4672 0.9048
1 0.4680 0.9016
1 0.4688 0.8984
1 0.4694 0.8952
1 0.4698 0.8920
1 0.4702 0.8887
1 0.4704 0.8855
1 0.4706 0.8822
1 0.4706 0.1179
1 0.4704 0.1147
1 0.4702 0.1114
1 0.4698 0.1082
1 0.4694 0.1049
1 0.4688 0.1017
1 0.4680 0.0985
1 0.4672 0.0954
1 0.4663 0.0922
1 0.4652 0.0891
1 0.4641 0.0861
1 0.4628 0.0831
1 0.4614 0.0801
1 0.4599 0.0772
1 0.4583 0.0744
1 0.4566 0.0716
1 0.4548 0.0688
1 0.4529 0.0662
1 0.4509 0.0636
1 0.4488 0.0611
1 0.4466 0.0586
1 0.4443 0.0563
1 0.4420 0.0540
1 0.4396 0.0518
1 0.4370 0.0497
1 0.4345 0.0477
1 0.4318 0.0458
1 0.4291 0.0440
1 0.4263 0.0423
1 0.4234 0.0407
1 0.4205 0.0392
1 0.4176 0.0378
1 0.4146 0.0365
1 0.4115 0.0354
1 0.4084 0.0343
1 0.4053 0.0334
1 0.4021 0.0325
1 0.3989 0.0318
1 0.3957 0.0312
1 0.3925 0.0307
1 0.3892 0.0304
1 0.3860 0.0301
1 0.3827 0.0300
1 -0.3827 0.0300
1 -0.3860 0.0301
1 -0.3892 0.0304
1 -0.3925 0.0307
1 -0.3957 0.0312
1 -0.3989 0.0318
1 -0.4021 0.0325
1 -0.4053 0.0334
1 -0.4084 0.0343
1 -0.4115 0.0354
1 -0.4146 0.0365
1 -0.4176 0.0378
1 -0.4205 0.0392
1 -0.4234 0.0407
1 -0.4263 0.0423
1 -0.4291 0.0440
1 -0.4318 0.0458
1 -0.4345 0.0477
1 -0.4370 0.0497
1 -0.4396 0.0518
1 -0.4420 0.0540
1 -0.4443 0.0563
1 -0.4466 0.0586
1 -0.4488 0.0611
1 -0.4509 0.0636
1 -0.4529 0.0662
1 -0.4548 0.0688
1 -0.4566 0.0716
1 -0.4583 0.0743
1 -0.4599 0.0772
1 -0.4614 0.0801
1 -0.4628 0.0831
1 -0.4640 0.0861
1 -0.4652 0.0891
1 -0.4663 0.0922
1 -0.4672 0.0954
1 -0.4680 0.0985
1 -0.4688 0.1017
1 -0.4694 0.1049
1 -0.4698 0.1082
1 -0.4702 0.1114
1 -0.4704 0.1147
1 -0.4706 0.1179
1 -0.4706 0.8822
112 1251 120
0 0.0381 0.1718
1 0.0260 0.1682
1 0.0131 0.1659
1 -0.0002 0.1663
1 -0.0128 0.1686
1 -0.0241 0.1730
1 -0.0347 0.1781
1 -0.0535 0.1913
1 -0.0621 0.1981
1 -0.0692 0.2035
1 -0.0829 0.2129
1 -0.0900 0.2161
1 -0.0974 0.2185
1 -0.1044 0.2196
1 -0.1064 0.2196
1 -0.1068 0.2196
1 -0.1076 0.2196
1 -0.1151 0.2192
1 -0.1166 0.2192
1 -0.1174 0.2192
1 -0.1174 0.2196
1 -0.1174 0.2212
1 -0.1170 0.2239
1 -0.1162 0.2313
1 -0.1139 0.2490
1 -0.1131 0.2552
1 -0.1131 0.2572
1 -0.1131 0.2580
1 -0.1025 0.2580
1 -0.1087 0.2580
1 -0.1131 0.2580
1 -0.1087 0.2580
1 -0.1064 0.2580
1 -0.1060 0.2580
1 -0.1048 0.2580
1 -0.0982 0.2576
1 -0.0852 0.2552
1 -0.0739 0.2509
1 -0.0633 0.2455
1 -0.0441 0.2325
1 -0.0355 0.2259
1 -0.0285 0.2204
1 -0.0147 0.2109
1 -0.0081 0.2074
1 -0.0010 0.2055
1 0.0060 0.2043
1 0.0138 0.2047
1 0.0213 0.2067
1 0.0284 0.2098
1 0.0425 0.2185
1 0.0499 0.2239
1 0.0577 0.2302
1 0.0765 0.2435
1 0.0868 0.2490
1 0.0977 0.2537
1 0.1099 0.2568
1 0.1232 0.2580
1 0.1365 0.2568
1 0.1486 0.2537
1 0.1596 0.2490
1 0.1702 0.2431
1 0.1886 0.2298
1 0.1929 0.2266
1 0.1965 0.2235
1 0.2035 0.2185
1 0.2177 0.2098
1 0.2247 0.2067
1 0.2317 0.2047
1 0.2392 0.2043
1 0.2466 0.2055
1 0.2536 0.2078
1 0.2608 0.2109
1 0.2748 0.2204
1 0.2889 0.2313
1 0.3031 0.2416
1 0.3187 0.2505
1 0.3277 0.2540
1 0.3320 0.2552
1 0.3328 0.2556
1 0.3328 0.2552
1 0.3328 0.2533
1 0.3328 0.2505
1 0.3328 0.2427
1 0.3328 0.2243
1 0.3328 0.2204
1 0.3328 0.2173
1 0.3328 0.2153
1 0.3328 0.2149
1 0.3250 0.2102
1 0.3167 0.2047
1 0.3085 0.1981
1 0.3078 0.1973
1 0.3062 0.1961
1 0.3015 0.1925
1 0.2924 0.1859
1 0.2827 0.1796
1 0.2721 0.1738
1 0.2608 0.1694
1 0.2486 0.1667
1 0.2348 0.1659
1 0.2219 0.1674
1 0.2101 0.1710
1 0.1992 0.1761
1 0.1890 0.1820
1 0.1792 0.1886
1 0.1706 0.1957
1 0.1627 0.2012
1 0.1490 0.2113
1 0.1420 0.2149
1 0.1350 0.2177
1 0.1275 0.2192
1 0.1200 0.2196
1 0.1130 0.2185
1 0.1059 0.2157
1 0.0989 0.2121
1 0.0919 0.2078
1 0.0777 0.1969
1 0.0593 0.1832
1 0.0491 0.1773
1 0.0381 0.1718
112 1251 55
0 -0.2067 0.6008
1 -0.2067 0.6439
1 -0.2067 0.6439
1 -0.2071 0.6478
1 -0.2083 0.6514
1 -0.2287 0.7019
1 -0.2287 0.7019
1 -0.2295 0.7046
1 -0.2299 0.7074
1 -0.2302 0.7588
1 -0.2185 0.7392
1 -0.2185 0.7392
1 -0.2160 0.7367
1 -0.2126 0.7356
1 -0.1829 0.7274
1 -0.1829 0.7274
1 -0.1796 0.7275
1 -0.1770 0.7293
1 -0.1734 0.7404
1 -0.2067 0.7521
1 -0.2267 0.7791
1 -0.2267 0.7791
1 -0.2302 0.7827
1 -0.2345 0.7854
1 -0.2644 0.7870
1 -0.2644 0.7870
1 -0.2696 0.7857
1 -0.2733 0.7819
1 -0.2941 0.7584
1 -0.2941 0.7584
1 -0.2979 0.7527
1 -0.3000 0.7462
1 -0.3075 0.7215
1 -0.3075 0.7215
1 -0.3077 0.7205
1 -0.3079 0.7196
1 -0.3079 0.7196
1 -0.3075 0.7169
1 -0.3059 0.7149
1 -0.2953 0.7117
1 -0.2855 0.7411
1 -0.2855 0.7411
1 -0.2848 0.7428
1 -0.2839 0.7443
1 -0.2702 0.7635
1 -0.2765 0.7094
1 -0.2765 0.7094
1 -0.2771 0.7057
1 -0.2780 0.7019
1 -0.3059 0.6003
1 -0.2820 0.6004
1 -0.2537 0.6937
1 -0.2510 0.6937
1 -0.2299 0.6427
1 -0.2271 0.6007
112 1251 13
0 -0.2297 0.8152
1 -0.2323 0.8247
1 -0.2392 0.8316
1 -0.2487 0.8342
1 -0.2581 0.8316
1 -0.2650 0.8247
1 -0.2676 0.8152
1 -0.2650 0.8058
1 -0.2581 0.7989
1 -0.2487 0.7963
1 -0.2392 0.7989
1 -0.2323 0.8058
1 -0.2297 0.8152
112 1251 37
0 -0.1205 0.4383
1 -0.1205 0.4383
1 -0.1167 0.4548
1 -0.1095 0.4703
1 -0.0990 0.4837
1 -0.0890 0.4938
1 -0.0786 0.5037
1 -0.0742 0.5079
1 -0.0700 0.5123
1 -0.0684 0.5141
1 -0.0668 0.5158
1 -0.0649 0.5183
1 -0.0633 0.5209
1 -0.0611 0.5250
1 -0.0590 0.5292
1 -0.0581 0.5311
1 -0.0574 0.5331
1 -0.0565 0.5364
1 -0.0555 0.5397
1 -0.0540 0.5469
1 -0.0535 0.5542
1 -0.0536 0.5691
1 -0.0535 0.5840
1 -0.0539 0.5880
1 -0.0551 0.5918
1 -0.0561 0.5937
1 -0.0574 0.5954
1 -0.0585 0.5968
1 -0.0598 0.5981
1 -0.0621 0.5995
1 -0.0645 0.6004
1 -0.0689 0.6017
1 -0.0735 0.6016
1 -0.3360 0.6000
1 -0.3360 0.1577
1 -0.1534 0.1573
1 -0.1205 0.4383
