SEcl_IS-9
3528 7 1 1 0 0 0 0 0 0 1 1
1.0000
112 1252 173
 0 -0.5006 0.8828
 1 -0.5004 0.8871
 1 -0.5001 0.8915
 1 -0.4996 0.8958
 1 -0.4990 0.9001
 1 -0.4982 0.9044
 1 -0.4972 0.9087
 1 -0.4961 0.9129
 1 -0.4948 0.9171
 1 -0.4934 0.9212
 1 -0.4919 0.9253
 1 -0.4902 0.9293
 1 -0.4883 0.9333
 1 -0.4863 0.9371
 1 -0.4842 0.9409
 1 -0.4819 0.9447
 1 -0.4795 0.9483
 1 -0.4770 0.9519
 1 -0.4743 0.9553
 1 -0.4715 0.9587
 1 -0.4686 0.9619
 1 -0.4656 0.9651
 1 -0.4624 0.9681
 1 -0.4592 0.9710
 1 -0.4558 0.9738
 1 -0.4524 0.9765
 1 -0.4488 0.9790
 1 -0.4452 0.9814
 1 -0.4415 0.9837
 1 -0.4377 0.9858
 1 -0.4338 0.9878
 1 -0.4298 0.9897
 1 -0.4258 0.9914
 1 -0.4217 0.9930
 1 -0.4176 0.9944
 1 -0.4134 0.9957
 1 -0.4092 0.9968
 1 -0.4050 0.9977
 1 -0.4007 0.9985
 1 -0.3964 0.9992
 1 -0.3920 0.9996
 1 -0.3877 1.0000
 1 -0.3833 1.0001
 1 0.3833 1.0001
 1 0.3877 1.0000
 1 0.3920 0.9996
 1 0.3964 0.9992
 1 0.4007 0.9985
 1 0.4050 0.9977
 1 0.4092 0.9968
 1 0.4134 0.9957
 1 0.4176 0.9944
 1 0.4217 0.9930
 1 0.4258 0.9914
 1 0.4298 0.9897
 1 0.4338 0.9878
 1 0.4377 0.9858
 1 0.4415 0.9837
 1 0.4452 0.9814
 1 0.4488 0.9790
 1 0.4524 0.9765
 1 0.4558 0.9738
 1 0.4592 0.9710
 1 0.4624 0.9681
 1 0.4656 0.9651
 1 0.4686 0.9619
 1 0.4715 0.9587
 1 0.4743 0.9553
 1 0.4770 0.9519
 1 0.4795 0.9483
 1 0.4819 0.9447
 1 0.4842 0.9409
 1 0.4863 0.9371
 1 0.4883 0.9333
 1 0.4902 0.9293
 1 0.4919 0.9253
 1 0.4934 0.9212
 1 0.4948 0.9171
 1 0.4961 0.9129
 1 0.4972 0.9087
 1 0.4982 0.9044
 1 0.4990 0.9001
 1 0.4996 0.8958
 1 0.5001 0.8915
 1 0.5004 0.8871
 1 0.5006 0.8828
 1 0.5006 0.1174
 1 0.5004 0.1130
 1 0.5001 0.1087
 1 0.4996 0.1043
 1 0.4990 0.1000
 1 0.4982 0.0957
 1 0.4972 0.0915
 1 0.4961 0.0872
 1 0.4948 0.0831
 1 0.4934 0.0789
 1 0.4919 0.0748
 1 0.4902 0.0708
 1 0.4883 0.0669
 1 0.4863 0.0630
 1 0.4842 0.0592
 1 0.4819 0.0555
 1 0.4795 0.0518
 1 0.4770 0.0483
 1 0.4743 0.0448
 1 0.4715 0.0415
 1 0.4686 0.0382
 1 0.4656 0.0351
 1 0.4624 0.0320
 1 0.4592 0.0291
 1 0.4558 0.0263
 1 0.4524 0.0237
 1 0.4488 0.0211
 1 0.4452 0.0187
 1 0.4415 0.0164
 1 0.4377 0.0143
 1 0.4338 0.0123
 1 0.4298 0.0104
 1 0.4258 0.0087
 1 0.4217 0.0072
 1 0.4176 0.0057
 1 0.4134 0.0045
 1 0.4092 0.0034
 1 0.4050 0.0024
 1 0.4007 0.0016
 1 0.3964 0.0010
 1 0.3920 0.0005
 1 0.3877 0.0002
 1 0.3833 0.0000
 1 -0.3833 0.0000
 1 -0.3833 0.0000
 1 -0.3877 0.0002
 1 -0.3920 0.0005
 1 -0.3964 0.0010
 1 -0.4007 0.0016
 1 -0.4050 0.0024
 1 -0.4092 0.0034
 1 -0.4134 0.0045
 1 -0.4176 0.0057
 1 -0.4217 0.0072
 1 -0.4258 0.0087
 1 -0.4298 0.0104
 1 -0.4338 0.0123
 1 -0.4377 0.0143
 1 -0.4415 0.0164
 1 -0.4452 0.0187
 1 -0.4488 0.0211
 1 -0.4524 0.0237
 1 -0.4558 0.0263
 1 -0.4592 0.0291
 1 -0.4624 0.0320
 1 -0.4656 0.0351
 1 -0.4686 0.0382
 1 -0.4715 0.0415
 1 -0.4743 0.0448
 1 -0.4770 0.0483
 1 -0.4795 0.0518
 1 -0.4819 0.0555
 1 -0.4842 0.0592
 1 -0.4863 0.0630
 1 -0.4883 0.0669
 1 -0.4902 0.0708
 1 -0.4919 0.0748
 1 -0.4934 0.0789
 1 -0.4948 0.0831
 1 -0.4961 0.0872
 1 -0.4972 0.0915
 1 -0.4982 0.0957
 1 -0.4990 0.1000
 1 -0.4996 0.1043
 1 -0.5001 0.1087
 1 -0.5004 0.1130
 1 -0.5006 0.1174
112 1251 173
 0 -0.4906 0.8826
 1 -0.4904 0.8866
 1 -0.4901 0.8906
 1 -0.4897 0.8945
 1 -0.4891 0.8985
 1 -0.4884 0.9024
 1 -0.4875 0.9063
 1 -0.4865 0.9102
 1 -0.4853 0.9140
 1 -0.4840 0.9178
 1 -0.4826 0.9215
 1 -0.4810 0.9252
 1 -0.4793 0.9288
 1 -0.4775 0.9324
 1 -0.4756 0.9359
 1 -0.4735 0.9393
 1 -0.4713 0.9426
 1 -0.4689 0.9459
 1 -0.4665 0.9491
 1 -0.4639 0.9521
 1 -0.4613 0.9551
 1 -0.4585 0.9580
 1 -0.4556 0.9608
 1 -0.4526 0.9634
 1 -0.4496 0.9660
 1 -0.4464 0.9685
 1 -0.4431 0.9708
 1 -0.4398 0.9730
 1 -0.4364 0.9751
 1 -0.4329 0.9770
 1 -0.4294 0.9789
 1 -0.4257 0.9806
 1 -0.4221 0.9821
 1 -0.4183 0.9836
 1 -0.4145 0.9849
 1 -0.4107 0.9860
 1 -0.4069 0.9870
 1 -0.4029 0.9879
 1 -0.3990 0.9887
 1 -0.3951 0.9892
 1 -0.3911 0.9897
 1 -0.3871 0.9900
 1 -0.3831 0.9901
 1 0.3831 0.9901
 1 0.3871 0.9900
 1 0.3911 0.9897
 1 0.3951 0.9892
 1 0.3990 0.9887
 1 0.4030 0.9879
 1 0.4069 0.9870
 1 0.4107 0.9860
 1 0.4145 0.9849
 1 0.4183 0.9836
 1 0.4221 0.9821
 1 0.4257 0.9806
 1 0.4294 0.9789
 1 0.4329 0.9770
 1 0.4364 0.9751
 1 0.4398 0.9730
 1 0.4432 0.9708
 1 0.4464 0.9685
 1 0.4496 0.9660
 1 0.4526 0.9634
 1 0.4556 0.9608
 1 0.4585 0.9580
 1 0.4613 0.9551
 1 0.4639 0.9521
 1 0.4665 0.9491
 1 0.4689 0.9459
 1 0.4713 0.9426
 1 0.4735 0.9393
 1 0.4756 0.9359
 1 0.4775 0.9324
 1 0.4793 0.9289
 1 0.4810 0.9252
 1 0.4826 0.9215
 1 0.4840 0.9178
 1 0.4853 0.9140
 1 0.4865 0.9102
 1 0.4875 0.9063
 1 0.4884 0.9024
 1 0.4891 0.8985
 1 0.4897 0.8945
 1 0.4901 0.8906
 1 0.4904 0.8866
 1 0.4906 0.8826
 1 0.4906 0.1176
 1 0.4904 0.1136
 1 0.4901 0.1096
 1 0.4897 0.1056
 1 0.4891 0.1016
 1 0.4884 0.0977
 1 0.4875 0.0938
 1 0.4865 0.0899
 1 0.4853 0.0861
 1 0.4840 0.0823
 1 0.4826 0.0786
 1 0.4810 0.0749
 1 0.4793 0.0713
 1 0.4775 0.0677
 1 0.4756 0.0642
 1 0.4735 0.0608
 1 0.4713 0.0575
 1 0.4689 0.0542
 1 0.4665 0.0511
 1 0.4639 0.0480
 1 0.4613 0.0450
 1 0.4585 0.0421
 1 0.4556 0.0394
 1 0.4526 0.0367
 1 0.4496 0.0341
 1 0.4464 0.0317
 1 0.4432 0.0294
 1 0.4398 0.0271
 1 0.4364 0.0251
 1 0.4329 0.0231
 1 0.4294 0.0213
 1 0.4257 0.0196
 1 0.4221 0.0180
 1 0.4183 0.0166
 1 0.4145 0.0153
 1 0.4107 0.0141
 1 0.4069 0.0131
 1 0.4029 0.0122
 1 0.3990 0.0115
 1 0.3951 0.0109
 1 0.3911 0.0105
 1 0.3871 0.0102
 1 0.3831 0.0100
 1 -0.3831 0.0100
 1 -0.3871 0.0102
 1 -0.3911 0.0105
 1 -0.3951 0.0109
 1 -0.3990 0.0115
 1 -0.4029 0.0122
 1 -0.4069 0.0131
 1 -0.4107 0.0141
 1 -0.4145 0.0153
 1 -0.4183 0.0166
 1 -0.4221 0.0180
 1 -0.4257 0.0196
 1 -0.4294 0.0213
 1 -0.4329 0.0231
 1 -0.4364 0.0251
 1 -0.4398 0.0271
 1 -0.4432 0.0294
 1 -0.4464 0.0317
 1 -0.4496 0.0341
 1 -0.4526 0.0367
 1 -0.4556 0.0394
 1 -0.4585 0.0421
 1 -0.4613 0.0450
 1 -0.4639 0.0480
 1 -0.4665 0.0511
 1 -0.4689 0.0542
 1 -0.4713 0.0575
 1 -0.4735 0.0608
 1 -0.4756 0.0642
 1 -0.4775 0.0677
 1 -0.4793 0.0713
 1 -0.4810 0.0749
 1 -0.4826 0.0786
 1 -0.4840 0.0823
 1 -0.4853 0.0861
 1 -0.4865 0.0899
 1 -0.4875 0.0938
 1 -0.4884 0.0977
 1 -0.4891 0.1016
 1 -0.4897 0.1056
 1 -0.4901 0.1096
 1 -0.4904 0.1136
 1 -0.4906 0.1176
 1 -0.4906 0.8826
112 1252 173
 0 -0.4706 0.8822
 1 -0.4704 0.8855
 1 -0.4702 0.8887
 1 -0.4698 0.8920
 1 -0.4694 0.8952
 1 -0.4688 0.8984
 1 -0.4680 0.9016
 1 -0.4672 0.9048
 1 -0.4663 0.9079
 1 -0.4652 0.9110
 1 -0.4641 0.9141
 1 -0.4628 0.9171
 1 -0.4614 0.9200
 1 -0.4599 0.9229
 1 -0.4583 0.9258
 1 -0.4566 0.9286
 1 -0.4548 0.9313
 1 -0.4529 0.9340
 1 -0.4509 0.9366
 1 -0.4488 0.9391
 1 -0.4466 0.9415
 1 -0.4443 0.9439
 1 -0.4420 0.9461
 1 -0.4396 0.9483
 1 -0.4370 0.9504
 1 -0.4345 0.9524
 1 -0.4318 0.9543
 1 -0.4291 0.9561
 1 -0.4263 0.9578
 1 -0.4234 0.9594
 1 -0.4205 0.9609
 1 -0.4176 0.9623
 1 -0.4146 0.9636
 1 -0.4115 0.9648
 1 -0.4084 0.9658
 1 -0.4053 0.9668
 1 -0.4021 0.9676
 1 -0.3989 0.9683
 1 -0.3957 0.9689
 1 -0.3925 0.9694
 1 -0.3892 0.9698
 1 -0.3860 0.9700
 1 -0.3827 0.9701
 1 0.3827 0.9701
 1 0.3860 0.9700
 1 0.3892 0.9698
 1 0.3925 0.9694
 1 0.3957 0.9689
 1 0.3989 0.9683
 1 0.4021 0.9676
 1 0.4053 0.9668
 1 0.4084 0.9658
 1 0.4115 0.9648
 1 0.4146 0.9636
 1 0.4176 0.9623
 1 0.4205 0.9609
 1 0.4234 0.9594
 1 0.4263 0.9578
 1 0.4291 0.9561
 1 0.4318 0.9543
 1 0.4345 0.9524
 1 0.4370 0.9504
 1 0.4396 0.9483
 1 0.4420 0.9461
 1 0.4443 0.9439
 1 0.4466 0.9415
 1 0.4488 0.9391
 1 0.4509 0.9366
 1 0.4529 0.9340
 1 0.4548 0.9313
 1 0.4566 0.9286
 1 0.4583 0.9258
 1 0.4599 0.9229
 1 0.4614 0.9200
 1 0.4628 0.9171
 1 0.4641 0.9141
 1 0.4652 0.9110
 1 0.4663 0.9079
 1 0.4672 0.9048
 1 0.4680 0.9016
 1 0.4688 0.8984
 1 0.4694 0.8952
 1 0.4698 0.8920
 1 0.4702 0.8887
 1 0.4704 0.8855
 1 0.4706 0.8822
 1 0.4706 0.1179
 1 0.4704 0.1147
 1 0.4702 0.1114
 1 0.4698 0.1082
 1 0.4694 0.1049
 1 0.4688 0.1017
 1 0.4680 0.0985
 1 0.4672 0.0954
 1 0.4663 0.0922
 1 0.4652 0.0891
 1 0.4641 0.0861
 1 0.4628 0.0831
 1 0.4614 0.0801
 1 0.4599 0.0772
 1 0.4583 0.0744
 1 0.4566 0.0716
 1 0.4548 0.0688
 1 0.4529 0.0662
 1 0.4509 0.0636
 1 0.4488 0.0611
 1 0.4466 0.0586
 1 0.4443 0.0563
 1 0.4420 0.0540
 1 0.4396 0.0518
 1 0.4370 0.0497
 1 0.4345 0.0477
 1 0.4318 0.0458
 1 0.4291 0.0440
 1 0.4263 0.0423
 1 0.4234 0.0407
 1 0.4205 0.0392
 1 0.4176 0.0378
 1 0.4146 0.0365
 1 0.4115 0.0354
 1 0.4084 0.0343
 1 0.4053 0.0334
 1 0.4021 0.0325
 1 0.3989 0.0318
 1 0.3957 0.0312
 1 0.3925 0.0307
 1 0.3892 0.0304
 1 0.3860 0.0301
 1 0.3827 0.0300
 1 -0.3827 0.0300
 1 -0.3860 0.0301
 1 -0.3892 0.0304
 1 -0.3925 0.0307
 1 -0.3957 0.0312
 1 -0.3989 0.0318
 1 -0.4021 0.0325
 1 -0.4053 0.0334
 1 -0.4084 0.0343
 1 -0.4115 0.0354
 1 -0.4146 0.0365
 1 -0.4176 0.0378
 1 -0.4205 0.0392
 1 -0.4234 0.0407
 1 -0.4263 0.0423
 1 -0.4291 0.0440
 1 -0.4318 0.0458
 1 -0.4345 0.0477
 1 -0.4370 0.0497
 1 -0.4396 0.0518
 1 -0.4420 0.0540
 1 -0.4443 0.0563
 1 -0.4466 0.0586
 1 -0.4488 0.0611
 1 -0.4509 0.0636
 1 -0.4529 0.0662
 1 -0.4548 0.0688
 1 -0.4566 0.0716
 1 -0.4583 0.0743
 1 -0.4599 0.0772
 1 -0.4614 0.0801
 1 -0.4628 0.0831
 1 -0.4640 0.0861
 1 -0.4652 0.0891
 1 -0.4663 0.0922
 1 -0.4672 0.0954
 1 -0.4680 0.0985
 1 -0.4688 0.1017
 1 -0.4694 0.1049
 1 -0.4698 0.1082
 1 -0.4702 0.1114
 1 -0.4704 0.1147
 1 -0.4706 0.1179
 1 -0.4706 0.8822
112 1251 102
 0 0.2881 0.3074
 1 -0.2921 0.3077
 1 -0.2937 0.3084
 1 -0.2944 0.3097
 1 -0.2941 0.3110
 1 -0.2934 0.3123
 1 -0.2915 0.3139
 1 -0.2892 0.3159
 1 -0.2853 0.3188
 1 -0.2794 0.3230
 1 -0.2725 0.3286
 1 -0.2644 0.3348
 1 -0.2552 0.3420
 1 -0.2451 0.3498
 1 -0.2344 0.3580
 1 -0.2115 0.3756
 1 -0.1883 0.3935
 1 -0.1655 0.4108
 1 -0.1551 0.4190
 1 -0.1449 0.4268
 1 -0.1361 0.4337
 1 -0.1280 0.4399
 1 -0.1211 0.4451
 1 -0.1159 0.4490
 1 -0.1123 0.4519
 1 -0.1100 0.4536
 1 -0.1091 0.4542
 1 -0.1048 0.4559
 1 -0.1009 0.4555
 1 -0.0989 0.4542
 1 -0.0983 0.4536
 1 -0.0976 0.4529
 1 -0.0960 0.4516
 1 -0.0937 0.4497
 1 -0.0908 0.4474
 1 -0.0869 0.4441
 1 -0.0830 0.4408
 1 -0.0732 0.4327
 1 -0.0624 0.4235
 1 -0.0399 0.4046
 1 -0.0294 0.3961
 1 -0.0206 0.3890
 1 -0.0170 0.3857
 1 -0.0141 0.3834
 1 -0.0118 0.3815
 1 -0.0105 0.3802
 1 -0.0086 0.3788
 1 -0.0046 0.3769
 1 0.0003 0.3762
 1 0.0052 0.3759
 1 0.0097 0.3769
 1 0.0140 0.3788
 1 0.0156 0.3798
 1 0.0166 0.3805
 1 0.0182 0.3821
 1 0.0205 0.3841
 1 0.0238 0.3867
 1 0.0273 0.3896
 1 0.0319 0.3932
 1 0.0417 0.4017
 1 0.0639 0.4203
 1 0.0750 0.4294
 1 0.0851 0.4379
 1 0.0936 0.4451
 1 0.0972 0.4480
 1 0.1001 0.4503
 1 0.1021 0.4523
 1 0.1034 0.4532
 1 0.1044 0.4539
 1 0.1063 0.4552
 1 0.1102 0.4562
 1 0.1145 0.4545
 1 0.1154 0.4539
 1 0.1161 0.4532
 1 0.1187 0.4513
 1 0.1230 0.4480
 1 0.1285 0.4438
 1 0.1357 0.4382
 1 0.1442 0.4317
 1 0.1533 0.4249
 1 0.1634 0.4170
 1 0.1856 0.4001
 1 0.2319 0.3642
 1 0.2430 0.3557
 1 0.2535 0.3475
 1 0.2636 0.3400
 1 0.2724 0.3332
 1 0.2802 0.3270
 1 0.2868 0.3217
 1 0.2920 0.3178
 1 0.2956 0.3152
 1 0.2975 0.3136
 1 0.2979 0.3133
 1 0.2988 0.3126
 1 0.2998 0.3113
 1 0.3001 0.3097
 1 0.2995 0.3087
 1 0.2982 0.3077
 1 0.2952 0.3074
 1 0.2936 0.3074
 1 0.2903 0.3074
 1 0.2881 0.3074
112 1251 80
 0 0.3034 0.3580
 1 0.2995 0.3602
 1 0.2962 0.3629
 1 0.2920 0.3661
 1 0.2861 0.3710
 1 0.2789 0.3766
 1 0.2708 0.3828
 1 0.2616 0.3899
 1 0.2522 0.3974
 1 0.2313 0.4138
 1 0.2101 0.4304
 1 0.1898 0.4464
 1 0.1804 0.4536
 1 0.1719 0.4601
 1 0.1647 0.4660
 1 0.1582 0.4712
 1 0.1533 0.4748
 1 0.1500 0.4774
 1 0.1484 0.4787
 1 0.1478 0.4790
 1 0.1468 0.4803
 1 0.1455 0.4826
 1 0.1448 0.4849
 1 0.1455 0.4872
 1 0.1471 0.4895
 1 0.1481 0.4904
 1 0.1487 0.4908
 1 0.1504 0.4924
 1 0.1536 0.4953
 1 0.1585 0.4996
 1 0.1650 0.5051
 1 0.1729 0.5117
 1 0.1814 0.5195
 1 0.1908 0.5276
 1 0.2117 0.5456
 1 0.2336 0.5645
 1 0.2548 0.5828
 1 0.2649 0.5916
 1 0.2740 0.5994
 1 0.2825 0.6066
 1 0.2897 0.6131
 1 0.2956 0.6184
 1 0.3001 0.6223
 1 0.3031 0.6246
 1 0.3041 0.6255
 1 0.3057 0.6265
 1 0.3076 0.6268
 1 0.3096 0.6262
 1 0.3109 0.6252
 1 0.3116 0.6233
 1 0.3116 0.6216
 1 0.3116 0.6200
 1 0.3116 0.6177
 1 0.3116 0.6148
 1 0.3116 0.6112
 1 0.3116 0.6020
 1 0.3116 0.5906
 1 0.3116 0.5776
 1 0.3116 0.5626
 1 0.3116 0.5466
 1 0.3116 0.5296
 1 0.3116 0.4937
 1 0.3116 0.4581
 1 0.3116 0.4412
 1 0.3116 0.4249
 1 0.3116 0.4102
 1 0.3116 0.3968
 1 0.3116 0.3854
 1 0.3116 0.3762
 1 0.3116 0.3726
 1 0.3116 0.3697
 1 0.3116 0.3674
 1 0.3116 0.3661
 1 0.3116 0.3638
 1 0.3106 0.3602
 1 0.3089 0.3580
 1 0.3063 0.3573
 1 0.3034 0.3580
 1 0.2995 0.3602
 1 0.3034 0.3580
112 1251 79
 0 -0.2977 0.3580
 1 -0.3009 0.3573
 1 -0.3032 0.3580
 1 -0.3052 0.3602
 1 -0.3058 0.3638
 1 -0.3058 0.3661
 1 -0.3058 0.3674
 1 -0.3058 0.3697
 1 -0.3058 0.3726
 1 -0.3058 0.3762
 1 -0.3058 0.3854
 1 -0.3058 0.3968
 1 -0.3058 0.4102
 1 -0.3058 0.4249
 1 -0.3058 0.4412
 1 -0.3058 0.4581
 1 -0.3058 0.4937
 1 -0.3058 0.5296
 1 -0.3058 0.5466
 1 -0.3058 0.5626
 1 -0.3058 0.5776
 1 -0.3058 0.5906
 1 -0.3058 0.6020
 1 -0.3058 0.6112
 1 -0.3058 0.6148
 1 -0.3058 0.6177
 1 -0.3058 0.6200
 1 -0.3058 0.6216
 1 -0.3058 0.6233
 1 -0.3052 0.6252
 1 -0.3039 0.6262
 1 -0.3022 0.6268
 1 -0.3003 0.6265
 1 -0.2983 0.6255
 1 -0.2973 0.6246
 1 -0.2944 0.6223
 1 -0.2898 0.6184
 1 -0.2840 0.6131
 1 -0.2768 0.6066
 1 -0.2683 0.5994
 1 -0.2592 0.5916
 1 -0.2490 0.5828
 1 -0.2278 0.5645
 1 -0.2060 0.5456
 1 -0.1854 0.5276
 1 -0.1756 0.5195
 1 -0.1671 0.5117
 1 -0.1593 0.5051
 1 -0.1531 0.4996
 1 -0.1479 0.4953
 1 -0.1446 0.4924
 1 -0.1430 0.4908
 1 -0.1423 0.4904
 1 -0.1414 0.4895
 1 -0.1397 0.4872
 1 -0.1391 0.4849
 1 -0.1397 0.4826
 1 -0.1410 0.4803
 1 -0.1423 0.4790
 1 -0.1427 0.4787
 1 -0.1443 0.4774
 1 -0.1479 0.4748
 1 -0.1528 0.4712
 1 -0.1590 0.4660
 1 -0.1665 0.4601
 1 -0.1750 0.4536
 1 -0.1841 0.4464
 1 -0.2043 0.4304
 1 -0.2255 0.4138
 1 -0.2464 0.3974
 1 -0.2562 0.3899
 1 -0.2650 0.3828
 1 -0.2732 0.3766
 1 -0.2804 0.3710
 1 -0.2862 0.3661
 1 -0.2905 0.3629
 1 -0.2934 0.3606
 1 -0.2944 0.3599
 1 -0.2977 0.3580
112 1251 77
 0 0.2979 0.6787
 1 0.2995 0.6774
 1 0.3001 0.6761
 1 0.3005 0.6745
 1 0.2998 0.6729
 1 0.2992 0.6722
 1 0.2988 0.6719
 1 0.2985 0.6715
 1 0.2979 0.6709
 1 0.2965 0.6699
 1 0.2946 0.6683
 1 0.2920 0.6660
 1 0.2887 0.6634
 1 0.2851 0.6605
 1 0.2812 0.6569
 1 0.2714 0.6487
 1 0.2600 0.6389
 1 0.2473 0.6281
 1 0.2329 0.6161
 1 0.2179 0.6033
 1 0.2019 0.5896
 1 0.1853 0.5756
 1 0.1507 0.5462
 1 0.1164 0.5172
 1 0.0998 0.5032
 1 0.0838 0.4895
 1 0.0685 0.4767
 1 0.0544 0.4647
 1 0.0414 0.4539
 1 0.0303 0.4441
 1 0.0205 0.4360
 1 0.0162 0.4324
 1 0.0127 0.4294
 1 0.0097 0.4268
 1 0.0071 0.4245
 1 0.0052 0.4229
 1 0.0038 0.4216
 1 0.0029 0.4209
 1 0.0022 0.4216
 1 0.0009 0.4226
 1 -0.0010 0.4242
 1 -0.0033 0.4262
 1 -0.0063 0.4288
 1 -0.0099 0.4317
 1 -0.0183 0.4389
 1 -0.0288 0.4477
 1 -0.0409 0.4581
 1 -0.0542 0.4692
 1 -0.0689 0.4816
 1 -0.0843 0.4950
 1 -0.1006 0.5087
 1 -0.1175 0.5231
 1 -0.1861 0.5812
 1 -0.2027 0.5952
 1 -0.2184 0.6086
 1 -0.2331 0.6210
 1 -0.2468 0.6327
 1 -0.2592 0.6432
 1 -0.2699 0.6520
 1 -0.2787 0.6598
 1 -0.2827 0.6627
 1 -0.2856 0.6657
 1 -0.2885 0.6680
 1 -0.2905 0.6696
 1 -0.2921 0.6709
 1 -0.2928 0.6715
 1 -0.2937 0.6725
 1 -0.2947 0.6738
 1 -0.2947 0.6755
 1 -0.2941 0.6771
 1 -0.2931 0.6784
 1 -0.2911 0.6791
 1 -0.2889 0.6794
 1 0.2946 0.6794
 1 0.2949 0.6794
 1 0.2959 0.6794
 1 0.2979 0.6787
