SEcl_IS-3
3492 7 1 1 0 0 0 0 0 0 1 1
1.0000
112 1252 173
 0 -0.5006 0.8828
 1 -0.5004 0.8871
 1 -0.5001 0.8915
 1 -0.4996 0.8958
 1 -0.4990 0.9001
 1 -0.4982 0.9044
 1 -0.4972 0.9087
 1 -0.4961 0.9129
 1 -0.4948 0.9171
 1 -0.4934 0.9212
 1 -0.4919 0.9253
 1 -0.4902 0.9293
 1 -0.4883 0.9333
 1 -0.4863 0.9371
 1 -0.4842 0.9409
 1 -0.4819 0.9447
 1 -0.4795 0.9483
 1 -0.4770 0.9519
 1 -0.4743 0.9553
 1 -0.4715 0.9587
 1 -0.4686 0.9619
 1 -0.4656 0.9651
 1 -0.4624 0.9681
 1 -0.4592 0.9710
 1 -0.4558 0.9738
 1 -0.4524 0.9765
 1 -0.4488 0.9790
 1 -0.4452 0.9814
 1 -0.4415 0.9837
 1 -0.4377 0.9858
 1 -0.4338 0.9878
 1 -0.4298 0.9897
 1 -0.4258 0.9914
 1 -0.4217 0.9930
 1 -0.4176 0.9944
 1 -0.4134 0.9957
 1 -0.4092 0.9968
 1 -0.4050 0.9977
 1 -0.4007 0.9985
 1 -0.3964 0.9992
 1 -0.3920 0.9996
 1 -0.3877 1.0000
 1 -0.3833 1.0001
 1 0.3833 1.0001
 1 0.3877 1.0000
 1 0.3920 0.9996
 1 0.3964 0.9992
 1 0.4007 0.9985
 1 0.4050 0.9977
 1 0.4092 0.9968
 1 0.4134 0.9957
 1 0.4176 0.9944
 1 0.4217 0.9930
 1 0.4258 0.9914
 1 0.4298 0.9897
 1 0.4338 0.9878
 1 0.4377 0.9858
 1 0.4415 0.9837
 1 0.4452 0.9814
 1 0.4488 0.9790
 1 0.4524 0.9765
 1 0.4558 0.9738
 1 0.4592 0.9710
 1 0.4624 0.9681
 1 0.4656 0.9651
 1 0.4686 0.9619
 1 0.4715 0.9587
 1 0.4743 0.9553
 1 0.4770 0.9519
 1 0.4795 0.9483
 1 0.4819 0.9447
 1 0.4842 0.9409
 1 0.4863 0.9371
 1 0.4883 0.9333
 1 0.4902 0.9293
 1 0.4919 0.9253
 1 0.4934 0.9212
 1 0.4948 0.9171
 1 0.4961 0.9129
 1 0.4972 0.9087
 1 0.4982 0.9044
 1 0.4990 0.9001
 1 0.4996 0.8958
 1 0.5001 0.8915
 1 0.5004 0.8871
 1 0.5006 0.8828
 1 0.5006 0.1174
 1 0.5004 0.1130
 1 0.5001 0.1087
 1 0.4996 0.1043
 1 0.4990 0.1000
 1 0.4982 0.0957
 1 0.4972 0.0915
 1 0.4961 0.0872
 1 0.4948 0.0831
 1 0.4934 0.0789
 1 0.4919 0.0748
 1 0.4902 0.0708
 1 0.4883 0.0669
 1 0.4863 0.0630
 1 0.4842 0.0592
 1 0.4819 0.0555
 1 0.4795 0.0518
 1 0.4770 0.0483
 1 0.4743 0.0448
 1 0.4715 0.0415
 1 0.4686 0.0382
 1 0.4656 0.0351
 1 0.4624 0.0320
 1 0.4592 0.0291
 1 0.4558 0.0263
 1 0.4524 0.0237
 1 0.4488 0.0211
 1 0.4452 0.0187
 1 0.4415 0.0164
 1 0.4377 0.0143
 1 0.4338 0.0123
 1 0.4298 0.0104
 1 0.4258 0.0087
 1 0.4217 0.0072
 1 0.4176 0.0057
 1 0.4134 0.0045
 1 0.4092 0.0034
 1 0.4050 0.0024
 1 0.4007 0.0016
 1 0.3964 0.0010
 1 0.3920 0.0005
 1 0.3877 0.0002
 1 0.3833 0.0000
 1 -0.3833 0.0000
 1 -0.3833 0.0000
 1 -0.3877 0.0002
 1 -0.3920 0.0005
 1 -0.3964 0.0010
 1 -0.4007 0.0016
 1 -0.4050 0.0024
 1 -0.4092 0.0034
 1 -0.4134 0.0045
 1 -0.4176 0.0057
 1 -0.4217 0.0072
 1 -0.4258 0.0087
 1 -0.4298 0.0104
 1 -0.4338 0.0123
 1 -0.4377 0.0143
 1 -0.4415 0.0164
 1 -0.4452 0.0187
 1 -0.4488 0.0211
 1 -0.4524 0.0237
 1 -0.4558 0.0263
 1 -0.4592 0.0291
 1 -0.4624 0.0320
 1 -0.4656 0.0351
 1 -0.4686 0.0382
 1 -0.4715 0.0415
 1 -0.4743 0.0448
 1 -0.4770 0.0483
 1 -0.4795 0.0518
 1 -0.4819 0.0555
 1 -0.4842 0.0592
 1 -0.4863 0.0630
 1 -0.4883 0.0669
 1 -0.4902 0.0708
 1 -0.4919 0.0748
 1 -0.4934 0.0789
 1 -0.4948 0.0831
 1 -0.4961 0.0872
 1 -0.4972 0.0915
 1 -0.4982 0.0957
 1 -0.4990 0.1000
 1 -0.4996 0.1043
 1 -0.5001 0.1087
 1 -0.5004 0.1130
 1 -0.5006 0.1174
112 1251 173
 0 -0.4906 0.8826
 1 -0.4904 0.8866
 1 -0.4901 0.8906
 1 -0.4897 0.8945
 1 -0.4891 0.8985
 1 -0.4884 0.9024
 1 -0.4875 0.9063
 1 -0.4865 0.9102
 1 -0.4853 0.9140
 1 -0.4840 0.9178
 1 -0.4826 0.9215
 1 -0.4810 0.9252
 1 -0.4793 0.9288
 1 -0.4775 0.9324
 1 -0.4756 0.9359
 1 -0.4735 0.9393
 1 -0.4713 0.9426
 1 -0.4689 0.9459
 1 -0.4665 0.9491
 1 -0.4639 0.9521
 1 -0.4613 0.9551
 1 -0.4585 0.9580
 1 -0.4556 0.9608
 1 -0.4526 0.9634
 1 -0.4496 0.9660
 1 -0.4464 0.9685
 1 -0.4431 0.9708
 1 -0.4398 0.9730
 1 -0.4364 0.9751
 1 -0.4329 0.9770
 1 -0.4294 0.9789
 1 -0.4257 0.9806
 1 -0.4221 0.9821
 1 -0.4183 0.9836
 1 -0.4145 0.9849
 1 -0.4107 0.9860
 1 -0.4069 0.9870
 1 -0.4029 0.9879
 1 -0.3990 0.9887
 1 -0.3951 0.9892
 1 -0.3911 0.9897
 1 -0.3871 0.9900
 1 -0.3831 0.9901
 1 0.3831 0.9901
 1 0.3871 0.9900
 1 0.3911 0.9897
 1 0.3951 0.9892
 1 0.3990 0.9887
 1 0.4030 0.9879
 1 0.4069 0.9870
 1 0.4107 0.9860
 1 0.4145 0.9849
 1 0.4183 0.9836
 1 0.4221 0.9821
 1 0.4257 0.9806
 1 0.4294 0.9789
 1 0.4329 0.9770
 1 0.4364 0.9751
 1 0.4398 0.9730
 1 0.4432 0.9708
 1 0.4464 0.9685
 1 0.4496 0.9660
 1 0.4526 0.9634
 1 0.4556 0.9608
 1 0.4585 0.9580
 1 0.4613 0.9551
 1 0.4639 0.9521
 1 0.4665 0.9491
 1 0.4689 0.9459
 1 0.4713 0.9426
 1 0.4735 0.9393
 1 0.4756 0.9359
 1 0.4775 0.9324
 1 0.4793 0.9289
 1 0.4810 0.9252
 1 0.4826 0.9215
 1 0.4840 0.9178
 1 0.4853 0.9140
 1 0.4865 0.9102
 1 0.4875 0.9063
 1 0.4884 0.9024
 1 0.4891 0.8985
 1 0.4897 0.8945
 1 0.4901 0.8906
 1 0.4904 0.8866
 1 0.4906 0.8826
 1 0.4906 0.1176
 1 0.4904 0.1136
 1 0.4901 0.1096
 1 0.4897 0.1056
 1 0.4891 0.1016
 1 0.4884 0.0977
 1 0.4875 0.0938
 1 0.4865 0.0899
 1 0.4853 0.0861
 1 0.4840 0.0823
 1 0.4826 0.0786
 1 0.4810 0.0749
 1 0.4793 0.0713
 1 0.4775 0.0677
 1 0.4756 0.0642
 1 0.4735 0.0608
 1 0.4713 0.0575
 1 0.4689 0.0542
 1 0.4665 0.0511
 1 0.4639 0.0480
 1 0.4613 0.0450
 1 0.4585 0.0421
 1 0.4556 0.0394
 1 0.4526 0.0367
 1 0.4496 0.0341
 1 0.4464 0.0317
 1 0.4432 0.0294
 1 0.4398 0.0271
 1 0.4364 0.0251
 1 0.4329 0.0231
 1 0.4294 0.0213
 1 0.4257 0.0196
 1 0.4221 0.0180
 1 0.4183 0.0166
 1 0.4145 0.0153
 1 0.4107 0.0141
 1 0.4069 0.0131
 1 0.4029 0.0122
 1 0.3990 0.0115
 1 0.3951 0.0109
 1 0.3911 0.0105
 1 0.3871 0.0102
 1 0.3831 0.0100
 1 -0.3831 0.0100
 1 -0.3871 0.0102
 1 -0.3911 0.0105
 1 -0.3951 0.0109
 1 -0.3990 0.0115
 1 -0.4029 0.0122
 1 -0.4069 0.0131
 1 -0.4107 0.0141
 1 -0.4145 0.0153
 1 -0.4183 0.0166
 1 -0.4221 0.0180
 1 -0.4257 0.0196
 1 -0.4294 0.0213
 1 -0.4329 0.0231
 1 -0.4364 0.0251
 1 -0.4398 0.0271
 1 -0.4432 0.0294
 1 -0.4464 0.0317
 1 -0.4496 0.0341
 1 -0.4526 0.0367
 1 -0.4556 0.0394
 1 -0.4585 0.0421
 1 -0.4613 0.0450
 1 -0.4639 0.0480
 1 -0.4665 0.0511
 1 -0.4689 0.0542
 1 -0.4713 0.0575
 1 -0.4735 0.0608
 1 -0.4756 0.0642
 1 -0.4775 0.0677
 1 -0.4793 0.0713
 1 -0.4810 0.0749
 1 -0.4826 0.0786
 1 -0.4840 0.0823
 1 -0.4853 0.0861
 1 -0.4865 0.0899
 1 -0.4875 0.0938
 1 -0.4884 0.0977
 1 -0.4891 0.1016
 1 -0.4897 0.1056
 1 -0.4901 0.1096
 1 -0.4904 0.1136
 1 -0.4906 0.1176
 1 -0.4906 0.8826
112 1252 173
 0 -0.4706 0.8822
 1 -0.4704 0.8855
 1 -0.4702 0.8887
 1 -0.4698 0.8920
 1 -0.4694 0.8952
 1 -0.4688 0.8984
 1 -0.4680 0.9016
 1 -0.4672 0.9048
 1 -0.4663 0.9079
 1 -0.4652 0.9110
 1 -0.4641 0.9141
 1 -0.4628 0.9171
 1 -0.4614 0.9200
 1 -0.4599 0.9229
 1 -0.4583 0.9258
 1 -0.4566 0.9286
 1 -0.4548 0.9313
 1 -0.4529 0.9340
 1 -0.4509 0.9366
 1 -0.4488 0.9391
 1 -0.4466 0.9415
 1 -0.4443 0.9439
 1 -0.4420 0.9461
 1 -0.4396 0.9483
 1 -0.4370 0.9504
 1 -0.4345 0.9524
 1 -0.4318 0.9543
 1 -0.4291 0.9561
 1 -0.4263 0.9578
 1 -0.4234 0.9594
 1 -0.4205 0.9609
 1 -0.4176 0.9623
 1 -0.4146 0.9636
 1 -0.4115 0.9648
 1 -0.4084 0.9658
 1 -0.4053 0.9668
 1 -0.4021 0.9676
 1 -0.3989 0.9683
 1 -0.3957 0.9689
 1 -0.3925 0.9694
 1 -0.3892 0.9698
 1 -0.3860 0.9700
 1 -0.3827 0.9701
 1 0.3827 0.9701
 1 0.3860 0.9700
 1 0.3892 0.9698
 1 0.3925 0.9694
 1 0.3957 0.9689
 1 0.3989 0.9683
 1 0.4021 0.9676
 1 0.4053 0.9668
 1 0.4084 0.9658
 1 0.4115 0.9648
 1 0.4146 0.9636
 1 0.4176 0.9623
 1 0.4205 0.9609
 1 0.4234 0.9594
 1 0.4263 0.9578
 1 0.4291 0.9561
 1 0.4318 0.9543
 1 0.4345 0.9524
 1 0.4370 0.9504
 1 0.4396 0.9483
 1 0.4420 0.9461
 1 0.4443 0.9439
 1 0.4466 0.9415
 1 0.4488 0.9391
 1 0.4509 0.9366
 1 0.4529 0.9340
 1 0.4548 0.9313
 1 0.4566 0.9286
 1 0.4583 0.9258
 1 0.4599 0.9229
 1 0.4614 0.9200
 1 0.4628 0.9171
 1 0.4641 0.9141
 1 0.4652 0.9110
 1 0.4663 0.9079
 1 0.4672 0.9048
 1 0.4680 0.9016
 1 0.4688 0.8984
 1 0.4694 0.8952
 1 0.4698 0.8920
 1 0.4702 0.8887
 1 0.4704 0.8855
 1 0.4706 0.8822
 1 0.4706 0.1179
 1 0.4704 0.1147
 1 0.4702 0.1114
 1 0.4698 0.1082
 1 0.4694 0.1049
 1 0.4688 0.1017
 1 0.4680 0.0985
 1 0.4672 0.0954
 1 0.4663 0.0922
 1 0.4652 0.0891
 1 0.4641 0.0861
 1 0.4628 0.0831
 1 0.4614 0.0801
 1 0.4599 0.0772
 1 0.4583 0.0744
 1 0.4566 0.0716
 1 0.4548 0.0688
 1 0.4529 0.0662
 1 0.4509 0.0636
 1 0.4488 0.0611
 1 0.4466 0.0586
 1 0.4443 0.0563
 1 0.4420 0.0540
 1 0.4396 0.0518
 1 0.4370 0.0497
 1 0.4345 0.0477
 1 0.4318 0.0458
 1 0.4291 0.0440
 1 0.4263 0.0423
 1 0.4234 0.0407
 1 0.4205 0.0392
 1 0.4176 0.0378
 1 0.4146 0.0365
 1 0.4115 0.0354
 1 0.4084 0.0343
 1 0.4053 0.0334
 1 0.4021 0.0325
 1 0.3989 0.0318
 1 0.3957 0.0312
 1 0.3925 0.0307
 1 0.3892 0.0304
 1 0.3860 0.0301
 1 0.3827 0.0300
 1 -0.3827 0.0300
 1 -0.3860 0.0301
 1 -0.3892 0.0304
 1 -0.3925 0.0307
 1 -0.3957 0.0312
 1 -0.3989 0.0318
 1 -0.4021 0.0325
 1 -0.4053 0.0334
 1 -0.4084 0.0343
 1 -0.4115 0.0354
 1 -0.4146 0.0365
 1 -0.4176 0.0378
 1 -0.4205 0.0392
 1 -0.4234 0.0407
 1 -0.4263 0.0423
 1 -0.4291 0.0440
 1 -0.4318 0.0458
 1 -0.4345 0.0477
 1 -0.4370 0.0497
 1 -0.4396 0.0518
 1 -0.4420 0.0540
 1 -0.4443 0.0563
 1 -0.4466 0.0586
 1 -0.4488 0.0611
 1 -0.4509 0.0636
 1 -0.4529 0.0662
 1 -0.4548 0.0688
 1 -0.4566 0.0716
 1 -0.4583 0.0743
 1 -0.4599 0.0772
 1 -0.4614 0.0801
 1 -0.4628 0.0831
 1 -0.4640 0.0861
 1 -0.4652 0.0891
 1 -0.4663 0.0922
 1 -0.4672 0.0954
 1 -0.4680 0.0985
 1 -0.4688 0.1017
 1 -0.4694 0.1049
 1 -0.4698 0.1082
 1 -0.4702 0.1114
 1 -0.4704 0.1147
 1 -0.4706 0.1179
 1 -0.4706 0.8822
112 1251 102
 0 -0.0634 0.6056
 1 -0.0637 0.6056
 1 -0.0637 0.6053
 1 -0.0630 0.6040
 1 -0.0617 0.6017
 1 -0.0601 0.5981
 1 -0.0578 0.5942
 1 -0.0529 0.5838
 1 -0.0470 0.5720
 1 -0.0409 0.5600
 1 -0.0353 0.5485
 1 -0.0330 0.5436
 1 -0.0307 0.5394
 1 -0.0291 0.5358
 1 -0.0278 0.5332
 1 -0.0265 0.5306
 1 -0.0236 0.5247
 1 -0.0190 0.5143
 1 -0.0161 0.5051
 1 -0.0144 0.4966
 1 -0.0138 0.4875
 1 -0.0151 0.4771
 1 -0.0180 0.4666
 1 -0.0190 0.4637
 1 -0.0190 0.4634
 1 -0.0180 0.4634
 1 -0.0154 0.4634
 1 -0.0118 0.4634
 1 -0.0072 0.4634
 1 -0.0017 0.4634
 1 0.0048 0.4634
 1 0.0123 0.4634
 1 0.0205 0.4634
 1 0.0293 0.4634
 1 0.0492 0.4634
 1 0.0707 0.4634
 1 0.0939 0.4634
 1 0.1419 0.4634
 1 0.1657 0.4634
 1 0.1885 0.4634
 1 0.2101 0.4634
 1 0.2293 0.4634
 1 0.2381 0.4634
 1 0.2460 0.4634
 1 0.2532 0.4634
 1 0.2597 0.4634
 1 0.2649 0.4634
 1 0.2691 0.4634
 1 0.2724 0.4634
 1 0.2747 0.4634
 1 0.2753 0.4634
 1 0.2753 0.4637
 1 0.2753 0.4653
 1 0.2753 0.4689
 1 0.2753 0.4741
 1 0.2753 0.4803
 1 0.2753 0.4878
 1 0.2753 0.5048
 1 0.2753 0.5417
 1 0.2753 0.5502
 1 0.2753 0.5580
 1 0.2753 0.5648
 1 0.2753 0.5704
 1 0.2753 0.5746
 1 0.2753 0.5772
 1 0.2753 0.5782
 1 0.2753 0.5812
 1 0.2744 0.5861
 1 0.2727 0.5906
 1 0.2701 0.5949
 1 0.2669 0.5981
 1 0.2629 0.6011
 1 0.2580 0.6034
 1 0.2528 0.6047
 1 0.2466 0.6056
 1 0.2434 0.6056
 1 0.2427 0.6056
 1 0.2411 0.6056
 1 0.2381 0.6056
 1 0.2342 0.6056
 1 0.2290 0.6056
 1 0.2228 0.6056
 1 0.2160 0.6056
 1 0.2078 0.6056
 1 0.1990 0.6056
 1 0.1895 0.6056
 1 0.1686 0.6056
 1 0.1461 0.6056
 1 0.1217 0.6056
 1 0.0969 0.6056
 1 0.0469 0.6056
 1 0.0234 0.6056
 1 0.0012 0.6056
 1 -0.0183 0.6056
 1 -0.0275 0.6056
 1 -0.0353 0.6056
 1 -0.0428 0.6056
 1 -0.0490 0.6056
 1 -0.0542 0.6056
 1 -0.0585 0.6056
 1 -0.0614 0.6056
 1 -0.0634 0.6056
112 1251 13
 0 0.3099 0.4249
 1 -0.3055 0.4249
 1 -0.3055 0.6562
 1 -0.3440 0.6562
 1 -0.3440 0.3084
 1 -0.3055 0.3084
 1 -0.3055 0.3658
 1 0.3099 0.3658
 1 0.3099 0.3084
 1 0.3484 0.3084
 1 0.3484 0.5789
 1 0.3099 0.5789
 1 0.3099 0.4249
112 1251 33
 0 -0.2138 0.5378
 1 -0.2043 0.5407
 1 -0.1962 0.5453
 1 -0.1887 0.5511
 1 -0.1828 0.5586
 1 -0.1782 0.5668
 1 -0.1753 0.5763
 1 -0.1743 0.5861
 1 -0.1753 0.5962
 1 -0.1782 0.6053
 1 -0.1828 0.6138
 1 -0.1887 0.6213
 1 -0.1962 0.6272
 1 -0.2043 0.6317
 1 -0.2138 0.6347
 1 -0.2236 0.6357
 1 -0.2337 0.6347
 1 -0.2428 0.6317
 1 -0.2513 0.6272
 1 -0.2585 0.6213
 1 -0.2647 0.6138
 1 -0.2693 0.6053
 1 -0.2722 0.5962
 1 -0.2732 0.5861
 1 -0.2722 0.5763
 1 -0.2693 0.5668
 1 -0.2647 0.5586
 1 -0.2585 0.5511
 1 -0.2513 0.5453
 1 -0.2428 0.5407
 1 -0.2337 0.5378
 1 -0.2236 0.5368
 1 -0.2138 0.5378
112 1251 112
 0 -0.0957 0.5071
 1 -0.2265 0.5071
 1 -0.2334 0.5071
 1 -0.2396 0.5071
 1 -0.2448 0.5071
 1 -0.2487 0.5071
 1 -0.2520 0.5071
 1 -0.2536 0.5071
 1 -0.2539 0.5071
 1 -0.2543 0.5071
 1 -0.2552 0.5068
 1 -0.2591 0.5064
 1 -0.2660 0.5038
 1 -0.2709 0.4999
 1 -0.2745 0.4947
 1 -0.2761 0.4885
 1 -0.2764 0.4823
 1 -0.2751 0.4761
 1 -0.2722 0.4702
 1 -0.2676 0.4656
 1 -0.2618 0.4627
 1 -0.2578 0.4621
 1 -0.2539 0.4617
 1 -0.2526 0.4617
 1 -0.2494 0.4617
 1 -0.2441 0.4617
 1 -0.2373 0.4617
 1 -0.2288 0.4617
 1 -0.2190 0.4617
 1 -0.2082 0.4617
 1 -0.1968 0.4617
 1 -0.1720 0.4617
 1 -0.1466 0.4617
 1 -0.1224 0.4617
 1 -0.1113 0.4617
 1 -0.1015 0.4617
 1 -0.0924 0.4617
 1 -0.0849 0.4617
 1 -0.0790 0.4617
 1 -0.0751 0.4617
 1 -0.0732 0.4617
 1 -0.0728 0.4617
 1 -0.0715 0.4617
 1 -0.0673 0.4624
 1 -0.0634 0.4634
 1 -0.0601 0.4653
 1 -0.0542 0.4702
 1 -0.0503 0.4764
 1 -0.0484 0.4829
 1 -0.0480 0.4865
 1 -0.0480 0.4888
 1 -0.0480 0.4924
 1 -0.0490 0.4963
 1 -0.0506 0.5015
 1 -0.0532 0.5077
 1 -0.0549 0.5117
 1 -0.0572 0.5162
 1 -0.0575 0.5169
 1 -0.0585 0.5185
 1 -0.0598 0.5214
 1 -0.0614 0.5250
 1 -0.0637 0.5293
 1 -0.0663 0.5345
 1 -0.0718 0.5459
 1 -0.0849 0.5720
 1 -0.0911 0.5844
 1 -0.0966 0.5955
 1 -0.0989 0.6001
 1 -0.1009 0.6040
 1 -0.1022 0.6069
 1 -0.1032 0.6089
 1 -0.1038 0.6099
 1 -0.1042 0.6105
 1 -0.1051 0.6125
 1 -0.1074 0.6154
 1 -0.1103 0.6180
 1 -0.1162 0.6213
 1 -0.1231 0.6223
 1 -0.1299 0.6216
 1 -0.1365 0.6193
 1 -0.1423 0.6154
 1 -0.1469 0.6105
 1 -0.1502 0.6047
 1 -0.1511 0.5978
 1 -0.1508 0.5942
 1 -0.1498 0.5903
 1 -0.1492 0.5887
 1 -0.1489 0.5880
 1 -0.1489 0.5877
 1 -0.1485 0.5870
 1 -0.1479 0.5857
 1 -0.1469 0.5834
 1 -0.1436 0.5776
 1 -0.1400 0.5697
 1 -0.1355 0.5606
 1 -0.1267 0.5420
 1 -0.1224 0.5338
 1 -0.1192 0.5273
 1 -0.1179 0.5247
 1 -0.1172 0.5228
 1 -0.1166 0.5214
 1 -0.1162 0.5211
 1 -0.1156 0.5208
 1 -0.1143 0.5201
 1 -0.1097 0.5182
 1 -0.1038 0.5156
 1 -0.0986 0.5133
 1 -0.0966 0.5126
 1 -0.0957 0.5120
 1 -0.0953 0.5117
 1 -0.0957 0.5094
 1 -0.0957 0.5071
