SEcl_IS-2
3491 5 1 1 0 0 0 0 0 0 1 1
1.0000
112 1252 173
 0 -0.5006 0.8828
 1 -0.5004 0.8871
 1 -0.5001 0.8915
 1 -0.4996 0.8958
 1 -0.4990 0.9001
 1 -0.4982 0.9044
 1 -0.4972 0.9087
 1 -0.4961 0.9129
 1 -0.4948 0.9171
 1 -0.4934 0.9212
 1 -0.4919 0.9253
 1 -0.4902 0.9293
 1 -0.4883 0.9333
 1 -0.4863 0.9371
 1 -0.4842 0.9409
 1 -0.4819 0.9447
 1 -0.4795 0.9483
 1 -0.4770 0.9519
 1 -0.4743 0.9553
 1 -0.4715 0.9587
 1 -0.4686 0.9619
 1 -0.4656 0.9651
 1 -0.4624 0.9681
 1 -0.4592 0.9710
 1 -0.4558 0.9738
 1 -0.4524 0.9765
 1 -0.4488 0.9790
 1 -0.4452 0.9814
 1 -0.4415 0.9837
 1 -0.4377 0.9858
 1 -0.4338 0.9878
 1 -0.4298 0.9897
 1 -0.4258 0.9914
 1 -0.4217 0.9930
 1 -0.4176 0.9944
 1 -0.4134 0.9957
 1 -0.4092 0.9968
 1 -0.4050 0.9977
 1 -0.4007 0.9985
 1 -0.3964 0.9992
 1 -0.3920 0.9996
 1 -0.3877 1.0000
 1 -0.3833 1.0001
 1 0.3833 1.0001
 1 0.3877 1.0000
 1 0.3920 0.9996
 1 0.3964 0.9992
 1 0.4007 0.9985
 1 0.4050 0.9977
 1 0.4092 0.9968
 1 0.4134 0.9957
 1 0.4176 0.9944
 1 0.4217 0.9930
 1 0.4258 0.9914
 1 0.4298 0.9897
 1 0.4338 0.9878
 1 0.4377 0.9858
 1 0.4415 0.9837
 1 0.4452 0.9814
 1 0.4488 0.9790
 1 0.4524 0.9765
 1 0.4558 0.9738
 1 0.4592 0.9710
 1 0.4624 0.9681
 1 0.4656 0.9651
 1 0.4686 0.9619
 1 0.4715 0.9587
 1 0.4743 0.9553
 1 0.4770 0.9519
 1 0.4795 0.9483
 1 0.4819 0.9447
 1 0.4842 0.9409
 1 0.4863 0.9371
 1 0.4883 0.9333
 1 0.4902 0.9293
 1 0.4919 0.9253
 1 0.4934 0.9212
 1 0.4948 0.9171
 1 0.4961 0.9129
 1 0.4972 0.9087
 1 0.4982 0.9044
 1 0.4990 0.9001
 1 0.4996 0.8958
 1 0.5001 0.8915
 1 0.5004 0.8871
 1 0.5006 0.8828
 1 0.5006 0.1174
 1 0.5004 0.1130
 1 0.5001 0.1087
 1 0.4996 0.1043
 1 0.4990 0.1000
 1 0.4982 0.0957
 1 0.4972 0.0915
 1 0.4961 0.0872
 1 0.4948 0.0831
 1 0.4934 0.0789
 1 0.4919 0.0748
 1 0.4902 0.0708
 1 0.4883 0.0669
 1 0.4863 0.0630
 1 0.4842 0.0592
 1 0.4819 0.0555
 1 0.4795 0.0518
 1 0.4770 0.0483
 1 0.4743 0.0448
 1 0.4715 0.0415
 1 0.4686 0.0382
 1 0.4656 0.0351
 1 0.4624 0.0320
 1 0.4592 0.0291
 1 0.4558 0.0263
 1 0.4524 0.0237
 1 0.4488 0.0211
 1 0.4452 0.0187
 1 0.4415 0.0164
 1 0.4377 0.0143
 1 0.4338 0.0123
 1 0.4298 0.0104
 1 0.4258 0.0087
 1 0.4217 0.0072
 1 0.4176 0.0057
 1 0.4134 0.0045
 1 0.4092 0.0034
 1 0.4050 0.0024
 1 0.4007 0.0016
 1 0.3964 0.0010
 1 0.3920 0.0005
 1 0.3877 0.0002
 1 0.3833 0.0000
 1 -0.3833 0.0000
 1 -0.3833 0.0000
 1 -0.3877 0.0002
 1 -0.3920 0.0005
 1 -0.3964 0.0010
 1 -0.4007 0.0016
 1 -0.4050 0.0024
 1 -0.4092 0.0034
 1 -0.4134 0.0045
 1 -0.4176 0.0057
 1 -0.4217 0.0072
 1 -0.4258 0.0087
 1 -0.4298 0.0104
 1 -0.4338 0.0123
 1 -0.4377 0.0143
 1 -0.4415 0.0164
 1 -0.4452 0.0187
 1 -0.4488 0.0211
 1 -0.4524 0.0237
 1 -0.4558 0.0263
 1 -0.4592 0.0291
 1 -0.4624 0.0320
 1 -0.4656 0.0351
 1 -0.4686 0.0382
 1 -0.4715 0.0415
 1 -0.4743 0.0448
 1 -0.4770 0.0483
 1 -0.4795 0.0518
 1 -0.4819 0.0555
 1 -0.4842 0.0592
 1 -0.4863 0.0630
 1 -0.4883 0.0669
 1 -0.4902 0.0708
 1 -0.4919 0.0748
 1 -0.4934 0.0789
 1 -0.4948 0.0831
 1 -0.4961 0.0872
 1 -0.4972 0.0915
 1 -0.4982 0.0957
 1 -0.4990 0.1000
 1 -0.4996 0.1043
 1 -0.5001 0.1087
 1 -0.5004 0.1130
 1 -0.5006 0.1174
112 1251 173
 0 -0.4906 0.8826
 1 -0.4904 0.8866
 1 -0.4901 0.8906
 1 -0.4897 0.8945
 1 -0.4891 0.8985
 1 -0.4884 0.9024
 1 -0.4875 0.9063
 1 -0.4865 0.9102
 1 -0.4853 0.9140
 1 -0.4840 0.9178
 1 -0.4826 0.9215
 1 -0.4810 0.9252
 1 -0.4793 0.9288
 1 -0.4775 0.9324
 1 -0.4756 0.9359
 1 -0.4735 0.9393
 1 -0.4713 0.9426
 1 -0.4689 0.9459
 1 -0.4665 0.9491
 1 -0.4639 0.9521
 1 -0.4613 0.9551
 1 -0.4585 0.9580
 1 -0.4556 0.9608
 1 -0.4526 0.9634
 1 -0.4496 0.9660
 1 -0.4464 0.9685
 1 -0.4431 0.9708
 1 -0.4398 0.9730
 1 -0.4364 0.9751
 1 -0.4329 0.9770
 1 -0.4294 0.9789
 1 -0.4257 0.9806
 1 -0.4221 0.9821
 1 -0.4183 0.9836
 1 -0.4145 0.9849
 1 -0.4107 0.9860
 1 -0.4069 0.9870
 1 -0.4029 0.9879
 1 -0.3990 0.9887
 1 -0.3951 0.9892
 1 -0.3911 0.9897
 1 -0.3871 0.9900
 1 -0.3831 0.9901
 1 0.3831 0.9901
 1 0.3871 0.9900
 1 0.3911 0.9897
 1 0.3951 0.9892
 1 0.3990 0.9887
 1 0.4030 0.9879
 1 0.4069 0.9870
 1 0.4107 0.9860
 1 0.4145 0.9849
 1 0.4183 0.9836
 1 0.4221 0.9821
 1 0.4257 0.9806
 1 0.4294 0.9789
 1 0.4329 0.9770
 1 0.4364 0.9751
 1 0.4398 0.9730
 1 0.4432 0.9708
 1 0.4464 0.9685
 1 0.4496 0.9660
 1 0.4526 0.9634
 1 0.4556 0.9608
 1 0.4585 0.9580
 1 0.4613 0.9551
 1 0.4639 0.9521
 1 0.4665 0.9491
 1 0.4689 0.9459
 1 0.4713 0.9426
 1 0.4735 0.9393
 1 0.4756 0.9359
 1 0.4775 0.9324
 1 0.4793 0.9289
 1 0.4810 0.9252
 1 0.4826 0.9215
 1 0.4840 0.9178
 1 0.4853 0.9140
 1 0.4865 0.9102
 1 0.4875 0.9063
 1 0.4884 0.9024
 1 0.4891 0.8985
 1 0.4897 0.8945
 1 0.4901 0.8906
 1 0.4904 0.8866
 1 0.4906 0.8826
 1 0.4906 0.1176
 1 0.4904 0.1136
 1 0.4901 0.1096
 1 0.4897 0.1056
 1 0.4891 0.1016
 1 0.4884 0.0977
 1 0.4875 0.0938
 1 0.4865 0.0899
 1 0.4853 0.0861
 1 0.4840 0.0823
 1 0.4826 0.0786
 1 0.4810 0.0749
 1 0.4793 0.0713
 1 0.4775 0.0677
 1 0.4756 0.0642
 1 0.4735 0.0608
 1 0.4713 0.0575
 1 0.4689 0.0542
 1 0.4665 0.0511
 1 0.4639 0.0480
 1 0.4613 0.0450
 1 0.4585 0.0421
 1 0.4556 0.0394
 1 0.4526 0.0367
 1 0.4496 0.0341
 1 0.4464 0.0317
 1 0.4432 0.0294
 1 0.4398 0.0271
 1 0.4364 0.0251
 1 0.4329 0.0231
 1 0.4294 0.0213
 1 0.4257 0.0196
 1 0.4221 0.0180
 1 0.4183 0.0166
 1 0.4145 0.0153
 1 0.4107 0.0141
 1 0.4069 0.0131
 1 0.4029 0.0122
 1 0.3990 0.0115
 1 0.3951 0.0109
 1 0.3911 0.0105
 1 0.3871 0.0102
 1 0.3831 0.0100
 1 -0.3831 0.0100
 1 -0.3871 0.0102
 1 -0.3911 0.0105
 1 -0.3951 0.0109
 1 -0.3990 0.0115
 1 -0.4029 0.0122
 1 -0.4069 0.0131
 1 -0.4107 0.0141
 1 -0.4145 0.0153
 1 -0.4183 0.0166
 1 -0.4221 0.0180
 1 -0.4257 0.0196
 1 -0.4294 0.0213
 1 -0.4329 0.0231
 1 -0.4364 0.0251
 1 -0.4398 0.0271
 1 -0.4432 0.0294
 1 -0.4464 0.0317
 1 -0.4496 0.0341
 1 -0.4526 0.0367
 1 -0.4556 0.0394
 1 -0.4585 0.0421
 1 -0.4613 0.0450
 1 -0.4639 0.0480
 1 -0.4665 0.0511
 1 -0.4689 0.0542
 1 -0.4713 0.0575
 1 -0.4735 0.0608
 1 -0.4756 0.0642
 1 -0.4775 0.0677
 1 -0.4793 0.0713
 1 -0.4810 0.0749
 1 -0.4826 0.0786
 1 -0.4840 0.0823
 1 -0.4853 0.0861
 1 -0.4865 0.0899
 1 -0.4875 0.0938
 1 -0.4884 0.0977
 1 -0.4891 0.1016
 1 -0.4897 0.1056
 1 -0.4901 0.1096
 1 -0.4904 0.1136
 1 -0.4906 0.1176
 1 -0.4906 0.8826
112 1252 173
 0 -0.4706 0.8822
 1 -0.4704 0.8855
 1 -0.4702 0.8887
 1 -0.4698 0.8920
 1 -0.4694 0.8952
 1 -0.4688 0.8984
 1 -0.4680 0.9016
 1 -0.4672 0.9048
 1 -0.4663 0.9079
 1 -0.4652 0.9110
 1 -0.4641 0.9141
 1 -0.4628 0.9171
 1 -0.4614 0.9200
 1 -0.4599 0.9229
 1 -0.4583 0.9258
 1 -0.4566 0.9286
 1 -0.4548 0.9313
 1 -0.4529 0.9340
 1 -0.4509 0.9366
 1 -0.4488 0.9391
 1 -0.4466 0.9415
 1 -0.4443 0.9439
 1 -0.4420 0.9461
 1 -0.4396 0.9483
 1 -0.4370 0.9504
 1 -0.4345 0.9524
 1 -0.4318 0.9543
 1 -0.4291 0.9561
 1 -0.4263 0.9578
 1 -0.4234 0.9594
 1 -0.4205 0.9609
 1 -0.4176 0.9623
 1 -0.4146 0.9636
 1 -0.4115 0.9648
 1 -0.4084 0.9658
 1 -0.4053 0.9668
 1 -0.4021 0.9676
 1 -0.3989 0.9683
 1 -0.3957 0.9689
 1 -0.3925 0.9694
 1 -0.3892 0.9698
 1 -0.3860 0.9700
 1 -0.3827 0.9701
 1 0.3827 0.9701
 1 0.3860 0.9700
 1 0.3892 0.9698
 1 0.3925 0.9694
 1 0.3957 0.9689
 1 0.3989 0.9683
 1 0.4021 0.9676
 1 0.4053 0.9668
 1 0.4084 0.9658
 1 0.4115 0.9648
 1 0.4146 0.9636
 1 0.4176 0.9623
 1 0.4205 0.9609
 1 0.4234 0.9594
 1 0.4263 0.9578
 1 0.4291 0.9561
 1 0.4318 0.9543
 1 0.4345 0.9524
 1 0.4370 0.9504
 1 0.4396 0.9483
 1 0.4420 0.9461
 1 0.4443 0.9439
 1 0.4466 0.9415
 1 0.4488 0.9391
 1 0.4509 0.9366
 1 0.4529 0.9340
 1 0.4548 0.9313
 1 0.4566 0.9286
 1 0.4583 0.9258
 1 0.4599 0.9229
 1 0.4614 0.9200
 1 0.4628 0.9171
 1 0.4641 0.9141
 1 0.4652 0.9110
 1 0.4663 0.9079
 1 0.4672 0.9048
 1 0.4680 0.9016
 1 0.4688 0.8984
 1 0.4694 0.8952
 1 0.4698 0.8920
 1 0.4702 0.8887
 1 0.4704 0.8855
 1 0.4706 0.8822
 1 0.4706 0.1179
 1 0.4704 0.1147
 1 0.4702 0.1114
 1 0.4698 0.1082
 1 0.4694 0.1049
 1 0.4688 0.1017
 1 0.4680 0.0985
 1 0.4672 0.0954
 1 0.4663 0.0922
 1 0.4652 0.0891
 1 0.4641 0.0861
 1 0.4628 0.0831
 1 0.4614 0.0801
 1 0.4599 0.0772
 1 0.4583 0.0744
 1 0.4566 0.0716
 1 0.4548 0.0688
 1 0.4529 0.0662
 1 0.4509 0.0636
 1 0.4488 0.0611
 1 0.4466 0.0586
 1 0.4443 0.0563
 1 0.4420 0.0540
 1 0.4396 0.0518
 1 0.4370 0.0497
 1 0.4345 0.0477
 1 0.4318 0.0458
 1 0.4291 0.0440
 1 0.4263 0.0423
 1 0.4234 0.0407
 1 0.4205 0.0392
 1 0.4176 0.0378
 1 0.4146 0.0365
 1 0.4115 0.0354
 1 0.4084 0.0343
 1 0.4053 0.0334
 1 0.4021 0.0325
 1 0.3989 0.0318
 1 0.3957 0.0312
 1 0.3925 0.0307
 1 0.3892 0.0304
 1 0.3860 0.0301
 1 0.3827 0.0300
 1 -0.3827 0.0300
 1 -0.3860 0.0301
 1 -0.3892 0.0304
 1 -0.3925 0.0307
 1 -0.3957 0.0312
 1 -0.3989 0.0318
 1 -0.4021 0.0325
 1 -0.4053 0.0334
 1 -0.4084 0.0343
 1 -0.4115 0.0354
 1 -0.4146 0.0365
 1 -0.4176 0.0378
 1 -0.4205 0.0392
 1 -0.4234 0.0407
 1 -0.4263 0.0423
 1 -0.4291 0.0440
 1 -0.4318 0.0458
 1 -0.4345 0.0477
 1 -0.4370 0.0497
 1 -0.4396 0.0518
 1 -0.4420 0.0540
 1 -0.4443 0.0563
 1 -0.4466 0.0586
 1 -0.4488 0.0611
 1 -0.4509 0.0636
 1 -0.4529 0.0662
 1 -0.4548 0.0688
 1 -0.4566 0.0716
 1 -0.4583 0.0743
 1 -0.4599 0.0772
 1 -0.4614 0.0801
 1 -0.4628 0.0831
 1 -0.4640 0.0861
 1 -0.4652 0.0891
 1 -0.4663 0.0922
 1 -0.4672 0.0954
 1 -0.4680 0.0985
 1 -0.4688 0.1017
 1 -0.4694 0.1049
 1 -0.4698 0.1082
 1 -0.4702 0.1114
 1 -0.4704 0.1147
 1 -0.4706 0.1179
 1 -0.4706 0.8822
112 1251 254
 0 -0.0741 0.2111
 1 -0.0738 0.2013
 1 -0.0741 0.1925
 1 -0.0755 0.1847
 1 -0.0774 0.1775
 1 -0.0800 0.1713
 1 -0.0833 0.1661
 1 -0.0875 0.1619
 1 -0.0921 0.1583
 1 -0.0973 0.1553
 1 -0.1032 0.1534
 1 -0.1097 0.1521
 1 -0.1169 0.1514
 1 -0.1215 0.1514
 1 -0.1283 0.1514
 1 -0.1313 0.1514
 1 -0.1326 0.1514
 1 -0.1335 0.1514
 1 -0.1371 0.1517
 1 -0.1440 0.1524
 1 -0.1502 0.1540
 1 -0.1557 0.1563
 1 -0.1606 0.1596
 1 -0.1652 0.1635
 1 -0.1688 0.1684
 1 -0.1717 0.1739
 1 -0.1743 0.1805
 1 -0.1760 0.1880
 1 -0.1766 0.1961
 1 -0.1769 0.2056
 1 -0.1766 0.2105
 1 -0.1766 0.2121
 1 -0.1763 0.2160
 1 -0.1760 0.2219
 1 -0.1756 0.2304
 1 -0.1750 0.2408
 1 -0.1743 0.2529
 1 -0.1737 0.2663
 1 -0.1727 0.2813
 1 -0.1720 0.2969
 1 -0.1701 0.3309
 1 -0.1681 0.3658
 1 -0.1662 0.4004
 1 -0.1655 0.4167
 1 -0.1645 0.4324
 1 -0.1639 0.4467
 1 -0.1629 0.4598
 1 -0.1622 0.4712
 1 -0.1619 0.4810
 1 -0.1616 0.4885
 1 -0.1613 0.4940
 1 -0.1609 0.4957
 1 -0.1609 0.4966
 1 -0.1609 0.4970
 1 -0.1609 0.4993
 1 -0.1613 0.5038
 1 -0.1622 0.5077
 1 -0.1655 0.5152
 1 -0.1704 0.5221
 1 -0.1769 0.5286
 1 -0.1838 0.5352
 1 -0.1913 0.5423
 1 -0.1988 0.5508
 1 -0.2056 0.5603
 1 -0.2119 0.5720
 1 -0.2145 0.5786
 1 -0.2167 0.5857
 1 -0.2187 0.5936
 1 -0.2200 0.6020
 1 -0.2210 0.6115
 1 -0.2210 0.6216
 1 -0.2210 0.6301
 1 -0.2210 0.6392
 1 -0.2203 0.6592
 1 -0.2194 0.6810
 1 -0.2167 0.7260
 1 -0.2151 0.7482
 1 -0.2138 0.7691
 1 -0.2122 0.7880
 1 -0.2115 0.7965
 1 -0.2109 0.8040
 1 -0.2105 0.8109
 1 -0.2099 0.8168
 1 -0.2096 0.8213
 1 -0.2092 0.8249
 1 -0.2092 0.8275
 1 -0.2089 0.8285
 1 -0.2089 0.8308
 1 -0.2076 0.8354
 1 -0.2056 0.8393
 1 -0.2027 0.8422
 1 -0.1998 0.8442
 1 -0.1965 0.8451
 1 -0.1929 0.8451
 1 -0.1897 0.8445
 1 -0.1864 0.8429
 1 -0.1835 0.8403
 1 -0.1812 0.8370
 1 -0.1799 0.8327
 1 -0.1795 0.8301
 1 -0.1795 0.8279
 1 -0.1795 0.8256
 1 -0.1795 0.8220
 1 -0.1795 0.8174
 1 -0.1795 0.8115
 1 -0.1795 0.8044
 1 -0.1795 0.7969
 1 -0.1795 0.7792
 1 -0.1795 0.7603
 1 -0.1795 0.7404
 1 -0.1795 0.7212
 1 -0.1795 0.7032
 1 -0.1795 0.6950
 1 -0.1795 0.6879
 1 -0.1795 0.6813
 1 -0.1795 0.6761
 1 -0.1795 0.6719
 1 -0.1795 0.6689
 1 -0.1795 0.6676
 1 -0.1795 0.6673
 1 -0.1786 0.6673
 1 -0.1766 0.6673
 1 -0.1698 0.6673
 1 -0.1616 0.6673
 1 -0.1538 0.6673
 1 -0.1502 0.6673
 1 -0.1476 0.6673
 1 -0.1459 0.6673
 1 -0.1453 0.6673
 1 -0.1453 0.6686
 1 -0.1453 0.6712
 1 -0.1453 0.6751
 1 -0.1450 0.6804
 1 -0.1450 0.6869
 1 -0.1446 0.6941
 1 -0.1443 0.7022
 1 -0.1440 0.7110
 1 -0.1433 0.7303
 1 -0.1427 0.7505
 1 -0.1420 0.7708
 1 -0.1414 0.7900
 1 -0.1410 0.7988
 1 -0.1410 0.8070
 1 -0.1407 0.8141
 1 -0.1404 0.8207
 1 -0.1404 0.8259
 1 -0.1401 0.8298
 1 -0.1401 0.8324
 1 -0.1401 0.8337
 1 -0.1394 0.8376
 1 -0.1378 0.8412
 1 -0.1355 0.8438
 1 -0.1326 0.8461
 1 -0.1293 0.8474
 1 -0.1257 0.8481
 1 -0.1221 0.8478
 1 -0.1185 0.8465
 1 -0.1156 0.8448
 1 -0.1133 0.8419
 1 -0.1117 0.8386
 1 -0.1107 0.8347
 1 -0.1107 0.8327
 1 -0.1107 0.8305
 1 -0.1104 0.8265
 1 -0.1104 0.8213
 1 -0.1100 0.8151
 1 -0.1097 0.8079
 1 -0.1097 0.8001
 1 -0.1091 0.7818
 1 -0.1084 0.7623
 1 -0.1071 0.7218
 1 -0.1065 0.7035
 1 -0.1061 0.6950
 1 -0.1058 0.6879
 1 -0.1058 0.6813
 1 -0.1055 0.6758
 1 -0.1055 0.6716
 1 -0.1055 0.6689
 1 -0.1051 0.6673
 1 -0.1042 0.6673
 1 -0.1019 0.6673
 1 -0.0989 0.6673
 1 -0.0914 0.6673
 1 -0.0830 0.6673
 1 -0.0758 0.6673
 1 -0.0732 0.6673
 1 -0.0715 0.6673
 1 -0.0712 0.6673
 1 -0.0712 0.6686
 1 -0.0712 0.6712
 1 -0.0712 0.6755
 1 -0.0712 0.6807
 1 -0.0712 0.6869
 1 -0.0712 0.6941
 1 -0.0712 0.7019
 1 -0.0712 0.7107
 1 -0.0712 0.7293
 1 -0.0712 0.7685
 1 -0.0712 0.7871
 1 -0.0712 0.7955
 1 -0.0712 0.8034
 1 -0.0712 0.8106
 1 -0.0712 0.8164
 1 -0.0712 0.8217
 1 -0.0712 0.8252
 1 -0.0712 0.8279
 1 -0.0712 0.8285
 1 -0.0709 0.8311
 1 -0.0699 0.8357
 1 -0.0679 0.8396
 1 -0.0653 0.8422
 1 -0.0621 0.8442
 1 -0.0588 0.8451
 1 -0.0552 0.8451
 1 -0.0520 0.8445
 1 -0.0487 0.8429
 1 -0.0458 0.8403
 1 -0.0438 0.8367
 1 -0.0422 0.8324
 1 -0.0418 0.8298
 1 -0.0415 0.8279
 1 -0.0415 0.8256
 1 -0.0412 0.8220
 1 -0.0409 0.8174
 1 -0.0402 0.8119
 1 -0.0399 0.8050
 1 -0.0392 0.7975
 1 -0.0386 0.7893
 1 -0.0379 0.7802
 1 -0.0363 0.7603
 1 -0.0350 0.7391
 1 -0.0321 0.6937
 1 -0.0311 0.6716
 1 -0.0301 0.6503
 1 -0.0298 0.6314
 1 -0.0294 0.6226
 1 -0.0298 0.6128
 1 -0.0304 0.6034
 1 -0.0317 0.5949
 1 -0.0337 0.5867
 1 -0.0356 0.5795
 1 -0.0383 0.5727
 1 -0.0412 0.5668
 1 -0.0477 0.5560
 1 -0.0552 0.5469
 1 -0.0627 0.5391
 1 -0.0699 0.5322
 1 -0.0768 0.5257
 1 -0.0826 0.5192
 1 -0.0869 0.5123
 1 -0.0895 0.5045
 1 -0.0898 0.4999
 1 -0.0898 0.4976
 1 -0.0741 0.2111
112 1251 134
 0 0.1394 0.4753
 1 0.1396 0.4768
 1 0.1393 0.4800
 1 0.1383 0.4859
 1 0.1360 0.4908
 1 0.1334 0.4960
 1 0.1256 0.5055
 1 0.1167 0.5156
 1 0.1076 0.5273
 1 0.1034 0.5345
 1 0.0994 0.5423
 1 0.0962 0.5515
 1 0.0939 0.5616
 1 0.0923 0.5730
 1 0.0916 0.5861
 1 0.0923 0.6105
 1 0.0946 0.6347
 1 0.0978 0.6585
 1 0.1024 0.6817
 1 0.1079 0.7042
 1 0.1145 0.7257
 1 0.1213 0.7459
 1 0.1288 0.7649
 1 0.1370 0.7825
 1 0.1451 0.7982
 1 0.1536 0.8122
 1 0.1618 0.8239
 1 0.1699 0.8334
 1 0.1778 0.8403
 1 0.1813 0.8429
 1 0.1849 0.8445
 1 0.1885 0.8458
 1 0.1918 0.8461
 1 0.1980 0.8455
 1 0.2029 0.8438
 1 0.2068 0.8416
 1 0.2094 0.8380
 1 0.2114 0.8334
 1 0.2127 0.8282
 1 0.2133 0.8220
 1 0.2133 0.8151
 1 0.2133 0.8148
 1 0.2133 0.8135
 1 0.2133 0.8112
 1 0.2133 0.8083
 1 0.2133 0.8047
 1 0.2133 0.8001
 1 0.2133 0.7952
 1 0.2133 0.7893
 1 0.2133 0.7756
 1 0.2133 0.7593
 1 0.2133 0.7411
 1 0.2133 0.7208
 1 0.2133 0.6986
 1 0.2133 0.6751
 1 0.2133 0.6500
 1 0.2133 0.6242
 1 0.2133 0.5971
 1 0.2133 0.5694
 1 0.2133 0.5133
 1 0.2133 0.4568
 1 0.2133 0.4291
 1 0.2133 0.4023
 1 0.2133 0.3762
 1 0.2133 0.3514
 1 0.2133 0.3276
 1 0.2133 0.3054
 1 0.2133 0.2852
 1 0.2133 0.2669
 1 0.2133 0.2509
 1 0.2133 0.2372
 1 0.2133 0.2314
 1 0.2133 0.2261
 1 0.2133 0.2216
 1 0.2133 0.2180
 1 0.2133 0.2150
 1 0.2133 0.2131
 1 0.2133 0.2118
 1 0.2133 0.2111
 1 0.2127 0.1968
 1 0.2107 0.1844
 1 0.2075 0.1739
 1 0.2026 0.1658
 1 0.1964 0.1592
 1 0.1889 0.1550
 1 0.1797 0.1524
 1 0.1693 0.1514
 1 0.1686 0.1514
 1 0.1673 0.1514
 1 0.1631 0.1514
 1 0.1588 0.1514
 1 0.1575 0.1514
 1 0.1572 0.1514
 1 0.1464 0.1524
 1 0.1370 0.1550
 1 0.1288 0.1596
 1 0.1223 0.1658
 1 0.1171 0.1739
 1 0.1154 0.1788
 1 0.1138 0.1844
 1 0.1128 0.1902
 1 0.1125 0.1968
 1 0.1125 0.2036
 1 0.1132 0.2111
 1 0.1132 0.2121
 1 0.1132 0.2141
 1 0.1138 0.2177
 1 0.1141 0.2225
 1 0.1148 0.2284
 1 0.1154 0.2353
 1 0.1161 0.2434
 1 0.1171 0.2522
 1 0.1180 0.2617
 1 0.1190 0.2721
 1 0.1213 0.2943
 1 0.1236 0.3182
 1 0.1262 0.3426
 1 0.1285 0.3671
 1 0.1308 0.3906
 1 0.1331 0.4128
 1 0.1340 0.4232
 1 0.1350 0.4327
 1 0.1360 0.4415
 1 0.1366 0.4497
 1 0.1376 0.4565
 1 0.1380 0.4624
 1 0.1386 0.4673
 1 0.1389 0.4709
 1 0.1393 0.4732
 1 0.1393 0.4738
 1 0.1394 0.4753
 1 0.1393 0.4738
 1 0.1396 0.4768
 1 0.1394 0.4753
