SEcl_IS-6
3495 6 1 1 0 0 0 0 0 0 1 1
1.0000
112 1252 173
 0 -0.5006 0.8828
 1 -0.5004 0.8871
 1 -0.5001 0.8915
 1 -0.4996 0.8958
 1 -0.4990 0.9001
 1 -0.4982 0.9044
 1 -0.4972 0.9087
 1 -0.4961 0.9129
 1 -0.4948 0.9171
 1 -0.4934 0.9212
 1 -0.4919 0.9253
 1 -0.4902 0.9293
 1 -0.4883 0.9333
 1 -0.4863 0.9371
 1 -0.4842 0.9409
 1 -0.4819 0.9447
 1 -0.4795 0.9483
 1 -0.4770 0.9519
 1 -0.4743 0.9553
 1 -0.4715 0.9587
 1 -0.4686 0.9619
 1 -0.4656 0.9651
 1 -0.4624 0.9681
 1 -0.4592 0.9710
 1 -0.4558 0.9738
 1 -0.4524 0.9765
 1 -0.4488 0.9790
 1 -0.4452 0.9814
 1 -0.4415 0.9837
 1 -0.4377 0.9858
 1 -0.4338 0.9878
 1 -0.4298 0.9897
 1 -0.4258 0.9914
 1 -0.4217 0.9930
 1 -0.4176 0.9944
 1 -0.4134 0.9957
 1 -0.4092 0.9968
 1 -0.4050 0.9977
 1 -0.4007 0.9985
 1 -0.3964 0.9992
 1 -0.3920 0.9996
 1 -0.3877 1.0000
 1 -0.3833 1.0001
 1 0.3833 1.0001
 1 0.3877 1.0000
 1 0.3920 0.9996
 1 0.3964 0.9992
 1 0.4007 0.9985
 1 0.4050 0.9977
 1 0.4092 0.9968
 1 0.4134 0.9957
 1 0.4176 0.9944
 1 0.4217 0.9930
 1 0.4258 0.9914
 1 0.4298 0.9897
 1 0.4338 0.9878
 1 0.4377 0.9858
 1 0.4415 0.9837
 1 0.4452 0.9814
 1 0.4488 0.9790
 1 0.4524 0.9765
 1 0.4558 0.9738
 1 0.4592 0.9710
 1 0.4624 0.9681
 1 0.4656 0.9651
 1 0.4686 0.9619
 1 0.4715 0.9587
 1 0.4743 0.9553
 1 0.4770 0.9519
 1 0.4795 0.9483
 1 0.4819 0.9447
 1 0.4842 0.9409
 1 0.4863 0.9371
 1 0.4883 0.9333
 1 0.4902 0.9293
 1 0.4919 0.9253
 1 0.4934 0.9212
 1 0.4948 0.9171
 1 0.4961 0.9129
 1 0.4972 0.9087
 1 0.4982 0.9044
 1 0.4990 0.9001
 1 0.4996 0.8958
 1 0.5001 0.8915
 1 0.5004 0.8871
 1 0.5006 0.8828
 1 0.5006 0.1174
 1 0.5004 0.1130
 1 0.5001 0.1087
 1 0.4996 0.1043
 1 0.4990 0.1000
 1 0.4982 0.0957
 1 0.4972 0.0915
 1 0.4961 0.0872
 1 0.4948 0.0831
 1 0.4934 0.0789
 1 0.4919 0.0748
 1 0.4902 0.0708
 1 0.4883 0.0669
 1 0.4863 0.0630
 1 0.4842 0.0592
 1 0.4819 0.0555
 1 0.4795 0.0518
 1 0.4770 0.0483
 1 0.4743 0.0448
 1 0.4715 0.0415
 1 0.4686 0.0382
 1 0.4656 0.0351
 1 0.4624 0.0320
 1 0.4592 0.0291
 1 0.4558 0.0263
 1 0.4524 0.0237
 1 0.4488 0.0211
 1 0.4452 0.0187
 1 0.4415 0.0164
 1 0.4377 0.0143
 1 0.4338 0.0123
 1 0.4298 0.0104
 1 0.4258 0.0087
 1 0.4217 0.0072
 1 0.4176 0.0057
 1 0.4134 0.0045
 1 0.4092 0.0034
 1 0.4050 0.0024
 1 0.4007 0.0016
 1 0.3964 0.0010
 1 0.3920 0.0005
 1 0.3877 0.0002
 1 0.3833 0.0000
 1 -0.3833 0.0000
 1 -0.3833 0.0000
 1 -0.3877 0.0002
 1 -0.3920 0.0005
 1 -0.3964 0.0010
 1 -0.4007 0.0016
 1 -0.4050 0.0024
 1 -0.4092 0.0034
 1 -0.4134 0.0045
 1 -0.4176 0.0057
 1 -0.4217 0.0072
 1 -0.4258 0.0087
 1 -0.4298 0.0104
 1 -0.4338 0.0123
 1 -0.4377 0.0143
 1 -0.4415 0.0164
 1 -0.4452 0.0187
 1 -0.4488 0.0211
 1 -0.4524 0.0237
 1 -0.4558 0.0263
 1 -0.4592 0.0291
 1 -0.4624 0.0320
 1 -0.4656 0.0351
 1 -0.4686 0.0382
 1 -0.4715 0.0415
 1 -0.4743 0.0448
 1 -0.4770 0.0483
 1 -0.4795 0.0518
 1 -0.4819 0.0555
 1 -0.4842 0.0592
 1 -0.4863 0.0630
 1 -0.4883 0.0669
 1 -0.4902 0.0708
 1 -0.4919 0.0748
 1 -0.4934 0.0789
 1 -0.4948 0.0831
 1 -0.4961 0.0872
 1 -0.4972 0.0915
 1 -0.4982 0.0957
 1 -0.4990 0.1000
 1 -0.4996 0.1043
 1 -0.5001 0.1087
 1 -0.5004 0.1130
 1 -0.5006 0.1174
112 1251 173
 0 -0.4906 0.8826
 1 -0.4904 0.8866
 1 -0.4901 0.8906
 1 -0.4897 0.8945
 1 -0.4891 0.8985
 1 -0.4884 0.9024
 1 -0.4875 0.9063
 1 -0.4865 0.9102
 1 -0.4853 0.9140
 1 -0.4840 0.9178
 1 -0.4826 0.9215
 1 -0.4810 0.9252
 1 -0.4793 0.9288
 1 -0.4775 0.9324
 1 -0.4756 0.9359
 1 -0.4735 0.9393
 1 -0.4713 0.9426
 1 -0.4689 0.9459
 1 -0.4665 0.9491
 1 -0.4639 0.9521
 1 -0.4613 0.9551
 1 -0.4585 0.9580
 1 -0.4556 0.9608
 1 -0.4526 0.9634
 1 -0.4496 0.9660
 1 -0.4464 0.9685
 1 -0.4431 0.9708
 1 -0.4398 0.9730
 1 -0.4364 0.9751
 1 -0.4329 0.9770
 1 -0.4294 0.9789
 1 -0.4257 0.9806
 1 -0.4221 0.9821
 1 -0.4183 0.9836
 1 -0.4145 0.9849
 1 -0.4107 0.9860
 1 -0.4069 0.9870
 1 -0.4029 0.9879
 1 -0.3990 0.9887
 1 -0.3951 0.9892
 1 -0.3911 0.9897
 1 -0.3871 0.9900
 1 -0.3831 0.9901
 1 0.3831 0.9901
 1 0.3871 0.9900
 1 0.3911 0.9897
 1 0.3951 0.9892
 1 0.3990 0.9887
 1 0.4030 0.9879
 1 0.4069 0.9870
 1 0.4107 0.9860
 1 0.4145 0.9849
 1 0.4183 0.9836
 1 0.4221 0.9821
 1 0.4257 0.9806
 1 0.4294 0.9789
 1 0.4329 0.9770
 1 0.4364 0.9751
 1 0.4398 0.9730
 1 0.4432 0.9708
 1 0.4464 0.9685
 1 0.4496 0.9660
 1 0.4526 0.9634
 1 0.4556 0.9608
 1 0.4585 0.9580
 1 0.4613 0.9551
 1 0.4639 0.9521
 1 0.4665 0.9491
 1 0.4689 0.9459
 1 0.4713 0.9426
 1 0.4735 0.9393
 1 0.4756 0.9359
 1 0.4775 0.9324
 1 0.4793 0.9289
 1 0.4810 0.9252
 1 0.4826 0.9215
 1 0.4840 0.9178
 1 0.4853 0.9140
 1 0.4865 0.9102
 1 0.4875 0.9063
 1 0.4884 0.9024
 1 0.4891 0.8985
 1 0.4897 0.8945
 1 0.4901 0.8906
 1 0.4904 0.8866
 1 0.4906 0.8826
 1 0.4906 0.1176
 1 0.4904 0.1136
 1 0.4901 0.1096
 1 0.4897 0.1056
 1 0.4891 0.1016
 1 0.4884 0.0977
 1 0.4875 0.0938
 1 0.4865 0.0899
 1 0.4853 0.0861
 1 0.4840 0.0823
 1 0.4826 0.0786
 1 0.4810 0.0749
 1 0.4793 0.0713
 1 0.4775 0.0677
 1 0.4756 0.0642
 1 0.4735 0.0608
 1 0.4713 0.0575
 1 0.4689 0.0542
 1 0.4665 0.0511
 1 0.4639 0.0480
 1 0.4613 0.0450
 1 0.4585 0.0421
 1 0.4556 0.0394
 1 0.4526 0.0367
 1 0.4496 0.0341
 1 0.4464 0.0317
 1 0.4432 0.0294
 1 0.4398 0.0271
 1 0.4364 0.0251
 1 0.4329 0.0231
 1 0.4294 0.0213
 1 0.4257 0.0196
 1 0.4221 0.0180
 1 0.4183 0.0166
 1 0.4145 0.0153
 1 0.4107 0.0141
 1 0.4069 0.0131
 1 0.4029 0.0122
 1 0.3990 0.0115
 1 0.3951 0.0109
 1 0.3911 0.0105
 1 0.3871 0.0102
 1 0.3831 0.0100
 1 -0.3831 0.0100
 1 -0.3871 0.0102
 1 -0.3911 0.0105
 1 -0.3951 0.0109
 1 -0.3990 0.0115
 1 -0.4029 0.0122
 1 -0.4069 0.0131
 1 -0.4107 0.0141
 1 -0.4145 0.0153
 1 -0.4183 0.0166
 1 -0.4221 0.0180
 1 -0.4257 0.0196
 1 -0.4294 0.0213
 1 -0.4329 0.0231
 1 -0.4364 0.0251
 1 -0.4398 0.0271
 1 -0.4432 0.0294
 1 -0.4464 0.0317
 1 -0.4496 0.0341
 1 -0.4526 0.0367
 1 -0.4556 0.0394
 1 -0.4585 0.0421
 1 -0.4613 0.0450
 1 -0.4639 0.0480
 1 -0.4665 0.0511
 1 -0.4689 0.0542
 1 -0.4713 0.0575
 1 -0.4735 0.0608
 1 -0.4756 0.0642
 1 -0.4775 0.0677
 1 -0.4793 0.0713
 1 -0.4810 0.0749
 1 -0.4826 0.0786
 1 -0.4840 0.0823
 1 -0.4853 0.0861
 1 -0.4865 0.0899
 1 -0.4875 0.0938
 1 -0.4884 0.0977
 1 -0.4891 0.1016
 1 -0.4897 0.1056
 1 -0.4901 0.1096
 1 -0.4904 0.1136
 1 -0.4906 0.1176
 1 -0.4906 0.8826
112 1252 173
 0 -0.4706 0.8822
 1 -0.4704 0.8855
 1 -0.4702 0.8887
 1 -0.4698 0.8920
 1 -0.4694 0.8952
 1 -0.4688 0.8984
 1 -0.4680 0.9016
 1 -0.4672 0.9048
 1 -0.4663 0.9079
 1 -0.4652 0.9110
 1 -0.4641 0.9141
 1 -0.4628 0.9171
 1 -0.4614 0.9200
 1 -0.4599 0.9229
 1 -0.4583 0.9258
 1 -0.4566 0.9286
 1 -0.4548 0.9313
 1 -0.4529 0.9340
 1 -0.4509 0.9366
 1 -0.4488 0.9391
 1 -0.4466 0.9415
 1 -0.4443 0.9439
 1 -0.4420 0.9461
 1 -0.4396 0.9483
 1 -0.4370 0.9504
 1 -0.4345 0.9524
 1 -0.4318 0.9543
 1 -0.4291 0.9561
 1 -0.4263 0.9578
 1 -0.4234 0.9594
 1 -0.4205 0.9609
 1 -0.4176 0.9623
 1 -0.4146 0.9636
 1 -0.4115 0.9648
 1 -0.4084 0.9658
 1 -0.4053 0.9668
 1 -0.4021 0.9676
 1 -0.3989 0.9683
 1 -0.3957 0.9689
 1 -0.3925 0.9694
 1 -0.3892 0.9698
 1 -0.3860 0.9700
 1 -0.3827 0.9701
 1 0.3827 0.9701
 1 0.3860 0.9700
 1 0.3892 0.9698
 1 0.3925 0.9694
 1 0.3957 0.9689
 1 0.3989 0.9683
 1 0.4021 0.9676
 1 0.4053 0.9668
 1 0.4084 0.9658
 1 0.4115 0.9648
 1 0.4146 0.9636
 1 0.4176 0.9623
 1 0.4205 0.9609
 1 0.4234 0.9594
 1 0.4263 0.9578
 1 0.4291 0.9561
 1 0.4318 0.9543
 1 0.4345 0.9524
 1 0.4370 0.9504
 1 0.4396 0.9483
 1 0.4420 0.9461
 1 0.4443 0.9439
 1 0.4466 0.9415
 1 0.4488 0.9391
 1 0.4509 0.9366
 1 0.4529 0.9340
 1 0.4548 0.9313
 1 0.4566 0.9286
 1 0.4583 0.9258
 1 0.4599 0.9229
 1 0.4614 0.9200
 1 0.4628 0.9171
 1 0.4641 0.9141
 1 0.4652 0.9110
 1 0.4663 0.9079
 1 0.4672 0.9048
 1 0.4680 0.9016
 1 0.4688 0.8984
 1 0.4694 0.8952
 1 0.4698 0.8920
 1 0.4702 0.8887
 1 0.4704 0.8855
 1 0.4706 0.8822
 1 0.4706 0.1179
 1 0.4704 0.1147
 1 0.4702 0.1114
 1 0.4698 0.1082
 1 0.4694 0.1049
 1 0.4688 0.1017
 1 0.4680 0.0985
 1 0.4672 0.0954
 1 0.4663 0.0922
 1 0.4652 0.0891
 1 0.4641 0.0861
 1 0.4628 0.0831
 1 0.4614 0.0801
 1 0.4599 0.0772
 1 0.4583 0.0744
 1 0.4566 0.0716
 1 0.4548 0.0688
 1 0.4529 0.0662
 1 0.4509 0.0636
 1 0.4488 0.0611
 1 0.4466 0.0586
 1 0.4443 0.0563
 1 0.4420 0.0540
 1 0.4396 0.0518
 1 0.4370 0.0497
 1 0.4345 0.0477
 1 0.4318 0.0458
 1 0.4291 0.0440
 1 0.4263 0.0423
 1 0.4234 0.0407
 1 0.4205 0.0392
 1 0.4176 0.0378
 1 0.4146 0.0365
 1 0.4115 0.0354
 1 0.4084 0.0343
 1 0.4053 0.0334
 1 0.4021 0.0325
 1 0.3989 0.0318
 1 0.3957 0.0312
 1 0.3925 0.0307
 1 0.3892 0.0304
 1 0.3860 0.0301
 1 0.3827 0.0300
 1 -0.3827 0.0300
 1 -0.3860 0.0301
 1 -0.3892 0.0304
 1 -0.3925 0.0307
 1 -0.3957 0.0312
 1 -0.3989 0.0318
 1 -0.4021 0.0325
 1 -0.4053 0.0334
 1 -0.4084 0.0343
 1 -0.4115 0.0354
 1 -0.4146 0.0365
 1 -0.4176 0.0378
 1 -0.4205 0.0392
 1 -0.4234 0.0407
 1 -0.4263 0.0423
 1 -0.4291 0.0440
 1 -0.4318 0.0458
 1 -0.4345 0.0477
 1 -0.4370 0.0497
 1 -0.4396 0.0518
 1 -0.4420 0.0540
 1 -0.4443 0.0563
 1 -0.4466 0.0586
 1 -0.4488 0.0611
 1 -0.4509 0.0636
 1 -0.4529 0.0662
 1 -0.4548 0.0688
 1 -0.4566 0.0716
 1 -0.4583 0.0743
 1 -0.4599 0.0772
 1 -0.4614 0.0801
 1 -0.4628 0.0831
 1 -0.4640 0.0861
 1 -0.4652 0.0891
 1 -0.4663 0.0922
 1 -0.4672 0.0954
 1 -0.4680 0.0985
 1 -0.4688 0.1017
 1 -0.4694 0.1049
 1 -0.4698 0.1082
 1 -0.4702 0.1114
 1 -0.4704 0.1147
 1 -0.4706 0.1179
 1 -0.4706 0.8822
112 1251 157
 0 0.3383 0.5573
 1 0.3367 0.5577
 1 0.3347 0.5583
 1 0.3318 0.5590
 1 0.3279 0.5600
 1 0.3233 0.5613
 1 0.3181 0.5626
 1 0.3122 0.5642
 1 0.2985 0.5678
 1 0.2828 0.5717
 1 0.2655 0.5763
 1 0.2469 0.5812
 1 0.2078 0.5913
 1 0.1686 0.6017
 1 0.1500 0.6066
 1 0.1327 0.6109
 1 0.1171 0.6151
 1 0.1034 0.6187
 1 0.0975 0.6203
 1 0.0923 0.6216
 1 0.0877 0.6226
 1 0.0841 0.6236
 1 0.0812 0.6246
 1 0.0789 0.6252
 1 0.0773 0.6255
 1 0.0747 0.6262
 1 0.0704 0.6285
 1 0.0675 0.6317
 1 0.0655 0.6357
 1 0.0645 0.6406
 1 0.0642 0.6419
 1 0.0642 0.6428
 1 0.0642 0.6438
 1 0.0642 0.6458
 1 0.0645 0.6487
 1 0.0645 0.6523
 1 0.0645 0.6614
 1 0.0645 0.6719
 1 0.0645 0.6833
 1 0.0645 0.6944
 1 0.0649 0.7042
 1 0.0649 0.7081
 1 0.0649 0.7117
 1 0.0649 0.7143
 1 0.0649 0.7163
 1 0.0649 0.7169
 1 0.0649 0.7172
 1 0.0649 0.7185
 1 0.0649 0.7215
 1 0.0642 0.7313
 1 0.0632 0.7401
 1 0.0613 0.7473
 1 0.0590 0.7531
 1 0.0564 0.7580
 1 0.0531 0.7623
 1 0.0495 0.7655
 1 0.0417 0.7701
 1 0.0397 0.7711
 1 0.0391 0.7734
 1 0.0384 0.7769
 1 0.0371 0.7815
 1 0.0345 0.7923
 1 0.0332 0.7975
 1 0.0322 0.8017
 1 0.0313 0.8050
 1 0.0309 0.8066
 1 0.0309 0.8073
 1 0.0303 0.8089
 1 0.0290 0.8122
 1 0.0251 0.8187
 1 0.0198 0.8243
 1 0.0130 0.8282
 1 0.0091 0.8295
 1 0.0051 0.8301
 1 0.0042 0.8301
 1 0.0029 0.8301
 1 0.0012 0.8301
 1 0.0006 0.8301
 1 -0.0037 0.8295
 1 -0.0076 0.8282
 1 -0.0144 0.8243
 1 -0.0197 0.8187
 1 -0.0236 0.8122
 1 -0.0249 0.8089
 1 -0.0252 0.8073
 1 -0.0255 0.8066
 1 -0.0259 0.8050
 1 -0.0265 0.8017
 1 -0.0278 0.7975
 1 -0.0291 0.7923
 1 -0.0317 0.7815
 1 -0.0327 0.7769
 1 -0.0337 0.7734
 1 -0.0340 0.7711
 1 -0.0343 0.7711
 1 -0.0363 0.7701
 1 -0.0441 0.7655
 1 -0.0477 0.7623
 1 -0.0507 0.7580
 1 -0.0536 0.7531
 1 -0.0559 0.7473
 1 -0.0575 0.7401
 1 -0.0588 0.7313
 1 -0.0591 0.7215
 1 -0.0591 0.7185
 1 -0.0591 0.7172
 1 -0.0591 0.7169
 1 -0.0591 0.7163
 1 -0.0591 0.7143
 1 -0.0591 0.7117
 1 -0.0591 0.7081
 1 -0.0591 0.7042
 1 -0.0591 0.6944
 1 -0.0591 0.6833
 1 -0.0591 0.6719
 1 -0.0588 0.6614
 1 -0.0588 0.6523
 1 -0.0588 0.6487
 1 -0.0588 0.6458
 1 -0.0588 0.6438
 1 -0.0588 0.6428
 1 -0.0588 0.6419
 1 -0.0588 0.6406
 1 -0.0598 0.6357
 1 -0.0617 0.6317
 1 -0.0650 0.6285
 1 -0.0693 0.6262
 1 -0.0719 0.6255
 1 -0.0722 0.6252
 1 -0.0735 0.6252
 1 -0.0755 0.6246
 1 -0.0784 0.6236
 1 -0.0823 0.6226
 1 -0.0869 0.6216
 1 -0.0921 0.6203
 1 -0.0980 0.6187
 1 -0.1117 0.6151
 1 -0.1273 0.6109
 1 -0.1446 0.6066
 1 -0.1632 0.6017
 1 -0.2024 0.5913
 1 -0.2415 0.5812
 1 -0.2601 0.5763
 1 -0.3326 0.5573
 1 -0.3326 0.4813
 1 -0.0572 0.4921
 1 -0.0281 0.2584
 1 -0.1342 0.2222
 1 -0.1342 0.1857
 1 -0.0011 0.1713
 1 0.0068 0.1713
 1 0.1399 0.1857
 1 0.1399 0.2222
 1 0.0339 0.2584
 1 0.0626 0.4918
 1 0.3383 0.4813
 1 0.3383 0.5573
112 1251 51
 0 -0.0617 0.8112
 1 -0.0572 0.8203
 1 -0.0569 0.8213
 1 -0.0565 0.8220
 1 -0.0572 0.8220
 1 -0.0591 0.8220
 1 -0.0617 0.8220
 1 -0.0650 0.8220
 1 -0.0735 0.8220
 1 -0.0843 0.8220
 1 -0.0963 0.8220
 1 -0.1218 0.8220
 1 -0.1342 0.8220
 1 -0.1453 0.8220
 1 -0.1551 0.8220
 1 -0.1587 0.8220
 1 -0.1619 0.8220
 1 -0.1645 0.8220
 1 -0.1662 0.8220
 1 -0.1668 0.8220
 1 -0.1668 0.8207
 1 -0.1668 0.8184
 1 -0.1668 0.8151
 1 -0.1668 0.8115
 1 -0.1668 0.8027
 1 -0.1668 0.7939
 1 -0.1668 0.7900
 1 -0.1668 0.7867
 1 -0.1668 0.7845
 1 -0.1668 0.7835
 1 -0.1662 0.7835
 1 -0.1649 0.7835
 1 -0.1626 0.7835
 1 -0.1564 0.7835
 1 -0.1482 0.7835
 1 -0.1384 0.7835
 1 -0.1273 0.7835
 1 -0.1051 0.7835
 1 -0.0947 0.7835
 1 -0.0852 0.7835
 1 -0.0777 0.7835
 1 -0.0725 0.7835
 1 -0.0712 0.7835
 1 -0.0702 0.7835
 1 -0.0699 0.7845
 1 -0.0696 0.7861
 1 -0.0686 0.7903
 1 -0.0683 0.7916
 1 -0.0679 0.7923
 1 -0.0653 0.8021
 1 -0.0617 0.8112
112 1251 33
 0 0.1677 0.8220
 1 0.0574 0.8220
 1 0.0619 0.8128
 1 0.0655 0.8037
 1 0.0685 0.7942
 1 0.0688 0.7929
 1 0.0691 0.7923
 1 0.0694 0.7910
 1 0.0704 0.7871
 1 0.0711 0.7838
 1 0.0717 0.7835
 1 0.0727 0.7835
 1 0.0743 0.7835
 1 0.0802 0.7835
 1 0.0880 0.7835
 1 0.0975 0.7835
 1 0.1194 0.7835
 1 0.1415 0.7835
 1 0.1510 0.7835
 1 0.1588 0.7835
 1 0.1644 0.7835
 1 0.1663 0.7835
 1 0.1673 0.7835
 1 0.1677 0.7835
 1 0.1677 0.7851
 1 0.1677 0.7874
 1 0.1677 0.7907
 1 0.1677 0.7991
 1 0.1677 0.8079
 1 0.1677 0.8158
 1 0.1677 0.8190
 1 0.1677 0.8210
 1 0.1677 0.8220
