SEcl_IS-10
3529 10 1 1 0 0 0 0 0 0 1 1
1.0000
112 1252 173
 0 -0.5006 0.8828
 1 -0.5004 0.8871
 1 -0.5001 0.8915
 1 -0.4996 0.8958
 1 -0.4990 0.9001
 1 -0.4982 0.9044
 1 -0.4972 0.9087
 1 -0.4961 0.9129
 1 -0.4948 0.9171
 1 -0.4934 0.9212
 1 -0.4919 0.9253
 1 -0.4902 0.9293
 1 -0.4883 0.9333
 1 -0.4863 0.9371
 1 -0.4842 0.9409
 1 -0.4819 0.9447
 1 -0.4795 0.9483
 1 -0.4770 0.9519
 1 -0.4743 0.9553
 1 -0.4715 0.9587
 1 -0.4686 0.9619
 1 -0.4656 0.9651
 1 -0.4624 0.9681
 1 -0.4592 0.9710
 1 -0.4558 0.9738
 1 -0.4524 0.9765
 1 -0.4488 0.9790
 1 -0.4452 0.9814
 1 -0.4415 0.9837
 1 -0.4377 0.9858
 1 -0.4338 0.9878
 1 -0.4298 0.9897
 1 -0.4258 0.9914
 1 -0.4217 0.9930
 1 -0.4176 0.9944
 1 -0.4134 0.9957
 1 -0.4092 0.9968
 1 -0.4050 0.9977
 1 -0.4007 0.9985
 1 -0.3964 0.9992
 1 -0.3920 0.9996
 1 -0.3877 1.0000
 1 -0.3833 1.0001
 1 0.3833 1.0001
 1 0.3877 1.0000
 1 0.3920 0.9996
 1 0.3964 0.9992
 1 0.4007 0.9985
 1 0.4050 0.9977
 1 0.4092 0.9968
 1 0.4134 0.9957
 1 0.4176 0.9944
 1 0.4217 0.9930
 1 0.4258 0.9914
 1 0.4298 0.9897
 1 0.4338 0.9878
 1 0.4377 0.9858
 1 0.4415 0.9837
 1 0.4452 0.9814
 1 0.4488 0.9790
 1 0.4524 0.9765
 1 0.4558 0.9738
 1 0.4592 0.9710
 1 0.4624 0.9681
 1 0.4656 0.9651
 1 0.4686 0.9619
 1 0.4715 0.9587
 1 0.4743 0.9553
 1 0.4770 0.9519
 1 0.4795 0.9483
 1 0.4819 0.9447
 1 0.4842 0.9409
 1 0.4863 0.9371
 1 0.4883 0.9333
 1 0.4902 0.9293
 1 0.4919 0.9253
 1 0.4934 0.9212
 1 0.4948 0.9171
 1 0.4961 0.9129
 1 0.4972 0.9087
 1 0.4982 0.9044
 1 0.4990 0.9001
 1 0.4996 0.8958
 1 0.5001 0.8915
 1 0.5004 0.8871
 1 0.5006 0.8828
 1 0.5006 0.1174
 1 0.5004 0.1130
 1 0.5001 0.1087
 1 0.4996 0.1043
 1 0.4990 0.1000
 1 0.4982 0.0957
 1 0.4972 0.0915
 1 0.4961 0.0872
 1 0.4948 0.0831
 1 0.4934 0.0789
 1 0.4919 0.0748
 1 0.4902 0.0708
 1 0.4883 0.0669
 1 0.4863 0.0630
 1 0.4842 0.0592
 1 0.4819 0.0555
 1 0.4795 0.0518
 1 0.4770 0.0483
 1 0.4743 0.0448
 1 0.4715 0.0415
 1 0.4686 0.0382
 1 0.4656 0.0351
 1 0.4624 0.0320
 1 0.4592 0.0291
 1 0.4558 0.0263
 1 0.4524 0.0237
 1 0.4488 0.0211
 1 0.4452 0.0187
 1 0.4415 0.0164
 1 0.4377 0.0143
 1 0.4338 0.0123
 1 0.4298 0.0104
 1 0.4258 0.0087
 1 0.4217 0.0072
 1 0.4176 0.0057
 1 0.4134 0.0045
 1 0.4092 0.0034
 1 0.4050 0.0024
 1 0.4007 0.0016
 1 0.3964 0.0010
 1 0.3920 0.0005
 1 0.3877 0.0002
 1 0.3833 0.0000
 1 -0.3833 0.0000
 1 -0.3833 0.0000
 1 -0.3877 0.0002
 1 -0.3920 0.0005
 1 -0.3964 0.0010
 1 -0.4007 0.0016
 1 -0.4050 0.0024
 1 -0.4092 0.0034
 1 -0.4134 0.0045
 1 -0.4176 0.0057
 1 -0.4217 0.0072
 1 -0.4258 0.0087
 1 -0.4298 0.0104
 1 -0.4338 0.0123
 1 -0.4377 0.0143
 1 -0.4415 0.0164
 1 -0.4452 0.0187
 1 -0.4488 0.0211
 1 -0.4524 0.0237
 1 -0.4558 0.0263
 1 -0.4592 0.0291
 1 -0.4624 0.0320
 1 -0.4656 0.0351
 1 -0.4686 0.0382
 1 -0.4715 0.0415
 1 -0.4743 0.0448
 1 -0.4770 0.0483
 1 -0.4795 0.0518
 1 -0.4819 0.0555
 1 -0.4842 0.0592
 1 -0.4863 0.0630
 1 -0.4883 0.0669
 1 -0.4902 0.0708
 1 -0.4919 0.0748
 1 -0.4934 0.0789
 1 -0.4948 0.0831
 1 -0.4961 0.0872
 1 -0.4972 0.0915
 1 -0.4982 0.0957
 1 -0.4990 0.1000
 1 -0.4996 0.1043
 1 -0.5001 0.1087
 1 -0.5004 0.1130
 1 -0.5006 0.1174
112 1251 173
 0 -0.4906 0.8826
 1 -0.4904 0.8866
 1 -0.4901 0.8906
 1 -0.4897 0.8945
 1 -0.4891 0.8985
 1 -0.4884 0.9024
 1 -0.4875 0.9063
 1 -0.4865 0.9102
 1 -0.4853 0.9140
 1 -0.4840 0.9178
 1 -0.4826 0.9215
 1 -0.4810 0.9252
 1 -0.4793 0.9288
 1 -0.4775 0.9324
 1 -0.4756 0.9359
 1 -0.4735 0.9393
 1 -0.4713 0.9426
 1 -0.4689 0.9459
 1 -0.4665 0.9491
 1 -0.4639 0.9521
 1 -0.4613 0.9551
 1 -0.4585 0.9580
 1 -0.4556 0.9608
 1 -0.4526 0.9634
 1 -0.4496 0.9660
 1 -0.4464 0.9685
 1 -0.4431 0.9708
 1 -0.4398 0.9730
 1 -0.4364 0.9751
 1 -0.4329 0.9770
 1 -0.4294 0.9789
 1 -0.4257 0.9806
 1 -0.4221 0.9821
 1 -0.4183 0.9836
 1 -0.4145 0.9849
 1 -0.4107 0.9860
 1 -0.4069 0.9870
 1 -0.4029 0.9879
 1 -0.3990 0.9887
 1 -0.3951 0.9892
 1 -0.3911 0.9897
 1 -0.3871 0.9900
 1 -0.3831 0.9901
 1 0.3831 0.9901
 1 0.3871 0.9900
 1 0.3911 0.9897
 1 0.3951 0.9892
 1 0.3990 0.9887
 1 0.4030 0.9879
 1 0.4069 0.9870
 1 0.4107 0.9860
 1 0.4145 0.9849
 1 0.4183 0.9836
 1 0.4221 0.9821
 1 0.4257 0.9806
 1 0.4294 0.9789
 1 0.4329 0.9770
 1 0.4364 0.9751
 1 0.4398 0.9730
 1 0.4432 0.9708
 1 0.4464 0.9685
 1 0.4496 0.9660
 1 0.4526 0.9634
 1 0.4556 0.9608
 1 0.4585 0.9580
 1 0.4613 0.9551
 1 0.4639 0.9521
 1 0.4665 0.9491
 1 0.4689 0.9459
 1 0.4713 0.9426
 1 0.4735 0.9393
 1 0.4756 0.9359
 1 0.4775 0.9324
 1 0.4793 0.9289
 1 0.4810 0.9252
 1 0.4826 0.9215
 1 0.4840 0.9178
 1 0.4853 0.9140
 1 0.4865 0.9102
 1 0.4875 0.9063
 1 0.4884 0.9024
 1 0.4891 0.8985
 1 0.4897 0.8945
 1 0.4901 0.8906
 1 0.4904 0.8866
 1 0.4906 0.8826
 1 0.4906 0.1176
 1 0.4904 0.1136
 1 0.4901 0.1096
 1 0.4897 0.1056
 1 0.4891 0.1016
 1 0.4884 0.0977
 1 0.4875 0.0938
 1 0.4865 0.0899
 1 0.4853 0.0861
 1 0.4840 0.0823
 1 0.4826 0.0786
 1 0.4810 0.0749
 1 0.4793 0.0713
 1 0.4775 0.0677
 1 0.4756 0.0642
 1 0.4735 0.0608
 1 0.4713 0.0575
 1 0.4689 0.0542
 1 0.4665 0.0511
 1 0.4639 0.0480
 1 0.4613 0.0450
 1 0.4585 0.0421
 1 0.4556 0.0394
 1 0.4526 0.0367
 1 0.4496 0.0341
 1 0.4464 0.0317
 1 0.4432 0.0294
 1 0.4398 0.0271
 1 0.4364 0.0251
 1 0.4329 0.0231
 1 0.4294 0.0213
 1 0.4257 0.0196
 1 0.4221 0.0180
 1 0.4183 0.0166
 1 0.4145 0.0153
 1 0.4107 0.0141
 1 0.4069 0.0131
 1 0.4029 0.0122
 1 0.3990 0.0115
 1 0.3951 0.0109
 1 0.3911 0.0105
 1 0.3871 0.0102
 1 0.3831 0.0100
 1 -0.3831 0.0100
 1 -0.3871 0.0102
 1 -0.3911 0.0105
 1 -0.3951 0.0109
 1 -0.3990 0.0115
 1 -0.4029 0.0122
 1 -0.4069 0.0131
 1 -0.4107 0.0141
 1 -0.4145 0.0153
 1 -0.4183 0.0166
 1 -0.4221 0.0180
 1 -0.4257 0.0196
 1 -0.4294 0.0213
 1 -0.4329 0.0231
 1 -0.4364 0.0251
 1 -0.4398 0.0271
 1 -0.4432 0.0294
 1 -0.4464 0.0317
 1 -0.4496 0.0341
 1 -0.4526 0.0367
 1 -0.4556 0.0394
 1 -0.4585 0.0421
 1 -0.4613 0.0450
 1 -0.4639 0.0480
 1 -0.4665 0.0511
 1 -0.4689 0.0542
 1 -0.4713 0.0575
 1 -0.4735 0.0608
 1 -0.4756 0.0642
 1 -0.4775 0.0677
 1 -0.4793 0.0713
 1 -0.4810 0.0749
 1 -0.4826 0.0786
 1 -0.4840 0.0823
 1 -0.4853 0.0861
 1 -0.4865 0.0899
 1 -0.4875 0.0938
 1 -0.4884 0.0977
 1 -0.4891 0.1016
 1 -0.4897 0.1056
 1 -0.4901 0.1096
 1 -0.4904 0.1136
 1 -0.4906 0.1176
 1 -0.4906 0.8826
112 1252 173
 0 -0.4706 0.8822
 1 -0.4704 0.8855
 1 -0.4702 0.8887
 1 -0.4698 0.8920
 1 -0.4694 0.8952
 1 -0.4688 0.8984
 1 -0.4680 0.9016
 1 -0.4672 0.9048
 1 -0.4663 0.9079
 1 -0.4652 0.9110
 1 -0.4641 0.9141
 1 -0.4628 0.9171
 1 -0.4614 0.9200
 1 -0.4599 0.9229
 1 -0.4583 0.9258
 1 -0.4566 0.9286
 1 -0.4548 0.9313
 1 -0.4529 0.9340
 1 -0.4509 0.9366
 1 -0.4488 0.9391
 1 -0.4466 0.9415
 1 -0.4443 0.9439
 1 -0.4420 0.9461
 1 -0.4396 0.9483
 1 -0.4370 0.9504
 1 -0.4345 0.9524
 1 -0.4318 0.9543
 1 -0.4291 0.9561
 1 -0.4263 0.9578
 1 -0.4234 0.9594
 1 -0.4205 0.9609
 1 -0.4176 0.9623
 1 -0.4146 0.9636
 1 -0.4115 0.9648
 1 -0.4084 0.9658
 1 -0.4053 0.9668
 1 -0.4021 0.9676
 1 -0.3989 0.9683
 1 -0.3957 0.9689
 1 -0.3925 0.9694
 1 -0.3892 0.9698
 1 -0.3860 0.9700
 1 -0.3827 0.9701
 1 0.3827 0.9701
 1 0.3860 0.9700
 1 0.3892 0.9698
 1 0.3925 0.9694
 1 0.3957 0.9689
 1 0.3989 0.9683
 1 0.4021 0.9676
 1 0.4053 0.9668
 1 0.4084 0.9658
 1 0.4115 0.9648
 1 0.4146 0.9636
 1 0.4176 0.9623
 1 0.4205 0.9609
 1 0.4234 0.9594
 1 0.4263 0.9578
 1 0.4291 0.9561
 1 0.4318 0.9543
 1 0.4345 0.9524
 1 0.4370 0.9504
 1 0.4396 0.9483
 1 0.4420 0.9461
 1 0.4443 0.9439
 1 0.4466 0.9415
 1 0.4488 0.9391
 1 0.4509 0.9366
 1 0.4529 0.9340
 1 0.4548 0.9313
 1 0.4566 0.9286
 1 0.4583 0.9258
 1 0.4599 0.9229
 1 0.4614 0.9200
 1 0.4628 0.9171
 1 0.4641 0.9141
 1 0.4652 0.9110
 1 0.4663 0.9079
 1 0.4672 0.9048
 1 0.4680 0.9016
 1 0.4688 0.8984
 1 0.4694 0.8952
 1 0.4698 0.8920
 1 0.4702 0.8887
 1 0.4704 0.8855
 1 0.4706 0.8822
 1 0.4706 0.1179
 1 0.4704 0.1147
 1 0.4702 0.1114
 1 0.4698 0.1082
 1 0.4694 0.1049
 1 0.4688 0.1017
 1 0.4680 0.0985
 1 0.4672 0.0954
 1 0.4663 0.0922
 1 0.4652 0.0891
 1 0.4641 0.0861
 1 0.4628 0.0831
 1 0.4614 0.0801
 1 0.4599 0.0772
 1 0.4583 0.0744
 1 0.4566 0.0716
 1 0.4548 0.0688
 1 0.4529 0.0662
 1 0.4509 0.0636
 1 0.4488 0.0611
 1 0.4466 0.0586
 1 0.4443 0.0563
 1 0.4420 0.0540
 1 0.4396 0.0518
 1 0.4370 0.0497
 1 0.4345 0.0477
 1 0.4318 0.0458
 1 0.4291 0.0440
 1 0.4263 0.0423
 1 0.4234 0.0407
 1 0.4205 0.0392
 1 0.4176 0.0378
 1 0.4146 0.0365
 1 0.4115 0.0354
 1 0.4084 0.0343
 1 0.4053 0.0334
 1 0.4021 0.0325
 1 0.3989 0.0318
 1 0.3957 0.0312
 1 0.3925 0.0307
 1 0.3892 0.0304
 1 0.3860 0.0301
 1 0.3827 0.0300
 1 -0.3827 0.0300
 1 -0.3860 0.0301
 1 -0.3892 0.0304
 1 -0.3925 0.0307
 1 -0.3957 0.0312
 1 -0.3989 0.0318
 1 -0.4021 0.0325
 1 -0.4053 0.0334
 1 -0.4084 0.0343
 1 -0.4115 0.0354
 1 -0.4146 0.0365
 1 -0.4176 0.0378
 1 -0.4205 0.0392
 1 -0.4234 0.0407
 1 -0.4263 0.0423
 1 -0.4291 0.0440
 1 -0.4318 0.0458
 1 -0.4345 0.0477
 1 -0.4370 0.0497
 1 -0.4396 0.0518
 1 -0.4420 0.0540
 1 -0.4443 0.0563
 1 -0.4466 0.0586
 1 -0.4488 0.0611
 1 -0.4509 0.0636
 1 -0.4529 0.0662
 1 -0.4548 0.0688
 1 -0.4566 0.0716
 1 -0.4583 0.0743
 1 -0.4599 0.0772
 1 -0.4614 0.0801
 1 -0.4628 0.0831
 1 -0.4640 0.0861
 1 -0.4652 0.0891
 1 -0.4663 0.0922
 1 -0.4672 0.0954
 1 -0.4680 0.0985
 1 -0.4688 0.1017
 1 -0.4694 0.1049
 1 -0.4698 0.1082
 1 -0.4702 0.1114
 1 -0.4704 0.1147
 1 -0.4706 0.1179
 1 -0.4706 0.8822
112 1251 151
 0 0.0140 0.4992
 1 0.0123 0.4992
 1 0.0097 0.4992
 1 0.0061 0.4992
 1 0.0019 0.4992
 1 -0.0033 0.4992
 1 -0.0154 0.4992
 1 -0.0294 0.4992
 1 -0.0448 0.4992
 1 -0.0771 0.4992
 1 -0.0927 0.4992
 1 -0.1071 0.4992
 1 -0.1195 0.4992
 1 -0.1250 0.4992
 1 -0.1296 0.4992
 1 -0.1335 0.4992
 1 -0.1365 0.4992
 1 -0.1384 0.4992
 1 -0.1397 0.4992
 1 -0.1401 0.5002
 1 -0.1410 0.5032
 1 -0.1430 0.5081
 1 -0.1456 0.5146
 1 -0.1485 0.5221
 1 -0.1518 0.5306
 1 -0.1587 0.5485
 1 -0.1652 0.5658
 1 -0.1678 0.5730
 1 -0.1701 0.5789
 1 -0.1717 0.5831
 1 -0.1727 0.5854
 1 -0.1727 0.5857
 1 -0.1737 0.5857
 1 -0.1756 0.5857
 1 -0.1786 0.5857
 1 -0.1825 0.5857
 1 -0.1874 0.5857
 1 -0.1929 0.5857
 1 -0.1994 0.5857
 1 -0.2138 0.5857
 1 -0.2304 0.5857
 1 -0.2657 0.5857
 1 -0.2833 0.5857
 1 -0.3000 0.5857
 1 -0.3146 0.5857
 1 -0.3212 0.5857
 1 -0.3270 0.5857
 1 -0.3319 0.5857
 1 -0.3362 0.5857
 1 -0.3394 0.5857
 1 -0.3417 0.5857
 1 -0.3427 0.5857
 1 -0.3427 0.5854
 1 -0.3427 0.5844
 1 -0.3427 0.5828
 1 -0.3427 0.5802
 1 -0.3427 0.5769
 1 -0.3427 0.5684
 1 -0.3427 0.5583
 1 -0.3427 0.5466
 1 -0.3427 0.5211
 1 -0.3427 0.4957
 1 -0.3427 0.4846
 1 -0.3427 0.4751
 1 -0.3427 0.4679
 1 -0.3427 0.4653
 1 -0.3427 0.4634
 1 -0.3427 0.4624
 1 -0.3424 0.4620
 1 -0.3381 0.4611
 1 -0.3309 0.4581
 1 -0.3241 0.4539
 1 -0.3185 0.4483
 1 -0.3140 0.4418
 1 -0.3107 0.4346
 1 -0.3091 0.4268
 1 -0.3088 0.4183
 1 -0.3104 0.4102
 1 -0.3133 0.4030
 1 -0.3179 0.3965
 1 -0.3234 0.3909
 1 -0.3300 0.3863
 1 -0.3375 0.3834
 1 -0.3414 0.3824
 1 -0.3424 0.3821
 1 -0.3427 0.3821
 1 -0.3427 0.3811
 1 -0.3427 0.3795
 1 -0.3427 0.3769
 1 -0.3427 0.3736
 1 -0.3427 0.3697
 1 -0.3427 0.3599
 1 -0.3427 0.3482
 1 -0.3427 0.3351
 1 -0.3427 0.3211
 1 -0.3427 0.2930
 1 -0.3427 0.2800
 1 -0.3427 0.2685
 1 -0.3427 0.2588
 1 -0.3427 0.2552
 1 -0.3427 0.2519
 1 -0.3427 0.2496
 1 -0.3427 0.2480
 1 -0.3427 0.2473
 1 -0.3420 0.2473
 1 -0.3398 0.2473
 1 -0.3358 0.2473
 1 -0.3306 0.2473
 1 -0.3244 0.2473
 1 -0.3166 0.2473
 1 -0.3081 0.2473
 1 -0.2986 0.2473
 1 -0.2882 0.2473
 1 -0.2660 0.2473
 1 -0.2419 0.2473
 1 -0.1926 0.2473
 1 -0.1698 0.2473
 1 -0.1590 0.2473
 1 -0.1489 0.2473
 1 -0.1397 0.2473
 1 -0.1312 0.2473
 1 -0.1241 0.2473
 1 -0.1182 0.2473
 1 -0.1133 0.2473
 1 -0.1100 0.2473
 1 -0.1084 0.2473
 1 -0.1081 0.2473
 1 -0.1071 0.2483
 1 -0.1051 0.2496
 1 -0.1025 0.2519
 1 -0.0993 0.2548
 1 -0.0954 0.2584
 1 -0.0908 0.2627
 1 -0.0856 0.2676
 1 -0.0800 0.2731
 1 -0.0741 0.2796
 1 -0.0679 0.2865
 1 -0.0546 0.3018
 1 -0.0412 0.3198
 1 -0.0278 0.3400
 1 -0.0154 0.3622
 1 -0.0043 0.3860
 1 0.0003 0.3987
 1 0.0048 0.4121
 1 0.0084 0.4255
 1 0.0113 0.4395
 1 0.0133 0.4539
 1 0.0146 0.4689
 1 0.0149 0.4839
 1 0.0143 0.4992
 1 0.0140 0.4992
112 1251 61
 0 0.2695 0.3759
 1 0.2695 0.3759
 1 0.2708 0.3782
 1 0.2727 0.3795
 1 0.2753 0.3798
 1 0.2766 0.3798
 1 0.2799 0.3798
 1 0.2845 0.3798
 1 0.2897 0.3798
 1 0.2952 0.3798
 1 0.2998 0.3798
 1 0.3031 0.3798
 1 0.3044 0.3798
 1 0.3067 0.3795
 1 0.3089 0.3782
 1 0.3102 0.3759
 1 0.3106 0.3736
 1 0.3106 0.3723
 1 0.3106 0.3694
 1 0.3106 0.3645
 1 0.3106 0.3583
 1 0.3106 0.3511
 1 0.3106 0.3430
 1 0.3106 0.3253
 1 0.3106 0.3077
 1 0.3106 0.2996
 1 0.3106 0.2921
 1 0.3106 0.2858
 1 0.3106 0.2813
 1 0.3106 0.2780
 1 0.3106 0.2770
 1 0.3102 0.2744
 1 0.3089 0.2725
 1 0.3067 0.2712
 1 0.3044 0.2705
 1 0.3031 0.2705
 1 0.2998 0.2705
 1 0.2952 0.2705
 1 0.2897 0.2705
 1 0.2845 0.2705
 1 0.2799 0.2705
 1 0.2766 0.2705
 1 0.2753 0.2705
 1 0.2727 0.2712
 1 0.2708 0.2725
 1 0.2695 0.2744
 1 0.2688 0.2770
 1 0.2688 0.2780
 1 0.2688 0.2813
 1 0.2688 0.2858
 1 0.2688 0.2921
 1 0.2688 0.2996
 1 0.2688 0.3077
 1 0.2688 0.3253
 1 0.2688 0.3430
 1 0.2688 0.3511
 1 0.2688 0.3583
 1 0.2688 0.3645
 1 0.2688 0.3694
 1 0.2688 0.3723
 1 0.2688 0.3736
112 1251 208
 0 0.0603 0.2568
 1 0.0603 0.1583
 1 0.0606 0.1576
 1 0.3439 0.1576
 1 0.3442 0.1583
 1 0.3442 0.2568
 1 0.2505 0.2568
 1 0.2502 0.2571
 1 0.2499 0.2591
 1 0.2499 0.2630
 1 0.2496 0.2689
 1 0.2492 0.2761
 1 0.2489 0.2845
 1 0.2486 0.2940
 1 0.2483 0.3041
 1 0.2473 0.3250
 1 0.2463 0.3456
 1 0.2460 0.3547
 1 0.2456 0.3632
 1 0.2453 0.3704
 1 0.2453 0.3759
 1 0.2450 0.3798
 1 0.2450 0.3815
 1 0.2450 0.3821
 1 0.2447 0.3841
 1 0.2447 0.3877
 1 0.2443 0.3925
 1 0.2440 0.3984
 1 0.2437 0.4053
 1 0.2427 0.4203
 1 0.2421 0.4366
 1 0.2411 0.4519
 1 0.2407 0.4588
 1 0.2404 0.4650
 1 0.2401 0.4699
 1 0.2398 0.4738
 1 0.2398 0.4761
 1 0.2398 0.4771
 1 0.2411 0.4771
 1 0.2443 0.4771
 1 0.2450 0.4767
 1 0.2460 0.4751
 1 0.2473 0.4712
 1 0.2496 0.4660
 1 0.2518 0.4601
 1 0.2567 0.4483
 1 0.2584 0.4441
 1 0.2597 0.4412
 1 0.2600 0.4405
 1 0.2600 0.4395
 1 0.2603 0.4379
 1 0.2613 0.4333
 1 0.2623 0.4271
 1 0.2649 0.4131
 1 0.2662 0.4066
 1 0.2672 0.4017
 1 0.2675 0.3991
 1 0.2678 0.3981
 1 0.2691 0.3955
 1 0.2721 0.3942
 1 0.2727 0.3942
 1 0.2740 0.3942
 1 0.2793 0.3942
 1 0.2851 0.3942
 1 0.2874 0.3942
 1 0.2894 0.3942
 1 0.2900 0.3942
 1 0.2900 0.3945
 1 0.2897 0.3958
 1 0.2890 0.4001
 1 0.2881 0.4066
 1 0.2858 0.4229
 1 0.2845 0.4307
 1 0.2835 0.4373
 1 0.2828 0.4418
 1 0.2825 0.4428
 1 0.2825 0.4435
 1 0.2819 0.4464
 1 0.2806 0.4523
 1 0.2796 0.4545
 1 0.2793 0.4555
 1 0.2789 0.4565
 1 0.2783 0.4578
 1 0.2766 0.4621
 1 0.2747 0.4683
 1 0.2695 0.4820
 1 0.2672 0.4882
 1 0.2652 0.4934
 1 0.2642 0.4963
 1 0.2639 0.4966
 1 0.2633 0.4989
 1 0.2610 0.5032
 1 0.2587 0.5071
 1 0.2554 0.5107
 1 0.2518 0.5133
 1 0.2469 0.5156
 1 0.2411 0.5172
 1 0.2336 0.5182
 1 0.2248 0.5188
 1 0.2225 0.5188
 1 0.2212 0.5188
 1 0.2208 0.5188
 1 0.2205 0.5188
 1 0.2199 0.5188
 1 0.2166 0.5188
 1 0.2127 0.5188
 1 0.2097 0.5188
 1 0.2088 0.5188
 1 0.2062 0.5188
 1 0.1990 0.5188
 1 0.1977 0.5188
 1 0.1973 0.5188
 1 0.1882 0.5185
 1 0.1804 0.5179
 1 0.1739 0.5162
 1 0.1683 0.5146
 1 0.1641 0.5120
 1 0.1608 0.5090
 1 0.1582 0.5051
 1 0.1559 0.5012
 1 0.1539 0.4966
 1 0.1539 0.4963
 1 0.1533 0.4950
 1 0.1520 0.4908
 1 0.1497 0.4852
 1 0.1445 0.4715
 1 0.1422 0.4650
 1 0.1402 0.4598
 1 0.1389 0.4565
 1 0.1386 0.4552
 1 0.1370 0.4503
 1 0.1357 0.4441
 1 0.1353 0.4428
 1 0.1350 0.4415
 1 0.1347 0.4395
 1 0.1340 0.4340
 1 0.1327 0.4265
 1 0.1305 0.4102
 1 0.1291 0.4030
 1 0.1285 0.3974
 1 0.1282 0.3958
 1 0.1278 0.3945
 1 0.1282 0.3942
 1 0.1295 0.3942
 1 0.1318 0.3942
 1 0.1429 0.3942
 1 0.1448 0.3942
 1 0.1458 0.3942
 1 0.1471 0.3945
 1 0.1494 0.3961
 1 0.1500 0.3978
 1 0.1504 0.3987
 1 0.1504 0.3991
 1 0.1507 0.4001
 1 0.1513 0.4040
 1 0.1523 0.4098
 1 0.1549 0.4235
 1 0.1562 0.4304
 1 0.1572 0.4359
 1 0.1579 0.4395
 1 0.1582 0.4405
 1 0.1582 0.4408
 1 0.1588 0.4425
 1 0.1605 0.4461
 1 0.1624 0.4513
 1 0.1647 0.4572
 1 0.1696 0.4689
 1 0.1716 0.4735
 1 0.1725 0.4764
 1 0.1729 0.4771
 1 0.1732 0.4771
 1 0.1745 0.4771
 1 0.1778 0.4771
 1 0.1781 0.4771
 1 0.1784 0.4771
 1 0.1784 0.4761
 1 0.1781 0.4738
 1 0.1778 0.4699
 1 0.1778 0.4647
 1 0.1774 0.4585
 1 0.1765 0.4441
 1 0.1755 0.4281
 1 0.1748 0.4121
 1 0.1742 0.4046
 1 0.1739 0.3981
 1 0.1735 0.3922
 1 0.1732 0.3873
 1 0.1732 0.3837
 1 0.1729 0.3818
 1 0.1729 0.3811
 1 0.1729 0.3795
 1 0.1729 0.3756
 1 0.1725 0.3697
 1 0.1722 0.3625
 1 0.1719 0.3544
 1 0.1716 0.3449
 1 0.1712 0.3351
 1 0.1703 0.3139
 1 0.1693 0.2937
 1 0.1690 0.2842
 1 0.1686 0.2757
 1 0.1683 0.2686
 1 0.1680 0.2630
 1 0.1680 0.2591
 1 0.1680 0.2571
 1 0.1673 0.2568
 1 0.0603 0.2568
 1 0.0603 0.2568
112 1251 33
 0 0.1872 0.5560
 1 0.1876 0.5609
 1 0.1889 0.5652
 1 0.1911 0.5691
 1 0.1938 0.5723
 1 0.1973 0.5753
 1 0.2013 0.5776
 1 0.2055 0.5789
 1 0.2104 0.5792
 1 0.2150 0.5789
 1 0.2192 0.5776
 1 0.2231 0.5753
 1 0.2267 0.5723
 1 0.2296 0.5691
 1 0.2316 0.5652
 1 0.2329 0.5609
 1 0.2336 0.5560
 1 0.2329 0.5515
 1 0.2316 0.5472
 1 0.2296 0.5433
 1 0.2267 0.5397
 1 0.2231 0.5368
 1 0.2192 0.5348
 1 0.2150 0.5335
 1 0.2104 0.5329
 1 0.2055 0.5335
 1 0.2013 0.5348
 1 0.1973 0.5368
 1 0.1938 0.5397
 1 0.1911 0.5433
 1 0.1889 0.5472
 1 0.1876 0.5515
 1 0.1872 0.5560
112 1252 34
 0 -0.2213 0.3824
 1 -0.2288 0.3847
 1 -0.2357 0.3886
 1 -0.2415 0.3935
 1 -0.2468 0.3994
 1 -0.2503 0.4063
 1 -0.2526 0.4138
 1 -0.2536 0.4222
 1 -0.2526 0.4304
 1 -0.2503 0.4379
 1 -0.2468 0.4448
 1 -0.2415 0.4506
 1 -0.2357 0.4555
 1 -0.2288 0.4594
 1 -0.2213 0.4617
 1 -0.2131 0.4627
 1 -0.2050 0.4617
 1 -0.1972 0.4594
 1 -0.1903 0.4555
 1 -0.1844 0.4506
 1 -0.1795 0.4448
 1 -0.1756 0.4379
 1 -0.1733 0.4304
 1 -0.1727 0.4222
 1 -0.1733 0.4138
 1 -0.1756 0.4063
 1 -0.1795 0.3994
 1 -0.1844 0.3935
 1 -0.1903 0.3886
 1 -0.1972 0.3847
 1 -0.2050 0.3824
 1 -0.2131 0.3815
 1 -0.2115 0.3818
 1 -0.2213 0.3824
112 1251 89
 0 -0.3427 0.6435
 1 -0.3424 0.6428
 1 -0.1097 0.6428
 1 -0.1097 0.6435
 1 -0.1110 0.6464
 1 -0.1120 0.6494
 1 -0.1123 0.6497
 1 -0.1126 0.6503
 1 -0.1136 0.6533
 1 -0.1162 0.6588
 1 -0.1228 0.6689
 1 -0.1303 0.6774
 1 -0.1394 0.6843
 1 -0.1495 0.6892
 1 -0.1551 0.6905
 1 -0.1609 0.6915
 1 -0.1668 0.6915
 1 -0.1681 0.6915
 1 -0.1684 0.6915
 1 -0.1701 0.6915
 1 -0.1724 0.6915
 1 -0.1792 0.6911
 1 -0.1949 0.6905
 1 -0.1981 0.6901
 1 -0.2004 0.6901
 1 -0.2024 0.6901
 1 -0.2027 0.6901
 1 -0.2030 0.6905
 1 -0.2037 0.6915
 1 -0.2043 0.6934
 1 -0.2056 0.6957
 1 -0.2086 0.7016
 1 -0.2125 0.7094
 1 -0.2171 0.7182
 1 -0.2220 0.7280
 1 -0.2318 0.7469
 1 -0.2360 0.7557
 1 -0.2399 0.7632
 1 -0.2425 0.7691
 1 -0.2438 0.7711
 1 -0.2445 0.7724
 1 -0.2461 0.7756
 1 -0.2484 0.7789
 1 -0.2507 0.7815
 1 -0.2536 0.7838
 1 -0.2569 0.7854
 1 -0.2608 0.7861
 1 -0.2631 0.7864
 1 -0.2641 0.7864
 1 -0.2647 0.7864
 1 -0.2663 0.7864
 1 -0.2693 0.7864
 1 -0.2738 0.7864
 1 -0.2791 0.7864
 1 -0.2915 0.7864
 1 -0.3035 0.7864
 1 -0.3091 0.7864
 1 -0.3133 0.7864
 1 -0.3166 0.7864
 1 -0.3182 0.7864
 1 -0.3182 0.7858
 1 -0.3179 0.7845
 1 -0.3172 0.7822
 1 -0.3153 0.7756
 1 -0.3127 0.7672
 1 -0.3097 0.7570
 1 -0.3065 0.7459
 1 -0.2996 0.7228
 1 -0.2964 0.7117
 1 -0.2938 0.7022
 1 -0.2915 0.6944
 1 -0.2905 0.6915
 1 -0.2898 0.6892
 1 -0.2895 0.6875
 1 -0.2892 0.6866
 1 -0.2898 0.6866
 1 -0.2921 0.6866
 1 -0.2957 0.6862
 1 -0.3006 0.6862
 1 -0.3062 0.6859
 1 -0.3186 0.6853
 1 -0.3303 0.6849
 1 -0.3352 0.6846
 1 -0.3391 0.6846
 1 -0.3417 0.6843
 1 -0.3427 0.6843
 1 -0.3417 0.6843
 1 -0.3417 0.6843
 1 -0.3427 0.6843
112 1252 6
 0 0.2212 0.2568
 1 0.2120 0.3815
 1 0.2091 0.3815
 1 0.2058 0.3815
 1 0.1970 0.2568
 1 0.2212 0.2568
