SEcl_IS-14
3533 5 1 1 0 0 0 0 0 0 1 1
1.0000
112 1252 173
 0 -0.5006 0.8828
 1 -0.5004 0.8871
 1 -0.5001 0.8915
 1 -0.4996 0.8958
 1 -0.4990 0.9001
 1 -0.4982 0.9044
 1 -0.4972 0.9087
 1 -0.4961 0.9129
 1 -0.4948 0.9171
 1 -0.4934 0.9212
 1 -0.4919 0.9253
 1 -0.4902 0.9293
 1 -0.4883 0.9333
 1 -0.4863 0.9371
 1 -0.4842 0.9409
 1 -0.4819 0.9447
 1 -0.4795 0.9483
 1 -0.4770 0.9519
 1 -0.4743 0.9553
 1 -0.4715 0.9587
 1 -0.4686 0.9619
 1 -0.4656 0.9651
 1 -0.4624 0.9681
 1 -0.4592 0.9710
 1 -0.4558 0.9738
 1 -0.4524 0.9765
 1 -0.4488 0.9790
 1 -0.4452 0.9814
 1 -0.4415 0.9837
 1 -0.4377 0.9858
 1 -0.4338 0.9878
 1 -0.4298 0.9897
 1 -0.4258 0.9914
 1 -0.4217 0.9930
 1 -0.4176 0.9944
 1 -0.4134 0.9957
 1 -0.4092 0.9968
 1 -0.4050 0.9977
 1 -0.4007 0.9985
 1 -0.3964 0.9992
 1 -0.3920 0.9996
 1 -0.3877 1.0000
 1 -0.3833 1.0001
 1 0.3833 1.0001
 1 0.3877 1.0000
 1 0.3920 0.9996
 1 0.3964 0.9992
 1 0.4007 0.9985
 1 0.4050 0.9977
 1 0.4092 0.9968
 1 0.4134 0.9957
 1 0.4176 0.9944
 1 0.4217 0.9930
 1 0.4258 0.9914
 1 0.4298 0.9897
 1 0.4338 0.9878
 1 0.4377 0.9858
 1 0.4415 0.9837
 1 0.4452 0.9814
 1 0.4488 0.9790
 1 0.4524 0.9765
 1 0.4558 0.9738
 1 0.4592 0.9710
 1 0.4624 0.9681
 1 0.4656 0.9651
 1 0.4686 0.9619
 1 0.4715 0.9587
 1 0.4743 0.9553
 1 0.4770 0.9519
 1 0.4795 0.9483
 1 0.4819 0.9447
 1 0.4842 0.9409
 1 0.4863 0.9371
 1 0.4883 0.9333
 1 0.4902 0.9293
 1 0.4919 0.9253
 1 0.4934 0.9212
 1 0.4948 0.9171
 1 0.4961 0.9129
 1 0.4972 0.9087
 1 0.4982 0.9044
 1 0.4990 0.9001
 1 0.4996 0.8958
 1 0.5001 0.8915
 1 0.5004 0.8871
 1 0.5006 0.8828
 1 0.5006 0.1174
 1 0.5004 0.1130
 1 0.5001 0.1087
 1 0.4996 0.1043
 1 0.4990 0.1000
 1 0.4982 0.0957
 1 0.4972 0.0915
 1 0.4961 0.0872
 1 0.4948 0.0831
 1 0.4934 0.0789
 1 0.4919 0.0748
 1 0.4902 0.0708
 1 0.4883 0.0669
 1 0.4863 0.0630
 1 0.4842 0.0592
 1 0.4819 0.0555
 1 0.4795 0.0518
 1 0.4770 0.0483
 1 0.4743 0.0448
 1 0.4715 0.0415
 1 0.4686 0.0382
 1 0.4656 0.0351
 1 0.4624 0.0320
 1 0.4592 0.0291
 1 0.4558 0.0263
 1 0.4524 0.0237
 1 0.4488 0.0211
 1 0.4452 0.0187
 1 0.4415 0.0164
 1 0.4377 0.0143
 1 0.4338 0.0123
 1 0.4298 0.0104
 1 0.4258 0.0087
 1 0.4217 0.0072
 1 0.4176 0.0057
 1 0.4134 0.0045
 1 0.4092 0.0034
 1 0.4050 0.0024
 1 0.4007 0.0016
 1 0.3964 0.0010
 1 0.3920 0.0005
 1 0.3877 0.0002
 1 0.3833 0.0000
 1 -0.3833 0.0000
 1 -0.3833 0.0000
 1 -0.3877 0.0002
 1 -0.3920 0.0005
 1 -0.3964 0.0010
 1 -0.4007 0.0016
 1 -0.4050 0.0024
 1 -0.4092 0.0034
 1 -0.4134 0.0045
 1 -0.4176 0.0057
 1 -0.4217 0.0072
 1 -0.4258 0.0087
 1 -0.4298 0.0104
 1 -0.4338 0.0123
 1 -0.4377 0.0143
 1 -0.4415 0.0164
 1 -0.4452 0.0187
 1 -0.4488 0.0211
 1 -0.4524 0.0237
 1 -0.4558 0.0263
 1 -0.4592 0.0291
 1 -0.4624 0.0320
 1 -0.4656 0.0351
 1 -0.4686 0.0382
 1 -0.4715 0.0415
 1 -0.4743 0.0448
 1 -0.4770 0.0483
 1 -0.4795 0.0518
 1 -0.4819 0.0555
 1 -0.4842 0.0592
 1 -0.4863 0.0630
 1 -0.4883 0.0669
 1 -0.4902 0.0708
 1 -0.4919 0.0748
 1 -0.4934 0.0789
 1 -0.4948 0.0831
 1 -0.4961 0.0872
 1 -0.4972 0.0915
 1 -0.4982 0.0957
 1 -0.4990 0.1000
 1 -0.4996 0.1043
 1 -0.5001 0.1087
 1 -0.5004 0.1130
 1 -0.5006 0.1174
112 1251 173
 0 -0.4906 0.8826
 1 -0.4904 0.8866
 1 -0.4901 0.8906
 1 -0.4897 0.8945
 1 -0.4891 0.8985
 1 -0.4884 0.9024
 1 -0.4875 0.9063
 1 -0.4865 0.9102
 1 -0.4853 0.9140
 1 -0.4840 0.9178
 1 -0.4826 0.9215
 1 -0.4810 0.9252
 1 -0.4793 0.9288
 1 -0.4775 0.9324
 1 -0.4756 0.9359
 1 -0.4735 0.9393
 1 -0.4713 0.9426
 1 -0.4689 0.9459
 1 -0.4665 0.9491
 1 -0.4639 0.9521
 1 -0.4613 0.9551
 1 -0.4585 0.9580
 1 -0.4556 0.9608
 1 -0.4526 0.9634
 1 -0.4496 0.9660
 1 -0.4464 0.9685
 1 -0.4431 0.9708
 1 -0.4398 0.9730
 1 -0.4364 0.9751
 1 -0.4329 0.9770
 1 -0.4294 0.9789
 1 -0.4257 0.9806
 1 -0.4221 0.9821
 1 -0.4183 0.9836
 1 -0.4145 0.9849
 1 -0.4107 0.9860
 1 -0.4069 0.9870
 1 -0.4029 0.9879
 1 -0.3990 0.9887
 1 -0.3951 0.9892
 1 -0.3911 0.9897
 1 -0.3871 0.9900
 1 -0.3831 0.9901
 1 0.3831 0.9901
 1 0.3871 0.9900
 1 0.3911 0.9897
 1 0.3951 0.9892
 1 0.3990 0.9887
 1 0.4030 0.9879
 1 0.4069 0.9870
 1 0.4107 0.9860
 1 0.4145 0.9849
 1 0.4183 0.9836
 1 0.4221 0.9821
 1 0.4257 0.9806
 1 0.4294 0.9789
 1 0.4329 0.9770
 1 0.4364 0.9751
 1 0.4398 0.9730
 1 0.4432 0.9708
 1 0.4464 0.9685
 1 0.4496 0.9660
 1 0.4526 0.9634
 1 0.4556 0.9608
 1 0.4585 0.9580
 1 0.4613 0.9551
 1 0.4639 0.9521
 1 0.4665 0.9491
 1 0.4689 0.9459
 1 0.4713 0.9426
 1 0.4735 0.9393
 1 0.4756 0.9359
 1 0.4775 0.9324
 1 0.4793 0.9289
 1 0.4810 0.9252
 1 0.4826 0.9215
 1 0.4840 0.9178
 1 0.4853 0.9140
 1 0.4865 0.9102
 1 0.4875 0.9063
 1 0.4884 0.9024
 1 0.4891 0.8985
 1 0.4897 0.8945
 1 0.4901 0.8906
 1 0.4904 0.8866
 1 0.4906 0.8826
 1 0.4906 0.1176
 1 0.4904 0.1136
 1 0.4901 0.1096
 1 0.4897 0.1056
 1 0.4891 0.1016
 1 0.4884 0.0977
 1 0.4875 0.0938
 1 0.4865 0.0899
 1 0.4853 0.0861
 1 0.4840 0.0823
 1 0.4826 0.0786
 1 0.4810 0.0749
 1 0.4793 0.0713
 1 0.4775 0.0677
 1 0.4756 0.0642
 1 0.4735 0.0608
 1 0.4713 0.0575
 1 0.4689 0.0542
 1 0.4665 0.0511
 1 0.4639 0.0480
 1 0.4613 0.0450
 1 0.4585 0.0421
 1 0.4556 0.0394
 1 0.4526 0.0367
 1 0.4496 0.0341
 1 0.4464 0.0317
 1 0.4432 0.0294
 1 0.4398 0.0271
 1 0.4364 0.0251
 1 0.4329 0.0231
 1 0.4294 0.0213
 1 0.4257 0.0196
 1 0.4221 0.0180
 1 0.4183 0.0166
 1 0.4145 0.0153
 1 0.4107 0.0141
 1 0.4069 0.0131
 1 0.4029 0.0122
 1 0.3990 0.0115
 1 0.3951 0.0109
 1 0.3911 0.0105
 1 0.3871 0.0102
 1 0.3831 0.0100
 1 -0.3831 0.0100
 1 -0.3871 0.0102
 1 -0.3911 0.0105
 1 -0.3951 0.0109
 1 -0.3990 0.0115
 1 -0.4029 0.0122
 1 -0.4069 0.0131
 1 -0.4107 0.0141
 1 -0.4145 0.0153
 1 -0.4183 0.0166
 1 -0.4221 0.0180
 1 -0.4257 0.0196
 1 -0.4294 0.0213
 1 -0.4329 0.0231
 1 -0.4364 0.0251
 1 -0.4398 0.0271
 1 -0.4432 0.0294
 1 -0.4464 0.0317
 1 -0.4496 0.0341
 1 -0.4526 0.0367
 1 -0.4556 0.0394
 1 -0.4585 0.0421
 1 -0.4613 0.0450
 1 -0.4639 0.0480
 1 -0.4665 0.0511
 1 -0.4689 0.0542
 1 -0.4713 0.0575
 1 -0.4735 0.0608
 1 -0.4756 0.0642
 1 -0.4775 0.0677
 1 -0.4793 0.0713
 1 -0.4810 0.0749
 1 -0.4826 0.0786
 1 -0.4840 0.0823
 1 -0.4853 0.0861
 1 -0.4865 0.0899
 1 -0.4875 0.0938
 1 -0.4884 0.0977
 1 -0.4891 0.1016
 1 -0.4897 0.1056
 1 -0.4901 0.1096
 1 -0.4904 0.1136
 1 -0.4906 0.1176
 1 -0.4906 0.8826
112 1252 173
 0 -0.4706 0.8822
 1 -0.4704 0.8855
 1 -0.4702 0.8887
 1 -0.4698 0.8920
 1 -0.4694 0.8952
 1 -0.4688 0.8984
 1 -0.4680 0.9016
 1 -0.4672 0.9048
 1 -0.4663 0.9079
 1 -0.4652 0.9110
 1 -0.4641 0.9141
 1 -0.4628 0.9171
 1 -0.4614 0.9200
 1 -0.4599 0.9229
 1 -0.4583 0.9258
 1 -0.4566 0.9286
 1 -0.4548 0.9313
 1 -0.4529 0.9340
 1 -0.4509 0.9366
 1 -0.4488 0.9391
 1 -0.4466 0.9415
 1 -0.4443 0.9439
 1 -0.4420 0.9461
 1 -0.4396 0.9483
 1 -0.4370 0.9504
 1 -0.4345 0.9524
 1 -0.4318 0.9543
 1 -0.4291 0.9561
 1 -0.4263 0.9578
 1 -0.4234 0.9594
 1 -0.4205 0.9609
 1 -0.4176 0.9623
 1 -0.4146 0.9636
 1 -0.4115 0.9648
 1 -0.4084 0.9658
 1 -0.4053 0.9668
 1 -0.4021 0.9676
 1 -0.3989 0.9683
 1 -0.3957 0.9689
 1 -0.3925 0.9694
 1 -0.3892 0.9698
 1 -0.3860 0.9700
 1 -0.3827 0.9701
 1 0.3827 0.9701
 1 0.3860 0.9700
 1 0.3892 0.9698
 1 0.3925 0.9694
 1 0.3957 0.9689
 1 0.3989 0.9683
 1 0.4021 0.9676
 1 0.4053 0.9668
 1 0.4084 0.9658
 1 0.4115 0.9648
 1 0.4146 0.9636
 1 0.4176 0.9623
 1 0.4205 0.9609
 1 0.4234 0.9594
 1 0.4263 0.9578
 1 0.4291 0.9561
 1 0.4318 0.9543
 1 0.4345 0.9524
 1 0.4370 0.9504
 1 0.4396 0.9483
 1 0.4420 0.9461
 1 0.4443 0.9439
 1 0.4466 0.9415
 1 0.4488 0.9391
 1 0.4509 0.9366
 1 0.4529 0.9340
 1 0.4548 0.9313
 1 0.4566 0.9286
 1 0.4583 0.9258
 1 0.4599 0.9229
 1 0.4614 0.9200
 1 0.4628 0.9171
 1 0.4641 0.9141
 1 0.4652 0.9110
 1 0.4663 0.9079
 1 0.4672 0.9048
 1 0.4680 0.9016
 1 0.4688 0.8984
 1 0.4694 0.8952
 1 0.4698 0.8920
 1 0.4702 0.8887
 1 0.4704 0.8855
 1 0.4706 0.8822
 1 0.4706 0.1179
 1 0.4704 0.1147
 1 0.4702 0.1114
 1 0.4698 0.1082
 1 0.4694 0.1049
 1 0.4688 0.1017
 1 0.4680 0.0985
 1 0.4672 0.0954
 1 0.4663 0.0922
 1 0.4652 0.0891
 1 0.4641 0.0861
 1 0.4628 0.0831
 1 0.4614 0.0801
 1 0.4599 0.0772
 1 0.4583 0.0744
 1 0.4566 0.0716
 1 0.4548 0.0688
 1 0.4529 0.0662
 1 0.4509 0.0636
 1 0.4488 0.0611
 1 0.4466 0.0586
 1 0.4443 0.0563
 1 0.4420 0.0540
 1 0.4396 0.0518
 1 0.4370 0.0497
 1 0.4345 0.0477
 1 0.4318 0.0458
 1 0.4291 0.0440
 1 0.4263 0.0423
 1 0.4234 0.0407
 1 0.4205 0.0392
 1 0.4176 0.0378
 1 0.4146 0.0365
 1 0.4115 0.0354
 1 0.4084 0.0343
 1 0.4053 0.0334
 1 0.4021 0.0325
 1 0.3989 0.0318
 1 0.3957 0.0312
 1 0.3925 0.0307
 1 0.3892 0.0304
 1 0.3860 0.0301
 1 0.3827 0.0300
 1 -0.3827 0.0300
 1 -0.3860 0.0301
 1 -0.3892 0.0304
 1 -0.3925 0.0307
 1 -0.3957 0.0312
 1 -0.3989 0.0318
 1 -0.4021 0.0325
 1 -0.4053 0.0334
 1 -0.4084 0.0343
 1 -0.4115 0.0354
 1 -0.4146 0.0365
 1 -0.4176 0.0378
 1 -0.4205 0.0392
 1 -0.4234 0.0407
 1 -0.4263 0.0423
 1 -0.4291 0.0440
 1 -0.4318 0.0458
 1 -0.4345 0.0477
 1 -0.4370 0.0497
 1 -0.4396 0.0518
 1 -0.4420 0.0540
 1 -0.4443 0.0563
 1 -0.4466 0.0586
 1 -0.4488 0.0611
 1 -0.4509 0.0636
 1 -0.4529 0.0662
 1 -0.4548 0.0688
 1 -0.4566 0.0716
 1 -0.4583 0.0743
 1 -0.4599 0.0772
 1 -0.4614 0.0801
 1 -0.4628 0.0831
 1 -0.4640 0.0861
 1 -0.4652 0.0891
 1 -0.4663 0.0922
 1 -0.4672 0.0954
 1 -0.4680 0.0985
 1 -0.4688 0.1017
 1 -0.4694 0.1049
 1 -0.4698 0.1082
 1 -0.4702 0.1114
 1 -0.4704 0.1147
 1 -0.4706 0.1179
 1 -0.4706 0.8822
112 1251 35
 0 0.0029 0.5639
 1 -0.0092 0.5649
 1 -0.0203 0.5684
 1 -0.0304 0.5740
 1 -0.0392 0.5812
 1 -0.0464 0.5900
 1 -0.0520 0.6001
 1 -0.0552 0.6112
 1 -0.0565 0.6233
 1 -0.0565 0.6233
 1 -0.0562 0.6272
 1 -0.0558 0.6311
 1 -0.0552 0.6350
 1 -0.0552 0.6350
 1 -0.0520 0.6461
 1 -0.0464 0.6562
 1 -0.0392 0.6650
 1 -0.0304 0.6722
 1 -0.0203 0.6778
 1 -0.0092 0.6813
 1 0.0029 0.6823
 1 0.0146 0.6813
 1 0.0260 0.6778
 1 0.0361 0.6722
 1 0.0446 0.6650
 1 0.0521 0.6562
 1 0.0574 0.6461
 1 0.0609 0.6350
 1 0.0623 0.6233
 1 0.0594 0.6048
 1 0.0521 0.5900
 1 0.0446 0.5812
 1 0.0361 0.5740
 1 0.0260 0.5684
 1 0.0146 0.5649
112 1251 306
 0 0.0058 0.5123
 1 -0.0232 0.5123
 1 -0.0520 0.5123
 1 -0.0653 0.5123
 1 -0.0768 0.5123
 1 -0.0862 0.5123
 1 -0.0901 0.5123
 1 -0.0931 0.5123
 1 -0.0970 0.5123
 1 -0.0976 0.5120
 1 -0.0976 0.5100
 1 -0.0976 0.5064
 1 -0.0976 0.5015
 1 -0.0976 0.4953
 1 -0.0976 0.4810
 1 -0.0976 0.4653
 1 -0.0976 0.4506
 1 -0.0976 0.4444
 1 -0.0976 0.4392
 1 -0.0976 0.4353
 1 -0.0976 0.4334
 1 -0.0973 0.4334
 1 -0.0963 0.4330
 1 -0.0940 0.4330
 1 -0.0908 0.4330
 1 -0.0823 0.4330
 1 -0.0621 0.4330
 1 -0.0533 0.4330
 1 -0.0500 0.4330
 1 -0.0474 0.4330
 1 -0.0458 0.4330
 1 -0.0458 0.4311
 1 -0.0458 0.4288
 1 -0.0458 0.4252
 1 -0.0458 0.4206
 1 -0.0458 0.4151
 1 -0.0458 0.4092
 1 -0.0458 0.3948
 1 -0.0458 0.3785
 1 -0.0458 0.3606
 1 -0.0458 0.3231
 1 -0.0458 0.3051
 1 -0.0458 0.2881
 1 -0.0458 0.2728
 1 -0.0458 0.2663
 1 -0.0458 0.2604
 1 -0.0458 0.2552
 1 -0.0458 0.2509
 1 -0.0458 0.2477
 1 -0.0458 0.2454
 1 -0.0458 0.2444
 1 -0.0458 0.2441
 1 -0.0458 0.2428
 1 -0.0458 0.2398
 1 -0.0458 0.2356
 1 -0.0458 0.2304
 1 -0.0458 0.2242
 1 -0.0458 0.2105
 1 -0.0458 0.1968
 1 -0.0458 0.1906
 1 -0.0458 0.1847
 1 -0.0458 0.1801
 1 -0.0458 0.1765
 1 -0.0458 0.1743
 1 -0.0458 0.1736
 1 -0.0458 0.1726
 1 -0.0458 0.1684
 1 0.0082 0.1677
 1 0.0257 0.1684
 1 0.0433 0.1700
 1 0.0606 0.1726
 1 0.0776 0.1762
 1 0.0942 0.1805
 1 0.1105 0.1857
 1 0.1265 0.1916
 1 0.1419 0.1984
 1 0.1569 0.2059
 1 0.1716 0.2141
 1 0.1856 0.2232
 1 0.1993 0.2327
 1 0.2124 0.2431
 1 0.2251 0.2542
 1 0.2368 0.2656
 1 0.2482 0.2780
 1 0.2590 0.2908
 1 0.2691 0.3038
 1 0.2786 0.3178
 1 0.2874 0.3322
 1 0.2952 0.3469
 1 0.3027 0.3619
 1 0.3089 0.3776
 1 0.3148 0.3939
 1 0.3197 0.4102
 1 0.3236 0.4268
 1 0.3269 0.4438
 1 0.3292 0.4614
 1 0.3305 0.4790
 1 0.3308 0.4967
 1 0.3302 0.5146
 1 0.3285 0.5322
 1 0.3262 0.5495
 1 0.3226 0.5665
 1 0.3187 0.5831
 1 0.3135 0.5994
 1 0.3076 0.6154
 1 0.3011 0.6308
 1 0.2936 0.6461
 1 0.2854 0.6605
 1 0.2763 0.6748
 1 0.2668 0.6885
 1 0.2567 0.7016
 1 0.2456 0.7143
 1 0.2342 0.7264
 1 0.2221 0.7378
 1 0.2094 0.7486
 1 0.1960 0.7587
 1 0.1823 0.7685
 1 0.1683 0.7773
 1 0.1533 0.7851
 1 0.1383 0.7926
 1 0.1226 0.7991
 1 0.1066 0.8050
 1 0.0903 0.8099
 1 0.0737 0.8142
 1 0.0567 0.8171
 1 0.0394 0.8197
 1 0.0221 0.8210
 1 0.0218 0.8210
 1 -0.0141 0.8210
 1 -0.0317 0.8197
 1 -0.0490 0.8171
 1 -0.0660 0.8141
 1 -0.0826 0.8099
 1 -0.0989 0.8050
 1 -0.1149 0.7991
 1 -0.1306 0.7926
 1 -0.1456 0.7851
 1 -0.1603 0.7773
 1 -0.1746 0.7685
 1 -0.1884 0.7587
 1 -0.2017 0.7486
 1 -0.2145 0.7378
 1 -0.2265 0.7264
 1 -0.2379 0.7143
 1 -0.2490 0.7016
 1 -0.2592 0.6885
 1 -0.2686 0.6748
 1 -0.2778 0.6605
 1 -0.2859 0.6461
 1 -0.2934 0.6308
 1 -0.3000 0.6154
 1 -0.3058 0.5994
 1 -0.3110 0.5831
 1 -0.3150 0.5665
 1 -0.3185 0.5495
 1 -0.3208 0.5322
 1 -0.3225 0.5146
 1 -0.3231 0.4966
 1 -0.3231 0.4947
 1 -0.3231 0.4934
 1 -0.3231 0.4911
 1 -0.3228 0.4869
 1 -0.3225 0.4777
 1 -0.3212 0.4604
 1 -0.3189 0.4428
 1 -0.3159 0.4258
 1 -0.3117 0.4092
 1 -0.3068 0.3929
 1 -0.3013 0.3769
 1 -0.2947 0.3612
 1 -0.2872 0.3462
 1 -0.2794 0.3315
 1 -0.2706 0.3172
 1 -0.2611 0.3035
 1 -0.2510 0.2901
 1 -0.2402 0.2774
 1 -0.2288 0.2653
 1 -0.2275 0.2637
 1 -0.2272 0.2640
 1 -0.2269 0.2643
 1 -0.2252 0.2663
 1 -0.2223 0.2689
 1 -0.2184 0.2728
 1 -0.2141 0.2770
 1 -0.2092 0.2823
 1 -0.1880 0.3031
 1 -0.1835 0.3077
 1 -0.1795 0.3116
 1 -0.1763 0.3149
 1 -0.1733 0.3178
 1 -0.1763 0.3208
 1 -0.1805 0.3253
 1 -0.1968 0.3452
 1 -0.2112 0.3665
 1 -0.2174 0.3775
 1 -0.2233 0.3890
 1 -0.2285 0.4010
 1 -0.2331 0.4131
 1 -0.2370 0.4255
 1 -0.2402 0.4382
 1 -0.2428 0.4513
 1 -0.2448 0.4643
 1 -0.2461 0.4777
 1 -0.2464 0.4914
 1 -0.2464 0.4950
 1 -0.2464 0.5019
 1 -0.2458 0.5156
 1 -0.2442 0.5290
 1 -0.2422 0.5420
 1 -0.2393 0.5551
 1 -0.2357 0.5675
 1 -0.2318 0.5799
 1 -0.2269 0.5919
 1 -0.2216 0.6037
 1 -0.2154 0.6151
 1 -0.2089 0.6262
 1 -0.2021 0.6370
 1 -0.1864 0.6572
 1 -0.1688 0.6758
 1 -0.1495 0.6924
 1 -0.1286 0.7071
 1 -0.1175 0.7136
 1 -0.1061 0.7195
 1 -0.0944 0.7251
 1 -0.0823 0.7300
 1 -0.0699 0.7339
 1 -0.0572 0.7375
 1 -0.0441 0.7404
 1 -0.0311 0.7427
 1 -0.0177 0.7440
 1 -0.0043 0.7450
 1 0.0094 0.7450
 1 0.0231 0.7443
 1 0.0365 0.7430
 1 0.0495 0.7407
 1 0.0626 0.7381
 1 0.0753 0.7345
 1 0.0877 0.7306
 1 0.0998 0.7260
 1 0.1115 0.7205
 1 0.1233 0.7146
 1 0.1344 0.7084
 1 0.1451 0.7012
 1 0.1654 0.6859
 1 0.1840 0.6683
 1 0.2009 0.6490
 1 0.2156 0.6282
 1 0.2221 0.6171
 1 0.2283 0.6060
 1 0.2336 0.5942
 1 0.2385 0.5821
 1 0.2427 0.5697
 1 0.2463 0.5570
 1 0.2492 0.5443
 1 0.2515 0.5312
 1 0.2531 0.5179
 1 0.2541 0.5042
 1 0.2541 0.4911
 1 0.2538 0.4790
 1 0.2512 0.4555
 1 0.2466 0.4324
 1 0.2398 0.4105
 1 0.2310 0.3893
 1 0.2205 0.3691
 1 0.2081 0.3501
 1 0.1944 0.3322
 1 0.1791 0.3159
 1 0.1621 0.3005
 1 0.1438 0.2872
 1 0.1246 0.2754
 1 0.1043 0.2653
 1 0.0828 0.2568
 1 0.0606 0.2506
 1 0.0547 0.2493
 1 0.0518 0.2490
 1 0.0512 0.2487
 1 0.0512 0.2500
 1 0.0512 0.2526
 1 0.0512 0.2568
 1 0.0512 0.2624
 1 0.0512 0.2692
 1 0.0512 0.2774
 1 0.0512 0.2865
 1 0.0512 0.2963
 1 0.0512 0.3071
 1 0.0512 0.3306
 1 0.0512 0.3560
 1 0.0512 0.4082
 1 0.0512 0.4333
 1 0.0512 0.4565
 1 0.0512 0.4670
 1 0.0512 0.4767
 1 0.0512 0.4856
 1 0.0512 0.4934
 1 0.0512 0.4999
 1 0.0512 0.5051
 1 0.0512 0.5090
 1 0.0512 0.5123
 1 0.0505 0.5123
 1 0.0492 0.5123
 1 0.0469 0.5123
 1 0.0437 0.5123
 1 0.0401 0.5123
 1 0.0306 0.5123
 1 0.0189 0.5123
 1 0.0058 0.5123
