SEcl_IS-11
3530 7 1 1 0 0 0 0 0 0 1 1
1.0000
112 1252 173
 0 -0.5006 0.8828
 1 -0.5004 0.8871
 1 -0.5001 0.8915
 1 -0.4996 0.8958
 1 -0.4990 0.9001
 1 -0.4982 0.9044
 1 -0.4972 0.9087
 1 -0.4961 0.9129
 1 -0.4948 0.9171
 1 -0.4934 0.9212
 1 -0.4919 0.9253
 1 -0.4902 0.9293
 1 -0.4883 0.9333
 1 -0.4863 0.9371
 1 -0.4842 0.9409
 1 -0.4819 0.9447
 1 -0.4795 0.9483
 1 -0.4770 0.9519
 1 -0.4743 0.9553
 1 -0.4715 0.9587
 1 -0.4686 0.9619
 1 -0.4656 0.9651
 1 -0.4624 0.9681
 1 -0.4592 0.9710
 1 -0.4558 0.9738
 1 -0.4524 0.9765
 1 -0.4488 0.9790
 1 -0.4452 0.9814
 1 -0.4415 0.9837
 1 -0.4377 0.9858
 1 -0.4338 0.9878
 1 -0.4298 0.9897
 1 -0.4258 0.9914
 1 -0.4217 0.9930
 1 -0.4176 0.9944
 1 -0.4134 0.9957
 1 -0.4092 0.9968
 1 -0.4050 0.9977
 1 -0.4007 0.9985
 1 -0.3964 0.9992
 1 -0.3920 0.9996
 1 -0.3877 1.0000
 1 -0.3833 1.0001
 1 0.3833 1.0001
 1 0.3877 1.0000
 1 0.3920 0.9996
 1 0.3964 0.9992
 1 0.4007 0.9985
 1 0.4050 0.9977
 1 0.4092 0.9968
 1 0.4134 0.9957
 1 0.4176 0.9944
 1 0.4217 0.9930
 1 0.4258 0.9914
 1 0.4298 0.9897
 1 0.4338 0.9878
 1 0.4377 0.9858
 1 0.4415 0.9837
 1 0.4452 0.9814
 1 0.4488 0.9790
 1 0.4524 0.9765
 1 0.4558 0.9738
 1 0.4592 0.9710
 1 0.4624 0.9681
 1 0.4656 0.9651
 1 0.4686 0.9619
 1 0.4715 0.9587
 1 0.4743 0.9553
 1 0.4770 0.9519
 1 0.4795 0.9483
 1 0.4819 0.9447
 1 0.4842 0.9409
 1 0.4863 0.9371
 1 0.4883 0.9333
 1 0.4902 0.9293
 1 0.4919 0.9253
 1 0.4934 0.9212
 1 0.4948 0.9171
 1 0.4961 0.9129
 1 0.4972 0.9087
 1 0.4982 0.9044
 1 0.4990 0.9001
 1 0.4996 0.8958
 1 0.5001 0.8915
 1 0.5004 0.8871
 1 0.5006 0.8828
 1 0.5006 0.1174
 1 0.5004 0.1130
 1 0.5001 0.1087
 1 0.4996 0.1043
 1 0.4990 0.1000
 1 0.4982 0.0957
 1 0.4972 0.0915
 1 0.4961 0.0872
 1 0.4948 0.0831
 1 0.4934 0.0789
 1 0.4919 0.0748
 1 0.4902 0.0708
 1 0.4883 0.0669
 1 0.4863 0.0630
 1 0.4842 0.0592
 1 0.4819 0.0555
 1 0.4795 0.0518
 1 0.4770 0.0483
 1 0.4743 0.0448
 1 0.4715 0.0415
 1 0.4686 0.0382
 1 0.4656 0.0351
 1 0.4624 0.0320
 1 0.4592 0.0291
 1 0.4558 0.0263
 1 0.4524 0.0237
 1 0.4488 0.0211
 1 0.4452 0.0187
 1 0.4415 0.0164
 1 0.4377 0.0143
 1 0.4338 0.0123
 1 0.4298 0.0104
 1 0.4258 0.0087
 1 0.4217 0.0072
 1 0.4176 0.0057
 1 0.4134 0.0045
 1 0.4092 0.0034
 1 0.4050 0.0024
 1 0.4007 0.0016
 1 0.3964 0.0010
 1 0.3920 0.0005
 1 0.3877 0.0002
 1 0.3833 0.0000
 1 -0.3833 0.0000
 1 -0.3833 0.0000
 1 -0.3877 0.0002
 1 -0.3920 0.0005
 1 -0.3964 0.0010
 1 -0.4007 0.0016
 1 -0.4050 0.0024
 1 -0.4092 0.0034
 1 -0.4134 0.0045
 1 -0.4176 0.0057
 1 -0.4217 0.0072
 1 -0.4258 0.0087
 1 -0.4298 0.0104
 1 -0.4338 0.0123
 1 -0.4377 0.0143
 1 -0.4415 0.0164
 1 -0.4452 0.0187
 1 -0.4488 0.0211
 1 -0.4524 0.0237
 1 -0.4558 0.0263
 1 -0.4592 0.0291
 1 -0.4624 0.0320
 1 -0.4656 0.0351
 1 -0.4686 0.0382
 1 -0.4715 0.0415
 1 -0.4743 0.0448
 1 -0.4770 0.0483
 1 -0.4795 0.0518
 1 -0.4819 0.0555
 1 -0.4842 0.0592
 1 -0.4863 0.0630
 1 -0.4883 0.0669
 1 -0.4902 0.0708
 1 -0.4919 0.0748
 1 -0.4934 0.0789
 1 -0.4948 0.0831
 1 -0.4961 0.0872
 1 -0.4972 0.0915
 1 -0.4982 0.0957
 1 -0.4990 0.1000
 1 -0.4996 0.1043
 1 -0.5001 0.1087
 1 -0.5004 0.1130
 1 -0.5006 0.1174
112 1251 173
 0 -0.4906 0.8826
 1 -0.4904 0.8866
 1 -0.4901 0.8906
 1 -0.4897 0.8945
 1 -0.4891 0.8985
 1 -0.4884 0.9024
 1 -0.4875 0.9063
 1 -0.4865 0.9102
 1 -0.4853 0.9140
 1 -0.4840 0.9178
 1 -0.4826 0.9215
 1 -0.4810 0.9252
 1 -0.4793 0.9288
 1 -0.4775 0.9324
 1 -0.4756 0.9359
 1 -0.4735 0.9393
 1 -0.4713 0.9426
 1 -0.4689 0.9459
 1 -0.4665 0.9491
 1 -0.4639 0.9521
 1 -0.4613 0.9551
 1 -0.4585 0.9580
 1 -0.4556 0.9608
 1 -0.4526 0.9634
 1 -0.4496 0.9660
 1 -0.4464 0.9685
 1 -0.4431 0.9708
 1 -0.4398 0.9730
 1 -0.4364 0.9751
 1 -0.4329 0.9770
 1 -0.4294 0.9789
 1 -0.4257 0.9806
 1 -0.4221 0.9821
 1 -0.4183 0.9836
 1 -0.4145 0.9849
 1 -0.4107 0.9860
 1 -0.4069 0.9870
 1 -0.4029 0.9879
 1 -0.3990 0.9887
 1 -0.3951 0.9892
 1 -0.3911 0.9897
 1 -0.3871 0.9900
 1 -0.3831 0.9901
 1 0.3831 0.9901
 1 0.3871 0.9900
 1 0.3911 0.9897
 1 0.3951 0.9892
 1 0.3990 0.9887
 1 0.4030 0.9879
 1 0.4069 0.9870
 1 0.4107 0.9860
 1 0.4145 0.9849
 1 0.4183 0.9836
 1 0.4221 0.9821
 1 0.4257 0.9806
 1 0.4294 0.9789
 1 0.4329 0.9770
 1 0.4364 0.9751
 1 0.4398 0.9730
 1 0.4432 0.9708
 1 0.4464 0.9685
 1 0.4496 0.9660
 1 0.4526 0.9634
 1 0.4556 0.9608
 1 0.4585 0.9580
 1 0.4613 0.9551
 1 0.4639 0.9521
 1 0.4665 0.9491
 1 0.4689 0.9459
 1 0.4713 0.9426
 1 0.4735 0.9393
 1 0.4756 0.9359
 1 0.4775 0.9324
 1 0.4793 0.9289
 1 0.4810 0.9252
 1 0.4826 0.9215
 1 0.4840 0.9178
 1 0.4853 0.9140
 1 0.4865 0.9102
 1 0.4875 0.9063
 1 0.4884 0.9024
 1 0.4891 0.8985
 1 0.4897 0.8945
 1 0.4901 0.8906
 1 0.4904 0.8866
 1 0.4906 0.8826
 1 0.4906 0.1176
 1 0.4904 0.1136
 1 0.4901 0.1096
 1 0.4897 0.1056
 1 0.4891 0.1016
 1 0.4884 0.0977
 1 0.4875 0.0938
 1 0.4865 0.0899
 1 0.4853 0.0861
 1 0.4840 0.0823
 1 0.4826 0.0786
 1 0.4810 0.0749
 1 0.4793 0.0713
 1 0.4775 0.0677
 1 0.4756 0.0642
 1 0.4735 0.0608
 1 0.4713 0.0575
 1 0.4689 0.0542
 1 0.4665 0.0511
 1 0.4639 0.0480
 1 0.4613 0.0450
 1 0.4585 0.0421
 1 0.4556 0.0394
 1 0.4526 0.0367
 1 0.4496 0.0341
 1 0.4464 0.0317
 1 0.4432 0.0294
 1 0.4398 0.0271
 1 0.4364 0.0251
 1 0.4329 0.0231
 1 0.4294 0.0213
 1 0.4257 0.0196
 1 0.4221 0.0180
 1 0.4183 0.0166
 1 0.4145 0.0153
 1 0.4107 0.0141
 1 0.4069 0.0131
 1 0.4029 0.0122
 1 0.3990 0.0115
 1 0.3951 0.0109
 1 0.3911 0.0105
 1 0.3871 0.0102
 1 0.3831 0.0100
 1 -0.3831 0.0100
 1 -0.3871 0.0102
 1 -0.3911 0.0105
 1 -0.3951 0.0109
 1 -0.3990 0.0115
 1 -0.4029 0.0122
 1 -0.4069 0.0131
 1 -0.4107 0.0141
 1 -0.4145 0.0153
 1 -0.4183 0.0166
 1 -0.4221 0.0180
 1 -0.4257 0.0196
 1 -0.4294 0.0213
 1 -0.4329 0.0231
 1 -0.4364 0.0251
 1 -0.4398 0.0271
 1 -0.4432 0.0294
 1 -0.4464 0.0317
 1 -0.4496 0.0341
 1 -0.4526 0.0367
 1 -0.4556 0.0394
 1 -0.4585 0.0421
 1 -0.4613 0.0450
 1 -0.4639 0.0480
 1 -0.4665 0.0511
 1 -0.4689 0.0542
 1 -0.4713 0.0575
 1 -0.4735 0.0608
 1 -0.4756 0.0642
 1 -0.4775 0.0677
 1 -0.4793 0.0713
 1 -0.4810 0.0749
 1 -0.4826 0.0786
 1 -0.4840 0.0823
 1 -0.4853 0.0861
 1 -0.4865 0.0899
 1 -0.4875 0.0938
 1 -0.4884 0.0977
 1 -0.4891 0.1016
 1 -0.4897 0.1056
 1 -0.4901 0.1096
 1 -0.4904 0.1136
 1 -0.4906 0.1176
 1 -0.4906 0.8826
112 1252 173
 0 -0.4706 0.8822
 1 -0.4704 0.8855
 1 -0.4702 0.8887
 1 -0.4698 0.8920
 1 -0.4694 0.8952
 1 -0.4688 0.8984
 1 -0.4680 0.9016
 1 -0.4672 0.9048
 1 -0.4663 0.9079
 1 -0.4652 0.9110
 1 -0.4641 0.9141
 1 -0.4628 0.9171
 1 -0.4614 0.9200
 1 -0.4599 0.9229
 1 -0.4583 0.9258
 1 -0.4566 0.9286
 1 -0.4548 0.9313
 1 -0.4529 0.9340
 1 -0.4509 0.9366
 1 -0.4488 0.9391
 1 -0.4466 0.9415
 1 -0.4443 0.9439
 1 -0.4420 0.9461
 1 -0.4396 0.9483
 1 -0.4370 0.9504
 1 -0.4345 0.9524
 1 -0.4318 0.9543
 1 -0.4291 0.9561
 1 -0.4263 0.9578
 1 -0.4234 0.9594
 1 -0.4205 0.9609
 1 -0.4176 0.9623
 1 -0.4146 0.9636
 1 -0.4115 0.9648
 1 -0.4084 0.9658
 1 -0.4053 0.9668
 1 -0.4021 0.9676
 1 -0.3989 0.9683
 1 -0.3957 0.9689
 1 -0.3925 0.9694
 1 -0.3892 0.9698
 1 -0.3860 0.9700
 1 -0.3827 0.9701
 1 0.3827 0.9701
 1 0.3860 0.9700
 1 0.3892 0.9698
 1 0.3925 0.9694
 1 0.3957 0.9689
 1 0.3989 0.9683
 1 0.4021 0.9676
 1 0.4053 0.9668
 1 0.4084 0.9658
 1 0.4115 0.9648
 1 0.4146 0.9636
 1 0.4176 0.9623
 1 0.4205 0.9609
 1 0.4234 0.9594
 1 0.4263 0.9578
 1 0.4291 0.9561
 1 0.4318 0.9543
 1 0.4345 0.9524
 1 0.4370 0.9504
 1 0.4396 0.9483
 1 0.4420 0.9461
 1 0.4443 0.9439
 1 0.4466 0.9415
 1 0.4488 0.9391
 1 0.4509 0.9366
 1 0.4529 0.9340
 1 0.4548 0.9313
 1 0.4566 0.9286
 1 0.4583 0.9258
 1 0.4599 0.9229
 1 0.4614 0.9200
 1 0.4628 0.9171
 1 0.4641 0.9141
 1 0.4652 0.9110
 1 0.4663 0.9079
 1 0.4672 0.9048
 1 0.4680 0.9016
 1 0.4688 0.8984
 1 0.4694 0.8952
 1 0.4698 0.8920
 1 0.4702 0.8887
 1 0.4704 0.8855
 1 0.4706 0.8822
 1 0.4706 0.1179
 1 0.4704 0.1147
 1 0.4702 0.1114
 1 0.4698 0.1082
 1 0.4694 0.1049
 1 0.4688 0.1017
 1 0.4680 0.0985
 1 0.4672 0.0954
 1 0.4663 0.0922
 1 0.4652 0.0891
 1 0.4641 0.0861
 1 0.4628 0.0831
 1 0.4614 0.0801
 1 0.4599 0.0772
 1 0.4583 0.0744
 1 0.4566 0.0716
 1 0.4548 0.0688
 1 0.4529 0.0662
 1 0.4509 0.0636
 1 0.4488 0.0611
 1 0.4466 0.0586
 1 0.4443 0.0563
 1 0.4420 0.0540
 1 0.4396 0.0518
 1 0.4370 0.0497
 1 0.4345 0.0477
 1 0.4318 0.0458
 1 0.4291 0.0440
 1 0.4263 0.0423
 1 0.4234 0.0407
 1 0.4205 0.0392
 1 0.4176 0.0378
 1 0.4146 0.0365
 1 0.4115 0.0354
 1 0.4084 0.0343
 1 0.4053 0.0334
 1 0.4021 0.0325
 1 0.3989 0.0318
 1 0.3957 0.0312
 1 0.3925 0.0307
 1 0.3892 0.0304
 1 0.3860 0.0301
 1 0.3827 0.0300
 1 -0.3827 0.0300
 1 -0.3860 0.0301
 1 -0.3892 0.0304
 1 -0.3925 0.0307
 1 -0.3957 0.0312
 1 -0.3989 0.0318
 1 -0.4021 0.0325
 1 -0.4053 0.0334
 1 -0.4084 0.0343
 1 -0.4115 0.0354
 1 -0.4146 0.0365
 1 -0.4176 0.0378
 1 -0.4205 0.0392
 1 -0.4234 0.0407
 1 -0.4263 0.0423
 1 -0.4291 0.0440
 1 -0.4318 0.0458
 1 -0.4345 0.0477
 1 -0.4370 0.0497
 1 -0.4396 0.0518
 1 -0.4420 0.0540
 1 -0.4443 0.0563
 1 -0.4466 0.0586
 1 -0.4488 0.0611
 1 -0.4509 0.0636
 1 -0.4529 0.0662
 1 -0.4548 0.0688
 1 -0.4566 0.0716
 1 -0.4583 0.0743
 1 -0.4599 0.0772
 1 -0.4614 0.0801
 1 -0.4628 0.0831
 1 -0.4640 0.0861
 1 -0.4652 0.0891
 1 -0.4663 0.0922
 1 -0.4672 0.0954
 1 -0.4680 0.0985
 1 -0.4688 0.1017
 1 -0.4694 0.1049
 1 -0.4698 0.1082
 1 -0.4702 0.1114
 1 -0.4704 0.1147
 1 -0.4706 0.1179
 1 -0.4706 0.8822
112 1251 303
 0 -0.1799 0.5221
 1 -0.1799 0.5234
 1 -0.1799 0.5237
 1 -0.1799 0.5263
 1 -0.1799 0.5306
 1 -0.1799 0.5355
 1 -0.1799 0.5387
 1 -0.1799 0.5397
 1 -0.1802 0.5397
 1 -0.1821 0.5397
 1 -0.1857 0.5397
 1 -0.1906 0.5397
 1 -0.1959 0.5397
 1 -0.2069 0.5397
 1 -0.2118 0.5397
 1 -0.2154 0.5397
 1 -0.2177 0.5397
 1 -0.2184 0.5397
 1 -0.2184 0.5391
 1 -0.2184 0.5374
 1 -0.2184 0.5335
 1 -0.2184 0.5286
 1 -0.2184 0.5247
 1 -0.2184 0.5237
 1 -0.2184 0.5234
 1 -0.2184 0.5231
 1 -0.2184 0.5221
 1 -0.2190 0.5084
 1 -0.2203 0.4963
 1 -0.2223 0.4849
 1 -0.2252 0.4748
 1 -0.2285 0.4653
 1 -0.2324 0.4568
 1 -0.2409 0.4412
 1 -0.2503 0.4271
 1 -0.2585 0.4144
 1 -0.2663 0.4014
 1 -0.2732 0.3867
 1 -0.2758 0.3792
 1 -0.2778 0.3707
 1 -0.2794 0.3619
 1 -0.2800 0.3524
 1 -0.2800 0.3472
 1 -0.2797 0.3403
 1 -0.2774 0.3273
 1 -0.2732 0.3152
 1 -0.2670 0.3044
 1 -0.2592 0.2947
 1 -0.2494 0.2862
 1 -0.2386 0.2793
 1 -0.2262 0.2738
 1 -0.2125 0.2699
 1 -0.1975 0.2679
 1 -0.1900 0.2676
 1 -0.1825 0.2676
 1 -0.1688 0.2695
 1 -0.1557 0.2734
 1 -0.1427 0.2796
 1 -0.1303 0.2878
 1 -0.1185 0.2979
 1 -0.1071 0.3100
 1 -0.0963 0.3240
 1 -0.0862 0.3400
 1 -0.0767 0.3580
 1 -0.0722 0.3674
 1 -0.0702 0.3723
 1 -0.0689 0.3749
 1 -0.0689 0.3756
 1 -0.0673 0.3795
 1 -0.0608 0.3961
 1 -0.0552 0.4141
 1 -0.0539 0.4187
 1 -0.0536 0.4190
 1 -0.0536 0.4187
 1 -0.0533 0.4167
 1 -0.0523 0.4134
 1 -0.0516 0.4085
 1 -0.0503 0.4030
 1 -0.0490 0.3965
 1 -0.0457 0.3811
 1 -0.0425 0.3642
 1 -0.0389 0.3469
 1 -0.0356 0.3305
 1 -0.0343 0.3234
 1 -0.0330 0.3168
 1 -0.0317 0.3110
 1 -0.0307 0.3064
 1 -0.0301 0.3031
 1 -0.0298 0.3012
 1 -0.0298 0.3002
 1 -0.0311 0.2979
 1 -0.0333 0.2943
 1 -0.0360 0.2894
 1 -0.0389 0.2839
 1 -0.0454 0.2725
 1 -0.0480 0.2676
 1 -0.0500 0.2637
 1 -0.0513 0.2614
 1 -0.0513 0.2610
 1 -0.0513 0.2601
 1 -0.0513 0.2584
 1 -0.0513 0.2532
 1 -0.0513 0.2477
 1 -0.0513 0.2431
 1 -0.0513 0.2418
 1 -0.0513 0.2415
 1 -0.0500 0.2415
 1 -0.0480 0.2415
 1 -0.0451 0.2415
 1 -0.0415 0.2415
 1 -0.0369 0.2415
 1 -0.0317 0.2415
 1 -0.0196 0.2415
 1 -0.0050 0.2415
 1 0.0117 0.2415
 1 0.0300 0.2415
 1 0.0492 0.2415
 1 0.1295 0.2415
 1 0.1487 0.2415
 1 0.1664 0.2415
 1 0.1827 0.2415
 1 0.1970 0.2415
 1 0.2091 0.2415
 1 0.2140 0.2415
 1 0.2182 0.2415
 1 0.2218 0.2415
 1 0.2244 0.2415
 1 0.2261 0.2415
 1 0.2267 0.2415
 1 0.2270 0.2418
 1 0.2270 0.2434
 1 0.2270 0.2483
 1 0.2270 0.2542
 1 0.2270 0.2594
 1 0.2270 0.2610
 1 0.2270 0.2620
 1 0.2267 0.2627
 1 0.2254 0.2650
 1 0.2231 0.2686
 1 0.2205 0.2734
 1 0.2140 0.2845
 1 0.2111 0.2901
 1 0.2084 0.2947
 1 0.2065 0.2982
 1 0.2052 0.3005
 1 0.2049 0.3009
 1 0.2052 0.3018
 1 0.2058 0.3051
 1 0.2071 0.3103
 1 0.2084 0.3175
 1 0.2104 0.3260
 1 0.2124 0.3361
 1 0.2146 0.3472
 1 0.2199 0.3713
 1 0.2251 0.3971
 1 0.2303 0.4222
 1 0.2329 0.4340
 1 0.2352 0.4448
 1 0.2372 0.4545
 1 0.2388 0.4627
 1 0.2404 0.4692
 1 0.2414 0.4741
 1 0.2417 0.4767
 1 0.2421 0.4774
 1 0.2421 0.4787
 1 0.2421 0.4810
 1 0.2421 0.4842
 1 0.2421 0.4882
 1 0.2421 0.4931
 1 0.2421 0.4986
 1 0.2421 0.5120
 1 0.2421 0.5276
 1 0.2421 0.5453
 1 0.2421 0.5645
 1 0.2421 0.5851
 1 0.2421 0.6275
 1 0.2421 0.6699
 1 0.2421 0.6901
 1 0.2421 0.7087
 1 0.2421 0.7260
 1 0.2421 0.7407
 1 0.2421 0.7472
 1 0.2421 0.7531
 1 0.2421 0.7583
 1 0.2421 0.7626
 1 0.2421 0.7662
 1 0.2421 0.7688
 1 0.2421 0.7704
 1 0.2421 0.7711
 1 0.2414 0.7769
 1 0.2401 0.7828
 1 0.2378 0.7884
 1 0.2349 0.7933
 1 0.2313 0.7978
 1 0.2270 0.8017
 1 0.2222 0.8050
 1 0.2169 0.8073
 1 0.2111 0.8089
 1 0.2052 0.8099
 1 0.2036 0.8099
 1 0.2029 0.8099
 1 0.2019 0.8099
 1 0.2000 0.8099
 1 0.1974 0.8099
 1 0.1944 0.8099
 1 0.1859 0.8099
 1 0.1755 0.8099
 1 0.1631 0.8099
 1 0.1491 0.8099
 1 0.1340 0.8099
 1 0.1014 0.8099
 1 0.0675 0.8099
 1 0.0512 0.8099
 1 0.0352 0.8099
 1 0.0205 0.8099
 1 0.0071 0.8099
 1 -0.0043 0.8099
 1 -0.0141 0.8099
 1 -0.0213 0.8099
 1 -0.0242 0.8099
 1 -0.0262 0.8099
 1 -0.0275 0.8099
 1 -0.0278 0.8099
 1 -0.0307 0.8096
 1 -0.0369 0.8089
 1 -0.0425 0.8070
 1 -0.0477 0.8044
 1 -0.0523 0.8011
 1 -0.0565 0.7968
 1 -0.0601 0.7923
 1 -0.0630 0.7874
 1 -0.0650 0.7818
 1 -0.0663 0.7760
 1 -0.0663 0.7727
 1 -0.0663 0.7714
 1 -0.0663 0.7711
 1 -0.0663 0.7688
 1 -0.0663 0.7642
 1 -0.0663 0.7583
 1 -0.0663 0.7505
 1 -0.0663 0.7414
 1 -0.0663 0.7309
 1 -0.0663 0.7198
 1 -0.0663 0.7081
 1 -0.0663 0.6591
 1 -0.0663 0.6477
 1 -0.0663 0.6370
 1 -0.0663 0.6272
 1 -0.0663 0.6187
 1 -0.0663 0.6115
 1 -0.0663 0.6063
 1 -0.0663 0.6030
 1 -0.0663 0.6017
 1 -0.0663 0.6030
 1 -0.0663 0.6017
 1 -0.0670 0.5776
 1 -0.0683 0.5541
 1 -0.0702 0.5312
 1 -0.0731 0.5090
 1 -0.0764 0.4875
 1 -0.0807 0.4666
 1 -0.0855 0.4470
 1 -0.0908 0.4281
 1 -0.0966 0.4105
 1 -0.1032 0.3939
 1 -0.1097 0.3782
 1 -0.1169 0.3642
 1 -0.1241 0.3514
 1 -0.1319 0.3403
 1 -0.1400 0.3309
 1 -0.1482 0.3227
 1 -0.1567 0.3162
 1 -0.1655 0.3113
 1 -0.1743 0.3080
 1 -0.1831 0.3064
 1 -0.1926 0.3064
 1 -0.2014 0.3071
 1 -0.2099 0.3090
 1 -0.2171 0.3116
 1 -0.2236 0.3152
 1 -0.2291 0.3191
 1 -0.2337 0.3243
 1 -0.2373 0.3299
 1 -0.2399 0.3361
 1 -0.2412 0.3429
 1 -0.2415 0.3501
 1 -0.2412 0.3567
 1 -0.2389 0.3681
 1 -0.2347 0.3785
 1 -0.2291 0.3886
 1 -0.2226 0.3991
 1 -0.2187 0.4046
 1 -0.2135 0.4125
 1 -0.2030 0.4297
 1 -0.1978 0.4392
 1 -0.1932 0.4497
 1 -0.1890 0.4614
 1 -0.1854 0.4738
 1 -0.1825 0.4878
 1 -0.1805 0.5032
 1 -0.1799 0.5198
 1 -0.1799 0.5221
 1 -0.1799 0.5221
112 1251 5
 0 0.3383 0.2066
 1 0.3383 0.1680
 1 -0.3322 0.1680
 1 -0.3322 0.2066
 1 0.3383 0.2066
112 1251 89
 0 -0.1528 0.6761
 1 -0.1528 0.6758
 1 -0.1528 0.6755
 1 -0.1528 0.6732
 1 -0.1528 0.6699
 1 -0.1528 0.6653
 1 -0.1528 0.6598
 1 -0.1528 0.6467
 1 -0.1528 0.6167
 1 -0.1528 0.6030
 1 -0.1528 0.5968
 1 -0.1528 0.5919
 1 -0.1528 0.5877
 1 -0.1528 0.5847
 1 -0.1528 0.5834
 1 -0.1528 0.5831
 1 -0.1544 0.5831
 1 -0.1577 0.5831
 1 -0.1671 0.5831
 1 -0.1769 0.5831
 1 -0.1812 0.5831
 1 -0.1838 0.5831
 1 -0.1844 0.5831
 1 -0.1857 0.5831
 1 -0.1890 0.5831
 1 -0.1936 0.5831
 1 -0.2047 0.5831
 1 -0.2099 0.5831
 1 -0.2141 0.5831
 1 -0.2174 0.5831
 1 -0.2184 0.5831
 1 -0.2184 0.5831
 1 -0.2184 0.5838
 1 -0.2184 0.5857
 1 -0.2184 0.5887
 1 -0.2184 0.5926
 1 -0.2184 0.6024
 1 -0.2184 0.6138
 1 -0.2184 0.6379
 1 -0.2184 0.6480
 1 -0.2184 0.6520
 1 -0.2184 0.6552
 1 -0.2184 0.6575
 1 -0.2184 0.6585
 1 -0.2184 0.6591
 1 -0.2184 0.6604
 1 -0.2184 0.6627
 1 -0.2180 0.6722
 1 -0.2157 0.6901
 1 -0.2118 0.7061
 1 -0.2069 0.7208
 1 -0.2004 0.7339
 1 -0.1932 0.7453
 1 -0.1854 0.7554
 1 -0.1766 0.7645
 1 -0.1678 0.7720
 1 -0.1590 0.7789
 1 -0.1502 0.7844
 1 -0.1417 0.7890
 1 -0.1338 0.7926
 1 -0.1267 0.7955
 1 -0.1205 0.7975
 1 -0.1156 0.7991
 1 -0.1120 0.8001
 1 -0.1100 0.8004
 1 -0.1097 0.8004
 1 -0.1097 0.7998
 1 -0.1097 0.7965
 1 -0.1097 0.7913
 1 -0.1097 0.7851
 1 -0.1097 0.7711
 1 -0.1097 0.7652
 1 -0.1097 0.7603
 1 -0.1097 0.7577
 1 -0.1104 0.7574
 1 -0.1113 0.7567
 1 -0.1133 0.7557
 1 -0.1182 0.7525
 1 -0.1244 0.7472
 1 -0.1312 0.7401
 1 -0.1381 0.7306
 1 -0.1414 0.7251
 1 -0.1443 0.7185
 1 -0.1469 0.7117
 1 -0.1492 0.7042
 1 -0.1511 0.6960
 1 -0.1521 0.6872
 1 -0.1528 0.6774
 1 -0.1528 0.6761
112 1252 93
 0 -0.0151 0.5802
 1 -0.0118 0.5753
 1 -0.0069 0.5720
 1 -0.0010 0.5707
 1 -0.0004 0.5707
 1 0.0009 0.5707
 1 0.0032 0.5707
 1 0.0065 0.5707
 1 0.0107 0.5707
 1 0.0153 0.5707
 1 0.0267 0.5707
 1 0.0401 0.5707
 1 0.0551 0.5707
 1 0.0877 0.5707
 1 0.1203 0.5707
 1 0.1354 0.5707
 1 0.1487 0.5707
 1 0.1602 0.5707
 1 0.1647 0.5707
 1 0.1690 0.5707
 1 0.1722 0.5707
 1 0.1745 0.5707
 1 0.1761 0.5707
 1 0.1765 0.5707
 1 0.1823 0.5720
 1 0.1872 0.5753
 1 0.1905 0.5802
 1 0.1915 0.5860
 1 0.1915 0.5864
 1 0.1915 0.5877
 1 0.1915 0.5900
 1 0.1915 0.5926
 1 0.1915 0.6004
 1 0.1915 0.6102
 1 0.1915 0.6219
 1 0.1915 0.6350
 1 0.1915 0.6634
 1 0.1915 0.6918
 1 0.1915 0.7048
 1 0.1915 0.7166
 1 0.1915 0.7267
 1 0.1915 0.7342
 1 0.1915 0.7371
 1 0.1915 0.7391
 1 0.1915 0.7404
 1 0.1915 0.7410
 1 0.1905 0.7469
 1 0.1872 0.7515
 1 0.1823 0.7548
 1 0.1765 0.7561
 1 0.1761 0.7561
 1 0.1745 0.7561
 1 0.1722 0.7561
 1 0.1690 0.7561
 1 0.1647 0.7561
 1 0.1602 0.7561
 1 0.1487 0.7561
 1 0.1354 0.7561
 1 0.1203 0.7561
 1 0.0877 0.7561
 1 0.0551 0.7561
 1 0.0401 0.7561
 1 0.0267 0.7561
 1 0.0153 0.7561
 1 0.0107 0.7561
 1 0.0065 0.7561
 1 0.0032 0.7561
 1 0.0009 0.7561
 1 -0.0004 0.7561
 1 -0.0010 0.7561
 1 -0.0069 0.7548
 1 -0.0118 0.7515
 1 -0.0151 0.7469
 1 -0.0161 0.7410
 1 -0.0161 0.7404
 1 -0.0161 0.7391
 1 -0.0161 0.7371
 1 -0.0161 0.7342
 1 -0.0161 0.7267
 1 -0.0161 0.7166
 1 -0.0161 0.7048
 1 -0.0161 0.6918
 1 -0.0161 0.6634
 1 -0.0161 0.6350
 1 -0.0161 0.6219
 1 -0.0161 0.6102
 1 -0.0161 0.6004
 1 -0.0161 0.5926
 1 -0.0161 0.5900
 1 -0.0161 0.5877
 1 -0.0161 0.5864
 1 -0.0161 0.5860
 1 -0.0151 0.5802
