SEcl_IS-21
3510 11 1 1 0 0 0 0 0 0 1 1
1.0000
112 1252 173
 0 -0.5006 0.8828
 1 -0.5004 0.8871
 1 -0.5001 0.8915
 1 -0.4996 0.8958
 1 -0.4990 0.9001
 1 -0.4982 0.9044
 1 -0.4972 0.9087
 1 -0.4961 0.9129
 1 -0.4948 0.9171
 1 -0.4934 0.9212
 1 -0.4919 0.9253
 1 -0.4902 0.9293
 1 -0.4883 0.9333
 1 -0.4863 0.9371
 1 -0.4842 0.9409
 1 -0.4819 0.9447
 1 -0.4795 0.9483
 1 -0.4770 0.9519
 1 -0.4743 0.9553
 1 -0.4715 0.9587
 1 -0.4686 0.9619
 1 -0.4656 0.9651
 1 -0.4624 0.9681
 1 -0.4592 0.9710
 1 -0.4558 0.9738
 1 -0.4524 0.9765
 1 -0.4488 0.9790
 1 -0.4452 0.9814
 1 -0.4415 0.9837
 1 -0.4377 0.9858
 1 -0.4338 0.9878
 1 -0.4298 0.9897
 1 -0.4258 0.9914
 1 -0.4217 0.9930
 1 -0.4176 0.9944
 1 -0.4134 0.9957
 1 -0.4092 0.9968
 1 -0.4050 0.9977
 1 -0.4007 0.9985
 1 -0.3964 0.9992
 1 -0.3920 0.9996
 1 -0.3877 1.0000
 1 -0.3833 1.0001
 1 0.3833 1.0001
 1 0.3877 1.0000
 1 0.3920 0.9996
 1 0.3964 0.9992
 1 0.4007 0.9985
 1 0.4050 0.9977
 1 0.4092 0.9968
 1 0.4134 0.9957
 1 0.4176 0.9944
 1 0.4217 0.9930
 1 0.4258 0.9914
 1 0.4298 0.9897
 1 0.4338 0.9878
 1 0.4377 0.9858
 1 0.4415 0.9837
 1 0.4452 0.9814
 1 0.4488 0.9790
 1 0.4524 0.9765
 1 0.4558 0.9738
 1 0.4592 0.9710
 1 0.4624 0.9681
 1 0.4656 0.9651
 1 0.4686 0.9619
 1 0.4715 0.9587
 1 0.4743 0.9553
 1 0.4770 0.9519
 1 0.4795 0.9483
 1 0.4819 0.9447
 1 0.4842 0.9409
 1 0.4863 0.9371
 1 0.4883 0.9333
 1 0.4902 0.9293
 1 0.4919 0.9253
 1 0.4934 0.9212
 1 0.4948 0.9171
 1 0.4961 0.9129
 1 0.4972 0.9087
 1 0.4982 0.9044
 1 0.4990 0.9001
 1 0.4996 0.8958
 1 0.5001 0.8915
 1 0.5004 0.8871
 1 0.5006 0.8828
 1 0.5006 0.1174
 1 0.5004 0.1130
 1 0.5001 0.1087
 1 0.4996 0.1043
 1 0.4990 0.1000
 1 0.4982 0.0957
 1 0.4972 0.0915
 1 0.4961 0.0872
 1 0.4948 0.0831
 1 0.4934 0.0789
 1 0.4919 0.0748
 1 0.4902 0.0708
 1 0.4883 0.0669
 1 0.4863 0.0630
 1 0.4842 0.0592
 1 0.4819 0.0555
 1 0.4795 0.0518
 1 0.4770 0.0483
 1 0.4743 0.0448
 1 0.4715 0.0415
 1 0.4686 0.0382
 1 0.4656 0.0351
 1 0.4624 0.0320
 1 0.4592 0.0291
 1 0.4558 0.0263
 1 0.4524 0.0237
 1 0.4488 0.0211
 1 0.4452 0.0187
 1 0.4415 0.0164
 1 0.4377 0.0143
 1 0.4338 0.0123
 1 0.4298 0.0104
 1 0.4258 0.0087
 1 0.4217 0.0072
 1 0.4176 0.0057
 1 0.4134 0.0045
 1 0.4092 0.0034
 1 0.4050 0.0024
 1 0.4007 0.0016
 1 0.3964 0.0010
 1 0.3920 0.0005
 1 0.3877 0.0002
 1 0.3833 0.0000
 1 -0.3833 0.0000
 1 -0.3833 0.0000
 1 -0.3877 0.0002
 1 -0.3920 0.0005
 1 -0.3964 0.0010
 1 -0.4007 0.0016
 1 -0.4050 0.0024
 1 -0.4092 0.0034
 1 -0.4134 0.0045
 1 -0.4176 0.0057
 1 -0.4217 0.0072
 1 -0.4258 0.0087
 1 -0.4298 0.0104
 1 -0.4338 0.0123
 1 -0.4377 0.0143
 1 -0.4415 0.0164
 1 -0.4452 0.0187
 1 -0.4488 0.0211
 1 -0.4524 0.0237
 1 -0.4558 0.0263
 1 -0.4592 0.0291
 1 -0.4624 0.0320
 1 -0.4656 0.0351
 1 -0.4686 0.0382
 1 -0.4715 0.0415
 1 -0.4743 0.0448
 1 -0.4770 0.0483
 1 -0.4795 0.0518
 1 -0.4819 0.0555
 1 -0.4842 0.0592
 1 -0.4863 0.0630
 1 -0.4883 0.0669
 1 -0.4902 0.0708
 1 -0.4919 0.0748
 1 -0.4934 0.0789
 1 -0.4948 0.0831
 1 -0.4961 0.0872
 1 -0.4972 0.0915
 1 -0.4982 0.0957
 1 -0.4990 0.1000
 1 -0.4996 0.1043
 1 -0.5001 0.1087
 1 -0.5004 0.1130
 1 -0.5006 0.1174
112 1251 173
 0 -0.4906 0.8826
 1 -0.4904 0.8866
 1 -0.4901 0.8906
 1 -0.4897 0.8945
 1 -0.4891 0.8985
 1 -0.4884 0.9024
 1 -0.4875 0.9063
 1 -0.4865 0.9102
 1 -0.4853 0.9140
 1 -0.4840 0.9178
 1 -0.4826 0.9215
 1 -0.4810 0.9252
 1 -0.4793 0.9288
 1 -0.4775 0.9324
 1 -0.4756 0.9359
 1 -0.4735 0.9393
 1 -0.4713 0.9426
 1 -0.4689 0.9459
 1 -0.4665 0.9491
 1 -0.4639 0.9521
 1 -0.4613 0.9551
 1 -0.4585 0.9580
 1 -0.4556 0.9608
 1 -0.4526 0.9634
 1 -0.4496 0.9660
 1 -0.4464 0.9685
 1 -0.4431 0.9708
 1 -0.4398 0.9730
 1 -0.4364 0.9751
 1 -0.4329 0.9770
 1 -0.4294 0.9789
 1 -0.4257 0.9806
 1 -0.4221 0.9821
 1 -0.4183 0.9836
 1 -0.4145 0.9849
 1 -0.4107 0.9860
 1 -0.4069 0.9870
 1 -0.4029 0.9879
 1 -0.3990 0.9887
 1 -0.3951 0.9892
 1 -0.3911 0.9897
 1 -0.3871 0.9900
 1 -0.3831 0.9901
 1 0.3831 0.9901
 1 0.3871 0.9900
 1 0.3911 0.9897
 1 0.3951 0.9892
 1 0.3990 0.9887
 1 0.4030 0.9879
 1 0.4069 0.9870
 1 0.4107 0.9860
 1 0.4145 0.9849
 1 0.4183 0.9836
 1 0.4221 0.9821
 1 0.4257 0.9806
 1 0.4294 0.9789
 1 0.4329 0.9770
 1 0.4364 0.9751
 1 0.4398 0.9730
 1 0.4432 0.9708
 1 0.4464 0.9685
 1 0.4496 0.9660
 1 0.4526 0.9634
 1 0.4556 0.9608
 1 0.4585 0.9580
 1 0.4613 0.9551
 1 0.4639 0.9521
 1 0.4665 0.9491
 1 0.4689 0.9459
 1 0.4713 0.9426
 1 0.4735 0.9393
 1 0.4756 0.9359
 1 0.4775 0.9324
 1 0.4793 0.9289
 1 0.4810 0.9252
 1 0.4826 0.9215
 1 0.4840 0.9178
 1 0.4853 0.9140
 1 0.4865 0.9102
 1 0.4875 0.9063
 1 0.4884 0.9024
 1 0.4891 0.8985
 1 0.4897 0.8945
 1 0.4901 0.8906
 1 0.4904 0.8866
 1 0.4906 0.8826
 1 0.4906 0.1176
 1 0.4904 0.1136
 1 0.4901 0.1096
 1 0.4897 0.1056
 1 0.4891 0.1016
 1 0.4884 0.0977
 1 0.4875 0.0938
 1 0.4865 0.0899
 1 0.4853 0.0861
 1 0.4840 0.0823
 1 0.4826 0.0786
 1 0.4810 0.0749
 1 0.4793 0.0713
 1 0.4775 0.0677
 1 0.4756 0.0642
 1 0.4735 0.0608
 1 0.4713 0.0575
 1 0.4689 0.0542
 1 0.4665 0.0511
 1 0.4639 0.0480
 1 0.4613 0.0450
 1 0.4585 0.0421
 1 0.4556 0.0394
 1 0.4526 0.0367
 1 0.4496 0.0341
 1 0.4464 0.0317
 1 0.4432 0.0294
 1 0.4398 0.0271
 1 0.4364 0.0251
 1 0.4329 0.0231
 1 0.4294 0.0213
 1 0.4257 0.0196
 1 0.4221 0.0180
 1 0.4183 0.0166
 1 0.4145 0.0153
 1 0.4107 0.0141
 1 0.4069 0.0131
 1 0.4029 0.0122
 1 0.3990 0.0115
 1 0.3951 0.0109
 1 0.3911 0.0105
 1 0.3871 0.0102
 1 0.3831 0.0100
 1 -0.3831 0.0100
 1 -0.3871 0.0102
 1 -0.3911 0.0105
 1 -0.3951 0.0109
 1 -0.3990 0.0115
 1 -0.4029 0.0122
 1 -0.4069 0.0131
 1 -0.4107 0.0141
 1 -0.4145 0.0153
 1 -0.4183 0.0166
 1 -0.4221 0.0180
 1 -0.4257 0.0196
 1 -0.4294 0.0213
 1 -0.4329 0.0231
 1 -0.4364 0.0251
 1 -0.4398 0.0271
 1 -0.4432 0.0294
 1 -0.4464 0.0317
 1 -0.4496 0.0341
 1 -0.4526 0.0367
 1 -0.4556 0.0394
 1 -0.4585 0.0421
 1 -0.4613 0.0450
 1 -0.4639 0.0480
 1 -0.4665 0.0511
 1 -0.4689 0.0542
 1 -0.4713 0.0575
 1 -0.4735 0.0608
 1 -0.4756 0.0642
 1 -0.4775 0.0677
 1 -0.4793 0.0713
 1 -0.4810 0.0749
 1 -0.4826 0.0786
 1 -0.4840 0.0823
 1 -0.4853 0.0861
 1 -0.4865 0.0899
 1 -0.4875 0.0938
 1 -0.4884 0.0977
 1 -0.4891 0.1016
 1 -0.4897 0.1056
 1 -0.4901 0.1096
 1 -0.4904 0.1136
 1 -0.4906 0.1176
 1 -0.4906 0.8826
112 1252 173
 0 -0.4706 0.8822
 1 -0.4704 0.8855
 1 -0.4702 0.8887
 1 -0.4698 0.8920
 1 -0.4694 0.8952
 1 -0.4688 0.8984
 1 -0.4680 0.9016
 1 -0.4672 0.9048
 1 -0.4663 0.9079
 1 -0.4652 0.9110
 1 -0.4641 0.9141
 1 -0.4628 0.9171
 1 -0.4614 0.9200
 1 -0.4599 0.9229
 1 -0.4583 0.9258
 1 -0.4566 0.9286
 1 -0.4548 0.9313
 1 -0.4529 0.9340
 1 -0.4509 0.9366
 1 -0.4488 0.9391
 1 -0.4466 0.9415
 1 -0.4443 0.9439
 1 -0.4420 0.9461
 1 -0.4396 0.9483
 1 -0.4370 0.9504
 1 -0.4345 0.9524
 1 -0.4318 0.9543
 1 -0.4291 0.9561
 1 -0.4263 0.9578
 1 -0.4234 0.9594
 1 -0.4205 0.9609
 1 -0.4176 0.9623
 1 -0.4146 0.9636
 1 -0.4115 0.9648
 1 -0.4084 0.9658
 1 -0.4053 0.9668
 1 -0.4021 0.9676
 1 -0.3989 0.9683
 1 -0.3957 0.9689
 1 -0.3925 0.9694
 1 -0.3892 0.9698
 1 -0.3860 0.9700
 1 -0.3827 0.9701
 1 0.3827 0.9701
 1 0.3860 0.9700
 1 0.3892 0.9698
 1 0.3925 0.9694
 1 0.3957 0.9689
 1 0.3989 0.9683
 1 0.4021 0.9676
 1 0.4053 0.9668
 1 0.4084 0.9658
 1 0.4115 0.9648
 1 0.4146 0.9636
 1 0.4176 0.9623
 1 0.4205 0.9609
 1 0.4234 0.9594
 1 0.4263 0.9578
 1 0.4291 0.9561
 1 0.4318 0.9543
 1 0.4345 0.9524
 1 0.4370 0.9504
 1 0.4396 0.9483
 1 0.4420 0.9461
 1 0.4443 0.9439
 1 0.4466 0.9415
 1 0.4488 0.9391
 1 0.4509 0.9366
 1 0.4529 0.9340
 1 0.4548 0.9313
 1 0.4566 0.9286
 1 0.4583 0.9258
 1 0.4599 0.9229
 1 0.4614 0.9200
 1 0.4628 0.9171
 1 0.4641 0.9141
 1 0.4652 0.9110
 1 0.4663 0.9079
 1 0.4672 0.9048
 1 0.4680 0.9016
 1 0.4688 0.8984
 1 0.4694 0.8952
 1 0.4698 0.8920
 1 0.4702 0.8887
 1 0.4704 0.8855
 1 0.4706 0.8822
 1 0.4706 0.1179
 1 0.4704 0.1147
 1 0.4702 0.1114
 1 0.4698 0.1082
 1 0.4694 0.1049
 1 0.4688 0.1017
 1 0.4680 0.0985
 1 0.4672 0.0954
 1 0.4663 0.0922
 1 0.4652 0.0891
 1 0.4641 0.0861
 1 0.4628 0.0831
 1 0.4614 0.0801
 1 0.4599 0.0772
 1 0.4583 0.0744
 1 0.4566 0.0716
 1 0.4548 0.0688
 1 0.4529 0.0662
 1 0.4509 0.0636
 1 0.4488 0.0611
 1 0.4466 0.0586
 1 0.4443 0.0563
 1 0.4420 0.0540
 1 0.4396 0.0518
 1 0.4370 0.0497
 1 0.4345 0.0477
 1 0.4318 0.0458
 1 0.4291 0.0440
 1 0.4263 0.0423
 1 0.4234 0.0407
 1 0.4205 0.0392
 1 0.4176 0.0378
 1 0.4146 0.0365
 1 0.4115 0.0354
 1 0.4084 0.0343
 1 0.4053 0.0334
 1 0.4021 0.0325
 1 0.3989 0.0318
 1 0.3957 0.0312
 1 0.3925 0.0307
 1 0.3892 0.0304
 1 0.3860 0.0301
 1 0.3827 0.0300
 1 -0.3827 0.0300
 1 -0.3860 0.0301
 1 -0.3892 0.0304
 1 -0.3925 0.0307
 1 -0.3957 0.0312
 1 -0.3989 0.0318
 1 -0.4021 0.0325
 1 -0.4053 0.0334
 1 -0.4084 0.0343
 1 -0.4115 0.0354
 1 -0.4146 0.0365
 1 -0.4176 0.0378
 1 -0.4205 0.0392
 1 -0.4234 0.0407
 1 -0.4263 0.0423
 1 -0.4291 0.0440
 1 -0.4318 0.0458
 1 -0.4345 0.0477
 1 -0.4370 0.0497
 1 -0.4396 0.0518
 1 -0.4420 0.0540
 1 -0.4443 0.0563
 1 -0.4466 0.0586
 1 -0.4488 0.0611
 1 -0.4509 0.0636
 1 -0.4529 0.0662
 1 -0.4548 0.0688
 1 -0.4566 0.0716
 1 -0.4583 0.0743
 1 -0.4599 0.0772
 1 -0.4614 0.0801
 1 -0.4628 0.0831
 1 -0.4640 0.0861
 1 -0.4652 0.0891
 1 -0.4663 0.0922
 1 -0.4672 0.0954
 1 -0.4680 0.0985
 1 -0.4688 0.1017
 1 -0.4694 0.1049
 1 -0.4698 0.1082
 1 -0.4702 0.1114
 1 -0.4704 0.1147
 1 -0.4706 0.1179
 1 -0.4706 0.8822
112 1251 166
 0 0.3178 0.2474
 1 0.3054 0.2557
 1 0.2936 0.2643
 1 0.2861 0.2682
 1 0.2776 0.2715
 1 0.2682 0.2744
 1 0.2574 0.2764
 1 0.2456 0.2777
 1 0.2394 0.2780
 1 0.2332 0.2780
 1 0.2244 0.2774
 1 0.2163 0.2757
 1 0.2084 0.2735
 1 0.2009 0.2705
 1 0.1872 0.2630
 1 0.1745 0.2542
 1 0.1686 0.2496
 1 0.1631 0.2454
 1 0.1539 0.2382
 1 0.1448 0.2323
 1 0.1360 0.2274
 1 0.1269 0.2245
 1 0.1223 0.2239
 1 0.1171 0.2239
 1 0.1073 0.2255
 1 0.0978 0.2294
 1 0.0887 0.2350
 1 0.0792 0.2418
 1 0.0743 0.2457
 1 0.0691 0.2496
 1 0.0570 0.2588
 1 0.0440 0.2669
 1 0.0296 0.2735
 1 0.0218 0.2757
 1 0.0136 0.2774
 1 0.0048 0.2780
 1 -0.0040 0.2777
 1 -0.0125 0.2767
 1 -0.0206 0.2744
 1 -0.0281 0.2718
 1 -0.0353 0.2686
 1 -0.0487 0.2604
 1 -0.0608 0.2516
 1 -0.0666 0.2470
 1 -0.0715 0.2434
 1 -0.0807 0.2366
 1 -0.0898 0.2307
 1 -0.0989 0.2265
 1 -0.1087 0.2239
 1 -0.1185 0.2242
 1 -0.1280 0.2265
 1 -0.1371 0.2310
 1 -0.1463 0.2369
 1 -0.1557 0.2441
 1 -0.1606 0.2477
 1 -0.1665 0.2522
 1 -0.1789 0.2611
 1 -0.1923 0.2689
 1 -0.1994 0.2722
 1 -0.2070 0.2748
 1 -0.2151 0.2767
 1 -0.2236 0.2780
 1 -0.2324 0.2780
 1 -0.2409 0.2774
 1 -0.2490 0.2757
 1 -0.2566 0.2738
 1 -0.2706 0.2679
 1 -0.2833 0.2611
 1 -0.2954 0.2532
 1 -0.3006 0.2496
 1 -0.3052 0.2467
 1 -0.3146 0.2408
 1 -0.3238 0.2363
 1 -0.3336 0.2330
 1 -0.3433 0.2317
 1 -0.3447 0.2314
 1 -0.3450 0.2314
 1 -0.3450 0.1929
 1 -0.3443 0.1929
 1 -0.3420 0.1929
 1 -0.3378 0.1929
 1 -0.3296 0.1942
 1 -0.3218 0.1958
 1 -0.3143 0.1981
 1 -0.3006 0.2043
 1 -0.2879 0.2115
 1 -0.2765 0.2193
 1 -0.2667 0.2255
 1 -0.2575 0.2310
 1 -0.2481 0.2356
 1 -0.2386 0.2382
 1 -0.2285 0.2392
 1 -0.2187 0.2379
 1 -0.2092 0.2343
 1 -0.2004 0.2291
 1 -0.1913 0.2226
 1 -0.1815 0.2147
 1 -0.1694 0.2059
 1 -0.1564 0.1974
 1 -0.1423 0.1906
 1 -0.1348 0.1880
 1 -0.1267 0.1860
 1 -0.1179 0.1850
 1 -0.1091 0.1850
 1 -0.1006 0.1860
 1 -0.0924 0.1876
 1 -0.0846 0.1902
 1 -0.0774 0.1935
 1 -0.0637 0.2010
 1 -0.0513 0.2098
 1 -0.0454 0.2144
 1 -0.0402 0.2186
 1 -0.0311 0.2255
 1 -0.0219 0.2317
 1 -0.0128 0.2363
 1 -0.0033 0.2389
 1 0.0065 0.2392
 1 0.0162 0.2369
 1 0.0254 0.2327
 1 0.0345 0.2271
 1 0.0437 0.2203
 1 0.0482 0.2167
 1 0.0541 0.2121
 1 0.0665 0.2033
 1 0.0799 0.1951
 1 0.0871 0.1916
 1 0.0946 0.1889
 1 0.1027 0.1867
 1 0.1112 0.1854
 1 0.1203 0.1850
 1 0.1288 0.1854
 1 0.1370 0.1870
 1 0.1448 0.1893
 1 0.1523 0.1922
 1 0.1592 0.1955
 1 0.1722 0.2036
 1 0.1843 0.2128
 1 0.1895 0.2170
 1 0.1944 0.2206
 1 0.2035 0.2274
 1 0.2127 0.2330
 1 0.2221 0.2372
 1 0.2316 0.2392
 1 0.2381 0.2392
 1 0.2466 0.2385
 1 0.2544 0.2376
 1 0.2610 0.2359
 1 0.2672 0.2340
 1 0.2727 0.2314
 1 0.2825 0.2255
 1 0.3001 0.2118
 1 0.3099 0.2049
 1 0.3210 0.1991
 1 0.3275 0.1964
 1 0.3341 0.1945
 1 0.3416 0.1932
 1 0.3497 0.1929
 1 0.3523 0.1929
 1 0.3523 0.2314
 1 0.3510 0.2314
 1 0.3488 0.2317
 1 0.3448 0.2320
 1 0.3377 0.2340
 1 0.3311 0.2372
 1 0.3246 0.2418
 1 0.3178 0.2474
112 1251 178
 0 -0.2676 0.3253
 1 -0.2709 0.3240
 1 -0.2716 0.3237
 1 -0.2722 0.3266
 1 -0.2729 0.3293
 1 -0.2742 0.3332
 1 -0.2755 0.3377
 1 -0.2768 0.3433
 1 -0.2787 0.3495
 1 -0.2827 0.3635
 1 -0.2915 0.3945
 1 -0.2957 0.4099
 1 -0.2996 0.4236
 1 -0.3013 0.4294
 1 -0.3029 0.4350
 1 -0.3042 0.4396
 1 -0.3052 0.4431
 1 -0.3058 0.4454
 1 -0.3061 0.4471
 1 -0.3055 0.4471
 1 -0.3029 0.4471
 1 -0.2983 0.4471
 1 -0.2924 0.4471
 1 -0.2856 0.4471
 1 -0.2706 0.4471
 1 -0.2637 0.4471
 1 -0.2575 0.4471
 1 -0.2526 0.4471
 1 -0.2497 0.4471
 1 -0.2487 0.4471
 1 -0.2481 0.4457
 1 -0.2471 0.4425
 1 -0.2458 0.4376
 1 -0.2441 0.4317
 1 -0.2419 0.4252
 1 -0.2379 0.4112
 1 -0.2360 0.4050
 1 -0.2344 0.3994
 1 -0.2334 0.3955
 1 -0.2324 0.3932
 1 -0.2324 0.3929
 1 -0.2321 0.3929
 1 -0.2304 0.3929
 1 -0.2275 0.3929
 1 -0.2236 0.3929
 1 -0.2184 0.3929
 1 -0.2122 0.3929
 1 -0.2053 0.3929
 1 -0.1972 0.3929
 1 -0.1884 0.3929
 1 -0.1786 0.3929
 1 -0.1684 0.3929
 1 -0.1570 0.3929
 1 -0.1332 0.3929
 1 -0.1068 0.3929
 1 -0.0790 0.3929
 1 -0.0500 0.3929
 1 -0.0203 0.3929
 1 0.0401 0.3929
 1 0.0694 0.3929
 1 0.0981 0.3929
 1 0.1249 0.3929
 1 0.1500 0.3929
 1 0.1729 0.3929
 1 0.1833 0.3929
 1 0.1928 0.3929
 1 0.2016 0.3929
 1 0.2094 0.3929
 1 0.2166 0.3929
 1 0.2225 0.3929
 1 0.2274 0.3929
 1 0.2313 0.3929
 1 0.2342 0.3929
 1 0.2355 0.3929
 1 0.2362 0.3939
 1 0.2372 0.3968
 1 0.2385 0.4014
 1 0.2404 0.4076
 1 0.2447 0.4219
 1 0.2489 0.4363
 1 0.2509 0.4425
 1 0.2522 0.4471
 1 0.2531 0.4503
 1 0.2535 0.4510
 1 0.2551 0.4510
 1 0.2587 0.4510
 1 0.2639 0.4510
 1 0.2704 0.4510
 1 0.2848 0.4510
 1 0.2988 0.4510
 1 0.3044 0.4510
 1 0.3086 0.4510
 1 0.3106 0.4510
 1 0.3109 0.4510
 1 0.3109 0.4503
 1 0.3102 0.4484
 1 0.3093 0.4451
 1 0.3080 0.4409
 1 0.3067 0.4360
 1 0.3050 0.4301
 1 0.3031 0.4236
 1 0.2992 0.4092
 1 0.2903 0.3779
 1 0.2861 0.3625
 1 0.2822 0.3492
 1 0.2806 0.3433
 1 0.2789 0.3381
 1 0.2779 0.3338
 1 0.2770 0.3306
 1 0.2763 0.3286
 1 0.2760 0.3276
 1 0.2753 0.3280
 1 0.2721 0.3286
 1 0.2659 0.3302
 1 0.2518 0.3322
 1 0.2362 0.3332
 1 0.2352 0.3332
 1 0.2336 0.3332
 1 0.2290 0.3328
 1 0.2208 0.3322
 1 0.2127 0.3306
 1 0.2052 0.3283
 1 0.1911 0.3224
 1 0.1784 0.3149
 1 0.1670 0.3071
 1 0.1566 0.2989
 1 0.1487 0.2927
 1 0.1419 0.2878
 1 0.1357 0.2839
 1 0.1298 0.2810
 1 0.1243 0.2793
 1 0.1184 0.2787
 1 0.1125 0.2797
 1 0.1063 0.2819
 1 0.0998 0.2852
 1 0.0933 0.2898
 1 0.0857 0.2953
 1 0.0815 0.2986
 1 0.0766 0.3022
 1 0.0658 0.3103
 1 0.0541 0.3182
 1 0.0410 0.3247
 1 0.0267 0.3299
 1 0.0189 0.3319
 1 0.0107 0.3328
 1 0.0019 0.3332
 1 -0.0066 0.3325
 1 -0.0148 0.3315
 1 -0.0226 0.3296
 1 -0.0369 0.3240
 1 -0.0500 0.3172
 1 -0.0617 0.3094
 1 -0.0725 0.3012
 1 -0.0771 0.2976
 1 -0.0810 0.2947
 1 -0.0882 0.2891
 1 -0.0947 0.2849
 1 -0.1009 0.2816
 1 -0.1068 0.2797
 1 -0.1126 0.2787
 1 -0.1185 0.2793
 1 -0.1244 0.2813
 1 -0.1306 0.2842
 1 -0.1371 0.2885
 1 -0.1440 0.2937
 1 -0.1521 0.2999
 1 -0.1626 0.3077
 1 -0.1743 0.3159
 1 -0.1870 0.3231
 1 -0.2011 0.3286
 1 -0.2086 0.3309
 1 -0.2167 0.3322
 1 -0.2252 0.3332
 1 -0.2295 0.3332
 1 -0.2314 0.3332
 1 -0.2393 0.3325
 1 -0.2543 0.3299
 1 -0.2676 0.3253
112 1251 219
 0 -0.1662 0.5058
 1 -0.1658 0.5058
 1 -0.1658 0.5055
 1 -0.1658 0.5051
 1 -0.1658 0.5045
 1 -0.1658 0.5019
 1 -0.1658 0.4973
 1 -0.1658 0.4921
 1 -0.1658 0.4794
 1 -0.1658 0.4735
 1 -0.1658 0.4683
 1 -0.1658 0.4643
 1 -0.1658 0.4621
 1 -0.1658 0.4608
 1 -0.1658 0.4591
 1 -0.1645 0.4562
 1 -0.1622 0.4536
 1 -0.1596 0.4519
 1 -0.1564 0.4510
 1 -0.1538 0.4510
 1 -0.1511 0.4510
 1 -0.1472 0.4510
 1 -0.1381 0.4510
 1 -0.1293 0.4510
 1 -0.1257 0.4510
 1 -0.1234 0.4510
 1 -0.1224 0.4510
 1 -0.1208 0.4510
 1 -0.1175 0.4523
 1 -0.1149 0.4539
 1 -0.1130 0.4565
 1 -0.1120 0.4598
 1 -0.1117 0.4614
 1 -0.1117 0.4624
 1 -0.1117 0.4643
 1 -0.1117 0.4679
 1 -0.1117 0.4764
 1 -0.1117 0.4859
 1 -0.1117 0.4898
 1 -0.1117 0.4927
 1 -0.1117 0.4944
 1 -0.1107 0.4944
 1 -0.1084 0.4944
 1 -0.1045 0.4944
 1 -0.0999 0.4944
 1 -0.0940 0.4944
 1 -0.0872 0.4944
 1 -0.0800 0.4944
 1 -0.0640 0.4944
 1 -0.0314 0.4944
 1 -0.0174 0.4944
 1 -0.0112 0.4944
 1 -0.0063 0.4944
 1 -0.0020 0.4944
 1 0.0006 0.4944
 1 0.0019 0.4944
 1 0.0022 0.4944
 1 0.0042 0.4944
 1 0.0071 0.4944
 1 0.0117 0.4944
 1 0.0169 0.4944
 1 0.0231 0.4944
 1 0.0456 0.4944
 1 0.0786 0.4944
 1 0.0936 0.4944
 1 0.0998 0.4944
 1 0.1053 0.4944
 1 0.1099 0.4944
 1 0.1135 0.4944
 1 0.1154 0.4944
 1 0.1161 0.4944
 1 0.1161 0.4934
 1 0.1161 0.4908
 1 0.1161 0.4872
 1 0.1161 0.4829
 1 0.1161 0.4735
 1 0.1161 0.4692
 1 0.1161 0.4657
 1 0.1161 0.4630
 1 0.1161 0.4617
 1 0.1164 0.4588
 1 0.1177 0.4559
 1 0.1200 0.4533
 1 0.1230 0.4516
 1 0.1262 0.4510
 1 0.1272 0.4510
 1 0.1292 0.4510
 1 0.1321 0.4510
 1 0.1363 0.4510
 1 0.1455 0.4510
 1 0.1543 0.4510
 1 0.1572 0.4510
 1 0.1592 0.4510
 1 0.1602 0.4510
 1 0.1618 0.4513
 1 0.1650 0.4523
 1 0.1677 0.4546
 1 0.1693 0.4572
 1 0.1703 0.4604
 1 0.1703 0.4634
 1 0.1703 0.4666
 1 0.1703 0.4715
 1 0.1703 0.4836
 1 0.1703 0.4957
 1 0.1703 0.5006
 1 0.1703 0.5038
 1 0.1703 0.5051
 1 0.1703 0.5055
 1 0.1703 0.5058
 1 0.1709 0.5061
 1 0.1722 0.5071
 1 0.1781 0.5120
 1 0.1807 0.5156
 1 0.1827 0.5205
 1 0.1846 0.5273
 1 0.1863 0.5358
 1 0.1869 0.5410
 1 0.1876 0.5469
 1 0.1879 0.5534
 1 0.1882 0.5606
 1 0.1885 0.5688
 1 0.1889 0.5779
 1 0.1889 0.5877
 1 0.1889 0.5896
 1 0.1889 0.5906
 1 0.1889 0.5923
 1 0.1885 0.5981
 1 0.1879 0.6037
 1 0.1859 0.6128
 1 0.1827 0.6200
 1 0.1778 0.6249
 1 0.1745 0.6272
 1 0.1729 0.6278
 1 0.1719 0.6282
 1 0.1716 0.6288
 1 0.1712 0.6301
 1 0.1664 0.6494
 1 0.1611 0.6676
 1 0.1556 0.6849
 1 0.1500 0.7006
 1 0.1445 0.7153
 1 0.1416 0.7221
 1 0.1386 0.7280
 1 0.1350 0.7336
 1 0.1314 0.7384
 1 0.1272 0.7424
 1 0.1223 0.7460
 1 0.1171 0.7489
 1 0.1115 0.7512
 1 0.1050 0.7528
 1 0.0982 0.7538
 1 0.0962 0.7538
 1 0.0959 0.7541
 1 0.0955 0.7541
 1 0.0952 0.7541
 1 0.0939 0.7541
 1 0.0903 0.7544
 1 0.0893 0.7544
 1 0.0884 0.7544
 1 0.0851 0.7544
 1 0.0799 0.7544
 1 0.0727 0.7544
 1 0.0642 0.7544
 1 0.0544 0.7544
 1 0.0433 0.7544
 1 0.0195 0.7544
 1 -0.0059 0.7544
 1 -0.0307 0.7544
 1 -0.0425 0.7544
 1 -0.0529 0.7544
 1 -0.0624 0.7544
 1 -0.0706 0.7544
 1 -0.0771 0.7544
 1 -0.0820 0.7544
 1 -0.0846 0.7544
 1 -0.0849 0.7544
 1 -0.0852 0.7544
 1 -0.0865 0.7544
 1 -0.0901 0.7541
 1 -0.0914 0.7541
 1 -0.0918 0.7541
 1 -0.0986 0.7531
 1 -0.1051 0.7518
 1 -0.1110 0.7495
 1 -0.1166 0.7469
 1 -0.1215 0.7437
 1 -0.1257 0.7397
 1 -0.1296 0.7352
 1 -0.1332 0.7303
 1 -0.1365 0.7244
 1 -0.1420 0.7107
 1 -0.1476 0.6957
 1 -0.1534 0.6794
 1 -0.1587 0.6621
 1 -0.1639 0.6435
 1 -0.1665 0.6337
 1 -0.1675 0.6285
 1 -0.1694 0.6275
 1 -0.1753 0.6236
 1 -0.1799 0.6177
 1 -0.1828 0.6102
 1 -0.1844 0.6004
 1 -0.1848 0.5945
 1 -0.1848 0.5913
 1 -0.1848 0.5896
 1 -0.1848 0.5848
 1 -0.1848 0.5750
 1 -0.1844 0.5662
 1 -0.1841 0.5583
 1 -0.1838 0.5511
 1 -0.1831 0.5449
 1 -0.1825 0.5391
 1 -0.1812 0.5296
 1 -0.1792 0.5224
 1 -0.1773 0.5169
 1 -0.1746 0.5130
 1 -0.1720 0.5100
 1 -0.1658 0.5058
 1 -0.1662 0.5058
112 1251 21
 0 0.2153 0.6673
 1 0.2195 0.6667
 1 0.2231 0.6641
 1 0.2254 0.6608
 1 0.2264 0.6565
 1 0.2264 0.6458
 1 0.2254 0.6415
 1 0.2231 0.6383
 1 0.2195 0.6360
 1 0.2153 0.6350
 1 0.1931 0.6350
 1 0.1889 0.6360
 1 0.1853 0.6383
 1 0.1830 0.6415
 1 0.1823 0.6458
 1 0.1823 0.6565
 1 0.1830 0.6608
 1 0.1853 0.6641
 1 0.1889 0.6667
 1 0.1931 0.6673
 1 0.2153 0.6673
112 1251 21
 0 -0.2153 0.6673
 1 -0.2195 0.6667
 1 -0.2231 0.6641
 1 -0.2254 0.6608
 1 -0.2264 0.6565
 1 -0.2264 0.6458
 1 -0.2254 0.6415
 1 -0.2231 0.6383
 1 -0.2195 0.6360
 1 -0.2153 0.6350
 1 -0.1931 0.6350
 1 -0.1889 0.6360
 1 -0.1853 0.6383
 1 -0.1830 0.6415
 1 -0.1823 0.6458
 1 -0.1823 0.6565
 1 -0.1830 0.6608
 1 -0.1853 0.6641
 1 -0.1889 0.6667
 1 -0.1931 0.6673
 1 -0.2153 0.6673
112 1252 51
 0 0.1422 0.5773
 1 0.1422 0.5743
 1 0.1422 0.5658
 1 0.1422 0.5573
 1 0.1422 0.5544
 1 0.1422 0.5534
 1 0.1412 0.5492
 1 0.1389 0.5456
 1 0.1357 0.5433
 1 0.1314 0.5427
 1 0.1308 0.5427
 1 0.1295 0.5427
 1 0.1249 0.5427
 1 0.1181 0.5427
 1 0.1106 0.5427
 1 0.1027 0.5427
 1 0.0962 0.5427
 1 0.0916 0.5427
 1 0.0903 0.5427
 1 0.0897 0.5427
 1 0.0854 0.5433
 1 0.0822 0.5456
 1 0.0799 0.5492
 1 0.0789 0.5534
 1 0.0789 0.5544
 1 0.0789 0.5573
 1 0.0789 0.5658
 1 0.0789 0.5743
 1 0.0789 0.5773
 1 0.0789 0.5782
 1 0.0799 0.5825
 1 0.0822 0.5861
 1 0.0854 0.5883
 1 0.0897 0.5890
 1 0.0903 0.5890
 1 0.0916 0.5890
 1 0.0962 0.5890
 1 0.1027 0.5890
 1 0.1106 0.5890
 1 0.1181 0.5890
 1 0.1249 0.5890
 1 0.1295 0.5890
 1 0.1308 0.5890
 1 0.1314 0.5890
 1 0.1357 0.5883
 1 0.1389 0.5861
 1 0.1412 0.5825
 1 0.1422 0.5782
 1 0.1412 0.5825
 1 0.1422 0.5782
 1 0.1422 0.5773
112 1252 39
 0 0.1334 0.6324
 1 0.1161 0.6330
 1 0.0995 0.6337
 1 0.0675 0.6343
 1 0.0355 0.6350
 1 0.0192 0.6350
 1 0.0019 0.6350
 1 -0.0151 0.6350
 1 -0.0317 0.6350
 1 -0.0634 0.6343
 1 -0.0953 0.6337
 1 -0.1120 0.6330
 1 -0.1293 0.6324
 1 -0.1257 0.6490
 1 -0.1208 0.6670
 1 -0.1153 0.6853
 1 -0.1094 0.7025
 1 -0.1061 0.7087
 1 -0.1012 0.7133
 1 -0.0950 0.7159
 1 -0.0908 0.7169
 1 -0.0862 0.7176
 1 -0.0663 0.7189
 1 -0.0451 0.7195
 1 -0.0223 0.7202
 1 0.0019 0.7205
 1 0.0264 0.7202
 1 0.0489 0.7195
 1 0.0701 0.7189
 1 0.0903 0.7176
 1 0.0949 0.7169
 1 0.0988 0.7159
 1 0.1053 0.7133
 1 0.1102 0.7087
 1 0.1135 0.7025
 1 0.1194 0.6853
 1 0.1249 0.6670
 1 0.1298 0.6490
 1 0.1334 0.6324
112 1252 49
 0 -0.1371 0.5825
 1 -0.1348 0.5861
 1 -0.1316 0.5883
 1 -0.1273 0.5890
 1 -0.1267 0.5890
 1 -0.1254 0.5890
 1 -0.1208 0.5890
 1 -0.1143 0.5890
 1 -0.1064 0.5890
 1 -0.0989 0.5890
 1 -0.0924 0.5890
 1 -0.0875 0.5890
 1 -0.0862 0.5890
 1 -0.0859 0.5890
 1 -0.0816 0.5883
 1 -0.0784 0.5861
 1 -0.0758 0.5825
 1 -0.0751 0.5782
 1 -0.0751 0.5773
 1 -0.0751 0.5743
 1 -0.0751 0.5658
 1 -0.0751 0.5573
 1 -0.0751 0.5544
 1 -0.0751 0.5534
 1 -0.0758 0.5492
 1 -0.0784 0.5456
 1 -0.0816 0.5433
 1 -0.0859 0.5427
 1 -0.0862 0.5427
 1 -0.0875 0.5427
 1 -0.0924 0.5427
 1 -0.0989 0.5427
 1 -0.1064 0.5427
 1 -0.1143 0.5427
 1 -0.1208 0.5427
 1 -0.1254 0.5427
 1 -0.1267 0.5427
 1 -0.1273 0.5427
 1 -0.1316 0.5433
 1 -0.1348 0.5456
 1 -0.1371 0.5492
 1 -0.1381 0.5534
 1 -0.1381 0.5544
 1 -0.1381 0.5573
 1 -0.1381 0.5658
 1 -0.1381 0.5743
 1 -0.1381 0.5773
 1 -0.1381 0.5782
 1 -0.1371 0.5825
