TachaBlancaCL
3576 57 1 1 0 0 0 0 0 0 1 1
1.0000
112 1469 5
 0 -0.0650 0.0650
 1 -0.0650 -0.0650
 1 -0.0150 -0.0150
 1 -0.0150 0.0150
 1 -0.0650 0.0650
112 1469 5
 0 -0.0650 0.0650
 1 -0.0150 0.0150
 1 0.0150 0.0150
 1 0.0650 0.0650
 1 -0.0650 0.0650
112 1469 5
 0 -0.0150 -0.0150
 1 -0.0650 -0.0650
 1 0.0650 -0.0650
 1 0.0150 -0.0150
 1 -0.0150 -0.0150
112 1469 5
 0 -0.0150 0.0150
 1 -0.0150 -0.0150
 1 0.0150 -0.0150
 1 0.0150 0.0150
 1 -0.0150 0.0150
112 1469 5
 0 0.0150 0.0150
 1 0.0150 -0.0150
 1 0.0650 -0.0650
 1 0.0650 0.0650
 1 0.0150 0.0150
112 1251 5
 0 -0.0129 0.0200
 1 -0.0529 0.0600
 1 0.0529 0.0600
 1 0.0129 0.0200
 1 -0.0129 0.0200
112 1251 5
 0 0.0129 -0.0200
 1 0.0529 -0.0600
 1 -0.0529 -0.0600
 1 -0.0129 -0.0200
 1 0.0129 -0.0200
4 1 1
 0 -0.0650 0.0650
 1 -0.0650 -0.0650
 1 -0.0150 -0.0150
 1 -0.0150 0.0150
 1 -0.0650 0.0650
 1 -0.0650 0.0650
4 1 1
 0 -0.0650 0.0650
 1 -0.0150 0.0150
 1 0.0150 0.0150
 1 0.0650 0.0650
 1 -0.0650 0.0650
 1 -0.0650 0.0650
4 1 1
 0 -0.0150 -0.0150
 1 -0.0650 -0.0650
 1 0.0650 -0.0650
 1 0.0150 -0.0150
 1 -0.0150 -0.0150
 1 -0.0150 -0.0150
4 1 1
 0 -0.0150 0.0150
 1 -0.0150 -0.0150
 1 0.0150 -0.0150
 1 0.0150 0.0150
 1 -0.0150 0.0150
 1 -0.0150 0.0150
4 1 1
 0 0.0150 0.0150
 1 0.0150 -0.0150
 1 0.0650 -0.0650
 1 0.0650 0.0650
 1 0.0150 0.0150
 1 0.0150 0.0150
4 1 1
 0 -0.0129 0.0200
 1 -0.0529 0.0600
 1 0.0529 0.0600
 1 0.0129 0.0200
 1 -0.0129 0.0200
 1 -0.0129 0.0200
4 1 1
 0 0.0129 -0.0200
 1 0.0529 -0.0600
 1 -0.0529 -0.0600
 1 -0.0129 -0.0200
 1 0.0129 -0.0200
 1 0.0129 -0.0200
342 0 18 TachaBlanca-CL.ifc
