Clotoides_Chile
424 48 1 1 0 0 0 0 0 0 1 9
1.0000
4 2 1
 0 -55.0000 -35.0000
 1 55.0000 -35.0000
 1 55.0000 0.0000
 1 -55.0000 0.0000
 1 -55.0000 -35.0000
4 2 1
 0 -55.0000 -25.0000
 1 55.0000 -25.0000
4 2 1
 0 -55.0000 -15.0000
 1 55.0000 -15.0000
4 2 1
 0 -55.0000 -5.0000
 1 55.0000 -5.0000
4 2 1
 0 -29.5000 -15.0000
 1 -29.5000 -5.0000
4 2 1
 0 -18.0000 -15.0000
 1 -18.0000 -35.0000
4 2 1
 0 19.0000 -5.0000
 1 19.0000 -35.0000
4 2 1
 0 -6.0000 -5.0000
 1 -6.0000 -15.0000
7 -11.2500 -3.0000 0.0000 2.5000 0 2 21 9 CLOTOIDES
7 -53.5000 -8.0000 0.0000 2.5000 0 2 21 3 Ae=
7 -53.5000 -13.0000 0.0000 2.5000 0 2 21 3 As=
7 -29.0000 -8.0000 0.0000 2.5000 0 2 21 3 Le=
7 -29.0000 -13.0000 0.0000 2.5000 0 2 21 3 Ls=
7 -5.0000 -8.0000 0.0000 2.5000 0 2 21 4 ARe=
7 -5.0000 -13.0000 0.0000 2.5000 0 2 21 4 ARs=
7 20.5000 -8.0000 0.0000 2.5000 0 2 21 6 Tmaxe=
7 20.5000 -13.0000 0.0000 2.5000 0 2 21 6 Tmaxs=
7 -53.5000 -18.0000 0.0000 2.5000 0 2 21 4 XPe=
7 -53.5000 -23.0000 0.0000 2.5000 0 2 21 4 XPs=
7 -16.5000 -18.0000 0.0000 2.5000 0 2 21 4 TGe=
7 -16.5000 -23.0000 0.0000 2.5000 0 2 21 4 TGs=
7 20.5000 -18.0000 0.0000 2.5000 0 2 21 4 TLe=
7 20.5000 -23.0000 0.0000 2.5000 0 2 21 4 TLs=
7 -53.5000 -28.0000 0.0000 2.5000 0 2 21 5 YPe= 
7 -53.5000 -33.0000 0.0000 2.5000 0 2 21 5 YPs= 
7 -16.5000 -28.0000 0.0000 2.5000 0 2 21 4 XCe=
7 -16.5000 -33.0000 0.0000 2.5000 0 2 21 3 XCs
7 20.5000 -28.0000 0.0000 2.5000 0 2 21 5 TCe= 
7 20.5000 -33.0000 0.0000 2.5000 0 2 21 3 TCs
