Rel_MOPCHILE
437 14 2 1 0 0 0 0 0 1 1 3
0.5000
11 0.0000 0.0000 42.0000 0.0000 360.0000 0
 0 -20.5000 35.5070
 1 -20.5000 -35.5070
4 1 1
11 0.0000 0.0000 41.0000 0.0000 360.0000 0
4 2 1
7 -13.0000 30.0000 0.0000 5.0000 1 2 21 2 a=
7 -13.0000 20.0000 0.0000 5.0000 1 2 21 2 R=
7 -13.0000 10.0000 0.0000 5.0000 1 2 21 2 T=
7 -13.0000 0.0000 0.0000 5.0000 1 2 21 2 D=
7 -13.0000 -10.0000 0.0000 5.0000 1 2 21 2 S=
7 -13.0000 -20.0000 0.0000 5.0000 1 2 21 2 P=
7 -13.0000 -30.0000 0.0000 5.0000 1 2 21 0 E=
7 -33.0000 0.0000 0.0000 3.0000 1 2 0 0 V    -
