Rel_MOPCHILE
438 13 1 255 0 0 0 0 0 1 1 4
0.5000
11 0.0000 0.0000 42.0000 0.0000 360.0000 0
 0 -20.5000 35.5070
 1 -20.5000 -35.5070
4 1 255
11 0.0000 0.0000 41.0000 0.0000 360.0000 0
4 1 255
7 -13.0000 27.0000 0.0000 5.0000 1 2 106 2 a=
7 -13.0000 17.0000 0.0000 5.0000 1 2 106 2 R=
7 -13.0000 7.0000 0.0000 5.0000 1 2 106 2 T=
7 -13.0000 -3.0000 0.0000 5.0000 1 2 106 2 D=
7 -13.0000 -13.0000 0.0000 5.0000 1 2 106 2 S=
7 -13.0000 -23.0000 0.0000 5.0000 1 2 106 2 P=
10 -28.0000 0.0000 0.0000 2 4 100 0.0000 3.0000 V%.0f-
