AlcantAbov
464 38 1 1 0 0 0 0 0 0 1 1
1.0000
13
 0 0.0000 0.0000
 1 1.0000 0.0000
 1 1.0000 1.0000
 1 0.9952 1.0980
 1 0.9808 1.1951
 1 0.9569 1.2903
 1 0.9239 1.3827
 1 0.8819 1.4714
 1 0.8315 1.5556
 1 0.7730 1.6344
 1 0.7071 1.7071
 1 0.6344 1.7730
 1 0.5556 1.8315
 1 0.4714 1.8819
 1 0.3827 1.9239
 1 0.2903 1.9569
 1 0.1951 1.9808
 1 0.0980 1.9952
 1 0.0000 2.0000
 1 -0.0980 1.9952
 1 -0.1951 1.9808
 1 -0.2903 1.9569
 1 -0.3827 1.9239
 1 -0.4714 1.8819
 1 -0.5556 1.8315
 1 -0.6344 1.7730
 1 -0.7071 1.7071
 1 -0.7730 1.6344
 1 -0.8315 1.5556
 1 -0.8819 1.4714
 1 -0.9239 1.3827
 1 -0.9569 1.2903
 1 -0.9808 1.1951
 1 -0.9952 1.0980
 1 -1.0000 1.0000
 1 -1.0000 0.0000
 1 0.0000 0.0000



