Simbolo
5001 9 1 1 0 0 0 0 0 0 1 1
1.000
31 61 7
 0 0.0000 0.0000
 1 2.0000 0.0000
 1 -44.0000 0.0000
 1 -44.0000 -14.0000
 1 -44.0000 -28.0000
 1 -44.0000 -42.0000
 1 2.0000 -42.0000
31 61 2
 0 -44.0000 -14.0000
 1 2.0000 -14.0000
31 61 2
 0 -44.0000 -28.0000
 1 2.0000 -28.0000
31 61 4
 0 0.0000 -42.0000
 1 0.0000 -28.0000
 1 0.0000 -14.0000
 1 0.0000 0.0000
7 -22.0000 -3.2816 0.0000 2.500 1 2 4 18 COTA / DIST AL EJE
7 -22.0000 -21.2068 0.0000 3.000 1 2 4 12 COTA RASANTE
7 -22.0000 -31.8020 0.0000 3.000 1 2 4 11 DIST AL EJE
7 -22.0000 -9.3762 0.0000 3.000 1 2 4 7 TERRENO
7 -22.0000 -37.8701 0.0000 3.000 1 2 4 7 RASANTE
