Simbolo
5050 11 1 1 0 0 0 0 0 0 1 1
1.0000
31 20 17
 0 0.0000 0.0000
 1 0.0000 -5.0000
 1 0.0000 -10.0000
 1 0.0000 -15.0000
 1 0.0000 -22.5000
 1 0.0000 -32.5000
 1 0.0000 -37.5000
 1 0.0000 -55.5000
 1 -40.0000 -55.5000
 1 -40.0000 -37.5000
 1 -40.0000 -32.5000
 1 -40.0000 -22.5000
 1 -40.0000 -15.0000
 1 -40.0000 -10.0000
 1 -40.0000 -5.0000
 1 -40.0000 0.0000
 1 0.0000 0.0000
31 20 10
 0 -40.0000 -5.0000
 1 0.0000 -5.0000
 1 0.0000 -10.0000
 1 -40.0000 -10.0000
 1 -40.0000 -15.0000
 1 0.0000 -15.0000
 1 0.0000 -27.5000
 1 -40.0000 -27.5000
 1 -40.0000 -37.5000
 1 0.0000 -37.5000
7 -20.0000 -2.4592 0.0000 2.0000 1 2 4 21 DISTANCIA - AL ORIGEN
7 -20.0000 -7.4329 0.0000 2.0000 1 2 4 14 COTA - RASANTE
7 -20.0000 -12.1814 0.0000 2.0000 1 2 4 14 COTA - TERRENO
7 -20.0000 -21.5000 0.0000 2.0000 1 2 4 20 GEOMETRIA HORIZONTAL
7 -20.0000 -32.5000 0.0000 2.0000 1 2 4 18 GEOMETRIA VERTICAL
7 -20.0000 -41.0710 0.0000 2.0000 1 2 4 20 DIAGRAMA DE PERALTES
7 -20.0000 -45.2589 0.0000 2.0000 1 2 4 16 ESCALA 1% = 1 mm
7 -20.0000 -49.8496 0.0000 1.5000 1 2 4 20 BORDE DERECHO (CONT)
7 -20.0000 -53.3127 0.0000 1.5000 1 2 4 25 BORDE IZQUIERDO (DESCONT)
