Simbolo
5080 8 1 1 0 0 0 0 0 0 1 1
1.0000
31 20 10
 0 0.0000 -55.5000
 1 20.0000 -55.5000
 1 20.0000 -37.5000
 1 20.0000 -32.5000
 1 20.0000 -27.5000
 1 20.0000 -15.0000
 1 20.0000 -10.0000
 1 20.0000 -5.0000
 1 20.0000 0.0000
 1 0.0000 0.0000
31 20 2
 0 0.0000 0.0000
 1 0.0000 0.0000
31 20 2
 0 20.0000 -5.0000
 1 0.0000 -5.0000
31 20 2
 0 20.0000 -10.0000
 1 0.0000 -10.0000
31 20 2
 0 20.0000 -15.0000
 1 0.0000 -15.0000
31 20 2
 0 20.0000 -27.5000
 1 0.0000 -27.5000
31 20 2
 0 20.0000 -37.5000
 1 0.0000 -37.5000
31 20 4
 0 0.0000 -55.5000
 1 0.0000 -37.5000
 1 0.0000 -27.5000
 1 0.0000 -15.0000
