Simbolo
6000 11 1 1 0 0 0 0 0 0 1 1
0.4500
31 0 12
 0 0.0000 -190.0000
 1 -119.6198 -190.0000
 1 -119.6198 -160.0000
 1 -119.6198 -120.0000
 1 -119.6198 -100.0000
 1 -119.6198 -80.0000
 1 -119.6198 -50.0000
 1 -119.6198 -20.0000
 1 -119.6198 0.0000
 1 0.0000 0.0000
 1 0.0000 -20.0000
 1 -119.6198 -20.0000
31 0 2
 0 0.0000 -50.0000
 1 -119.6198 -50.0000
31 0 4
 0 -119.6198 -80.0000
 1 0.0000 -80.0000
 1 0.0000 -100.0000
 1 -119.6198 -100.0000
31 0 4
 0 -119.6198 -120.0000
 1 0.0000 -120.0000
 1 0.0000 -160.0000
 1 -119.6198 -160.0000
7 -84.9623 -10.6256 0.0000 7.0000 1 2 8 9 PENDIENTE
7 -60.7316 -36.4873 0.0000 7.0000 1 2 8 15 COTA SUBRASANTE
7 -70.7501 -66.7758 0.0000 7.0000 1 2 8 12 COTA TERRENO
7 -71.4490 -89.3757 0.0000 7.0000 1 2 8 12 ALTURA CORTE
7 -65.3913 -110.3447 0.0000 7.0000 1 2 8 14 ALTURA RELLENO
7 -74.7109 -139.7012 0.0000 7.0000 1 2 8 12 ALINEAMIENTO
7 -74.4779 -176.2804 0.0000 7.0000 1 2 8 11 KILOMETRAJE






