Simbolo
6018 40 1 1 0 0 0 0 0 0 1 1
0.5000
31 0 9
 0 0.0000 -68.1287
 1 -346.3493 -68.1287
 1 -346.3493 -14.2287
 1 0.0000 -14.2287
 1 0.0000 -14.2287
 1 -346.3493 -14.2287
 1 -346.3493 0.0000
 1 0.0000 0.0000
 1 0.0000 -14.2287
31 0 4
 0 -332.5660 -68.1287
 1 -332.5660 -14.2287
 1 -332.5660 -14.2287
 1 -332.5660 0.0000
31 0 4
 0 -310.0537 -68.1287
 1 -310.0537 -14.2287
 1 -310.0537 -14.2287
 1 -310.0537 0.0000
31 0 4
 0 -279.0142 -68.1287
 1 -279.0142 -14.2287
 1 -279.0142 -14.2287
 1 -279.0142 0.0000
31 0 4
 0 -255.7864 -68.1287
 1 -255.7864 -14.2287
 1 -255.7864 -14.2287
 1 -255.7864 0.0000
31 0 4
 0 -226.1020 -68.1287
 1 -226.1020 -14.2287
 1 -226.1020 -14.2287
 1 -226.1020 0.0000
31 0 4
 0 -201.5778 -68.1287
 1 -201.5778 -14.2287
 1 -201.5778 -14.2287
 1 -201.5778 0.0000
31 0 4
 0 -168.5718 -68.1287
 1 -168.5718 -14.2287
 1 -168.5718 -14.2287
 1 -168.5718 0.0000
31 0 4
 0 -144.2706 -68.1287
 1 -144.2706 -14.2287
 1 -144.2706 -14.2287
 1 -144.2706 0.0000
31 0 4
 0 -112.6447 -68.1287
 1 -112.6447 -14.2287
 1 -112.6447 -14.2287
 1 -112.6447 0.0000
31 0 4
 0 -91.2795 -68.1287
 1 -91.2795 -14.2287
 1 -91.2795 -14.2287
 1 -91.2795 0.0000
31 0 4
 0 -61.3458 -68.1287
 1 -61.3458 -14.2287
 1 -61.3458 -14.2287
 1 -61.3458 -7.1558
31 0 4
 0 -33.3990 -68.1287
 1 -33.3990 -14.2287
 1 -33.3990 -14.2287
 1 -33.3990 0.0000
31 0 4
 0 -16.6995 -68.1287
 1 -16.6995 -14.2287
 1 -16.6995 -14.2287
 1 -16.6995 0.0000
31 0 2
 0 0.0000 -14.2287
 1 0.0000 -68.1287
31 0 2
 0 -346.3493 -21.9287
 1 0.0000 -21.9287
31 0 2
 0 -346.3493 -29.6287
 1 0.0000 -29.6287
31 0 2
 0 -346.3493 -37.3287
 1 0.0000 -37.3287
31 0 2
 0 -346.3493 -45.0287
 1 0.0000 -45.0287
31 0 2
 0 -346.3493 -52.7287
 1 0.0000 -52.7287
31 0 2
 0 -346.3493 -60.4287
 1 0.0000 -60.4287
31 0 2
 0 -346.3493 -14.2287
 1 0.0000 -14.2287
31 0 2
 0 -91.2795 -7.1558
 1 -33.3990 -7.1558
7 -342.3828 -8.5967 0.0000 2.7440 0 3 0 2 Nº
7 -330.6589 -8.5967 0.0000 2.7440 0 3 0 7 SENTIDO
7 -300.1652 -9.0935 0.0000 3.5660 0 3 0 4 ANG.
7 -274.2557 -8.5967 0.0000 2.7440 0 3 0 5 RADIO
7 -242.7958 -8.5528 0.0000 2.7440 0 3 0 2 PI
7 -214.6358 -8.8654 0.0000 2.7440 0 3 0 1 T
7 -187.8927 -8.5528 0.0000 2.7440 0 3 0 2 PC
7 -158.5438 -8.3274 0.0000 2.7440 0 3 0 2 Lc
7 -130.5988 -8.3274 0.0000 2.7440 0 3 0 2 PT
7 -105.5957 -8.3274 0.0000 2.7440 0 3 0 3 Ext
7 -81.4866 -11.5038 0.0000 2.4150 0 3 0 5 NORTE
7 -51.5010 -11.5038 0.0000 2.4150 0 3 0 4 ESTE
7 -28.1208 -9.0376 0.0000 2.7440 0 3 0 2 P%
7 -11.9307 -9.0376 0.0000 2.7440 0 3 0 3 S/A
7 -83.5129 -4.6893 0.0000 2.7440 0 3 0 19 COORDENADAS  U.T.M.
7 -266.1898 6.0715 0.0000 6.5860 0 3 0 32 CUADRO  DE  ELEMENTOS  DE  CURVA
9 1 2482.7644 0.0000 0.0000 1.0000 0






