L2D
6026 123 1 1 0 0 0 0 0 0 1 1
2.0000
112 69 10
 0 0.0000 0.0000
 1 -0.7070 -0.7070
 1 -0.7660 -0.6430
 1 -0.9010 -0.4340
 1 -0.9800 -0.1980
 1 -0.9990 0.0500
 1 -0.9560 0.2950
 1 -0.8530 0.5210
 1 -0.7070 0.7070
 1 0.0000 0.0000
112 69 10
 0 0.7070 0.7070
 1 0.7660 0.6430
 1 0.9010 0.4340
 1 0.9800 0.1980
 1 0.9990 -0.0500
 1 0.9560 -0.2950
 1 0.8530 -0.5210
 1 0.7070 -0.7070
 1 0.0000 0.0000
 1 0.7070 0.7070
112 71 10
 0 -0.5000 -0.8660
 1 -0.2710 -0.9630
 1 -0.0250 -1.0000
 1 0.2230 -0.9750
 1 0.4560 -0.8900
 1 0.6620 -0.7500
 1 0.7070 -0.7070
 1 0.0000 0.0000
 1 -0.7070 -0.7070
 1 -0.5000 -0.8660
112 71 10
 0 0.5000 0.8660
 1 0.2710 0.9630
 1 0.0250 1.0000
 1 -0.2230 0.9750
 1 -0.4560 0.8900
 1 -0.6620 0.7500
 1 -0.7070 0.7070
 1 0.0000 0.0000
 1 0.7070 0.7070
 1 0.5000 0.8660
112 71 10
 0 -0.5000 -0.8660
 1 -0.2710 -0.9630
 1 -0.0250 -1.0000
 1 0.2230 -0.9750
 1 0.4560 -0.8900
 1 0.6620 -0.7500
 1 0.7070 -0.7070
 1 0.0000 0.0000
 1 -0.7070 -0.7070
 1 -0.5000 -0.8660
112 71 10
 0 0.5000 0.8660
 1 0.2710 0.9630
 1 0.0250 1.0000
 1 -0.2230 0.9750
 1 -0.4560 0.8900
 1 -0.6620 0.7500
 1 -0.7070 0.7070
 1 0.0000 0.0000
 1 0.7070 0.7070
 1 0.5000 0.8660
4 1 1
 0 0.0000 0.0000
 1 -0.7070 -0.7070
 1 -0.7660 -0.6430
 1 -0.9010 -0.4340
 1 -0.9800 -0.1980
 1 -0.9990 0.0500
 1 -0.9560 0.2950
 1 -0.8530 0.5210
 1 -0.7070 0.7070
 1 0.0000 0.0000
 1 0.0000 0.0000
 1 0.0000 0.0000
 0 0.7070 0.7070
 1 0.7660 0.6430
 1 0.9010 0.4340
 1 0.9800 0.1980
 1 0.9990 -0.0500
 1 0.9560 -0.2950
 1 0.8530 -0.5210
 1 0.7070 -0.7070
 1 0.0000 0.0000
 1 0.7070 0.7070
 1 0.7070 0.7070
 1 0.7070 0.7070
 0 -0.5000 -0.8660
 1 -0.2710 -0.9630
 1 -0.0250 -1.0000
 1 0.2230 -0.9750
 1 0.4560 -0.8900
 1 0.6620 -0.7500
 1 0.7070 -0.7070
 1 0.0000 0.0000
 1 -0.7070 -0.7070
 1 -0.5000 -0.8660
 1 -0.5000 -0.8660
 0 0.5000 0.8660
 1 0.2710 0.9630
 1 0.0250 1.0000
 1 -0.2230 0.9750
 1 -0.4560 0.8900
 1 -0.6620 0.7500
 1 -0.7070 0.7070
 1 0.0000 0.0000
 1 0.7070 0.7070
 1 0.5000 0.8660
 1 0.5000 0.8660
 0 0.0000 0.0000
 1 -0.7070 -0.7070
 1 -0.7660 -0.6430
 1 -0.9010 -0.4340
 1 -0.9800 -0.1980
 1 -0.9990 0.0500
 1 -0.9560 0.2950
 1 -0.8530 0.5210
 1 -0.7070 0.7070
 1 0.0000 0.0000
 1 0.0000 0.0000
 0 0.7070 0.7070
 1 0.7660 0.6430
 1 0.9010 0.4340
 1 0.9800 0.1980
 1 0.9990 -0.0500
 1 0.9560 -0.2950
 1 0.8530 -0.5210
 1 0.7070 -0.7070
 1 0.0000 0.0000
 1 0.7070 0.7070
 1 0.7070 0.7070
 0 -0.7070 0.7070
 1 -1.4140 1.4140
 0 -0.5000 -0.8660
 1 -0.2710 -0.9630
 1 -0.0250 -1.0000
 1 0.2230 -0.9750
 1 0.4560 -0.8900
 1 0.6620 -0.7500
 1 0.7070 -0.7070
 1 0.0000 0.0000
 1 -0.7070 -0.7070
 1 -0.5000 -0.8660
 0 -0.7070 -0.7070
 1 -1.4140 -1.4140
 0 0.0000 0.0000
 1 -0.7070 -0.7070
 1 -0.7660 -0.6430
 1 -0.9010 -0.4340
 1 -0.9800 -0.1980
 1 -0.9990 0.0500
 1 -0.9560 0.2950
 1 -0.8530 0.5210
 1 -0.7070 0.7070
 1 0.0000 0.0000
 0 1.4140 -1.4140
 1 0.7070 -0.7070
 0 1.4140 1.4140
 1 0.7070 0.7070
 0 0.5000 0.8660
 1 0.2710 0.9630
 1 0.0250 1.0000
 1 -0.2230 0.9750
 1 -0.4560 0.8900
 1 -0.6620 0.7500
 1 -0.7070 0.7070
 1 0.0000 0.0000
 1 0.7070 0.7070
 1 0.5000 0.8660
 0 0.7070 0.7070
 1 0.7660 0.6430
 1 0.9010 0.4340
 1 0.9800 0.1980
 1 0.9990 -0.0500
 1 0.9560 -0.2950
 1 0.8530 -0.5210
 1 0.7070 -0.7070
 1 0.0000 0.0000
 1 0.7070 0.7070






