Simbolo
6028 1 1 1 0 0 0 0 0 0 1 1
1.000
31 44 72
 0 10.1102 0.0000
 1 10.0707 0.8935
 1 9.9523 1.7801
 1 9.7560 2.6527
 1 9.4834 3.5046
 1 9.1365 4.3290
 1 8.7182 5.1195
 1 8.2316 5.8700
 1 7.6806 6.5746
 1 7.0695 7.2276
 1 6.4030 7.8242
 1 5.6865 8.3595
 1 4.9254 8.8293
 1 4.1258 9.2301
 1 3.2939 9.5586
 1 2.4362 9.8123
 1 1.5595 9.9892
 1 0.6705 10.0880
 1 -0.2237 10.1077
 1 -1.1161 10.0484
 1 -1.9998 9.9105
 1 -2.8679 9.6949
 1 -3.7135 9.4035
 1 -4.5301 9.0385
 1 -5.3112 8.6028
 1 -6.0507 8.0997
 1 -6.7429 7.5333
 1 -7.3823 6.9079
 1 -7.9639 6.2284
 1 -8.4832 5.5002
 1 -8.9361 4.7289
 1 -9.3191 3.9206
 1 -9.6291 3.0817
 1 -9.8638 2.2186
 1 -10.0213 1.3381
 1 -10.1003 0.4472
 1 -10.1003 -0.4472
 1 -10.0213 -1.3381
 1 -9.8638 -2.2186
 1 -9.6291 -3.0817
 1 -9.3191 -3.9206
 1 -8.9361 -4.7289
 1 -8.4832 -5.5002
 1 -7.9639 -6.2284
 1 -7.3823 -6.9079
 1 -6.7429 -7.5333
 1 -6.0507 -8.0997
 1 -5.3112 -8.6028
 1 -4.5301 -9.0385
 1 -3.7135 -9.4035
 1 -2.8679 -9.6949
 1 -1.9998 -9.9105
 1 -1.1161 -10.0484
 1 -0.2237 -10.1077
 1 0.6705 -10.0880
 1 1.5595 -9.9892
 1 2.4362 -9.8123
 1 3.2939 -9.5586
 1 4.1258 -9.2301
 1 4.9254 -8.8293
 1 5.6865 -8.3595
 1 6.4030 -7.8242
 1 7.0695 -7.2276
 1 7.6806 -6.5746
 1 8.2316 -5.8700
 1 8.7182 -5.1195
 1 9.1365 -4.3290
 1 9.4834 -3.5046
 1 9.7560 -2.6527
 1 9.9523 -1.7801
 1 10.0707 -0.8935
 1 10.1102 -0.0000






