Simbolo
6050 13 1 1 0 0 0 0 0 0 1 1
1.000
13
31 0 2
 0 0.0869 0.0593
 1 0.1363 0.0099
31 0 5
 0 0.0025 0.0099
 1 0.0025 0.0593
 1 0.0000 0.0593
 1 -0.0025 0.0593
 1 -0.0025 0.0099
31 0 2
 0 -0.0869 0.0593
 1 -0.1363 0.0099
31 0 4
 0 0.0869 0.0099
 1 0.0869 0.1482
 1 -0.0869 0.1482
 1 -0.0869 0.0099
31 0 7
 0 0.1976 0.0099
 1 0.0000 0.0099
 1 -0.1976 0.0099
 1 -0.1976 0.0000
 1 0.0000 0.0000
 1 0.1976 0.0000
 1 0.1976 0.0099
31 0 2
 0 0.0968 3.3748
 1 -0.1265 3.6046
31 0 2
 0 0.1108 2.8401
 1 -0.1084 2.6063
31 0 2
 0 0.1084 1.7974
 1 -0.1149 2.0272
31 0 2
 0 0.1224 1.4483
 1 -0.0968 1.2145
31 0 2
 0 0.1200 0.4056
 1 -0.1033 0.6354
31 0 2
 0 0.0100 0.1482
 1 0.0100 4.0000
31 0 2
 0 -0.0100 4.0000
 1 -0.0100 0.1482
