num_p
741 2 1 1 0 0 0 0 0 0 0 0
0.5000
12 1 0.9000 0.9000 0.0000 25
0 1.0000 0.0000
1 0.9660 0.2590
1 0.8660 0.5000
1 0.7070 0.7070
1 0.5000 0.8660
1 0.2590 0.9660
1 0.0000 1.0000
1 -0.2590 0.9660
1 -0.5000 0.8660
1 -0.7070 0.7070
1 -0.8660 0.5000
1 -0.9660 0.2590
1 -1.0000 0.0000
1 -0.9660 -0.2590
1 -0.8660 -0.5000
1 -0.7070 -0.7070
1 -0.5000 -0.8660
1 -0.2590 -0.9660
1 0.0000 -1.0000
1 0.2590 -0.9660
1 0.5000 -0.8660
1 0.7070 -0.7070
1 0.8660 -0.5000
1 0.9660 -0.2590
1 1.0000 0.0000
18 0.0000 1.0000 0.0000 2.0000 1 4 8 0 V-%.0f
