Simbolo
808 213 1 1 0 0 0 0 0 0 1 1
1.000
4 2 1
 0 21.0000 0.0000
 1 20.9602 1.2928
 1 20.8408 2.5807
 1 20.6424 3.8587
 1 20.3657 5.1222
 1 20.0118 6.3662
 1 19.5819 7.5861
 1 19.0778 8.7772
 1 18.5013 9.9350
 1 17.8546 11.0551
 1 17.1401 12.1333
 1 16.3607 13.1654
 1 15.5192 14.1476
 1 14.6188 15.0761
 1 13.6630 15.9475
 1 12.6553 16.7584
 1 11.5997 17.5056
 1 10.5000 18.1865
 1 9.3605 18.7984
 1 8.1855 19.3390
 1 6.9795 19.8062
 1 5.7469 20.1983
 1 4.4926 20.5138
 1 3.2212 20.7515
 1 1.9376 20.9104
 1 0.6467 20.9900
 1 -0.6467 20.9900
 1 -1.9376 20.9104
 1 -3.2212 20.7515
 1 -4.4926 20.5138
 1 -5.7469 20.1983
 1 -6.9794 19.8062
 1 -8.1855 19.3390
 1 -9.3605 18.7984
 1 -10.5000 18.1865
 1 -11.5997 17.5056
 1 -12.6553 16.7584
 1 -13.6630 15.9475
 1 -14.6188 15.0761
 1 -15.5192 14.1476
 1 -16.3607 13.1654
 1 -17.1401 12.1332
 1 -17.8546 11.0551
 1 -18.5013 9.9349
 1 -19.0778 8.7771
 1 -19.5819 7.5860
 1 -20.0118 6.3662
 1 -20.3657 5.1222
 1 -20.6424 3.8587
 1 -20.8408 2.5806
 1 -20.9602 1.2927
 1 -21.0000 -0.0000
 1 -20.9602 -1.2928
 1 -20.8408 -2.5807
 1 -20.6424 -3.8588
 1 -20.3657 -5.1222
 1 -20.0118 -6.3663
 1 -19.5819 -7.5861
 1 -19.0777 -8.7772
 1 -18.5012 -9.9350
 1 -17.8545 -11.0551
 1 -17.1401 -12.1333
 1 -16.3606 -13.1655
 1 -15.5191 -14.1477
 1 -14.6188 -15.0762
 1 -13.6629 -15.9475
 1 -12.6553 -16.7584
 1 -11.5996 -17.5057
 1 -10.4999 -18.1866
 1 -9.3605 -18.7985
 1 -8.1855 -19.3390
 1 -6.9794 -19.8063
 1 -5.7469 -20.1984
 1 -4.4925 -20.5138
 1 -3.2212 -20.7515
 1 -1.9376 -20.9104
 1 -0.6467 -20.9900
 1 0.6467 -20.9900
 1 1.9377 -20.9104
 1 3.2213 -20.7515
 1 4.4926 -20.5138
 1 5.7470 -20.1983
 1 6.9795 -19.8062
 1 8.1855 -19.3390
 1 9.3605 -18.7984
 1 10.5000 -18.1865
 1 11.5997 -17.5056
 1 12.6553 -16.7584
 1 13.6630 -15.9475
 1 14.6188 -15.0761
 1 15.5192 -14.1476
 1 16.3607 -13.1654
 1 17.1401 -12.1333
 1 17.8546 -11.0551
 1 18.5013 -9.9350
 1 19.0778 -8.7772
 1 19.5819 -7.5861
 1 20.0118 -6.3662
 1 20.3657 -5.1222
 1 20.6424 -3.8588
 1 20.8408 -2.5807
 1 20.9602 -1.2928
 1 21.0000 -0.0000
4 2 1
 0 -10.2500 17.7535
 1 -10.2500 -17.7535
4 1 1
 0 20.5000 0.0000
 1 20.4603 1.2745
 1 20.3415 2.5440
 1 20.1440 3.8037
 1 19.8686 5.0487
 1 19.5163 6.2742
 1 19.0885 7.4754
 1 18.5868 8.6476
 1 18.0132 9.7864
 1 17.3700 10.8874
 1 16.6595 11.9462
 1 15.8846 12.9588
 1 15.0482 13.9213
 1 14.1536 14.8299
 1 13.2043 15.6811
 1 12.2038 16.4717
 1 11.1562 17.1985
 1 10.0654 17.8588
 1 8.9356 18.4501
 1 7.7713 18.9699
 1 6.5769 19.4163
 1 5.3571 19.7877
 1 4.1166 20.0824
 1 2.8601 20.2995
 1 1.5925 20.4380
 1 0.3188 20.4975
 1 -0.9561 20.4777
 1 -2.2274 20.3786
 1 -3.4900 20.2007
 1 -4.7391 19.9447
 1 -5.9699 19.6115
 1 -7.1776 19.2024
 1 -8.3575 18.7190
 1 -9.5051 18.1632
 1 -10.6159 17.5372
 1 -11.6857 16.8433
 1 -12.7102 16.0842
 1 -13.6856 15.2629
 1 -14.6080 14.3825
 1 -15.4739 13.4465
 1 -16.2799 12.4585
 1 -17.0230 11.4223
 1 -17.7001 10.3419
 1 -18.3089 9.2215
 1 -18.8467 8.0654
 1 -19.3117 6.8781
 1 -19.7020 5.6642
 1 -20.0160 4.4284
 1 -20.2526 3.1754
 1 -20.4108 1.9102
 1 -20.4901 0.6375
 1 -20.4901 -0.6376
 1 -20.4108 -1.9102
 1 -20.2526 -3.1754
 1 -20.0160 -4.4284
 1 -19.7019 -5.6642
 1 -19.3117 -6.8781
 1 -18.8467 -8.0654
 1 -18.3088 -9.2215
 1 -17.7001 -10.3419
 1 -17.0229 -11.4223
 1 -16.2799 -12.4586
 1 -15.4738 -13.4466
 1 -14.6079 -14.3826
 1 -13.6855 -15.2629
 1 -12.7102 -16.0842
 1 -11.6856 -16.8433
 1 -10.6159 -17.5372
 1 -9.5051 -18.1632
 1 -8.3575 -18.7190
 1 -7.1776 -19.2024
 1 -5.9699 -19.6115
 1 -4.7391 -19.9447
 1 -3.4900 -20.2007
 1 -2.2274 -20.3786
 1 -0.9561 -20.4777
 1 0.3188 -20.4975
 1 1.5925 -20.4380
 1 2.8601 -20.2995
 1 4.1165 -20.0824
 1 5.3571 -19.7877
 1 6.5769 -19.4163
 1 7.7713 -18.9699
 1 8.9356 -18.4501
 1 10.0654 -17.8588
 1 11.1562 -17.1985
 1 12.2038 -16.4717
 1 13.2042 -15.6811
 1 14.1536 -14.8299
 1 15.0482 -13.9213
 1 15.8846 -12.9588
 1 16.6595 -11.9462
 1 17.3699 -10.8874
 1 18.0132 -9.7865
 1 18.5868 -8.6477
 1 19.0884 -7.4754
 1 19.5163 -6.2742
 1 19.8686 -5.0488
 1 20.1440 -3.8038
 1 20.3415 -2.5441
 1 20.4603 -1.2745
 1 20.5000 -0.0001
7 -6.5000 4.0000 0.0000 2.500 1 2 21 2 a=
7 3.0000 -4.0000 0.0000 2.500 1 2 21 9 DEFLEXION
7 -14.0000 0.0000 0.0000 1.500 2 2 0 5 V   -
