SEcl_DDS-1a
981 3 1 1 0 0 0 0 0 0 1 1
1.0000
112 1253 133
 0 -0.2183 0.0291
 1 -0.2183 0.5530
 1 -0.2182 0.5544
 1 -0.2181 0.5558
 1 -0.2180 0.5572
 1 -0.2177 0.5586
 1 -0.2174 0.5600
 1 -0.2170 0.5614
 1 -0.2166 0.5628
 1 -0.2161 0.5641
 1 -0.2155 0.5654
 1 -0.2148 0.5667
 1 -0.2141 0.5679
 1 -0.2134 0.5691
 1 -0.2125 0.5703
 1 -0.2117 0.5714
 1 -0.2107 0.5725
 1 -0.2098 0.5735
 1 -0.2087 0.5745
 1 -0.2076 0.5755
 1 -0.2065 0.5763
 1 -0.2053 0.5772
 1 -0.2041 0.5779
 1 -0.2029 0.5786
 1 -0.2016 0.5793
 1 -0.2003 0.5799
 1 -0.1990 0.5804
 1 -0.1976 0.5808
 1 -0.1962 0.5812
 1 -0.1948 0.5815
 1 -0.1934 0.5817
 1 -0.1920 0.5819
 1 -0.1906 0.5820
 1 -0.1892 0.5821
 1 0.1892 0.5821
 1 0.1906 0.5820
 1 0.1920 0.5819
 1 0.1934 0.5817
 1 0.1948 0.5815
 1 0.1962 0.5812
 1 0.1976 0.5808
 1 0.1990 0.5804
 1 0.2003 0.5799
 1 0.2016 0.5793
 1 0.2029 0.5786
 1 0.2041 0.5779
 1 0.2053 0.5772
 1 0.2065 0.5763
 1 0.2076 0.5755
 1 0.2087 0.5745
 1 0.2098 0.5735
 1 0.2107 0.5725
 1 0.2117 0.5714
 1 0.2125 0.5703
 1 0.2134 0.5691
 1 0.2141 0.5679
 1 0.2148 0.5667
 1 0.2155 0.5654
 1 0.2161 0.5641
 1 0.2166 0.5628
 1 0.2170 0.5614
 1 0.2174 0.5600
 1 0.2177 0.5586
 1 0.2180 0.5572
 1 0.2181 0.5558
 1 0.2182 0.5544
 1 0.2183 0.5530
 1 0.2183 0.0291
 1 0.2182 0.0277
 1 0.2181 0.0263
 1 0.2180 0.0248
 1 0.2177 0.0234
 1 0.2174 0.0220
 1 0.2170 0.0207
 1 0.2166 0.0193
 1 0.2161 0.0180
 1 0.2155 0.0167
 1 0.2148 0.0154
 1 0.2141 0.0141
 1 0.2134 0.0129
 1 0.2125 0.0118
 1 0.2117 0.0106
 1 0.2107 0.0096
 1 0.2098 0.0085
 1 0.2087 0.0075
 1 0.2076 0.0066
 1 0.2065 0.0057
 1 0.2053 0.0049
 1 0.2041 0.0041
 1 0.2029 0.0034
 1 0.2016 0.0028
 1 0.2003 0.0022
 1 0.1990 0.0017
 1 0.1976 0.0013
 1 0.1962 0.0009
 1 0.1948 0.0006
 1 0.1934 0.0003
 1 0.1920 0.0001
 1 0.1906 0.0000
 1 0.1892 0.0000
 1 -0.1892 0.0000
 1 -0.1906 0.0000
 1 -0.1920 0.0001
 1 -0.1934 0.0003
 1 -0.1948 0.0006
 1 -0.1962 0.0009
 1 -0.1976 0.0013
 1 -0.1990 0.0017
 1 -0.2003 0.0022
 1 -0.2016 0.0028
 1 -0.2029 0.0034
 1 -0.2041 0.0041
 1 -0.2053 0.0049
 1 -0.2065 0.0057
 1 -0.2076 0.0066
 1 -0.2087 0.0075
 1 -0.2098 0.0085
 1 -0.2107 0.0096
 1 -0.2117 0.0106
 1 -0.2125 0.0118
 1 -0.2134 0.0129
 1 -0.2141 0.0141
 1 -0.2148 0.0154
 1 -0.2155 0.0167
 1 -0.2161 0.0180
 1 -0.2166 0.0193
 1 -0.2170 0.0207
 1 -0.2174 0.0220
 1 -0.2177 0.0234
 1 -0.2180 0.0248
 1 -0.2181 0.0263
 1 -0.2182 0.0277
 1 -0.2183 0.0291
112 1250 7
 0 0.0000 0.2910
 1 0.1892 0.0291
 1 0.0000 0.0291
 1 -0.1892 0.2910
 1 0.0000 0.5530
 1 0.1892 0.5530
 1 0.0000 0.2910
31 0 131
 0 -0.2183 0.0291
 1 -0.2183 0.5530
 1 -0.2182 0.5544
 1 -0.2181 0.5558
 1 -0.2180 0.5572
 1 -0.2177 0.5586
 1 -0.2174 0.5600
 1 -0.2170 0.5614
 1 -0.2166 0.5628
 1 -0.2161 0.5641
 1 -0.2155 0.5654
 1 -0.2148 0.5667
 1 -0.2141 0.5679
 1 -0.2134 0.5691
 1 -0.2125 0.5703
 1 -0.2117 0.5714
 1 -0.2107 0.5725
 1 -0.2098 0.5735
 1 -0.2087 0.5745
 1 -0.2076 0.5755
 1 -0.2065 0.5763
 1 -0.2053 0.5772
 1 -0.2041 0.5779
 1 -0.2029 0.5786
 1 -0.2016 0.5793
 1 -0.2003 0.5799
 1 -0.1990 0.5804
 1 -0.1976 0.5808
 1 -0.1962 0.5812
 1 -0.1948 0.5815
 1 -0.1934 0.5817
 1 -0.1920 0.5819
 1 -0.1906 0.5820
 1 -0.1892 0.5821
 1 0.1892 0.5821
 1 0.1906 0.5820
 1 0.1920 0.5819
 1 0.1934 0.5817
 1 0.1948 0.5815
 1 0.1962 0.5812
 1 0.1976 0.5808
 1 0.1990 0.5804
 1 0.2003 0.5799
 1 0.2016 0.5793
 1 0.2029 0.5786
 1 0.2041 0.5779
 1 0.2053 0.5772
 1 0.2065 0.5763
 1 0.2076 0.5755
 1 0.2087 0.5745
 1 0.2098 0.5735
 1 0.2107 0.5725
 1 0.2117 0.5714
 1 0.2125 0.5703
 1 0.2134 0.5691
 1 0.2141 0.5679
 1 0.2148 0.5667
 1 0.2155 0.5654
 1 0.2161 0.5641
 1 0.2166 0.5628
 1 0.2170 0.5614
 1 0.2174 0.5600
 1 0.2177 0.5586
 1 0.2180 0.5572
 1 0.2181 0.5558
 1 0.2182 0.5544
 1 0.2183 0.5530
 1 0.2183 0.0291
 1 0.2171 0.0096
 1 0.2180 0.0248
 1 0.2177 0.0234
 1 0.2174 0.0220
 1 0.2170 0.0207
 1 0.2166 0.0193
 1 0.2161 0.0180
 1 0.2155 0.0167
 1 0.2148 0.0154
 1 0.2141 0.0141
 1 0.2134 0.0129
 1 0.2125 0.0118
 1 0.2117 0.0106
 1 0.2107 0.0096
 1 0.2098 0.0085
 1 0.2087 0.0075
 1 0.2076 0.0066
 1 0.2065 0.0057
 1 0.2053 0.0049
 1 0.2041 0.0041
 1 0.2029 0.0034
 1 0.2016 0.0028
 1 0.2003 0.0022
 1 0.1990 0.0017
 1 0.1976 0.0013
 1 0.1962 0.0009
 1 0.1948 0.0006
 1 0.1934 0.0003
 1 0.1920 0.0001
 1 0.1906 0.0000
 1 0.1892 0.0000
 1 -0.1892 0.0000
 1 -0.1906 0.0000
 1 -0.1920 0.0001
 1 -0.1934 0.0003
 1 -0.1948 0.0006
 1 -0.1962 0.0009
 1 -0.1976 0.0013
 1 -0.1990 0.0017
 1 -0.2003 0.0022
 1 -0.2016 0.0028
 1 -0.2029 0.0034
 1 -0.2041 0.0041
 1 -0.2053 0.0049
 1 -0.2065 0.0057
 1 -0.2076 0.0066
 1 -0.2087 0.0075
 1 -0.2098 0.0085
 1 -0.2107 0.0096
 1 -0.2117 0.0106
 1 -0.2125 0.0118
 1 -0.2134 0.0129
 1 -0.2141 0.0141
 1 -0.2148 0.0154
 1 -0.2155 0.0167
 1 -0.2161 0.0180
 1 -0.2166 0.0193
 1 -0.2170 0.0207
 1 -0.2174 0.0220
 1 -0.2177 0.0234
 1 -0.2180 0.0248
 1 -0.2171 0.0096
 1 -0.2183 0.0291
