PG-7b-PlacaInf
3247 161 1 1 0 0 0 0 0 0 1 1
1.000
112 1253 17
0 0.5463 0.9176
1 0.0537 1.4181
1 0.0537 1.4181
1 0.0088 1.4371
1 -0.0363 1.4188
1 -0.5368 0.9262
1 -0.5368 0.9262
1 -0.5558 0.8813
1 -0.5375 0.8362
1 -0.0448 0.3357
1 -0.0448 0.3357
1 0.0000 0.3167
1 0.0451 0.3350
1 0.0451 0.3350
1 0.5456 0.8277
1 0.5456 0.8277
1 0.5646 0.8725
112 1250 16
0 -0.4431 0.3092
1 0.3687 0.3028
1 0.3687 0.3028
1 0.4004 0.2894
1 0.4133 0.2574
1 0.4116 0.0414
1 0.4116 0.0414
1 0.3982 0.0097
1 0.3663 -0.0032
1 -0.4437 0.0032
1 -0.4437 0.0032
1 -0.4754 0.0166
1 -0.4883 0.0485
1 -0.4866 0.2645
1 -0.4866 0.2645
1 -0.4738 0.2956
112 1250 16
0 -0.5276 0.8459
1 -0.0350 0.3454
1 -0.0350 0.3454
1 0.0001 0.3305
1 0.0354 0.3449
1 0.5359 0.8375
1 0.5359 0.8375
1 0.5508 0.8726
1 0.5365 0.9079
1 0.0438 1.4084
1 0.0438 1.4084
1 0.0087 1.4233
1 -0.0266 1.4090
1 -0.5271 0.9163
1 -0.5271 0.9163
1 -0.5419 0.8812
112 1253 16
0 0.3686 0.2848
1 0.3686 0.2848
1 0.3876 0.2767
1 0.3953 0.2576
1 0.3936 0.0416
1 0.3936 0.0416
1 0.3856 0.0226
1 0.3664 0.0148
1 -0.4435 0.0212
1 -0.4435 0.0212
1 -0.4626 0.0293
1 -0.4703 0.0484
1 -0.4686 0.2644
1 -0.4686 0.2644
1 -0.4606 0.2834
1 -0.4414 0.2912
112 1253 16
0 -0.5079 0.8653
1 -0.0153 0.3648
1 -0.0153 0.3648
1 0.0003 0.3582
1 0.0160 0.3646
1 0.5165 0.8572
1 0.5165 0.8572
1 0.5231 0.8728
1 0.5168 0.8885
1 0.0241 1.3890
1 0.0241 1.3890
1 0.0085 1.3956
1 -0.0072 1.3893
1 -0.5077 0.8966
1 -0.5077 0.8966
1 -0.5143 0.8810
112 1250 10
0 -0.1009 0.9621
1 -0.1009 0.9621
1 -0.0939 1.0001
1 -0.1217 1.0268
1 -0.1594 1.0185
1 -0.1732 0.9824
1 -0.1509 0.9510
1 -0.1123 0.9523
1 -0.1123 0.9523
1 -0.1061 0.9567
112 1250 10
0 0.1389 0.8246
1 0.1389 0.8246
1 0.1689 0.7999
1 0.2060 0.8115
1 0.2165 0.8490
1 0.1908 0.8782
1 0.1523 0.8726
1 0.1360 0.8373
1 0.1360 0.8373
1 0.1369 0.8308
112 1250 22
0 0.2707 0.8916
1 0.2039 0.9234
1 0.2139 1.0006
1 0.1472 1.0324
1 0.1686 1.0774
1 -0.1202 1.2152
1 -0.2110 1.0249
1 -0.1761 1.0082
1 -0.1761 1.0082
1 -0.1488 1.0328
1 -0.1121 1.0309
1 -0.0875 1.0036
1 -0.0894 0.9669
1 0.1333 0.8606
1 0.1333 0.8606
1 0.1607 0.8852
1 0.1974 0.8833
1 0.2220 0.8559
1 0.2201 0.8192
1 0.2556 0.8022
1 0.2646 0.8210
1 0.2421 0.8317
112 1250 4
0 0.2799 0.7455
1 -0.2711 1.0084
1 -0.2711 1.0084
1 -0.2731 0.7498
112 1253 5
0 0.2004 0.9932
1 0.1921 0.9291
1 0.1153 0.9657
1 0.1418 1.0212
1 0.2004 0.9932
4 1 1
 0 0.5463 0.9176
 1 0.0537 1.4181
 1 0.0537 1.4181
 1 0.0088 1.4371
 1 -0.0363 1.4188
 1 -0.5368 0.9262
 1 -0.5368 0.9262
 1 -0.5558 0.8813
 1 -0.5375 0.8362
 1 -0.0448 0.3357
 1 -0.0448 0.3357
 1 0.0000 0.3167
 1 0.0451 0.3350
 1 0.0451 0.3350
 1 0.5456 0.8277
 1 0.5456 0.8277
 1 0.5646 0.8725
 1 0.5463 0.9176
4 1 1
 0 -0.4431 0.3092
 1 0.3687 0.3028
 1 0.3687 0.3028
 1 0.4004 0.2894
 1 0.4133 0.2574
 1 0.4116 0.0414
 1 0.4116 0.0414
 1 0.3982 0.0097
 1 0.3663 -0.0032
 1 -0.4437 0.0032
 1 -0.4437 0.0032
 1 -0.4754 0.0166
 1 -0.4883 0.0485
 1 -0.4866 0.2645
 1 -0.4866 0.2645
 1 -0.4738 0.2956
 1 -0.4431 0.3092
4 1 1
 0 -0.5276 0.8459
 1 -0.0350 0.3454
 1 -0.0350 0.3454
 1 0.0001 0.3305
 1 0.0354 0.3449
 1 0.5359 0.8375
 1 0.5359 0.8375
 1 0.5508 0.8726
 1 0.5365 0.9079
 1 0.0438 1.4084
 1 0.0438 1.4084
 1 0.0087 1.4233
 1 -0.0266 1.4090
 1 -0.5271 0.9163
 1 -0.5271 0.9163
 1 -0.5419 0.8812
 1 -0.5276 0.8459
4 1 1
 0 0.3686 0.2848
 1 0.3686 0.2848
 1 0.3876 0.2767
 1 0.3953 0.2576
 1 0.3936 0.0416
 1 0.3936 0.0416
 1 0.3856 0.0226
 1 0.3664 0.0148
 1 -0.4435 0.0212
 1 -0.4435 0.0212
 1 -0.4626 0.0293
 1 -0.4703 0.0484
 1 -0.4686 0.2644
 1 -0.4686 0.2644
 1 -0.4606 0.2834
 1 -0.4414 0.2912
 1 0.3686 0.2848
4 1 1
 0 -0.5079 0.8653
 1 -0.0153 0.3648
 1 -0.0153 0.3648
 1 0.0003 0.3582
 1 0.0160 0.3646
 1 0.5165 0.8572
 1 0.5165 0.8572
 1 0.5231 0.8728
 1 0.5168 0.8885
 1 0.0241 1.3890
 1 0.0241 1.3890
 1 0.0085 1.3956
 1 -0.0072 1.3893
 1 -0.5077 0.8966
 1 -0.5077 0.8966
 1 -0.5143 0.8810
 1 -0.5079 0.8653
4 1 1
 0 -0.1009 0.9621
 1 -0.1009 0.9621
 1 -0.0939 1.0001
 1 -0.1217 1.0268
 1 -0.1594 1.0185
 1 -0.1732 0.9824
 1 -0.1509 0.9510
 1 -0.1123 0.9523
 1 -0.1123 0.9523
 1 -0.1061 0.9567
 1 -0.1009 0.9621
4 1 1
 0 0.1389 0.8246
 1 0.1389 0.8246
 1 0.1689 0.7999
 1 0.2060 0.8115
 1 0.2165 0.8490
 1 0.1908 0.8782
 1 0.1523 0.8726
 1 0.1360 0.8373
 1 0.1360 0.8373
 1 0.1369 0.8308
 1 0.1389 0.8246
4 1 1
 0 0.2707 0.8916
 1 0.2039 0.9234
 1 0.2139 1.0006
 1 0.1472 1.0324
 1 0.1686 1.0774
 1 -0.1202 1.2152
 1 -0.2110 1.0249
 1 -0.1761 1.0082
 1 -0.1761 1.0082
 1 -0.1488 1.0328
 1 -0.1121 1.0309
 1 -0.0875 1.0036
 1 -0.0894 0.9669
 1 0.1333 0.8606
 1 0.1333 0.8606
 1 0.1607 0.8852
 1 0.1974 0.8833
 1 0.2220 0.8559
 1 0.2201 0.8192
 1 0.2556 0.8022
 1 0.2646 0.8210
 1 0.2421 0.8317
 1 0.2707 0.8916
4 1 1
 0 0.2799 0.7455
 1 -0.2711 1.0084
 1 -0.2711 1.0084
 1 -0.2731 0.7498
 1 0.2799 0.7455
4 1 1
 0 0.2004 0.9932
 1 0.1921 0.9291
 1 0.1153 0.9657
 1 0.1418 1.0212
 1 0.2004 0.9932
